,电影,票房占比,综合票房,场均人次,排片占比,上座率
0,霍比特人3：五军之战,76.3%,11944.53,57,44.5%,48.5%
1,重返20岁,8.7%,1366.43,24,14.9%,31.6%
2,博物馆奇妙夜3,4.8%,751.52,24,8.2%,31.0%
3,第七子：降魔之战,3.2%,505.25,10,11.0%,11.9%
4,智取威虎山,2.0%,326.98,25,2.8%,32.9%
5,怪谈,0.8%,138.83,6,5.5%,8.9%
6,斑马总动员,0.6%,109.27,13,2.0%,17.3%
7,谍·莲花,0.5%,84.08,56,0.2%,78.4%
8,十万个冷笑话,0.4%,64.15,11,1.4%,17.4%
9,抢劫坚果店,0.3%,55.86,13,1.1%,21.8%
10,暴走神探,0.3%,52.66,6,1.3%,6.4%
11,功夫3D,0.2%,31.46,5,1.3%,6.1%
12,黄金福将,0.1%,22.21,3,1.9%,6.1%
13,闯堂兔2：疯狂马戏团,0.1%,20.65,7,0.7%,10.1%
14,我要你开花,0.1%,20.60,6,0.6%,9.4%
15,味道中国,0.1%,17.73,4,1.0%,6.0%
16,龙骑侠,<0.1%,15.57,5,0.6%,8.2%
17,一代宗师3D,<0.1%,13.24,11,0.2%,12.7%
18,盲探,<0.1%,9.38,--,<0.1%,<0.1%
19,喜羊羊与灰太狼之羊年喜羊羊,<0.1%,8.99,108,<0.1%,45.5%
20,霍比特人3：五军之战,72.3%,9792.29,47,44.7%,40.5%
21,重返20岁,9.2%,1246.40,21,15.2%,27.7%
22,博物馆奇妙夜3,5.1%,692.97,22,8.4%,29.0%
23,熊出没之雪岭熊风,3.2%,435.91,105,1.0%,88.4%
24,第七子：降魔之战,3.1%,429.64,10,10.3%,12.2%
25,智取威虎山,2.0%,284.35,23,2.6%,30.8%
26,怪谈,0.8%,111.29,6,5.2%,9.0%
27,斑马总动员,0.6%,94.38,12,1.9%,16.6%
28,谍·莲花,0.5%,80.50,53,0.2%,73.5%
29,十万个冷笑话,0.4%,57.91,10,1.4%,15.9%
30,暴走神探,0.3%,53.20,7,1.3%,7.5%
31,抢劫坚果店,0.3%,48.02,12,1.0%,20.6%
32,功夫3D,0.2%,29.69,5,1.2%,6.2%
33,黄金福将,0.1%,18.82,3,1.8%,6.3%
34,闯堂兔2：疯狂马戏团,0.1%,16.60,6,0.6%,8.6%
35,味道中国,0.1%,14.83,4,0.9%,5.9%
36,龙骑侠,<0.1%,13.35,5,0.6%,8.2%
37,一代宗师3D,<0.1%,12.90,10,0.1%,11.2%
38,盲探,<0.1%,10.02,--,<0.1%,--
39,我要你开花,<0.1%,9.45,3,0.6%,5.1%
40,霍比特人3：五军之战,72.0%,4107.20,21,45.4%,18.0%
41,重返20岁,11.8%,676.72,12,16.8%,15.6%
42,博物馆奇妙夜3,5.3%,303.57,9,9.4%,11.8%
43,第七子：降魔之战,3.8%,222.24,5,11.4%,6.2%
44,智取威虎山,1.9%,113.25,11,2.5%,15.1%
45,怪谈,1.3%,75.26,4,5.6%,6.0%
46,暴走神探,0.4%,27.66,3,1.5%,3.1%
47,谍·莲花,0.4%,26.83,23,0.2%,28.5%
48,十万个冷笑话,0.4%,22.83,6,1.0%,9.1%
49,斑马总动员,0.2%,16.92,5,0.8%,7.0%
50,功夫3D,0.2%,15.56,2,1.4%,2.5%
51,黄金福将,0.2%,14.34,2,2.0%,4.3%
52,盲探,0.1%,6.96,--,<0.1%,--
53,潜艇总动员,0.1%,6.92,--,<0.1%,--
54,一夜惊喜,0.1%,6.26,--,<0.1%,<0.1%
55,一代宗师3D,0.1%,6.05,5,0.2%,5.4%
56,白日焰火,<0.1%,5.35,--,<0.1%,--
57,推拿,<0.1%,5.32,110,<0.1%,100%
58,味道中国,<0.1%,4.64,1,0.9%,1.4%
59,微爱之渐入佳境,<0.1%,4.50,6,0.1%,11.9%
60,霍比特人3：五军之战,69.7%,3789.87,20,44.7%,17.2%
61,重返20岁,12.5%,684.29,12,16.9%,15.7%
62,博物馆奇妙夜3,6.2%,339.60,11,9.5%,14.3%
63,第七子：降魔之战,4.2%,229.61,5,10.8%,6.3%
64,智取威虎山,2.4%,131.66,12,2.6%,16.0%
65,怪谈,1.3%,73.30,4,5.1%,6.0%
66,暴走神探,0.5%,27.62,4,1.4%,4.2%
67,谍·莲花,0.4%,26.53,24,0.2%,30.8%
68,十万个冷笑话,0.3%,21.71,6,1.0%,9.5%
69,斑马总动员,0.3%,20.32,6,0.8%,8.7%
70,功夫3D,0.2%,14.24,2,1.3%,2.6%
71,黄金福将,0.2%,12.62,2,1.7%,4.5%
72,奔驰的大葱,0.1%,7.04,2,1.0%,3.8%
73,一代宗师3D,0.1%,5.62,5,0.2%,5.0%
74,味道中国,<0.1%,4.03,1,0.7%,1.4%
75,微爱之渐入佳境,<0.1%,3.87,5,0.1%,9.3%
76,闯堂兔2：疯狂马戏团,<0.1%,3.56,4,0.2%,5.4%
77,奇缘灰姑娘,<0.1%,3.45,0,0.3%,6.6%
78,怨灵人偶,<0.1%,3.34,2,0.3%,6.8%
79,前目的地,<0.1%,3.05,2,0.3%,4.7%
80,霍比特人3：五军之战,66.3%,3211.60,17,44.2%,14.4%
81,重返20岁,13.6%,662.97,11,17.0%,14.0%
82,博物馆奇妙夜3,7.0%,339.54,10,9.6%,13.2%
83,第七子：降魔之战,4.6%,224.75,5,10.7%,6.1%
84,智取威虎山,2.5%,123.59,11,2.7%,15.0%
85,怪谈,1.4%,68.19,4,5.1%,5.7%
86,谍·莲花,1.2%,58.79,44,0.2%,47.3%
87,暴走神探,0.5%,27.55,4,1.3%,4.2%
88,十万个冷笑话,0.4%,22.04,6,1.0%,9.7%
89,斑马总动员,0.4%,19.90,6,0.9%,8.8%
90,功夫3D,0.2%,14.21,2,1.3%,2.6%
91,黄金福将,0.2%,12.11,2,1.6%,4.5%
92,奔驰的大葱,0.1%,6.16,2,0.9%,4.0%
93,味道中国,0.1%,5.96,2,0.7%,3.0%
94,一代宗师3D,0.1%,5.42,5,0.2%,5.3%
95,闯堂兔2：疯狂马戏团,<0.1%,3.98,4,0.2%,5.8%
96,怨灵人偶,<0.1%,3.90,3,0.3%,9.8%
97,微爱之渐入佳境,<0.1%,3.68,5,0.1%,10.0%
98,奇缘灰姑娘,<0.1%,3.66,0,0.3%,5.3%
99,我要你开花,<0.1%,3.43,1,0.5%,2.3%
100,霍比特人3：五军之战,61.9%,2846.34,15,43.8%,12.7%
101,重返20岁,13.8%,638.15,11,16.7%,14.0%
102,博物馆奇妙夜3,7.3%,337.32,11,9.4%,14.3%
103,第七子：降魔之战,4.5%,208.05,5,9.8%,6.2%
104,智取威虎山,2.7%,126.95,12,2.6%,16.0%
105,热血男人帮,2.0%,94.30,5,5.0%,7.8%
106,奔跑吧！兄弟,1.9%,88.72,42,<0.1%,43.9%
107,谍·莲花,1.3%,61.61,58,0.2%,55.8%
108,怪谈,1.1%,54.77,4,4.3%,6.0%
109,暴走神探,0.4%,22.04,3,1.1%,3.1%
110,十万个冷笑话,0.4%,20.04,5,0.9%,7.9%
111,斑马总动员,0.4%,20.03,6,0.9%,8.5%
112,功夫3D,0.2%,12.52,3,1.1%,3.9%
113,黄金福将,0.1%,8.23,2,1.3%,4.9%
114,味道中国,0.1%,5.76,3,0.5%,4.7%
115,一代宗师3D,0.1%,5.69,5,0.2%,5.1%
116,怨灵人偶,<0.1%,3.76,2,0.3%,6.7%
117,奇缘灰姑娘,<0.1%,3.59,0,0.2%,4.1%
118,奔驰的大葱,<0.1%,3.50,1,0.6%,2.5%
119,亡命地中海,<0.1%,3.30,7,0.1%,6.9%
120,奔跑吧！兄弟,52.1%,7981.72,54,36.1%,55.1%
121,霍比特人3：五军之战,22.0%,3370.41,28,23.6%,23.5%
122,熊出没之雪岭熊风,18.1%,2772.31,33,18.5%,36.7%
123,坚不可摧,2.9%,455.19,13,8.6%,15.6%
124,重返20岁,1.4%,224.53,14,3.8%,22.8%
125,有种你爱我,0.9%,139.19,19,1.8%,24.5%
126,博物馆奇妙夜3,0.7%,107.80,18,1.3%,25.6%
127,谍·莲花,0.4%,61.45,96,<0.1%,79.1%
128,智取威虎山,0.2%,41.93,19,0.4%,29.0%
129,第七子：降魔之战,0.2%,32.18,6,1.0%,9.9%
130,热血男人帮,0.1%,20.86,3,1.2%,4.6%
131,喜羊羊与灰太狼之羊年喜羊羊,0.1%,16.26,152,<0.1%,100%
132,时光大战,<0.1%,14.08,3,1.4%,5.3%
133,怪谈,<0.1%,11.74,4,0.7%,6.4%
134,功夫3D,<0.1%,4.22,6,<0.1%,12.5%
135,天河,<0.1%,3.91,--,<0.1%,95.6%
136,文字国历险记之浩昊三战怪怪城,<0.1%,3.56,0,<0.1%,--
137,青涩日记,<0.1%,2.85,0,<0.1%,24.6%
138,怨灵人偶,<0.1%,2.82,3,0.1%,10.2%
139,味道中国,<0.1%,2.69,--,<0.1%,22.9%
140,黄金福将,<0.1%,2.52,0,0.4%,4.3%
141,奔跑吧！兄弟,41.9%,8580.84,50,37.5%,48.6%
142,霍比特人3：五军之战,24.9%,5111.77,48,18.2%,42.1%
143,熊出没之雪岭熊风,19.6%,4026.75,43,18.0%,48.1%
144,喜羊羊与灰太狼之羊年喜羊羊,7.2%,1475.44,26,12.5%,33.3%
145,坚不可摧,2.6%,544.67,24,4.8%,32.7%
146,重返20岁,1.1%,234.85,22,2.1%,40.2%
147,博物馆奇妙夜3,0.6%,124.25,32,0.7%,46.5%
148,谍·莲花,0.2%,52.07,104,<0.1%,76.5%
149,智取威虎山,0.2%,46.04,30,0.2%,49.3%
150,第七子：降魔之战,0.1%,28.82,10,0.4%,18.8%
151,热血男人帮,<0.1%,13.95,4,0.6%,6.1%
152,怪谈,<0.1%,13.82,6,0.4%,9.4%
153,时光大战,<0.1%,8.54,3,0.5%,6.0%
154,我要你开花,<0.1%,2.90,7,<0.1%,32.1%
155,十万个冷笑话,<0.1%,2.72,11,<0.1%,26.9%
156,一代宗师3D,<0.1%,2.55,17,<0.1%,13.5%
157,功夫3D,<0.1%,2.37,6,<0.1%,12.0%
158,暴走神探,<0.1%,2.25,9,<0.1%,11.1%
159,建党伟业,<0.1%,2.24,--,<0.1%,--
160,奔跑吧！兄弟,39.6%,6447.74,39,38.0%,36.1%
161,霍比特人3：五军之战,24.7%,4026.55,43,18.0%,37.9%
162,熊出没之雪岭熊风,20.7%,3382.96,35,18.5%,38.1%
163,喜羊羊与灰太狼之羊年喜羊羊,7.0%,1140.06,22,12.4%,28.0%
164,坚不可摧,2.7%,455.38,26,4.7%,35.0%
165,重返20岁,1.2%,205.92,24,2.1%,43.0%
166,博物馆奇妙夜3,0.7%,117.58,39,0.7%,54.0%
167,谍·莲花,0.3%,53.11,132,<0.1%,94.0%
168,时光大战,0.2%,34.70,16,0.4%,30.1%
169,智取威虎山,0.2%,32.66,30,0.2%,46.9%
170,第七子：降魔之战,0.1%,22.38,15,0.4%,26.4%
171,热血男人帮,<0.1%,14.06,14,0.5%,23.5%
172,奔驰的大葱,<0.1%,11.49,52,<0.1%,100%
173,怪谈,<0.1%,6.39,7,0.4%,11.7%
174,王牌,<0.1%,5.32,51,<0.1%,84.3%
175,热情奏鸣曲,<0.1%,2.81,300,<0.1%,--
176,功夫3D,<0.1%,2.19,9,<0.1%,20.0%
177,十万个冷笑话,<0.1%,2.03,21,<0.1%,46.1%
178,一代宗师3D,<0.1%,1.97,23,<0.1%,17.6%
179,西藏天空,<0.1%,1.65,--,<0.1%,22.7%
180,前目的地,<0.1%,1.07,7,<0.1%,57.1%
181,窃听风云2,<0.1%,1.02,50,<0.1%,33.3%
182,奔跑吧！兄弟,42.2%,2986.64,19,38.0%,17.4%
183,霍比特人3：五军之战,25.9%,1835.10,18,19.2%,16.0%
184,熊出没之雪岭熊风,16.9%,1202.09,15,17.2%,16.5%
185,喜羊羊与灰太狼之羊年喜羊羊,5.4%,382.07,8,11.1%,10.1%
186,坚不可摧,4.4%,315.19,12,5.8%,16.2%
187,重返20岁,1.9%,139.22,12,2.5%,20.7%
188,博物馆奇妙夜3,0.8%,61.63,15,0.8%,21.8%
189,智取威虎山,0.4%,29.54,16,0.3%,22.3%
190,第七子：降魔之战,0.2%,17.91,5,0.5%,8.9%
191,有一个地方只有我们知道,0.1%,13.77,--,<0.1%,--
192,怪谈,0.1%,9.85,4,0.5%,6.8%
193,热血男人帮,<0.1%,7.05,2,0.5%,3.8%
194,有种你爱我,<0.1%,4.27,64,<0.1%,80.0%
195,神探驾到,<0.1%,3.74,111,<0.1%,75.6%
196,谍·莲花,<0.1%,3.62,28,<0.1%,16.3%
197,时光大战,<0.1%,3.16,2,0.4%,4.1%
198,狼图腾,<0.1%,2.37,--,<0.1%,--
199,奇缘灰姑娘,<0.1%,1.22,10,<0.1%,43.2%
200,一路惊喜,<0.1%,1.20,80,<0.1%,100%
201,奔跑吧！兄弟,38.9%,2709.22,18,37.5%,17.0%
202,霍比特人3：五军之战,27.6%,1921.06,19,19.4%,17.5%
203,熊出没之雪岭熊风,17.3%,1207.47,15,17.1%,17.1%
204,喜羊羊与灰太狼之羊年喜羊羊,5.4%,380.70,9,10.7%,11.6%
205,坚不可摧,5.0%,352.54,13,6.1%,18.1%
206,重返20岁,2.1%,151.13,13,2.6%,22.9%
207,博物馆奇妙夜3,0.8%,62.34,16,0.9%,23.7%
208,智取威虎山,0.4%,31.79,15,0.3%,21.9%
209,有一个地方只有我们知道,0.3%,25.18,367,<0.1%,62.0%
210,第七子：降魔之战,0.2%,18.95,6,0.5%,11.9%
211,谍·莲花,0.1%,13.75,74,<0.1%,69.7%
212,怪谈,0.1%,11.10,5,0.5%,7.9%
213,奔驰的大葱,0.1%,10.97,36,<0.1%,100%
214,热血男人帮,0.1%,7.68,3,0.5%,5.4%
215,有种你爱我,<0.1%,4.49,100,<0.1%,100%
216,一代宗师3D,<0.1%,3.53,32,<0.1%,27.4%
217,神探驾到,<0.1%,2.66,120,<0.1%,100%
218,蜡笔总动员,<0.1%,2.65,90,<0.1%,66.0%
219,时光大战,<0.1%,2.64,1,0.4%,2.2%
220,一路惊喜,<0.1%,2.38,58,<0.1%,40.6%
221,功夫3D,<0.1%,1.41,--,<0.1%,3.1%
222,西藏天空,<0.1%,1.41,29,<0.1%,21.6%
223,黄金福将,<0.1%,1.29,--,<0.1%,2.7%
224,奔跑吧！兄弟,37.4%,2330.09,16,36.8%,15.2%
225,霍比特人3：五军之战,27.6%,1720.71,17,19.5%,15.6%
226,熊出没之雪岭熊风,17.2%,1074.04,14,17.3%,16.2%
227,坚不可摧,5.7%,357.23,13,6.3%,18.0%
228,喜羊羊与灰太狼之羊年喜羊羊,5.4%,341.85,8,10.5%,10.4%
229,重返20岁,2.5%,157.05,13,2.7%,22.3%
230,博物馆奇妙夜3,0.8%,54.45,15,0.8%,22.4%
231,智取威虎山,0.7%,47.04,18,0.4%,25.2%
232,钟馗伏魔：雪妖魔灵,0.6%,37.56,--,<0.1%,99.0%
233,第七子：降魔之战,0.3%,20.21,5,0.6%,9.6%
234,有一个地方只有我们知道,0.1%,11.30,240,<0.1%,88.2%
235,怪谈,0.1%,10.52,4,0.5%,6.5%
236,谍·莲花,0.1%,10.45,70,<0.1%,60.3%
237,热血男人帮,0.1%,7.22,3,0.5%,5.7%
238,奔驰的大葱,0.1%,6.72,19,<0.1%,83.0%
239,有种你爱我,<0.1%,2.50,64,<0.1%,79.2%
240,一代宗师3D,<0.1%,2.39,16,<0.1%,15.8%
241,时光大战,<0.1%,2.06,1,0.3%,2.4%
242,前目的地,<0.1%,1.51,6,<0.1%,36.5%
243,安妮：纽约奇缘,<0.1%,1.38,78,<0.1%,100%
244,味道中国,<0.1%,1.28,--,<0.1%,12.9%
245,黄金福将,<0.1%,1.06,1,0.1%,8.3%
246,亡命地中海,<0.1%,1.01,13,<0.1%,10.6%
247,奔跑吧！兄弟,35.2%,2077.18,14,35.1%,13.3%
248,霍比特人3：五军之战,27.6%,1629.71,16,19.4%,14.5%
249,熊出没之雪岭熊风,17.2%,1015.04,14,15.9%,16.0%
250,坚不可摧,6.0%,355.85,13,6.4%,17.8%
251,喜羊羊与灰太狼之羊年喜羊羊,4.6%,275.82,9,7.7%,11.4%
252,摩尔庄园3：魔幻列车大冒险,3.1%,185.08,6,7.9%,7.8%
253,重返20岁,2.6%,153.83,13,2.7%,22.6%
254,智取威虎山,0.6%,40.41,14,0.5%,18.3%
255,第七子：降魔之战,0.3%,21.66,6,0.6%,11.1%
256,一路惊喜,0.3%,20.41,22,<0.1%,26.1%
257,怪谈,0.1%,10.42,4,0.5%,6.9%
258,狼图腾,0.1%,9.85,--,<0.1%,22.9%
259,有一个地方只有我们知道,0.1%,9.15,214,<0.1%,83.5%
260,神探驾到,0.1%,7.56,17,<0.1%,32.1%
261,死亡之谜,0.1%,7.49,6,0.3%,6.1%
262,天将雄师,0.1%,7.46,163,<0.1%,100%
263,有种你爱我,0.1%,6.75,29,<0.1%,39.6%
264,热血男人帮,<0.1%,5.49,2,0.4%,4.2%
265,味道中国,<0.1%,3.24,18,<0.1%,15.5%
266,奔跑吧！兄弟,20.4%,1660.32,18,20.5%,16.7%
267,霍比特人3：五军之战,19.1%,1557.54,25,10.8%,21.1%
268,一路惊喜,14.9%,1211.06,18,15.3%,18.8%
269,熊出没之雪岭熊风,12.6%,1023.83,20,10.3%,23.0%
270,神探驾到,12.0%,979.27,16,13.7%,17.2%
271,有种你爱我,11.3%,922.29,17,12.2%,20.7%
272,喜羊羊与灰太狼之羊年喜羊羊,2.5%,210.47,13,3.7%,15.7%
273,坚不可摧,1.7%,144.83,21,1.4%,29.5%
274,蜡笔总动员,1.3%,107.62,6,4.0%,8.3%
275,摩尔庄园3：魔幻列车大冒险,1.2%,102.57,6,3.9%,8.1%
276,死亡之谜,0.7%,59.20,6,2.1%,8.6%
277,重返20岁,0.4%,37.57,15,0.5%,29.7%
278,智取威虎山,0.4%,35.65,29,0.2%,36.0%
279,有一个地方只有我们知道,0.2%,17.21,250,<0.1%,100%
280,天将雄师,0.1%,13.74,350,<0.1%,100%
281,第七子：降魔之战,<0.1%,4.13,4,0.1%,7.5%
282,安妮：纽约奇缘,<0.1%,2.36,85,<0.1%,100%
283,我要你开花,<0.1%,2.32,7,<0.1%,28.3%
284,霍比特人3：五军之战,21.2%,2380.34,35,11.2%,29.2%
285,奔跑吧！兄弟,17.7%,1990.89,22,20.3%,20.6%
286,熊出没之雪岭熊风,16.8%,1890.70,32,11.4%,35.6%
287,一路惊喜,12.5%,1412.50,21,14.7%,22.8%
288,有种你爱我,10.4%,1170.92,20,12.6%,24.0%
289,神探驾到,8.3%,932.65,16,12.7%,17.7%
290,喜羊羊与灰太狼之羊年喜羊羊,4.0%,452.70,23,4.3%,28.2%
291,饥饿游戏3：嘲笑鸟（上）,2.2%,253.55,48,<0.1%,34.5%
292,坚不可摧,2.0%,228.13,30,1.4%,39.9%
293,摩尔庄园3：魔幻列车大冒险,1.3%,156.07,9,3.8%,12.1%
294,蜡笔总动员,1.3%,148.47,9,3.8%,12.5%
295,死亡之谜,0.4%,56.09,5,1.9%,7.5%
296,重返20岁,0.4%,54.15,21,0.5%,41.4%
297,智取威虎山,0.3%,34.95,28,0.2%,37.8%
298,天将雄师,0.1%,15.62,220,<0.1%,99.9%
299,第七子：降魔之战,<0.1%,8.65,8,0.1%,24.7%
300,狼图腾,<0.1%,4.61,225,<0.1%,100%
301,有一个地方只有我们知道,<0.1%,3.36,114,<0.1%,63.3%
302,兔侠之青黎传说,<0.1%,2.38,200,<0.1%,84.3%
303,饥饿游戏3：嘲笑鸟（上）,44.0%,5888.74,40,29.3%,32.0%
304,熊出没之雪岭熊风,12.1%,1626.51,31,10.3%,36.8%
305,霍比特人3：五军之战,10.4%,1399.29,36,6.4%,36.6%
306,奔跑吧！兄弟,10.4%,1392.04,21,14.5%,24.0%
307,一路惊喜,6.8%,920.30,20,10.2%,26.0%
308,有种你爱我,6.1%,827.54,19,9.5%,26.6%
309,神探驾到,3.7%,506.50,14,8.1%,17.2%
310,喜羊羊与灰太狼之羊年喜羊羊,2.9%,394.48,24,3.7%,30.8%
311,蜡笔总动员,0.9%,120.41,10,2.7%,14.5%
312,坚不可摧,0.6%,93.07,24,0.7%,34.4%
313,摩尔庄园3：魔幻列车大冒险,0.6%,92.54,9,2.3%,13.6%
314,重返20岁,0.1%,26.54,24,0.2%,46.8%
315,死亡之谜,0.1%,20.94,4,1.0%,6.6%
316,智取威虎山,0.1%,19.63,26,0.1%,35.7%
317,狼图腾,<0.1%,4.86,90,<0.1%,31.8%
318,有一个地方只有我们知道,<0.1%,3.72,--,<0.1%,100.0%
319,第七子：降魔之战,<0.1%,2.65,5,<0.1%,17.7%
320,热情奏鸣曲,<0.1%,1.85,17,<0.1%,21.4%
321,兔侠之青黎传说,<0.1%,1.43,200,<0.1%,100%
322,饥饿游戏3：嘲笑鸟（上）,37.1%,2394.38,17,28.8%,13.8%
323,奔跑吧！兄弟,12.2%,788.34,13,14.6%,15.1%
324,熊出没之雪岭熊风,11.0%,709.29,15,10.1%,18.0%
325,霍比特人3：五军之战,10.6%,687.70,18,6.9%,18.6%
326,一路惊喜,9.5%,617.79,14,10.7%,18.1%
327,有种你爱我,8.7%,564.69,13,9.9%,18.3%
328,神探驾到,4.6%,298.57,9,8.1%,11.2%
329,喜羊羊与灰太狼之羊年喜羊羊,2.3%,152.35,11,3.5%,14.3%
330,坚不可摧,0.7%,50.20,13,0.8%,18.4%
331,蜡笔总动员,0.7%,45.99,5,2.3%,7.5%
332,摩尔庄园3：魔幻列车大冒险,0.5%,37.59,4,2.0%,6.1%
333,有一个地方只有我们知道,0.5%,34.75,29,<0.1%,33.5%
334,死亡之谜,0.2%,18.87,3,1.1%,4.8%
335,重返20岁,0.1%,9.62,20,0.1%,27.9%
336,智取威虎山,0.1%,7.93,13,0.1%,13.5%
337,澳门风云2,<0.1%,6.38,350,<0.1%,100%
338,狼图腾,<0.1%,3.17,120,<0.1%,100%
339,第七子：降魔之战,<0.1%,1.34,3,<0.1%,9.5%
340,有一个地方只有我们知道,43.5%,3737.57,32,28.6%,30.0%
341,饥饿游戏3：嘲笑鸟（上）,22.3%,1915.83,17,23.9%,14.4%
342,熊出没之雪岭熊风,8.1%,700.28,18,8.6%,23.0%
343,霍比特人3：五军之战,7.0%,606.00,21,5.2%,22.4%
344,奔跑吧！兄弟,6.3%,547.13,14,9.6%,19.4%
345,一路惊喜,3.8%,328.83,12,6.5%,17.3%
346,有种你爱我,3.5%,300.54,11,6.4%,17.7%
347,神探驾到,1.7%,154.36,9,4.0%,12.6%
348,喜羊羊与灰太狼之羊年喜羊羊,1.5%,132.50,12,2.7%,17.1%
349,坚不可摧,0.3%,31.50,14,0.4%,21.8%
350,蜡笔总动员,0.3%,29.27,6,1.3%,9.4%
351,摩尔庄园3：魔幻列车大冒险,0.3%,28.95,5,1.2%,8.7%
352,死亡之谜,0.1%,13.79,4,0.6%,6.4%
353,钟馗伏魔：雪妖魔灵,0.1%,10.64,150,<0.1%,100%
354,智取威虎山,0.1%,9.19,21,<0.1%,23.9%
355,爸爸去哪儿2,0.1%,8.96,--,<0.1%,37.7%
356,西藏天空,<0.1%,7.21,--,<0.1%,100.0%
357,甜蜜蜜,<0.1%,4.80,42,<0.1%,49.8%
358,重返20岁,<0.1%,3.24,9,<0.1%,14.5%
359,有一个地方只有我们知道,38.3%,2636.55,21,30.2%,18.0%
360,饥饿游戏3：嘲笑鸟（上）,23.0%,1582.77,14,23.0%,11.3%
361,熊出没之雪岭熊风,9.1%,628.69,16,8.6%,21.8%
362,霍比特人3：五军之战,8.4%,579.27,20,5.5%,20.8%
363,奔跑吧！兄弟,6.8%,472.25,12,9.4%,16.9%
364,一路惊喜,4.3%,300.14,11,6.3%,16.0%
365,有种你爱我,3.9%,272.88,10,6.4%,16.2%
366,神探驾到,1.9%,137.13,9,3.6%,12.7%
367,喜羊羊与灰太狼之羊年喜羊羊,1.7%,123.01,11,2.6%,16.8%
368,坚不可摧,0.4%,32.61,14,0.5%,20.5%
369,摩尔庄园3：魔幻列车大冒险,0.3%,25.91,5,1.1%,10.2%
370,蜡笔总动员,0.3%,24.58,5,1.1%,8.8%
371,智取威虎山,0.1%,12.73,23,0.1%,25.7%
372,死亡之谜,0.1%,9.46,3,0.6%,4.8%
373,爸爸的假期,0.1%,9.02,333,<0.1%,100%
374,钟馗伏魔：雪妖魔灵,0.1%,7.06,144,<0.1%,64.1%
375,澳门风云2,<0.1%,6.51,81,<0.1%,47.0%
376,重返20岁,<0.1%,3.23,9,<0.1%,15.1%
377,谍·莲花,<0.1%,2.65,81,<0.1%,100%
378,有一个地方只有我们知道,36.7%,2372.23,19,29.9%,17.7%
379,饥饿游戏3：嘲笑鸟（上）,22.4%,1447.23,14,21.3%,12.5%
380,熊出没之雪岭熊风,9.6%,621.01,15,8.8%,19.7%
381,霍比特人3：五军之战,8.6%,561.09,19,5.1%,20.7%
382,奔跑吧！兄弟,6.7%,437.32,12,8.7%,17.2%
383,一路惊喜,4.5%,291.70,12,5.7%,18.8%
384,有种你爱我,4.1%,269.36,11,5.8%,18.5%
385,神探驾到,1.8%,119.54,9,2.9%,13.1%
386,喜羊羊与灰太狼之羊年喜羊羊,1.8%,118.08,10,2.7%,14.7%
387,深海挑战,0.8%,56.25,5,2.4%,5.9%
388,新年行动,0.5%,33.99,3,3.0%,4.1%
389,坚不可摧,0.4%,28.59,14,0.4%,22.2%
390,蜡笔总动员,0.3%,22.45,5,1.0%,8.3%
391,摩尔庄园3：魔幻列车大冒险,0.3%,21.60,5,1.0%,9.4%
392,智取威虎山,0.1%,11.60,21,<0.1%,23.3%
393,钟馗伏魔：雪妖魔灵,0.1%,9.97,115,<0.1%,58.4%
394,死亡之谜,0.1%,6.77,3,0.4%,5.0%
395,澳门风云2,<0.1%,4.41,77,<0.1%,32.1%
396,爸爸的假期,<0.1%,3.72,113,<0.1%,67.3%
397,重返20岁,<0.1%,3.32,10,<0.1%,18.2%
398,有一个地方只有我们知道,35.8%,2909.62,23,29.1%,20.6%
399,饥饿游戏3：嘲笑鸟（上）,18.9%,1535.23,16,19.1%,14.3%
400,狼图腾,11.7%,956.34,46,3.9%,34.4%
401,熊出没之雪岭熊风,7.9%,648.76,16,8.6%,20.3%
402,霍比特人3：五军之战,6.6%,538.09,22,4.4%,25.0%
403,奔跑吧！兄弟,5.2%,425.25,13,7.4%,18.3%
404,一路惊喜,3.1%,255.83,13,4.4%,20.4%
405,有种你爱我,3.0%,248.44,12,4.7%,20.4%
406,甜蜜蜜,2.0%,168.63,8,4.5%,10.4%
407,喜羊羊与灰太狼之羊年喜羊羊,1.5%,122.70,11,2.6%,15.8%
408,神探驾到,1.2%,98.08,11,1.8%,13.9%
409,我只要我们在一起,0.4%,39.86,3,3.3%,4.4%
410,深海挑战,0.4%,34.11,5,1.2%,5.6%
411,新年行动,0.3%,26.25,3,1.8%,4.1%
412,坚不可摧,0.3%,24.96,16,0.3%,22.0%
413,蜡笔总动员,0.2%,21.76,6,0.8%,9.1%
414,摩尔庄园3：魔幻列车大冒险,0.2%,20.70,5,0.9%,8.8%
415,智取威虎山,0.2%,19.86,37,<0.1%,34.7%
416,死亡之谜,<0.1%,7.28,4,0.3%,7.4%
417,钟馗伏魔：雪妖魔灵,<0.1%,5.11,113,<0.1%,64.4%
418,有一个地方只有我们知道,42.1%,9396.62,56,31.8%,49.4%
419,狼图腾,15.2%,3400.87,63,8.8%,49.7%
420,饥饿游戏3：嘲笑鸟（上）,15.1%,3371.17,35,16.5%,32.2%
421,霍比特人3：五军之战,4.8%,1087.70,47,3.4%,55.4%
422,熊出没之雪岭熊风,4.8%,1074.40,27,7.4%,33.6%
423,有种你爱我,4.2%,946.11,31,5.6%,55.6%
424,奔跑吧！兄弟,3.6%,814.90,26,6.1%,37.8%
425,一路惊喜,3.1%,713.19,31,4.1%,54.1%
426,甜蜜蜜,2.7%,621.98,21,5.1%,28.4%
427,喜羊羊与灰太狼之羊年喜羊羊,0.9%,205.74,19,2.1%,26.2%
428,我只要我们在一起,0.8%,190.36,10,3.4%,16.0%
429,神探驾到,0.8%,188.67,27,1.3%,38.4%
430,新年行动,0.2%,50.29,9,1.1%,14.5%
431,深海挑战,0.1%,41.41,12,0.5%,13.7%
432,坚不可摧,0.1%,38.27,30,0.2%,47.1%
433,蜡笔总动员,0.1%,36.77,11,0.6%,15.7%
434,智取威虎山,0.1%,31.44,56,<0.1%,48.3%
435,摩尔庄园3：魔幻列车大冒险,0.1%,30.40,8,0.7%,14.1%
436,死亡之谜,<0.1%,19.23,12,0.3%,23.9%
437,重返20岁,<0.1%,10.24,30,<0.1%,40.9%
438,有一个地方只有我们知道,31.8%,2232.93,17,30.6%,14.8%
439,饥饿游戏3：嘲笑鸟（上）,18.5%,1298.00,14,19.0%,12.4%
440,熊出没之雪岭熊风,10.8%,759.51,17,9.2%,21.3%
441,霍比特人3：五军之战,8.4%,591.38,21,4.9%,22.9%
442,奔跑吧！兄弟,5.6%,392.45,12,7.4%,16.7%
443,狼图腾,4.6%,326.86,50,0.9%,27.2%
444,有种你爱我,4.1%,291.95,11,5.9%,18.6%
445,一路惊喜,3.7%,264.47,12,4.8%,19.6%
446,爸爸去哪儿2,3.7%,261.20,66,0.9%,71.4%
447,喜羊羊与灰太狼之羊年喜羊羊,2.0%,144.82,12,2.8%,16.7%
448,甜蜜蜜,1.9%,138.16,6,4.5%,7.8%
449,神探驾到,1.3%,91.15,11,1.7%,14.3%
450,坚不可摧,0.4%,31.30,17,0.3%,22.6%
451,智取威虎山,0.4%,30.25,37,0.1%,32.3%
452,深海挑战,0.3%,27.41,7,0.7%,7.8%
453,我只要我们在一起,0.3%,24.63,2,2.4%,3.0%
454,摩尔庄园3：魔幻列车大冒险,0.3%,24.16,6,0.9%,10.7%
455,蜡笔总动员,0.3%,24.03,7,0.8%,10.1%
456,新年行动,0.2%,20.79,4,1.2%,6.0%
457,死亡之谜,<0.1%,6.86,4,0.3%,7.7%
458,有一个地方只有我们知道,31.2%,1827.66,14,30.6%,12.3%
459,饥饿游戏3：嘲笑鸟（上）,19.0%,1115.43,12,19.2%,10.7%
460,熊出没之雪岭熊风,11.3%,665.03,15,9.4%,19.0%
461,霍比特人3：五军之战,8.9%,523.92,18,5.3%,19.8%
462,奔跑吧！兄弟,6.2%,364.54,11,7.7%,15.4%
463,狼图腾,5.4%,319.39,50,0.8%,25.7%
464,有种你爱我,4.5%,268.48,10,6.0%,17.0%
465,一路惊喜,4.3%,251.94,11,5.1%,18.2%
466,喜羊羊与灰太狼之羊年喜羊羊,2.1%,127.44,11,2.8%,15.7%
467,甜蜜蜜,2.0%,118.76,6,4.1%,7.8%
468,神探驾到,1.3%,78.08,9,1.8%,11.7%
469,坚不可摧,0.5%,34.54,18,0.3%,23.9%
470,智取威虎山,0.4%,29.01,33,0.1%,30.8%
471,深海挑战,0.4%,25.79,7,0.7%,8.0%
472,摩尔庄园3：魔幻列车大冒险,0.4%,24.19,6,0.8%,10.3%
473,蜡笔总动员,0.3%,19.44,6,0.8%,9.2%
474,新年行动,0.3%,19.00,4,1.1%,6.3%
475,我只要我们在一起,0.3%,17.70,2,2.0%,3.1%
476,死亡之谜,0.1%,6.50,4,0.3%,7.8%
477,重返20岁,<0.1%,4.03,14,<0.1%,21.9%
478,有一个地方只有我们知道,27.6%,1447.28,12,30.5%,10.5%
479,饥饿游戏3：嘲笑鸟（上）,19.3%,1013.65,11,19.2%,9.8%
480,熊出没之雪岭熊风,12.2%,640.70,14,9.6%,17.7%
481,霍比特人3：五军之战,10.0%,524.23,18,5.3%,19.7%
482,狼图腾,6.8%,360.27,56,0.8%,28.7%
483,奔跑吧！兄弟,6.3%,332.30,10,7.8%,14.1%
484,有种你爱我,4.3%,227.28,9,6.0%,15.2%
485,一路惊喜,4.3%,225.60,10,5.2%,16.6%
486,喜羊羊与灰太狼之羊年喜羊羊,2.4%,127.75,11,2.9%,15.5%
487,甜蜜蜜,2.0%,104.87,6,3.8%,7.8%
488,神探驾到,1.3%,71.37,9,1.8%,11.3%
489,智取威虎山,0.5%,30.04,35,0.1%,32.5%
490,坚不可摧,0.5%,27.03,15,0.3%,19.9%
491,深海挑战,0.4%,25.73,7,0.7%,7.6%
492,摩尔庄园3：魔幻列车大冒险,0.4%,22.41,5,0.9%,8.5%
493,新年行动,0.3%,17.88,4,1.1%,6.2%
494,蜡笔总动员,0.3%,16.40,5,0.8%,7.7%
495,我只要我们在一起,0.2%,12.84,2,1.8%,3.1%
496,死亡之谜,<0.1%,4.51,3,0.3%,5.8%
497,重返20岁,<0.1%,4.00,14,<0.1%,21.5%
498,有一个地方只有我们知道,20.3%,423.60,7,29.2%,5.8%
499,熊出没之雪岭熊风,13.8%,287.89,11,12.8%,12.3%
500,饥饿游戏3：嘲笑鸟（上）,13.6%,282.79,7,18.8%,5.8%
501,霍比特人3：五军之战,7.5%,157.30,12,5.3%,12.1%
502,澳门风云2,6.9%,144.44,68,0.1%,100%
503,奔跑吧！兄弟,6.6%,138.16,8,8.6%,10.1%
504,狼图腾,5.0%,105.09,28,1.0%,14.9%
505,天将雄师,3.9%,82.12,43,0.1%,100%
506,一路惊喜,3.4%,71.95,7,5.0%,10.8%
507,冲上云霄,3.3%,70.57,57,<0.1%,100%
508,喜羊羊与灰太狼之羊年喜羊羊,3.1%,64.80,9,4.0%,11.2%
509,有种你爱我,2.9%,61.73,6,5.6%,9.2%
510,钟馗伏魔：雪妖魔灵,2.4%,50.13,37,0.1%,100%
511,神探驾到,1.7%,35.99,7,2.5%,7.4%
512,智取威虎山,1.4%,30.85,56,0.1%,45.4%
513,甜蜜蜜,1.0%,22.01,3,3.0%,3.5%
514,摩尔庄园3：魔幻列车大冒险,0.4%,9.73,5,0.9%,6.8%
515,坚不可摧,0.3%,7.06,8,0.3%,10.1%
516,蜡笔总动员,0.3%,6.24,4,0.9%,5.1%
517,深海挑战,0.2%,6.17,5,0.5%,4.9%
518,天将雄师,32.3%,11871.25,76,25.8%,60.3%
519,澳门风云2,17.3%,6360.81,67,15.4%,71.3%
520,钟馗伏魔：雪妖魔灵,17.1%,6296.89,63,15.9%,69.7%
521,爸爸去哪儿2,11.9%,4397.35,61,14.1%,73.1%
522,狼图腾,8.9%,3278.45,54,9.5%,58.0%
523,冲上云霄,6.2%,2295.35,49,8.4%,63.5%
524,爸爸的假期,5.1%,1900.91,47,7.5%,60.6%
525,熊出没之雪岭熊风,0.2%,109.82,44,0.4%,68.1%
526,有一个地方只有我们知道,0.1%,41.88,23,0.3%,47.8%
527,喜羊羊与灰太狼之羊年喜羊羊,<0.1%,32.68,16,0.3%,47.1%
528,新年来啦之大闹除夕,<0.1%,21.34,5,0.9%,8.6%
529,有种你爱我,<0.1%,15.86,10,0.3%,55.3%
530,饥饿游戏3：嘲笑鸟（上）,<0.1%,14.91,26,0.1%,45.7%
531,霍比特人3：五军之战,<0.1%,13.61,29,<0.1%,61.2%
532,爸爸去哪儿,<0.1%,9.94,42,<0.1%,50.0%
533,智取威虎山,<0.1%,9.59,105,<0.1%,100%
534,摩尔庄园3：魔幻列车大冒险,<0.1%,7.04,8,0.1%,47.4%
535,新年行动,<0.1%,4.33,4,0.2%,17.8%
536,奔跑吧！兄弟,<0.1%,3.70,11,<0.1%,57.4%
537,坚不可摧,<0.1%,3.61,55,<0.1%,58.2%
538,天将雄师,28.3%,8210.19,58,23.1%,46.2%
539,澳门风云2,21.6%,6265.75,60,16.7%,62.2%
540,钟馗伏魔：雪妖魔灵,15.8%,4590.14,47,15.5%,53.6%
541,狼图腾,11.2%,3261.13,50,10.0%,52.7%
542,爸爸去哪儿2,10.7%,3096.43,40,15.2%,47.7%
543,冲上云霄,6.6%,1930.81,39,8.8%,47.7%
544,爸爸的假期,4.2%,1235.04,32,7.1%,42.6%
545,熊出没之雪岭熊风,0.5%,163.67,44,0.6%,66.9%
546,有一个地方只有我们知道,0.1%,43.57,23,0.2%,48.9%
547,喜羊羊与灰太狼之羊年喜羊羊,0.1%,31.71,13,0.4%,42.0%
548,霍比特人3：五军之战,<0.1%,17.82,35,<0.1%,52.7%
549,饥饿游戏3：嘲笑鸟（上）,<0.1%,15.60,27,<0.1%,37.0%
550,有种你爱我,<0.1%,13.01,8,0.3%,47.1%
551,新年来啦之大闹除夕,<0.1%,13.00,4,0.7%,6.5%
552,爸爸去哪儿,<0.1%,7.18,30,<0.1%,49.8%
553,智取威虎山,<0.1%,6.20,62,<0.1%,82.1%
554,摩尔庄园3：魔幻列车大冒险,<0.1%,6.10,6,0.1%,34.5%
555,奔跑吧！兄弟,<0.1%,5.01,9,<0.1%,39.1%
556,新年行动,<0.1%,3.95,3,0.1%,12.8%
557,蜡笔总动员,<0.1%,3.25,5,0.1%,15.9%
558,天将雄师,26.2%,7794.85,58,22.1%,46.2%
559,澳门风云2,23.7%,7042.72,65,17.5%,66.9%
560,钟馗伏魔：雪妖魔灵,15.0%,4474.18,47,15.2%,53.5%
561,狼图腾,12.7%,3800.64,55,10.7%,57.7%
562,爸爸去哪儿2,9.4%,2818.81,39,14.3%,45.9%
563,冲上云霄,6.5%,1930.73,40,8.7%,48.8%
564,爸爸的假期,4.3%,1290.31,34,6.5%,44.8%
565,熊出没之雪岭熊风,0.7%,215.74,49,0.7%,68.7%
566,兔侠之青黎传说,0.4%,126.04,15,1.5%,21.5%
567,有一个地方只有我们知道,0.1%,52.02,24,0.3%,45.7%
568,喜羊羊与灰太狼之羊年喜羊羊,0.1%,38.88,14,0.4%,41.0%
569,霍比特人3：五军之战,<0.1%,23.79,40,<0.1%,47.8%
570,饥饿游戏3：嘲笑鸟（上）,<0.1%,22.92,43,<0.1%,58.3%
571,有种你爱我,<0.1%,14.71,8,0.3%,45.5%
572,新年来啦之大闹除夕,<0.1%,8.11,3,0.5%,5.2%
573,智取威虎山,<0.1%,7.74,59,<0.1%,68.6%
574,奔跑吧！兄弟,<0.1%,7.59,14,<0.1%,45.3%
575,爸爸去哪儿,<0.1%,5.55,21,<0.1%,50.1%
576,摩尔庄园3：魔幻列车大冒险,<0.1%,5.51,6,0.1%,40.1%
577,新年行动,<0.1%,4.67,4,0.1%,16.4%
578,澳门风云2,25.9%,7291.87,63,19.0%,61.0%
579,天将雄师,22.6%,6376.10,50,20.8%,40.1%
580,狼图腾,15.8%,4460.83,59,12.0%,59.5%
581,钟馗伏魔：雪妖魔灵,14.6%,4124.47,45,14.7%,50.3%
582,爸爸去哪儿2,8.5%,2401.55,36,13.3%,42.5%
583,冲上云霄,6.1%,1718.11,35,9.0%,41.2%
584,爸爸的假期,4.0%,1131.76,32,5.8%,43.6%
585,熊出没之雪岭熊风,1.0%,290.60,49,1.0%,65.5%
586,兔侠之青黎传说,0.4%,124.79,14,1.5%,21.5%
587,有一个地方只有我们知道,0.2%,57.81,22,0.3%,40.6%
588,喜羊羊与灰太狼之羊年喜羊羊,0.1%,43.66,15,0.5%,38.8%
589,霍比特人3：五军之战,0.1%,29.45,37,0.1%,42.5%
590,饥饿游戏3：嘲笑鸟（上）,<0.1%,21.98,33,<0.1%,47.4%
591,有种你爱我,<0.1%,18.99,10,0.3%,42.4%
592,奔跑吧！兄弟,<0.1%,12.94,18,<0.1%,39.6%
593,智取威虎山,<0.1%,8.49,51,<0.1%,55.9%
594,新年来啦之大闹除夕,<0.1%,7.25,3,0.4%,5.1%
595,摩尔庄园3：魔幻列车大冒险,<0.1%,5.97,6,0.1%,36.9%
596,新年行动,<0.1%,4.71,4,0.1%,15.9%
597,爸爸去哪儿,<0.1%,4.60,21,<0.1%,49.8%
598,澳门风云2,27.8%,7693.04,64,19.9%,61.2%
599,天将雄师,21.6%,5979.14,49,19.8%,41.3%
600,狼图腾,17.4%,4824.93,59,13.4%,58.3%
601,钟馗伏魔：雪妖魔灵,13.5%,3752.37,42,14.4%,48.5%
602,爸爸去哪儿2,7.7%,2135.29,35,12.5%,43.5%
603,冲上云霄,5.3%,1472.18,31,8.8%,38.0%
604,爸爸的假期,3.7%,1041.43,32,5.4%,45.4%
605,熊出没之雪岭熊风,1.2%,340.98,45,1.3%,60.7%
606,兔侠之青黎传说,0.4%,113.37,14,1.4%,21.4%
607,有一个地方只有我们知道,0.2%,68.18,23,0.4%,46.7%
608,喜羊羊与灰太狼之羊年喜羊羊,0.1%,42.75,15,0.5%,40.8%
609,霍比特人3：五军之战,0.1%,30.45,43,<0.1%,44.2%
610,饥饿游戏3：嘲笑鸟（上）,<0.1%,21.61,28,<0.1%,38.0%
611,有种你爱我,<0.1%,16.71,9,0.3%,47.3%
612,奔跑吧！兄弟,<0.1%,12.15,15,0.1%,41.0%
613,智取威虎山,<0.1%,10.87,57,<0.1%,59.3%
614,摩尔庄园3：魔幻列车大冒险,<0.1%,5.75,6,0.1%,35.3%
615,新年来啦之大闹除夕,<0.1%,5.11,3,0.4%,5.2%
616,新年行动,<0.1%,4.57,4,0.1%,16.2%
617,爸爸去哪儿,<0.1%,4.03,21,<0.1%,50.9%
618,澳门风云2,29.1%,7748.79,64,20.7%,59.5%
619,天将雄师,20.5%,5452.56,47,19.1%,40.8%
620,狼图腾,19.2%,5120.41,59,14.6%,56.5%
621,钟馗伏魔：雪妖魔灵,12.7%,3391.67,40,14.1%,46.5%
622,爸爸去哪儿2,7.0%,1872.42,32,12.0%,40.1%
623,冲上云霄,4.9%,1302.90,29,8.5%,36.0%
624,爸爸的假期,3.8%,1009.23,31,5.3%,42.5%
625,熊出没之雪岭熊风,1.3%,356.23,42,1.5%,55.8%
626,兔侠之青黎传说,0.3%,92.32,13,1.3%,19.7%
627,有一个地方只有我们知道,0.2%,72.79,21,0.5%,37.6%
628,喜羊羊与灰太狼之羊年喜羊羊,0.1%,40.29,14,0.6%,37.0%
629,饥饿游戏3：嘲笑鸟（上）,<0.1%,16.83,19,0.1%,25.8%
630,有种你爱我,<0.1%,16.36,9,0.3%,48.5%
631,奔跑吧！兄弟,<0.1%,15.51,16,0.1%,27.7%
632,智取威虎山,<0.1%,11.84,48,<0.1%,55.3%
633,摩尔庄园3：魔幻列车大冒险,<0.1%,5.89,6,0.1%,36.6%
634,深海挑战,<0.1%,5.43,62,<0.1%,45.8%
635,新年来啦之大闹除夕,<0.1%,4.76,3,0.3%,5.3%
636,新年行动,<0.1%,3.99,4,0.1%,15.8%
637,坚不可摧,<0.1%,3.13,27,<0.1%,37.2%
638,澳门风云2,31.8%,7002.93,57,21.4%,52.6%
639,狼图腾,19.4%,4272.68,49,15.4%,47.1%
640,天将雄师,19.2%,4228.89,39,18.7%,35.1%
641,钟馗伏魔：雪妖魔灵,12.2%,2704.05,33,14.0%,39.9%
642,爸爸去哪儿2,6.2%,1368.86,26,11.1%,34.2%
643,冲上云霄,4.7%,1048.89,24,8.4%,31.3%
644,爸爸的假期,3.7%,834.09,27,5.1%,37.6%
645,熊出没之雪岭熊风,1.3%,293.13,34,1.6%,47.2%
646,有一个地方只有我们知道,0.3%,73.58,19,0.6%,34.7%
647,兔侠之青黎传说,0.2%,59.88,9,1.2%,14.0%
648,喜羊羊与灰太狼之羊年喜羊羊,0.1%,28.10,10,0.6%,25.8%
649,奔跑吧！兄弟,<0.1%,15.93,16,0.1%,37.2%
650,有种你爱我,<0.1%,15.19,8,0.3%,40.3%
651,饥饿游戏3：嘲笑鸟（上）,<0.1%,14.75,18,0.1%,28.5%
652,智取威虎山,<0.1%,9.61,42,<0.1%,48.3%
653,摩尔庄园3：魔幻列车大冒险,<0.1%,3.82,4,0.1%,29.2%
654,新年行动,<0.1%,3.77,3,0.1%,12.1%
655,新年来啦之大闹除夕,<0.1%,2.48,2,0.2%,3.8%
656,爸爸去哪儿,<0.1%,2.26,14,<0.1%,35.2%
657,澳门风云2,31.5%,5776.10,47,22.2%,42.9%
658,狼图腾,21.0%,3849.67,43,16.2%,40.9%
659,天将雄师,18.8%,3453.19,33,18.1%,31.3%
660,钟馗伏魔：雪妖魔灵,12.0%,2201.87,28,13.7%,34.8%
661,爸爸去哪儿2,5.6%,1034.07,21,10.6%,29.0%
662,冲上云霄,4.6%,855.01,21,8.1%,28.4%
663,爸爸的假期,3.5%,652.46,22,4.9%,31.5%
664,熊出没之雪岭熊风,1.4%,258.75,27,1.8%,36.5%
665,有一个地方只有我们知道,0.4%,77.54,18,0.8%,30.8%
666,兔侠之青黎传说,0.2%,45.09,8,1.1%,12.5%
667,喜羊羊与灰太狼之羊年喜羊羊,0.1%,24.21,8,0.6%,20.1%
668,有种你爱我,<0.1%,15.59,7,0.4%,36.3%
669,奔跑吧！兄弟,<0.1%,12.85,14,0.1%,32.1%
670,饥饿游戏3：嘲笑鸟（上）,<0.1%,11.85,13,0.1%,22.5%
671,智取威虎山,<0.1%,8.62,36,<0.1%,41.5%
672,甜蜜蜜,<0.1%,4.06,31,<0.1%,51.8%
673,新年行动,<0.1%,3.21,3,0.1%,14.7%
674,摩尔庄园3：魔幻列车大冒险,<0.1%,3.15,3,0.1%,22.9%
675,蜡笔总动员,<0.1%,2.10,4,<0.1%,19.2%
676,新年来啦之大闹除夕,<0.1%,1.52,1,0.2%,2.0%
677,澳门风云2,31.7%,5174.91,42,22.6%,38.5%
678,狼图腾,21.4%,3505.47,38,16.8%,36.1%
679,天将雄师,19.1%,3127.15,31,17.8%,30.2%
680,钟馗伏魔：雪妖魔灵,11.5%,1881.83,24,13.4%,30.2%
681,爸爸去哪儿2,5.0%,828.22,17,10.5%,23.6%
682,冲上云霄,4.4%,721.14,18,7.9%,25.0%
683,爸爸的假期,3.6%,589.33,20,4.7%,28.9%
684,熊出没之雪岭熊风,1.4%,231.80,24,1.9%,32.7%
685,有一个地方只有我们知道,0.4%,79.86,17,0.8%,29.0%
686,超能陆战队,0.3%,49.70,20,<0.1%,15.8%
687,兔侠之青黎传说,0.2%,36.88,7,1.1%,10.8%
688,喜羊羊与灰太狼之羊年喜羊羊,0.1%,20.07,7,0.6%,17.5%
689,智取威虎山,<0.1%,15.34,48,<0.1%,44.4%
690,有种你爱我,<0.1%,14.15,7,0.4%,38.0%
691,饥饿游戏3：嘲笑鸟（上）,<0.1%,12.70,13,0.1%,19.6%
692,奔跑吧！兄弟,<0.1%,11.63,11,0.1%,26.3%
693,甜蜜蜜,<0.1%,3.79,27,<0.1%,31.9%
694,摩尔庄园3：魔幻列车大冒险,<0.1%,3.07,3,0.1%,22.4%
695,新年行动,<0.1%,2.97,3,0.1%,16.1%
696,蜡笔总动员,<0.1%,1.68,4,<0.1%,15.2%
697,澳门风云2,26.2%,4946.79,44,20.0%,41.3%
698,超能陆战队,19.9%,3745.92,31,22.4%,26.6%
699,狼图腾,19.3%,3634.14,44,14.7%,44.2%
700,天将雄师,16.1%,3045.85,38,13.7%,41.8%
701,钟馗伏魔：雪妖魔灵,7.9%,1504.70,25,9.7%,35.2%
702,爸爸去哪儿2,3.4%,648.39,18,7.6%,26.7%
703,冲上云霄,3.0%,578.01,19,5.6%,28.9%
704,爸爸的假期,2.2%,426.51,23,2.6%,37.2%
705,熊出没之雪岭熊风,0.6%,131.11,26,0.9%,37.3%
706,有一个地方只有我们知道,0.3%,66.65,17,0.6%,32.1%
707,有种你爱我,<0.1%,12.86,6,0.4%,30.5%
708,喜羊羊与灰太狼之羊年喜羊羊,<0.1%,12.33,6,0.4%,20.7%
709,智取威虎山,<0.1%,11.63,62,<0.1%,69.7%
710,兔侠之青黎传说,<0.1%,8.25,5,0.3%,7.0%
711,奔跑吧！兄弟,<0.1%,7.37,9,0.1%,35.8%
712,吉星高照2015,<0.1%,5.65,40,<0.1%,--
713,饥饿游戏3：嘲笑鸟（上）,<0.1%,5.47,12,<0.1%,15.0%
714,摩尔庄园3：魔幻列车大冒险,<0.1%,3.68,4,0.1%,30.0%
715,新年行动,<0.1%,3.21,3,0.1%,17.6%
716,通道转兵,<0.1%,1.26,--,<0.1%,--
717,澳门风云2,23.8%,4808.24,43,19.9%,39.2%
718,超能陆战队,23.5%,4746.22,42,20.7%,35.8%
719,狼图腾,19.7%,3980.27,47,14.8%,45.5%
720,天将雄师,15.2%,3077.57,39,13.4%,42.5%
721,钟馗伏魔：雪妖魔灵,6.8%,1373.65,25,9.1%,34.3%
722,爸爸去哪儿2,3.1%,628.11,19,6.9%,28.1%
723,冲上云霄,2.2%,446.23,18,4.6%,28.5%
724,吉星高照2015,1.9%,400.00,18,4.9%,19.8%
725,爸爸的假期,1.8%,369.33,24,2.1%,37.5%
726,熊出没之雪岭熊风,0.8%,163.36,36,0.9%,48.3%
727,有一个地方只有我们知道,0.3%,60.41,16,0.6%,25.9%
728,喜羊羊与灰太狼之羊年喜羊羊,<0.1%,14.00,7,0.4%,21.5%
729,有种你爱我,<0.1%,12.35,6,0.3%,30.2%
730,饥饿游戏3：嘲笑鸟（上）,<0.1%,11.86,27,<0.1%,44.5%
731,兔侠之青黎传说,<0.1%,8.77,6,0.2%,8.4%
732,北京纽约,<0.1%,5.61,--,<0.1%,--
733,奔跑吧！兄弟,<0.1%,5.52,10,<0.1%,37.2%
734,摩尔庄园3：魔幻列车大冒险,<0.1%,3.18,3,0.1%,20.3%
735,新年行动,<0.1%,3.15,2,0.1%,11.4%
736,澳门风云2,29.0%,2847.81,26,20.6%,24.5%
737,狼图腾,18.8%,1847.85,23,15.5%,22.7%
738,天将雄师,17.1%,1681.02,22,13.9%,24.1%
739,超能陆战队,16.7%,1637.94,17,19.1%,15.2%
740,钟馗伏魔：雪妖魔灵,8.0%,792.38,14,9.5%,19.6%
741,冲上云霄,2.7%,272.48,11,4.8%,17.7%
742,吉星高照2015,2.4%,236.52,10,5.2%,11.7%
743,爸爸的假期,1.8%,185.82,13,2.0%,20.5%
744,爸爸去哪儿2,1.6%,166.38,6,5.9%,9.4%
745,熊出没之雪岭熊风,0.5%,50.33,13,0.8%,19.3%
746,有一个地方只有我们知道,0.3%,35.34,10,0.6%,16.9%
747,有种你爱我,<0.1%,9.37,4,0.4%,19.1%
748,饥饿游戏3：嘲笑鸟（上）,<0.1%,6.63,17,<0.1%,23.9%
749,大喜临门,<0.1%,3.75,--,<0.1%,--
750,喜羊羊与灰太狼之羊年喜羊羊,<0.1%,2.99,2,0.3%,8.3%
751,奔跑吧！兄弟,<0.1%,2.74,6,<0.1%,17.7%
752,新年行动,<0.1%,2.28,2,0.1%,9.7%
753,兔侠之青黎传说,<0.1%,2.13,2,0.1%,2.8%
754,摩尔庄园3：魔幻列车大冒险,<0.1%,1.04,1,0.1%,6.7%
755,澳门风云2,28.3%,2602.47,24,21.0%,22.7%
756,狼图腾,19.6%,1801.40,22,16.0%,21.8%
757,超能陆战队,18.9%,1741.16,19,18.6%,17.3%
758,天将雄师,15.6%,1430.96,19,14.2%,20.7%
759,钟馗伏魔：雪妖魔灵,8.0%,741.21,14,9.6%,19.7%
760,冲上云霄,2.7%,249.77,10,5.0%,16.6%
761,吉星高照2015,2.0%,192.05,9,5.2%,10.6%
762,爸爸的假期,1.5%,143.16,11,1.9%,18.1%
763,爸爸去哪儿2,1.5%,142.80,6,5.3%,9.5%
764,熊出没之雪岭熊风,0.5%,47.58,13,0.7%,19.5%
765,有一个地方只有我们知道,0.4%,38.56,10,0.7%,18.3%
766,有种你爱我,<0.1%,8.74,4,0.4%,18.2%
767,北京纽约,<0.1%,5.10,163,<0.1%,55.3%
768,饥饿游戏3：嘲笑鸟（上）,<0.1%,3.32,7,<0.1%,11.8%
769,喜羊羊与灰太狼之羊年喜羊羊,<0.1%,3.24,3,0.3%,12.2%
770,将错就错,<0.1%,2.83,114,<0.1%,58.9%
771,新年行动,<0.1%,2.54,2,0.2%,10.7%
772,兔侠之青黎传说,<0.1%,1.12,1,0.1%,1.6%
773,甜蜜蜜,<0.1%,1.04,6,<0.1%,10.0%
774,澳门风云2,27.2%,2345.90,21,21.2%,19.8%
775,超能陆战队,21.6%,1868.80,21,18.4%,19.4%
776,狼图腾,18.9%,1631.70,20,16.3%,20.0%
777,天将雄师,15.2%,1309.91,17,14.3%,18.5%
778,钟馗伏魔：雪妖魔灵,7.6%,660.90,12,9.7%,16.9%
779,冲上云霄,2.7%,233.30,9,5.1%,14.7%
780,吉星高照2015,1.9%,171.71,8,5.0%,9.4%
781,爸爸的假期,1.7%,147.58,11,1.8%,18.7%
782,爸爸去哪儿2,1.4%,124.23,6,5.1%,9.6%
783,熊出没之雪岭熊风,0.5%,44.16,13,0.7%,19.7%
784,有一个地方只有我们知道,0.4%,35.25,9,0.7%,16.0%
785,有种你爱我,0.1%,9.76,4,0.5%,18.9%
786,将错就错,<0.1%,7.48,40,<0.1%,22.7%
787,饥饿游戏3：嘲笑鸟（上）,<0.1%,3.34,6,<0.1%,10.9%
788,北京纽约,<0.1%,3.05,100,<0.1%,74.2%
789,我只要我们在一起,<0.1%,2.43,42,<0.1%,100%
790,喜羊羊与灰太狼之羊年喜羊羊,<0.1%,2.27,2,0.2%,7.7%
791,新年行动,<0.1%,1.80,1,0.2%,5.3%
792,深海挑战,<0.1%,1.62,17,<0.1%,15.5%
793,帕丁顿熊,<0.1%,1.43,10,<0.1%,--
794,澳门风云2,24.4%,2627.16,27,18.0%,25.1%
795,超能陆战队,18.4%,1980.19,27,14.3%,24.7%
796,狼图腾,16.6%,1787.53,25,13.5%,24.5%
797,天将雄师,12.6%,1357.72,21,11.3%,22.8%
798,将错就错,7.6%,821.09,18,10.0%,25.8%
799,帕丁顿熊,7.3%,786.38,13,14.7%,14.2%
800,钟馗伏魔：雪妖魔灵,5.4%,582.13,15,6.6%,21.3%
801,吉星高照2015,1.2%,132.78,13,2.2%,14.9%
802,木星上行,1.2%,130.91,32,<0.1%,25.2%
803,冲上云霄,1.1%,126.12,11,2.2%,18.5%
804,爸爸的假期,1.1%,126.04,24,0.5%,39.9%
805,大喜临门,0.9%,101.79,12,1.9%,16.2%
806,爸爸去哪儿2,0.5%,58.84,8,1.6%,13.8%
807,熊出没之雪岭熊风,0.4%,44.31,20,0.4%,31.0%
808,全能囧爸,0.2%,24.68,3,1.3%,7.2%
809,有一个地方只有我们知道,0.2%,22.99,12,0.3%,23.4%
810,有种你爱我,<0.1%,3.35,4,0.1%,36.2%
811,洛克王国3圣龙的守护,<0.1%,1.61,--,<0.1%,<0.1%
812,北京纽约,<0.1%,1.28,5,<0.1%,9.5%
813,新年行动,<0.1%,1.22,3,<0.1%,16.4%
814,木星上行,33.9%,4176.66,33,24.6%,25.8%
815,超能陆战队,16.9%,2083.26,38,10.9%,39.7%
816,澳门风云2,14.3%,1768.46,27,12.6%,28.7%
817,狼图腾,12.6%,1551.10,31,9.1%,34.4%
818,帕丁顿熊,6.1%,753.38,17,10.7%,20.6%
819,天将雄师,5.5%,681.53,20,6.0%,25.5%
820,将错就错,3.2%,402.60,12,7.3%,18.7%
821,北京纽约,3.0%,374.73,9,8.9%,12.1%
822,钟馗伏魔：雪妖魔灵,1.4%,175.86,12,2.5%,18.1%
823,大喜临门,0.8%,101.33,8,2.9%,11.9%
824,吉星高照2015,0.5%,65.07,13,1.0%,14.3%
825,冲上云霄,0.3%,43.54,11,0.7%,20.4%
826,爸爸的假期,0.3%,41.04,26,0.1%,41.2%
827,熊出没之雪岭熊风,0.1%,23.17,17,0.2%,27.2%
828,爸爸去哪儿2,0.1%,19.04,8,0.5%,15.1%
829,有一个地方只有我们知道,0.1%,12.66,14,0.1%,29.9%
830,全能囧爸,<0.1%,10.49,3,0.7%,9.4%
831,美丽笨女人,<0.1%,9.32,3,0.4%,4.0%
832,有种你爱我,<0.1%,1.76,5,<0.1%,36.6%
833,寻找声音的耳朵,<0.1%,1.71,--,<0.1%,--
834,木星上行,29.0%,5763.25,44,24.0%,34.1%
835,超能陆战队,24.4%,4852.18,67,13.9%,66.7%
836,澳门风云2,13.1%,2607.62,38,12.7%,40.7%
837,狼图腾,11.6%,2310.38,45,9.2%,49.4%
838,帕丁顿熊,8.4%,1671.44,35,11.1%,42.6%
839,天将雄师,4.7%,947.03,29,5.6%,36.9%
840,将错就错,2.8%,560.14,17,6.9%,26.8%
841,北京纽约,2.1%,428.42,12,7.5%,16.3%
842,钟馗伏魔：雪妖魔灵,1.2%,239.74,17,2.2%,25.5%
843,大喜临门,0.6%,126.43,11,2.3%,17.3%
844,吉星高照2015,0.4%,94.23,21,0.9%,22.8%
845,冲上云霄,0.2%,56.38,15,0.6%,27.3%
846,熊出没之雪岭熊风,0.2%,46.43,22,0.3%,31.8%
847,爸爸去哪儿2,0.2%,40.83,13,0.6%,24.7%
848,有一个地方只有我们知道,<0.1%,13.81,17,0.1%,34.8%
849,爸爸的假期,<0.1%,13.01,13,0.1%,22.6%
850,全能囧爸,<0.1%,11.19,3,0.5%,9.1%
851,美丽笨女人,<0.1%,9.70,4,0.3%,5.7%
852,喜羊羊与灰太狼之羊年喜羊羊,<0.1%,2.85,4,0.1%,17.0%
853,兔侠之青黎传说,<0.1%,1.59,5,<0.1%,16.1%
854,超能陆战队,26.4%,4626.93,58,15.8%,54.9%
855,木星上行,25.5%,4468.14,36,23.3%,28.4%
856,澳门风云2,13.9%,2436.87,36,12.8%,38.9%
857,狼图腾,11.7%,2057.01,40,9.5%,43.6%
858,帕丁顿熊,8.5%,1501.41,31,11.2%,37.8%
859,天将雄师,4.8%,843.34,27,5.4%,34.4%
860,将错就错,2.9%,516.15,17,6.7%,27.4%
861,北京纽约,2.3%,404.82,13,6.7%,17.7%
862,钟馗伏魔：雪妖魔灵,1.2%,216.47,16,2.1%,24.3%
863,大喜临门,0.7%,131.10,13,2.1%,20.7%
864,吉星高照2015,0.4%,78.02,18,0.9%,19.3%
865,熊出没之雪岭熊风,0.2%,50.06,23,0.4%,33.1%
866,冲上云霄,0.2%,43.43,13,0.5%,24.3%
867,爸爸去哪儿2,0.2%,38.02,13,0.5%,23.9%
868,有一个地方只有我们知道,<0.1%,12.87,14,0.1%,29.9%
869,爸爸的假期,<0.1%,12.14,11,0.1%,17.1%
870,全能囧爸,<0.1%,9.26,3,0.5%,10.2%
871,美丽笨女人,<0.1%,8.61,5,0.3%,7.7%
872,喜羊羊与灰太狼之羊年喜羊羊,<0.1%,2.83,5,0.1%,19.9%
873,有种你爱我,<0.1%,1.89,6,<0.1%,52.5%
874,木星上行,26.7%,1546.17,13,23.7%,10.4%
875,超能陆战队,22.1%,1281.45,19,14.9%,17.5%
876,澳门风云2,17.3%,1002.03,15,13.6%,16.1%
877,狼图腾,11.4%,660.46,13,10.2%,14.3%
878,天将雄师,6.2%,362.16,11,5.8%,14.0%
879,帕丁顿熊,6.0%,349.23,8,10.8%,9.6%
880,将错就错,3.9%,227.36,7,7.0%,11.2%
881,北京纽约,2.4%,142.36,5,6.1%,7.3%
882,钟馗伏魔：雪妖魔灵,1.6%,98.18,7,2.2%,10.7%
883,大喜临门,0.8%,47.97,5,2.1%,8.2%
884,吉星高照2015,0.4%,24.36,6,0.9%,6.4%
885,冲上云霄,0.3%,20.93,6,0.5%,10.7%
886,有一个地方只有我们知道,0.1%,6.04,7,0.1%,14.9%
887,全能囧爸,<0.1%,3.11,1,0.5%,4.1%
888,爸爸去哪儿2,<0.1%,3.05,2,0.3%,3.4%
889,爸爸的假期,<0.1%,2.38,3,0.1%,4.1%
890,美丽笨女人,<0.1%,2.37,2,0.2%,2.8%
891,熊出没之雪岭熊风,<0.1%,2.23,2,0.1%,3.0%
892,木星上行,25.5%,1482.29,13,23.3%,10.8%
893,超能陆战队,23.0%,1341.85,19,15.4%,17.5%
894,澳门风云2,16.8%,981.79,15,14.0%,16.8%
895,狼图腾,11.6%,679.89,13,10.5%,14.8%
896,帕丁顿熊,6.4%,375.57,9,10.6%,11.1%
897,天将雄师,6.2%,365.67,12,5.9%,15.9%
898,将错就错,3.9%,228.94,8,7.1%,13.6%
899,北京纽约,2.2%,129.02,5,5.6%,8.0%
900,钟馗伏魔：雪妖魔灵,1.6%,98.55,8,2.3%,12.7%
901,大喜临门,0.8%,49.43,5,2.0%,8.4%
902,吉星高照2015,0.4%,23.90,6,0.9%,6.9%
903,冲上云霄,0.3%,21.44,6,0.6%,11.7%
904,爸爸的假期,0.1%,11.61,12,0.1%,16.4%
905,有一个地方只有我们知道,<0.1%,4.97,6,0.1%,11.9%
906,全能囧爸,<0.1%,2.98,1,0.5%,4.1%
907,兔侠之青黎传说,<0.1%,2.72,18,<0.1%,71.6%
908,熊出没之雪岭熊风,<0.1%,2.09,3,0.1%,4.2%
909,爸爸去哪儿2,<0.1%,1.99,2,0.3%,3.4%
910,寻找声音的耳朵,<0.1%,1.25,--,<0.1%,--
911,木星上行,24.8%,1301.68,12,23.0%,9.9%
912,超能陆战队,23.7%,1246.45,17,15.8%,15.4%
913,澳门风云2,16.7%,878.63,13,14.1%,14.1%
914,狼图腾,11.2%,590.48,11,10.6%,12.4%
915,帕丁顿熊,6.7%,356.42,9,10.4%,11.0%
916,天将雄师,6.2%,326.75,10,5.8%,13.2%
917,将错就错,4.0%,213.38,7,6.8%,11.5%
918,北京纽约,2.1%,113.13,5,5.1%,8.0%
919,钟馗伏魔：雪妖魔灵,1.6%,86.68,7,2.2%,10.6%
920,大喜临门,0.8%,44.27,5,1.9%,8.4%
921,爸爸的假期,0.4%,21.96,24,0.1%,28.4%
922,冲上云霄,0.3%,20.48,6,0.6%,11.9%
923,吉星高照2015,0.3%,20.18,5,0.8%,5.8%
924,海岛之恋,0.1%,6.17,1,1.0%,1.8%
925,全能囧爸,<0.1%,4.24,1,0.5%,3.0%
926,有一个地方只有我们知道,<0.1%,3.92,8,<0.1%,15.1%
927,母亲的梦想,<0.1%,2.44,27,<0.1%,82.3%
928,兔侠之青黎传说,<0.1%,2.28,15,<0.1%,62.9%
929,爸爸去哪儿2,<0.1%,1.79,2,0.2%,3.3%
930,熊出没之雪岭熊风,<0.1%,1.64,2,0.1%,2.7%
931,木星上行,24.0%,1164.39,10,22.9%,8.5%
932,超能陆战队,23.5%,1140.13,15,16.1%,13.6%
933,澳门风云2,16.6%,806.83,12,14.3%,13.2%
934,狼图腾,11.1%,539.75,10,10.6%,11.5%
935,帕丁顿熊,6.6%,323.83,8,10.3%,9.9%
936,天将雄师,6.2%,302.85,10,5.9%,13.3%
937,将错就错,4.0%,196.33,7,6.9%,11.9%
938,北京纽约,2.0%,101.34,4,5.1%,6.6%
939,钟馗伏魔：雪妖魔灵,1.6%,77.87,6,2.3%,9.5%
940,灰姑娘,1.3%,63.34,25,<0.1%,19.0%
941,大喜临门,0.8%,41.38,5,1.9%,8.7%
942,爸爸的假期,0.4%,23.17,27,0.1%,38.6%
943,冲上云霄,0.4%,19.95,5,0.6%,10.3%
944,吉星高照2015,0.3%,18.33,5,0.8%,5.8%
945,海岛之恋,0.1%,5.26,1,0.9%,1.9%
946,有一个地方只有我们知道,<0.1%,3.36,6,<0.1%,10.8%
947,全能囧爸,<0.1%,3.12,1,0.5%,3.3%
948,封门诡影,<0.1%,2.25,15,<0.1%,--
949,寻找声音的耳朵,<0.1%,2.04,--,<0.1%,<0.1%
950,兔侠之青黎传说,<0.1%,2.01,14,<0.1%,78.3%
951,灰姑娘,38.5%,3507.67,32,25.9%,28.2%
952,超能陆战队,19.2%,1754.01,27,13.5%,25.4%
953,木星上行,13.9%,1269.40,16,16.2%,15.7%
954,澳门风云2,8.6%,787.27,16,9.9%,18.7%
955,狼图腾,6.1%,558.44,16,6.8%,19.8%
956,封门诡影,3.7%,341.83,12,6.5%,19.5%
957,帕丁顿熊,3.7%,337.98,13,5.9%,16.9%
958,天将雄师,2.3%,209.28,13,2.8%,18.7%
959,将错就错,1.0%,96.87,7,2.9%,14.4%
960,扑通扑通我的人生,1.0%,94.63,4,5.5%,6.0%
961,钟馗伏魔：雪妖魔灵,0.4%,39.27,7,0.8%,13.7%
962,北京纽约,0.3%,29.60,5,1.3%,10.1%
963,大喜临门,0.2%,18.42,7,0.5%,15.8%
964,吉星高照2015,0.1%,9.93,7,0.3%,8.1%
965,冲上云霄,<0.1%,6.80,5,0.2%,12.2%
966,爸爸的假期,<0.1%,6.28,13,<0.1%,23.7%
967,奇缘灰姑娘,<0.1%,5.32,7,0.1%,8.5%
968,有一个地方只有我们知道,<0.1%,4.36,15,<0.1%,40.7%
969,兔侠之青黎传说,<0.1%,2.51,15,<0.1%,100%
970,熊出没之雪岭熊风,<0.1%,2.19,5,<0.1%,9.0%
971,灰姑娘,37.6%,6532.45,53,26.7%,45.9%
972,超能陆战队,23.9%,4146.70,51,15.9%,48.4%
973,木星上行,12.7%,2209.59,27,15.5%,27.0%
974,澳门风云2,7.4%,1293.13,26,9.4%,30.8%
975,狼图腾,5.7%,992.96,28,6.5%,34.9%
976,帕丁顿熊,5.2%,913.23,30,6.7%,40.2%
977,封门诡影,2.6%,465.86,16,6.1%,26.4%
978,天将雄师,1.6%,291.58,20,2.5%,28.7%
979,将错就错,0.8%,145.44,12,2.5%,25.0%
980,扑通扑通我的人生,0.7%,137.75,7,4.3%,11.0%
981,钟馗伏魔：雪妖魔灵,0.3%,61.25,12,0.7%,23.0%
982,北京纽约,0.2%,39.99,7,1.0%,14.1%
983,大喜临门,0.1%,26.07,10,0.4%,20.4%
984,熊出没之雪岭熊风,0.1%,22.76,15,0.2%,26.6%
985,吉星高照2015,<0.1%,14.59,12,0.2%,14.6%
986,兔侠之青黎传说,<0.1%,13.71,25,<0.1%,100%
987,冲上云霄,<0.1%,12.79,10,0.1%,21.0%
988,奇缘灰姑娘,<0.1%,9.07,12,<0.1%,19.2%
989,爸爸的假期,<0.1%,3.95,8,<0.1%,11.3%
990,爸爸去哪儿2,<0.1%,3.88,5,0.1%,13.3%
991,灰姑娘,39.6%,5629.37,45,27.4%,38.7%
992,超能陆战队,23.4%,3330.03,40,16.4%,38.3%
993,木星上行,11.3%,1615.21,20,15.1%,20.4%
994,澳门风云2,7.2%,1030.88,21,9.4%,25.4%
995,帕丁顿熊,5.6%,798.97,25,6.9%,33.1%
996,狼图腾,5.4%,781.00,22,6.4%,27.3%
997,封门诡影,2.4%,342.29,12,6.1%,19.9%
998,天将雄师,1.7%,246.67,17,2.4%,24.6%
999,将错就错,0.8%,123.05,10,2.5%,21.3%
1000,扑通扑通我的人生,0.7%,104.83,6,3.7%,9.7%
1001,钟馗伏魔：雪妖魔灵,0.3%,48.99,10,0.7%,19.8%
1002,北京纽约,0.2%,30.77,6,0.9%,12.4%
1003,熊出没之雪岭熊风,0.1%,25.34,16,0.2%,27.1%
1004,大喜临门,0.1%,22.54,9,0.4%,18.1%
1005,兔侠之青黎传说,0.1%,17.04,25,<0.1%,100%
1006,吉星高照2015,<0.1%,11.12,9,0.2%,10.9%
1007,冲上云霄,<0.1%,8.63,7,0.1%,14.6%
1008,奇缘灰姑娘,<0.1%,8.62,12,<0.1%,18.4%
1009,爸爸的假期,<0.1%,5.13,9,<0.1%,14.2%
1010,有一个地方只有我们知道,<0.1%,3.21,11,<0.1%,31.8%
1011,灰姑娘,44.5%,2369.16,21,28.0%,17.9%
1012,超能陆战队,15.7%,835.83,12,15.2%,11.1%
1013,木星上行,11.4%,606.85,8,15.4%,8.1%
1014,澳门风云2,9.2%,493.86,10,9.7%,11.8%
1015,狼图腾,5.5%,295.22,9,6.7%,11.0%
1016,封门诡影,3.8%,204.41,8,6.4%,13.0%
1017,帕丁顿熊,3.1%,165.42,6,6.5%,7.7%
1018,天将雄师,2.3%,126.23,9,2.5%,12.6%
1019,将错就错,1.1%,61.81,5,2.7%,10.2%
1020,扑通扑通我的人生,0.9%,49.18,3,3.7%,4.7%
1021,钟馗伏魔：雪妖魔灵,0.4%,23.98,5,0.7%,8.9%
1022,北京纽约,0.3%,18.37,3,0.9%,5.9%
1023,兔侠之青黎传说,0.3%,18.28,36,<0.1%,100%
1024,大喜临门,0.2%,10.90,5,0.4%,10.2%
1025,爸爸的假期,0.1%,7.73,16,<0.1%,27.0%
1026,可爱的你,0.1%,6.89,140,<0.1%,87.3%
1027,失孤,0.1%,5.97,92,<0.1%,71.8%
1028,冲上云霄,<0.1%,4.85,5,0.2%,9.6%
1029,吉星高照2015,<0.1%,3.93,4,0.2%,4.6%
1030,奇缘灰姑娘,<0.1%,3.76,6,<0.1%,7.9%
1031,灰姑娘,44.4%,2335.01,20,28.4%,17.3%
1032,超能陆战队,15.5%,814.48,12,15.2%,11.3%
1033,木星上行,11.4%,600.15,8,15.3%,8.4%
1034,澳门风云2,9.0%,473.29,10,9.8%,12.2%
1035,狼图腾,5.8%,307.08,9,6.8%,11.3%
1036,封门诡影,3.6%,190.08,7,6.3%,11.6%
1037,帕丁顿熊,3.0%,162.64,6,6.4%,7.8%
1038,天将雄师,2.2%,119.55,9,2.5%,13.0%
1039,将错就错,1.2%,64.51,6,2.7%,12.6%
1040,扑通扑通我的人生,0.8%,47.11,3,3.4%,4.9%
1041,兔侠之青黎传说,0.5%,26.90,43,<0.1%,100%
1042,钟馗伏魔：雪妖魔灵,0.4%,23.98,5,0.7%,9.6%
1043,失孤,0.3%,19.95,275,<0.1%,71.4%
1044,北京纽约,0.2%,15.66,3,0.9%,6.1%
1045,爸爸的假期,0.2%,12.09,23,<0.1%,40.4%
1046,大喜临门,0.2%,11.87,5,0.4%,10.3%
1047,战狼,0.1%,6.25,189,<0.1%,100%
1048,冲上云霄,<0.1%,4.52,4,0.2%,7.9%
1049,可爱的你,<0.1%,4.17,80,<0.1%,62.5%
1050,奇缘灰姑娘,<0.1%,3.49,6,<0.1%,8.2%
1051,灰姑娘,43.9%,2131.39,18,28.5%,15.7%
1052,超能陆战队,15.4%,746.23,11,15.1%,10.5%
1053,木星上行,11.1%,538.47,7,15.1%,7.5%
1054,澳门风云2,9.1%,442.70,9,9.8%,11.0%
1055,狼图腾,5.7%,280.75,8,6.7%,10.2%
1056,封门诡影,3.6%,176.86,7,6.3%,11.7%
1057,帕丁顿熊,3.3%,162.05,6,6.3%,8.0%
1058,天将雄师,2.2%,109.72,8,2.5%,11.7%
1059,将错就错,1.2%,61.45,5,2.7%,10.6%
1060,兔侠之青黎传说,0.9%,47.50,50,<0.1%,100%
1061,扑通扑通我的人生,0.8%,43.11,3,3.1%,5.1%
1062,失孤,0.4%,21.28,107,<0.1%,65.3%
1063,钟馗伏魔：雪妖魔灵,0.4%,19.95,4,0.7%,7.7%
1064,北京纽约,0.3%,15.06,3,0.9%,6.4%
1065,大喜临门,0.1%,9.61,4,0.4%,8.0%
1066,爸爸的假期,0.1%,8.58,24,<0.1%,40.2%
1067,吉星高照2015,0.1%,6.78,11,0.2%,13.0%
1068,冲上云霄,<0.1%,4.81,4,0.2%,8.2%
1069,战狼,<0.1%,3.32,157,<0.1%,100%
1070,红包,<0.1%,3.13,1,0.7%,2.0%
1071,灰姑娘,42.1%,1907.75,16,29.0%,14.0%
1072,超能陆战队,14.9%,677.71,10,15.2%,9.5%
1073,木星上行,11.2%,508.67,7,15.2%,7.6%
1074,澳门风云2,9.0%,408.54,9,9.8%,10.9%
1075,狼图腾,5.8%,264.26,8,6.8%,10.2%
1076,封门诡影,3.5%,159.28,6,6.4%,10.0%
1077,帕丁顿熊,3.2%,149.41,6,6.3%,8.0%
1078,天将雄师,2.1%,98.73,8,2.4%,11.6%
1079,飓风营救3,1.7%,77.91,19,<0.1%,12.7%
1080,将错就错,1.3%,59.36,5,2.8%,10.7%
1081,失孤,1.1%,51.24,25,<0.1%,25.0%
1082,兔侠之青黎传说,1.0%,46.16,45,<0.1%,100%
1083,扑通扑通我的人生,0.9%,41.73,3,3.1%,5.1%
1084,钟馗伏魔：雪妖魔灵,0.4%,18.92,5,0.6%,9.3%
1085,北京纽约,0.3%,14.01,3,0.9%,6.2%
1086,大喜临门,0.2%,9.37,4,0.4%,7.8%
1087,爸爸的假期,0.1%,7.37,21,<0.1%,23.8%
1088,冲上云霄,<0.1%,4.52,4,0.2%,7.7%
1089,可爱的你,<0.1%,3.88,20,<0.1%,15.8%
1090,战狼,<0.1%,3.78,150,<0.1%,77.7%
1091,失孤,35.6%,3713.94,30,27.9%,29.1%
1092,飓风营救3,30.3%,3163.47,23,27.0%,19.4%
1093,灰姑娘,18.8%,1968.45,30,15.1%,35.7%
1094,超能陆战队,6.5%,678.84,20,7.1%,23.8%
1095,可爱的你,2.9%,309.45,6,10.5%,8.2%
1096,木星上行,1.2%,133.46,8,3.1%,12.4%
1097,澳门风云2,0.8%,85.76,9,1.8%,12.6%
1098,狼图腾,0.7%,80.69,10,1.4%,15.7%
1099,帕丁顿熊,0.7%,75.87,10,1.5%,13.5%
1100,封门诡影,0.6%,71.04,6,2.4%,11.4%
1101,兔侠之青黎传说,0.5%,62.54,49,<0.1%,100%
1102,天将雄师,0.3%,34.38,18,0.2%,29.1%
1103,将错就错,0.1%,11.92,3,0.6%,8.8%
1104,战狼,<0.1%,9.53,289,<0.1%,--
1105,扑通扑通我的人生,<0.1%,3.27,2,0.4%,8.0%
1106,十二生肖,<0.1%,2.90,200,<0.1%,--
1107,奇缘灰姑娘,<0.1%,2.57,8,<0.1%,53.0%
1108,飓风营救2,<0.1%,2.21,5,<0.1%,4.2%
1109,钟馗伏魔：雪妖魔灵,<0.1%,1.80,5,<0.1%,12.0%
1110,通道转兵,<0.1%,1.55,--,<0.1%,--
1111,失孤,27.5%,4357.33,34,27.8%,32.5%
1112,飓风营救3,26.7%,4244.93,31,25.2%,26.9%
1113,灰姑娘,24.6%,3907.03,51,16.8%,58.2%
1114,超能陆战队,11.7%,1854.30,38,9.5%,45.5%
1115,可爱的你,2.7%,428.75,10,8.7%,13.9%
1116,帕丁顿熊,1.5%,252.77,24,2.1%,34.5%
1117,木星上行,1.4%,233.47,16,2.5%,26.2%
1118,狼图腾,0.8%,139.32,18,1.2%,28.7%
1119,澳门风云2,0.8%,138.35,15,1.6%,21.1%
1120,封门诡影,0.6%,108.62,10,2.4%,18.7%
1121,兔侠之青黎传说,0.5%,84.15,52,<0.1%,100%
1122,天将雄师,0.2%,33.38,23,0.2%,35.9%
1123,将错就错,0.1%,19.29,6,0.5%,18.5%
1124,熊出没之雪岭熊风,<0.1%,10.37,10,0.1%,20.9%
1125,扑通扑通我的人生,<0.1%,5.78,3,0.3%,13.4%
1126,奇缘灰姑娘,<0.1%,4.45,14,<0.1%,55.9%
1127,北京纽约,<0.1%,3.32,4,<0.1%,12.5%
1128,战狼,<0.1%,2.84,160,<0.1%,96.1%
1129,大喜临门,<0.1%,2.64,8,<0.1%,21.2%
1130,红包,<0.1%,2.59,5,<0.1%,17.3%
1131,失孤,25.8%,3273.62,27,27.2%,26.0%
1132,飓风营救3,25.5%,3236.34,24,24.3%,21.8%
1133,灰姑娘,25.3%,3214.64,39,18.6%,42.9%
1134,超能陆战队,13.2%,1686.14,33,10.2%,39.6%
1135,可爱的你,2.7%,342.80,9,7.6%,13.2%
1136,帕丁顿熊,1.9%,249.63,22,2.3%,31.2%
1137,木星上行,1.4%,184.74,13,2.5%,22.1%
1138,狼图腾,0.9%,124.87,16,1.2%,25.5%
1139,澳门风云2,0.9%,123.52,14,1.6%,20.4%
1140,封门诡影,0.6%,79.87,7,2.4%,13.6%
1141,兔侠之青黎传说,0.6%,77.87,52,<0.1%,100%
1142,天将雄师,0.2%,28.01,18,0.2%,27.3%
1143,将错就错,0.1%,18.93,6,0.6%,20.0%
1144,熊出没之雪岭熊风,<0.1%,12.60,12,0.1%,25.0%
1145,奇缘灰姑娘,<0.1%,4.73,12,<0.1%,18.9%
1146,扑通扑通我的人生,<0.1%,4.21,2,0.3%,9.5%
1147,北京纽约,<0.1%,2.99,4,<0.1%,14.1%
1148,钟馗伏魔：雪妖魔灵,<0.1%,2.10,5,<0.1%,12.7%
1149,大喜临门,<0.1%,2.08,6,<0.1%,10.3%
1150,吉星高照2015,<0.1%,2.01,27,<0.1%,63.3%
1151,失孤,31.4%,1514.38,13,27.4%,12.7%
1152,飓风营救3,29.1%,1402.46,11,24.8%,10.2%
1153,灰姑娘,20.5%,989.09,13,19.3%,14.3%
1154,超能陆战队,7.2%,347.58,9,8.6%,10.6%
1155,可爱的你,3.6%,176.92,5,7.8%,7.5%
1156,兔侠之青黎传说,1.5%,72.57,52,<0.1%,100%
1157,木星上行,1.4%,68.47,5,2.7%,8.4%
1158,澳门风云2,1.1%,55.90,7,1.5%,10.2%
1159,封门诡影,1.1%,54.52,5,2.6%,9.6%
1160,狼图腾,1.1%,53.18,7,1.4%,11.0%
1161,帕丁顿熊,0.8%,40.66,5,1.8%,7.0%
1162,天将雄师,0.2%,12.64,10,0.2%,14.3%
1163,将错就错,0.1%,9.59,3,0.6%,9.4%
1164,扑通扑通我的人生,<0.1%,2.08,1,0.3%,4.5%
1165,通道转兵,<0.1%,1.43,--,<0.1%,--
1166,大喜临门,<0.1%,1.28,4,<0.1%,9.3%
1167,奇缘灰姑娘,<0.1%,1.28,3,<0.1%,21.8%
1168,飓风营救3,29.6%,1362.50,11,24.6%,10.3%
1169,失孤,29.5%,1357.77,12,27.0%,11.9%
1170,灰姑娘,20.7%,951.50,12,19.8%,12.9%
1171,超能陆战队,7.6%,351.23,9,8.6%,10.6%
1172,可爱的你,3.7%,171.55,5,7.2%,7.6%
1173,兔侠之青黎传说,1.8%,83.83,58,<0.1%,100%
1174,木星上行,1.4%,67.87,5,2.7%,8.6%
1175,澳门风云2,1.1%,54.95,7,1.5%,10.3%
1176,狼图腾,1.1%,53.54,7,1.4%,11.0%
1177,封门诡影,1.0%,50.36,5,2.6%,9.5%
1178,帕丁顿熊,0.9%,43.09,6,1.8%,8.3%
1179,天将雄师,0.2%,12.92,11,0.2%,15.6%
1180,将错就错,0.2%,9.89,3,0.6%,9.6%
1181,璀璨的婚礼,<0.1%,3.31,1,0.8%,1.9%
1182,扑通扑通我的人生,<0.1%,2.49,1,0.3%,3.8%
1183,吉星高照2015,<0.1%,1.73,15,<0.1%,17.4%
1184,战狼,<0.1%,1.59,--,<0.1%,75.5%
1185,通道转兵,<0.1%,1.43,--,<0.1%,--
1186,大喜临门,<0.1%,1.36,4,<0.1%,9.0%
1187,天使：生命处方,<0.1%,1.29,36,<0.1%,53.9%
1188,飓风营救3,29.9%,1240.86,10,24.7%,9.2%
1189,失孤,28.5%,1185.64,11,27.0%,10.8%
1190,灰姑娘,20.3%,845.08,10,20.0%,10.6%
1191,超能陆战队,7.6%,318.32,8,8.6%,9.2%
1192,可爱的你,4.1%,170.02,5,7.0%,7.6%
1193,兔侠之青黎传说,1.8%,77.52,54,<0.1%,100%
1194,木星上行,1.5%,63.23,4,2.7%,6.7%
1195,澳门风云2,1.2%,52.93,7,1.6%,10.1%
1196,狼图腾,1.2%,50.77,6,1.4%,9.2%
1197,封门诡影,1.1%,48.59,4,2.6%,7.3%
1198,帕丁顿熊,0.9%,38.22,5,1.8%,6.9%
1199,天将雄师,0.2%,12.20,10,0.2%,14.2%
1200,将错就错,0.2%,9.27,3,0.6%,8.8%
1201,一万年以后,0.2%,8.77,155,<0.1%,92.0%
1202,战狼,<0.1%,3.20,100,<0.1%,73.3%
1203,扑通扑通我的人生,<0.1%,2.83,1,0.3%,3.5%
1204,美丽笨女人,<0.1%,2.21,39,<0.1%,89.6%
1205,璀璨的婚礼,<0.1%,2.18,1,0.6%,1.8%
1206,通道转兵,<0.1%,1.44,--,<0.1%,--
1207,寻找声音的耳朵,<0.1%,1.43,250,<0.1%,80.5%
1208,飓风营救3,29.6%,1153.80,10,24.7%,9.2%
1209,失孤,27.3%,1065.58,10,27.0%,9.8%
1210,灰姑娘,19.9%,776.59,10,20.0%,10.5%
1211,超能陆战队,7.8%,305.07,8,8.7%,9.2%
1212,可爱的你,4.2%,163.64,5,6.9%,7.6%
1213,兔侠之青黎传说,1.7%,67.15,51,<0.1%,100%
1214,王牌特工：特工学院,1.5%,61.66,21,<0.1%,15.7%
1215,木星上行,1.5%,60.54,4,2.6%,6.6%
1216,澳门风云2,1.3%,52.66,7,1.6%,10.0%
1217,狼图腾,1.3%,50.79,6,1.4%,9.0%
1218,封门诡影,1.2%,48.91,4,2.7%,7.3%
1219,帕丁顿熊,0.9%,38.32,5,1.8%,7.0%
1220,天将雄师,0.3%,13.10,10,0.2%,13.6%
1221,将错就错,0.2%,8.87,3,0.6%,9.0%
1222,战狼,0.1%,5.54,200,<0.1%,100%
1223,扑通扑通我的人生,<0.1%,2.75,1,0.3%,3.6%
1224,一万年以后,<0.1%,2.36,11,<0.1%,50.1%
1225,璀璨的婚礼,<0.1%,1.97,1,0.5%,1.6%
1226,大喜临门,<0.1%,1.33,3,<0.1%,8.1%
1227,吉星高照2015,<0.1%,1.09,14,<0.1%,13.3%
1228,王牌特工：特工学院,47.6%,3504.62,28,28.3%,23.8%
1229,失孤,12.7%,935.08,13,16.6%,15.1%
1230,灰姑娘,12.5%,926.42,18,12.6%,21.6%
1231,飓风营救3,10.2%,756.55,11,14.7%,11.8%
1232,一万年以后,7.4%,550.10,11,11.2%,13.3%
1233,超能陆战队,4.2%,315.14,15,4.6%,17.9%
1234,兔侠之青黎传说,0.8%,60.25,53,<0.1%,100%
1235,可爱的你,0.7%,57.16,8,1.5%,13.4%
1236,第七谎言,0.6%,49.22,3,3.0%,3.9%
1237,菜鸟,0.6%,45.11,3,2.9%,4.8%
1238,狼图腾,0.4%,34.48,11,0.5%,20.1%
1239,帕丁顿熊,0.3%,27.88,8,0.7%,11.6%
1240,封门诡影,0.3%,24.94,5,1.2%,12.1%
1241,澳门风云2,0.2%,17.69,8,0.4%,14.9%
1242,木星上行,0.2%,16.95,5,0.6%,12.0%
1243,天将雄师,0.1%,11.32,20,0.1%,27.6%
1244,战狼,<0.1%,4.82,130,<0.1%,69.2%
1245,将错就错,<0.1%,3.83,3,0.2%,14.2%
1246,扑通扑通我的人生,<0.1%,2.37,3,0.1%,13.3%
1247,咱们结婚吧,<0.1%,2.07,--,<0.1%,--
1248,王牌特工：特工学院,48.1%,6198.62,47,28.5%,39.5%
1249,灰姑娘,14.5%,1869.19,32,13.7%,37.3%
1250,失孤,10.6%,1367.69,20,15.8%,23.8%
1251,飓风营救3,9.1%,1182.96,17,13.8%,18.6%
1252,超能陆战队,7.4%,959.80,30,6.5%,36.7%
1253,一万年以后,5.7%,742.09,14,10.8%,17.1%
1254,帕丁顿熊,0.8%,105.62,20,1.1%,28.0%
1255,可爱的你,0.6%,84.02,13,1.3%,21.4%
1256,兔侠之青黎传说,0.5%,74.05,52,<0.1%,100%
1257,狼图腾,0.4%,54.08,17,0.5%,30.6%
1258,第七谎言,0.3%,50.79,3,2.4%,4.0%
1259,菜鸟,0.3%,45.70,4,2.3%,6.6%
1260,封门诡影,0.3%,39.40,7,1.3%,16.2%
1261,木星上行,0.2%,29.33,9,0.5%,24.1%
1262,澳门风云2,0.2%,27.30,12,0.4%,20.5%
1263,战狼,<0.1%,9.90,288,<0.1%,100%
1264,天将雄师,<0.1%,8.01,14,0.1%,16.6%
1265,熊出没之雪岭熊风,<0.1%,6.62,11,0.1%,26.6%
1266,将错就错,<0.1%,6.06,4,0.2%,19.3%
1267,北京纽约,<0.1%,3.65,15,<0.1%,40.0%
1268,王牌特工：特工学院,50.6%,5562.45,41,29.1%,34.2%
1269,灰姑娘,12.8%,1409.56,23,14.5%,26.7%
1270,失孤,9.3%,1022.50,15,15.4%,17.9%
1271,飓风营救3,8.2%,904.65,13,13.2%,14.3%
1272,超能陆战队,7.7%,852.38,26,6.9%,30.7%
1273,一万年以后,5.4%,593.28,12,10.1%,14.8%
1274,战狼,1.2%,140.75,133,0.2%,94.9%
1275,帕丁顿熊,0.8%,95.30,17,1.2%,23.5%
1276,兔侠之青黎传说,0.7%,82.79,58,<0.1%,100%
1277,可爱的你,0.6%,68.94,10,1.3%,16.4%
1278,狼图腾,0.5%,61.40,19,0.5%,33.2%
1279,菜鸟,0.3%,43.38,5,2.0%,8.2%
1280,第七谎言,0.3%,37.70,3,2.2%,4.0%
1281,封门诡影,0.2%,29.61,5,1.3%,11.1%
1282,澳门风云2,0.2%,24.17,10,0.4%,18.5%
1283,木星上行,0.2%,23.08,7,0.5%,17.1%
1284,熊出没之雪岭熊风,<0.1%,7.21,10,0.1%,24.8%
1285,天将雄师,<0.1%,6.79,13,<0.1%,15.5%
1286,将错就错,<0.1%,5.75,4,0.2%,17.7%
1287,通道转兵,<0.1%,2.19,--,<0.1%,--
1288,王牌特工：特工学院,57.4%,2627.63,21,29.8%,17.4%
1289,失孤,10.1%,463.91,7,16.1%,8.3%
1290,灰姑娘,9.2%,422.47,7,14.6%,8.1%
1291,飓风营救3,8.8%,405.83,6,14.0%,6.6%
1292,一万年以后,5.2%,239.11,5,9.9%,6.4%
1293,超能陆战队,3.1%,145.92,7,4.9%,8.0%
1294,兔侠之青黎传说,1.6%,74.22,55,<0.1%,100%
1295,可爱的你,0.7%,35.49,5,1.5%,8.0%
1296,狼图腾,0.6%,31.55,10,0.6%,18.0%
1297,第七谎言,0.4%,19.48,2,2.1%,2.7%
1298,封门诡影,0.4%,19.01,3,1.4%,6.9%
1299,咱们结婚吧,0.4%,18.40,--,<0.1%,--
1300,帕丁顿熊,0.3%,14.23,4,0.8%,5.6%
1301,澳门风云2,0.2%,12.99,5,0.5%,9.3%
1302,菜鸟,0.2%,10.38,1,2.0%,1.7%
1303,木星上行,0.2%,10.14,3,0.6%,7.7%
1304,天将雄师,0.1%,5.36,11,0.1%,16.1%
1305,战狼,<0.1%,3.66,89,<0.1%,100%
1306,将错就错,<0.1%,3.28,2,0.3%,9.0%
1307,暴疯语,<0.1%,2.84,140,<0.1%,34.2%
1308,王牌特工：特工学院,58.8%,2655.87,21,31.2%,20.0%
1309,失孤,10.2%,461.91,7,16.6%,9.6%
1310,灰姑娘,9.9%,447.47,8,15.8%,11.0%
1311,飓风营救3,9.7%,439.14,7,14.8%,8.7%
1312,一万年以后,5.1%,232.39,5,10.1%,6.7%
1313,兔侠之青黎传说,1.1%,53.07,50,<0.1%,100%
1314,可爱的你,0.9%,44.79,6,1.8%,9.4%
1315,狼图腾,0.7%,35.83,10,0.6%,18.2%
1316,帕丁顿熊,0.5%,24.79,6,1.1%,8.4%
1317,封门诡影,0.4%,21.30,3,1.6%,7.3%
1318,第七谎言,0.4%,18.33,2,2.0%,2.7%
1319,澳门风云2,0.3%,16.28,6,0.5%,10.3%
1320,木星上行,0.3%,16.12,4,0.7%,9.4%
1321,菜鸟,0.2%,10.15,1,1.9%,1.7%
1322,咱们结婚吧,0.1%,8.12,147,<0.1%,100%
1323,天将雄师,0.1%,6.25,11,0.1%,15.0%
1324,战狼,0.1%,5.39,167,<0.1%,--
1325,将错就错,<0.1%,4.00,3,0.3%,13.8%
1326,摩尔庄园3：魔幻列车大冒险,<0.1%,2.81,238,<0.1%,100%
1327,扑通扑通我的人生,<0.1%,1.38,2,0.1%,10.8%
1328,王牌特工：特工学院,57.9%,2351.76,18,30.2%,18.8%
1329,失孤,9.5%,387.81,6,16.2%,8.7%
1330,飓风营救3,9.4%,383.83,6,14.4%,7.7%
1331,灰姑娘,9.1%,372.88,6,15.1%,8.9%
1332,一万年以后,4.8%,197.13,5,10.0%,6.9%
1333,战狼,2.3%,94.23,46,0.4%,100%
1334,兔侠之青黎传说,1.6%,65.23,58,0.1%,100%
1335,可爱的你,0.9%,39.03,5,1.9%,8.6%
1336,咱们结婚吧,0.7%,31.35,21,0.3%,100%
1337,封门诡影,0.5%,21.37,4,1.6%,8.9%
1338,帕丁顿熊,0.5%,21.06,5,1.1%,7.9%
1339,澳门风云2,0.3%,15.78,5,0.6%,9.5%
1340,第七谎言,0.3%,15.63,2,2.8%,3.0%
1341,木星上行,0.3%,13.66,4,0.8%,9.4%
1342,菜鸟,0.2%,11.06,2,1.9%,3.1%
1343,狼图腾,0.1%,7.91,9,0.1%,14.3%
1344,天将雄师,0.1%,7.06,14,0.1%,24.1%
1345,冲锋车,0.1%,4.34,169,<0.1%,81.4%
1346,将错就错,<0.1%,3.62,3,0.4%,13.5%
1347,通道转兵,<0.1%,3.03,129,<0.1%,--
1348,爸爸的假期,<0.1%,2.37,41,<0.1%,72.1%
1349,摩尔庄园3：魔幻列车大冒险,<0.1%,2.33,176,<0.1%,100%
1350,战狼,43.6%,3726.61,28,29.3%,30.8%
1351,咱们结婚吧,32.0%,2735.66,21,28.6%,23.1%
1352,王牌特工：特工学院,18.2%,1555.80,18,18.4%,20.4%
1353,灰姑娘,1.7%,150.07,6,5.8%,9.7%
1354,失孤,1.1%,96.20,4,5.8%,6.6%
1355,飓风营救3,1.0%,92.87,5,4.4%,7.0%
1356,兔侠之青黎传说,0.9%,78.77,60,0.2%,100%
1357,一万年以后,0.4%,35.26,3,2.7%,5.5%
1358,帕丁顿熊,0.1%,9.85,7,0.4%,14.1%
1359,可爱的你,<0.1%,8.45,5,0.4%,10.5%
1360,封门诡影,<0.1%,7.05,2,0.9%,7.1%
1361,狼图腾,<0.1%,5.16,9,0.1%,16.6%
1362,暴疯语,<0.1%,5.07,8,0.1%,71.0%
1363,冲锋车,<0.1%,3.20,10,<0.1%,100%
1364,我们结婚吧,<0.1%,2.72,23,<0.1%,--
1365,天将雄师,<0.1%,2.67,17,<0.1%,29.9%
1366,摩尔庄园3：魔幻列车大冒险,<0.1%,2.65,165,<0.1%,100%
1367,天河,<0.1%,2.57,75,<0.1%,100%
1368,澳门风云2,<0.1%,2.56,4,0.1%,7.0%
1369,三更车库,<0.1%,2.01,12,<0.1%,100%
1370,菜鸟,<0.1%,1.99,1,0.5%,3.6%
1371,木星上行,<0.1%,1.55,2,0.2%,6.1%
1372,通道转兵,<0.1%,1.26,49,<0.1%,--
1373,将错就错,<0.1%,1.24,2,0.2%,11.3%
1374,战狼,35.7%,3814.82,31,24.9%,33.9%
1375,咱们结婚吧,27.9%,2980.67,27,22.8%,29.2%
1376,王牌特工：特工学院,18.8%,2009.95,36,10.7%,38.6%
1377,暴疯语,7.7%,832.87,14,13.2%,17.8%
1378,白幽灵传奇之绝命逃亡,3.0%,323.24,8,7.9%,10.8%
1379,冲锋车,2.5%,274.55,8,8.1%,10.6%
1380,三更车库,0.9%,106.48,7,3.6%,12.5%
1381,灰姑娘,0.9%,96.92,15,1.4%,27.6%
1382,兔侠之青黎传说,0.9%,96.76,78,0.1%,100%
1383,无敌小飞猪,0.3%,32.98,4,2.0%,10.1%
1384,飓风营救3,0.2%,27.49,7,0.7%,14.0%
1385,失孤,0.2%,25.00,6,0.9%,13.5%
1386,一万年以后,0.1%,13.08,5,0.6%,9.3%
1387,帕丁顿熊,<0.1%,9.94,11,0.2%,19.1%
1388,可爱的你,<0.1%,5.37,13,<0.1%,35.8%
1389,狼图腾,<0.1%,4.35,11,<0.1%,26.8%
1390,天河,<0.1%,3.38,76,<0.1%,100%
1391,封门诡影,<0.1%,3.22,2,0.4%,12.1%
1392,公路美人,<0.1%,2.87,1,0.6%,1.1%
1393,将错就错,<0.1%,1.86,3,0.1%,20.2%
1394,摩尔庄园3：魔幻列车大冒险,<0.1%,1.64,142,<0.1%,100%
1395,通道转兵,<0.1%,1.43,73,<0.1%,--
1396,天将雄师,<0.1%,1.19,88,<0.1%,100%
1397,黄克功案件,<0.1%,1.15,193,<0.1%,79.7%
1398,战狼,34.4%,6179.20,45,25.7%,47.0%
1399,咱们结婚吧,24.3%,4370.58,39,22.0%,42.9%
1400,王牌特工：特工学院,21.7%,3892.17,63,10.9%,68.1%
1401,暴疯语,6.2%,1127.71,21,10.7%,28.0%
1402,魔法总动员,4.5%,807.79,22,7.5%,35.7%
1403,白幽灵传奇之绝命逃亡,2.2%,410.47,13,5.6%,20.8%
1404,冲锋车,2.0%,362.47,12,6.4%,16.5%
1405,灰姑娘,1.6%,298.34,34,1.7%,56.5%
1406,三更车库,0.7%,136.01,10,3.1%,17.9%
1407,兔侠之青黎传说,0.4%,72.18,66,0.1%,100%
1408,无敌小飞猪,0.4%,71.98,7,2.3%,20.4%
1409,飓风营救3,0.2%,44.27,14,0.4%,35.3%
1410,帕丁顿熊,0.2%,39.30,34,0.2%,44.7%
1411,失孤,0.1%,35.43,12,0.6%,29.0%
1412,一万年以后,0.1%,23.29,10,0.4%,20.3%
1413,狼图腾,<0.1%,10.55,23,<0.1%,48.7%
1414,封门诡影,<0.1%,6.32,4,0.4%,23.3%
1415,可爱的你,<0.1%,5.74,16,<0.1%,46.6%
1416,将错就错,<0.1%,1.99,4,0.1%,27.9%
1417,菜鸟,<0.1%,1.87,4,0.2%,17.0%
1418,红包,<0.1%,1.79,47,<0.1%,--
1419,木星上行,<0.1%,1.79,8,<0.1%,22.9%
1420,通道转兵,<0.1%,1.56,78,<0.1%,--
1421,公路美人,<0.1%,1.47,2,0.2%,2.0%
1422,天河,<0.1%,1.44,59,<0.1%,100%
1423,澳门风云2,<0.1%,1.43,8,<0.1%,24.9%
1424,战狼,35.4%,7023.04,50,26.4%,51.7%
1425,咱们结婚吧,23.1%,4575.70,41,21.9%,46.3%
1426,王牌特工：特工学院,23.0%,4564.14,66,12.5%,68.7%
1427,魔法总动员,5.6%,1118.39,27,8.0%,45.9%
1428,暴疯语,4.2%,837.62,18,9.3%,24.9%
1429,白幽灵传奇之绝命逃亡,2.0%,402.22,14,5.1%,23.7%
1430,灰姑娘,1.9%,390.37,37,2.0%,60.7%
1431,冲锋车,1.8%,372.76,14,5.7%,19.4%
1432,三更车库,0.6%,138.39,11,2.9%,19.4%
1433,兔侠之青黎传说,0.3%,78.57,72,0.1%,100%
1434,无敌小飞猪,0.3%,75.00,9,2.0%,24.1%
1435,帕丁顿熊,0.2%,49.05,42,0.2%,49.4%
1436,飓风营救3,0.2%,48.77,16,0.4%,40.2%
1437,失孤,0.2%,41.55,14,0.5%,35.7%
1438,一万年以后,0.1%,29.48,12,0.4%,28.6%
1439,狼图腾,<0.1%,12.31,25,<0.1%,59.2%
1440,封门诡影,<0.1%,7.56,4,0.4%,24.8%
1441,可爱的你,<0.1%,5.61,15,<0.1%,40.3%
1442,爸爸的假期,<0.1%,3.09,42,<0.1%,68.2%
1443,菜鸟,<0.1%,3.04,4,0.2%,18.2%
1444,通道转兵,<0.1%,2.71,96,<0.1%,--
1445,澳门风云2,<0.1%,2.37,13,<0.1%,33.6%
1446,木星上行,<0.1%,2.33,10,<0.1%,24.0%
1447,红包,<0.1%,2.02,52,<0.1%,--
1448,公路美人,<0.1%,1.35,2,0.2%,1.8%
1449,战狼,34.8%,5053.05,36,26.9%,37.6%
1450,咱们结婚吧,23.2%,3370.60,31,21.9%,35.6%
1451,王牌特工：特工学院,23.2%,3366.96,47,13.6%,47.3%
1452,魔法总动员,7.0%,1026.21,26,8.0%,42.5%
1453,暴疯语,3.4%,504.26,12,8.7%,17.0%
1454,灰姑娘,2.2%,327.29,28,2.4%,45.1%
1455,冲锋车,1.8%,275.35,11,5.3%,16.4%
1456,白幽灵传奇之绝命逃亡,1.7%,249.51,10,4.8%,16.7%
1457,三更车库,0.5%,85.03,7,2.8%,12.8%
1458,兔侠之青黎传说,0.4%,68.36,65,0.1%,100%
1459,无敌小飞猪,0.4%,58.82,8,1.8%,21.5%
1460,飓风营救3,0.2%,34.89,11,0.4%,28.3%
1461,失孤,0.1%,24.53,9,0.5%,22.9%
1462,一万年以后,0.1%,19.54,9,0.4%,19.7%
1463,狼图腾,<0.1%,10.15,21,<0.1%,44.7%
1464,可爱的你,<0.1%,5.07,17,<0.1%,40.7%
1465,封门诡影,<0.1%,5.04,3,0.5%,17.8%
1466,通道转兵,<0.1%,3.03,102,<0.1%,--
1467,木星上行,<0.1%,1.66,7,<0.1%,14.8%
1468,澳门风云2,<0.1%,1.53,9,<0.1%,23.3%
1469,菜鸟,<0.1%,1.09,2,0.2%,8.0%
1470,战狼,43.5%,2728.69,21,27.9%,22.0%
1471,咱们结婚吧,25.3%,1587.21,16,22.6%,18.7%
1472,王牌特工：特工学院,19.3%,1214.06,18,14.7%,18.7%
1473,暴疯语,3.5%,222.30,6,9.2%,8.3%
1474,冲锋车,2.1%,135.71,6,6.0%,8.4%
1475,白幽灵传奇之绝命逃亡,1.9%,123.74,5,5.2%,8.4%
1476,兔侠之青黎传说,0.8%,53.90,67,0.1%,100%
1477,三更车库,0.8%,52.54,5,3.0%,8.0%
1478,灰姑娘,0.8%,51.00,6,2.1%,9.4%
1479,魔法总动员,0.7%,47.68,3,4.3%,3.9%
1480,飓风营救3,0.2%,15.03,5,0.5%,12.4%
1481,失孤,0.1%,10.75,4,0.6%,9.2%
1482,一万年以后,<0.1%,5.04,3,0.4%,6.2%
1483,狼图腾,<0.1%,3.68,7,0.1%,13.4%
1484,封门诡影,<0.1%,2.41,2,0.5%,9.0%
1485,可爱的你,<0.1%,1.89,7,<0.1%,13.8%
1486,无敌小飞猪,<0.1%,1.69,1,0.9%,1.4%
1487,摩尔庄园3：魔幻列车大冒险,<0.1%,1.53,152,<0.1%,100%
1488,黄克功案件,<0.1%,1.28,214,<0.1%,88.2%
1489,通道转兵,<0.1%,1.26,56,<0.1%,--
1490,战狼,43.7%,2619.29,20,28.5%,21.1%
1491,咱们结婚吧,24.6%,1474.56,15,22.6%,18.0%
1492,王牌特工：特工学院,19.6%,1179.26,17,15.2%,17.8%
1493,暴疯语,3.3%,201.84,6,8.7%,8.5%
1494,冲锋车,2.2%,134.26,6,6.0%,8.6%
1495,白幽灵传奇之绝命逃亡,1.8%,111.01,5,5.1%,8.2%
1496,兔侠之青黎传说,1.0%,65.14,68,0.1%,100%
1497,三更车库,0.8%,50.73,4,3.1%,7.9%
1498,灰姑娘,0.8%,48.27,6,2.1%,9.0%
1499,魔法总动员,0.6%,38.84,3,3.8%,4.0%
1500,爸爸的假期,0.2%,15.13,57,<0.1%,100%
1501,飓风营救3,0.2%,13.94,4,0.6%,10.2%
1502,失孤,0.2%,12.74,5,0.6%,11.8%
1503,一万年以后,<0.1%,5.23,3,0.4%,7.0%
1504,狼图腾,<0.1%,3.34,6,0.1%,12.0%
1505,澳门风云2,<0.1%,2.78,28,<0.1%,82.4%
1506,摩尔庄园3：魔幻列车大冒险,<0.1%,2.64,181,<0.1%,100%
1507,封门诡影,<0.1%,2.45,2,0.6%,8.8%
1508,可爱的你,<0.1%,1.89,6,<0.1%,14.8%
1509,黄克功案件,<0.1%,1.45,242,<0.1%,100.0%
1510,无敌小飞猪,<0.1%,1.24,1,0.7%,1.4%
1511,战狼,43.8%,2434.05,18,28.8%,18.7%
1512,咱们结婚吧,23.7%,1320.23,13,22.7%,15.5%
1513,王牌特工：特工学院,19.9%,1108.12,16,15.5%,16.0%
1514,暴疯语,3.3%,184.43,5,8.4%,8.0%
1515,冲锋车,2.3%,131.65,5,6.0%,8.0%
1516,白幽灵传奇之绝命逃亡,1.8%,100.83,4,5.0%,7.3%
1517,兔侠之青黎传说,1.1%,61.77,70,0.1%,100%
1518,灰姑娘,0.8%,47.80,6,2.1%,8.6%
1519,三更车库,0.8%,47.42,4,3.1%,7.2%
1520,魔法总动员,0.6%,35.08,3,3.5%,3.4%
1521,爸爸的假期,0.4%,22.55,93,<0.1%,100%
1522,飓风营救3,0.2%,13.75,4,0.6%,10.1%
1523,失孤,0.1%,10.29,4,0.6%,8.4%
1524,一万年以后,<0.1%,5.07,3,0.4%,6.3%
1525,狼图腾,<0.1%,4.61,8,0.1%,16.0%
1526,摩尔庄园3：魔幻列车大冒险,<0.1%,3.18,216,<0.1%,100%
1527,可爱的你,<0.1%,2.71,10,<0.1%,24.2%
1528,天河,<0.1%,2.65,132,<0.1%,100%
1529,封门诡影,<0.1%,2.65,2,0.6%,9.1%
1530,超能陆战队,<0.1%,1.55,122,<0.1%,--
1531,无敌小飞猪,<0.1%,1.36,1,0.7%,1.5%
1532,菜鸟,<0.1%,1.02,1,0.3%,5.9%
1533,战狼,43.4%,3153.17,23,29.0%,23.5%
1534,王牌特工：特工学院,22.2%,1610.38,22,15.6%,22.8%
1535,咱们结婚吧,22.1%,1607.51,16,22.4%,19.0%
1536,暴疯语,2.9%,217.29,7,7.7%,10.2%
1537,冲锋车,2.0%,145.22,6,5.6%,9.3%
1538,白幽灵传奇之绝命逃亡,1.5%,113.90,5,4.5%,9.2%
1539,魔法总动员,1.1%,85.67,6,3.2%,9.6%
1540,灰姑娘,0.9%,71.90,9,1.9%,13.7%
1541,三更车库,0.7%,55.74,5,2.8%,9.1%
1542,兔侠之青黎传说,0.7%,53.57,72,0.1%,100%
1543,特功明星,0.4%,30.74,3,2.9%,3.9%
1544,爸爸的假期,0.2%,20.77,93,<0.1%,100%
1545,飓风营救3,0.2%,18.88,6,0.5%,15.7%
1546,失孤,0.1%,11.95,5,0.5%,12.3%
1547,狼图腾,0.1%,11.24,10,0.1%,19.0%
1548,一万年以后,0.1%,10.49,6,0.3%,16.5%
1549,可爱的你,<0.1%,5.66,16,<0.1%,31.7%
1550,乡村里的中国,<0.1%,4.66,55,<0.1%,69.2%
1551,摩尔庄园3：魔幻列车大冒险,<0.1%,3.35,179,<0.1%,100%
1552,无敌小飞猪,<0.1%,3.26,2,0.5%,5.6%
1553,封门诡影,<0.1%,3.06,2,0.5%,11.9%
1554,天河,<0.1%,3.03,103,<0.1%,100%
1555,寻找声音的耳朵,<0.1%,2.98,249,<0.1%,--
1556,通道转兵,<0.1%,2.55,136,<0.1%,--
1557,速度与激情7,<0.1%,1.34,18,<0.1%,100%
1558,菜鸟,<0.1%,1.20,2,0.2%,7.9%
1559,速度与激情7,30.8%,5245.67,125,6.9%,100%
1560,战狼,29.1%,4965.87,34,26.9%,34.3%
1561,王牌特工：特工学院,16.1%,2749.51,36,14.3%,36.2%
1562,咱们结婚吧,14.0%,2393.24,23,20.0%,28.3%
1563,魔法总动员,3.0%,516.57,17,5.9%,28.5%
1564,暴疯语,1.6%,283.60,10,6.1%,15.2%
1565,灰姑娘,1.1%,190.56,19,2.0%,29.1%
1566,冲锋车,1.1%,189.83,9,4.3%,13.7%
1567,白幽灵传奇之绝命逃亡,0.8%,146.81,8,3.3%,14.8%
1568,特功明星,0.7%,129.94,7,4.2%,10.9%
1569,三更车库,0.3%,64.84,7,2.2%,12.0%
1570,兔侠之青黎传说,0.2%,45.64,69,0.1%,100%
1571,飓风营救3,0.1%,25.19,9,0.4%,21.2%
1572,失孤,0.1%,17.33,8,0.4%,21.6%
1573,无敌小飞猪,<0.1%,13.46,4,0.8%,12.7%
1574,乡村里的中国,<0.1%,9.34,76,<0.1%,68.3%
1575,一万年以后,<0.1%,8.24,6,0.2%,13.8%
1576,狼图腾,<0.1%,7.74,13,<0.1%,29.6%
1577,爸爸的假期,<0.1%,5.53,42,<0.1%,32.2%
1578,封门诡影,<0.1%,4.84,3,0.4%,20.7%
1579,可爱的你,<0.1%,4.10,14,<0.1%,29.5%
1580,菜鸟,<0.1%,1.56,2,0.1%,12.5%
1581,澳门风云2,<0.1%,1.50,8,<0.1%,20.3%
1582,速度与激情7,90.4%,34635.10,104,62.4%,96.9%
1583,战狼,4.6%,1770.53,30,12.6%,47.4%
1584,咱们结婚吧,1.9%,734.72,20,8.0%,36.6%
1585,王牌特工：特工学院,1.5%,599.02,28,4.5%,41.4%
1586,魔法总动员,0.7%,303.64,18,3.9%,32.7%
1587,特功明星,0.1%,64.65,7,2.5%,13.1%
1588,灰姑娘,0.1%,41.48,18,0.5%,34.5%
1589,兔侠之青黎传说,<0.1%,37.86,70,0.1%,100%
1590,暴疯语,<0.1%,24.61,5,1.1%,9.9%
1591,冲锋车,<0.1%,18.78,6,0.8%,10.4%
1592,无敌小飞猪,<0.1%,12.87,5,0.8%,16.9%
1593,三更车库,<0.1%,10.76,4,0.7%,9.9%
1594,白幽灵传奇之绝命逃亡,<0.1%,8.56,5,0.3%,16.2%
1595,封门诡影,<0.1%,3.95,3,0.3%,23.2%
1596,乡村里的中国,<0.1%,3.95,54,<0.1%,63.2%
1597,狼图腾,<0.1%,2.95,11,<0.1%,23.3%
1598,澳门风云2,<0.1%,2.49,67,<0.1%,100%
1599,失孤,<0.1%,2.31,5,0.1%,22.9%
1600,菜鸟,<0.1%,1.92,3,0.2%,16.9%
1601,通道转兵,<0.1%,1.80,57,<0.1%,--
1602,速度与激情7,92.2%,18725.98,60,63.5%,62.6%
1603,战狼,4.5%,922.60,15,14.2%,23.9%
1604,咱们结婚吧,1.4%,303.00,9,8.6%,15.0%
1605,王牌特工：特工学院,1.0%,220.85,10,5.3%,13.9%
1606,兔侠之青黎传说,0.2%,40.69,80,<0.1%,100%
1607,魔法总动员,<0.1%,10.50,3,1.3%,3.6%
1608,暴疯语,<0.1%,9.91,2,1.2%,3.8%
1609,冲锋车,<0.1%,9.01,3,1.0%,3.3%
1610,一万年以后,<0.1%,8.31,19,<0.1%,79.0%
1611,三更车库,<0.1%,8.07,3,0.7%,6.6%
1612,灰姑娘,<0.1%,5.79,6,0.2%,11.5%
1613,狼图腾,<0.1%,4.98,22,<0.1%,49.9%
1614,爸爸的假期,<0.1%,4.64,62,<0.1%,100%
1615,白幽灵传奇之绝命逃亡,<0.1%,3.35,2,0.4%,4.5%
1616,失孤,<0.1%,3.05,8,0.1%,26.1%
1617,特功明星,<0.1%,2.80,1,1.2%,1.2%
1618,我是女王,<0.1%,2.09,83,<0.1%,--
1619,摩尔庄园3：魔幻列车大冒险,<0.1%,1.90,424,<0.1%,--
1620,通道转兵,<0.1%,1.63,77,<0.1%,--
1621,陌路惊笑,<0.1%,1.26,360,<0.1%,98.9%
1622,封门诡影,<0.1%,1.24,2,0.2%,8.1%
1623,菜鸟,<0.1%,1.10,2,0.3%,11.5%
1624,洛克王国3圣龙的守护,<0.1%,1.08,181,<0.1%,100%
1625,速度与激情7,92.1%,16741.88,53,65.8%,56.6%
1626,战狼,4.6%,852.56,15,13.9%,26.0%
1627,咱们结婚吧,1.5%,273.60,9,8.1%,17.1%
1628,王牌特工：特工学院,1.1%,207.33,11,4.9%,15.8%
1629,兔侠之青黎传说,0.2%,39.36,78,<0.1%,100%
1630,魔法总动员,<0.1%,11.12,3,1.1%,4.7%
1631,暴疯语,<0.1%,9.80,3,1.1%,4.9%
1632,冲锋车,<0.1%,8.56,3,0.9%,4.2%
1633,三更车库,<0.1%,6.89,3,0.7%,7.3%
1634,我是女王,<0.1%,5.43,90,<0.1%,100%
1635,失孤,<0.1%,3.09,7,0.1%,25.8%
1636,白幽灵传奇之绝命逃亡,<0.1%,2.88,2,0.3%,6.2%
1637,狼图腾,<0.1%,2.83,10,<0.1%,20.0%
1638,特功明星,<0.1%,2.23,1,0.9%,1.5%
1639,菜鸟,<0.1%,1.69,1,0.4%,8.6%
1640,通道转兵,<0.1%,1.27,64,<0.1%,--
1641,封门诡影,<0.1%,1.12,2,0.2%,9.5%
1642,速度与激情7,89.3%,13840.94,44,64.2%,47.1%
1643,战狼,4.8%,749.82,14,12.9%,24.7%
1644,我是女王,1.7%,264.89,10,7.1%,15.8%
1645,咱们结婚吧,1.1%,184.46,8,6.0%,15.6%
1646,万物生长,1.1%,179.50,118,0.2%,100%
1647,王牌特工：特工学院,1.1%,174.25,12,3.9%,17.4%
1648,兔侠之青黎传说,0.1%,26.72,80,<0.1%,100%
1649,西藏天空,<0.1%,10.00,479,<0.1%,--
1650,魔法总动员,<0.1%,6.98,3,0.8%,4.3%
1651,三更车库,<0.1%,6.81,4,0.5%,11.3%
1652,暴疯语,<0.1%,6.56,3,0.7%,5.7%
1653,狼图腾,<0.1%,5.46,28,<0.1%,56.0%
1654,冲锋车,<0.1%,4.92,3,0.5%,5.6%
1655,特功明星,<0.1%,3.77,2,0.7%,5.7%
1656,白幽灵传奇之绝命逃亡,<0.1%,2.48,2,0.2%,7.0%
1657,可爱的你,<0.1%,2.42,32,<0.1%,100%
1658,失孤,<0.1%,2.29,6,0.1%,20.3%
1659,洛克王国3圣龙的守护,<0.1%,1.88,377,<0.1%,100%
1660,封门诡影,<0.1%,1.62,3,0.2%,14.0%
1661,无敌小飞猪,<0.1%,1.50,2,0.3%,8.4%
1662,通道转兵,<0.1%,1.29,65,<0.1%,--
1663,菜鸟,<0.1%,1.26,1,0.4%,9.0%
1664,速度与激情7,87.6%,11568.15,37,61.5%,39.5%
1665,战狼,5.5%,730.39,14,12.1%,25.3%
1666,我是女王,3.3%,438.19,10,10.8%,18.4%
1667,王牌特工：特工学院,1.1%,156.97,13,3.0%,20.0%
1668,咱们结婚吧,1.1%,151.07,8,4.4%,16.8%
1669,枪过境,0.5%,66.29,5,4.2%,7.4%
1670,兔侠之青黎传说,0.2%,29.43,97,<0.1%,100%
1671,万物生长,0.1%,21.29,19,0.2%,100%
1672,魔法总动员,<0.1%,10.22,6,0.5%,10.2%
1673,三更车库,<0.1%,4.10,4,0.3%,11.4%
1674,狼图腾,<0.1%,4.03,26,<0.1%,54.8%
1675,暴疯语,<0.1%,3.18,3,0.3%,5.4%
1676,冲锋车,<0.1%,3.04,3,0.2%,6.8%
1677,贵族大盗,<0.1%,2.45,9,<0.1%,100%
1678,失孤,<0.1%,2.11,8,<0.1%,30.6%
1679,白幽灵传奇之绝命逃亡,<0.1%,1.63,2,0.1%,6.6%
1680,特功明星,<0.1%,1.56,2,0.4%,4.5%
1681,通道转兵,<0.1%,1.32,64,<0.1%,--
1682,洛克王国3圣龙的守护,<0.1%,1.00,334,<0.1%,--
1683,速度与激情7,80.9%,14488.52,52,53.2%,52.9%
1684,万物生长,12.0%,2149.30,24,19.6%,34.8%
1685,战狼,2.5%,458.15,17,6.0%,33.9%
1686,贵族大盗,2.0%,360.78,11,8.4%,18.3%
1687,我是女王,0.8%,145.49,7,4.6%,15.6%
1688,枪过境,0.3%,62.41,17,1.1%,25.8%
1689,王牌特工：特工学院,0.3%,60.20,20,0.6%,38.1%
1690,兔侠之青黎传说,0.2%,48.58,93,<0.1%,100%
1691,咱们结婚吧,0.2%,37.41,8,1.0%,26.2%
1692,十万伙急,0.1%,21.70,3,1.8%,6.2%
1693,魔法总动员,0.1%,18.79,9,0.5%,21.6%
1694,陌路惊笑,<0.1%,17.55,4,1.2%,10.4%
1695,点对点,<0.1%,3.54,8,<0.1%,11.3%
1696,狼图腾,<0.1%,3.02,19,<0.1%,30.9%
1697,特功明星,<0.1%,2.45,2,0.3%,10.3%
1698,天河,<0.1%,2.26,91,<0.1%,100%
1699,通道转兵,<0.1%,2.17,107,<0.1%,--
1700,失孤,<0.1%,1.68,19,<0.1%,100%
1701,无敌小飞猪,<0.1%,1.24,3,0.1%,11.5%
1702,爸爸的假期,<0.1%,1.04,116,<0.1%,82.5%
1703,心曲,<0.1%,1.01,254,<0.1%,80.2%
1704,速度与激情7,83.2%,22847.10,76,54.8%,77.8%
1705,万物生长,9.3%,2572.41,29,19.1%,41.9%
1706,战狼,2.9%,815.87,28,6.3%,57.0%
1707,贵族大盗,1.8%,511.82,17,6.8%,32.4%
1708,魔法总动员,0.7%,208.28,18,2.6%,37.3%
1709,我是女王,0.6%,171.14,10,3.7%,23.8%
1710,王牌特工：特工学院,0.4%,113.02,39,0.5%,71.2%
1711,咱们结婚吧,0.2%,60.51,15,0.8%,53.1%
1712,兔侠之青黎传说,0.1%,28.79,83,<0.1%,100%
1713,十万伙急,<0.1%,26.77,5,1.4%,11.5%
1714,特功明星,<0.1%,25.18,6,1.0%,23.9%
1715,陌路惊笑,<0.1%,21.76,6,1.0%,14.8%
1716,无敌小飞猪,<0.1%,8.87,6,0.4%,29.1%
1717,狼图腾,<0.1%,4.22,27,<0.1%,64.8%
1718,枪过境,<0.1%,3.82,7,0.1%,19.1%
1719,通道转兵,<0.1%,1.65,67,<0.1%,--
1720,暴疯语,<0.1%,1.56,5,<0.1%,31.3%
1721,失孤,<0.1%,1.45,23,<0.1%,100%
1722,点对点,<0.1%,1.45,5,<0.1%,5.8%
1723,三更车库,<0.1%,1.30,5,<0.1%,17.9%
1724,冲锋车,<0.1%,1.29,6,<0.1%,29.9%
1725,速度与激情7,80.7%,18716.41,62,54.8%,63.8%
1726,万物生长,10.1%,2355.25,27,18.7%,40.2%
1727,战狼,4.0%,939.38,29,7.1%,56.4%
1728,贵族大盗,1.8%,439.82,16,6.4%,29.4%
1729,魔法总动员,1.1%,258.42,21,2.8%,43.8%
1730,我是女王,0.6%,155.29,10,3.6%,23.4%
1731,王牌特工：特工学院,0.5%,124.42,38,0.6%,63.7%
1732,咱们结婚吧,0.2%,54.73,13,0.9%,46.1%
1733,兔侠之青黎传说,0.1%,27.02,81,<0.1%,100%
1734,特功明星,0.1%,24.14,6,1.0%,25.2%
1735,十万伙急,<0.1%,19.86,4,1.3%,9.2%
1736,陌路惊笑,<0.1%,16.17,5,0.9%,11.8%
1737,无敌小飞猪,<0.1%,9.42,6,0.4%,34.0%
1738,狼图腾,<0.1%,4.83,33,<0.1%,82.4%
1739,通道转兵,<0.1%,2.74,102,<0.1%,--
1740,可爱的你,<0.1%,2.41,46,<0.1%,100%
1741,乡村里的中国,<0.1%,1.49,40,<0.1%,44.1%
1742,暴疯语,<0.1%,1.48,5,<0.1%,22.0%
1743,冲锋车,<0.1%,1.39,6,<0.1%,44.3%
1744,枪过境,<0.1%,1.27,3,0.1%,17.3%
1745,点对点,<0.1%,1.06,4,<0.1%,4.5%
1746,三更车库,<0.1%,1.06,4,<0.1%,14.1%
1747,速度与激情7,75.9%,7048.49,27,52.8%,26.8%
1748,万物生长,13.2%,1230.61,15,19.8%,21.1%
1749,战狼,5.8%,538.10,15,8.6%,27.1%
1750,贵族大盗,2.2%,208.61,7,7.6%,12.1%
1751,我是女王,0.9%,88.61,5,4.2%,11.8%
1752,王牌特工：特工学院,0.6%,62.43,17,0.8%,26.2%
1753,咱们结婚吧,0.3%,29.51,7,1.0%,20.5%
1754,兔侠之青黎传说,0.1%,17.30,93,<0.1%,100%
1755,陌路惊笑,0.1%,14.08,4,1.1%,9.1%
1756,魔法总动员,0.1%,13.65,6,0.6%,11.1%
1757,十万伙急,<0.1%,7.54,2,1.5%,4.0%
1758,狼图腾,<0.1%,4.78,31,<0.1%,78.2%
1759,三更车库,<0.1%,2.29,6,<0.1%,20.2%
1760,可爱的你,<0.1%,1.24,42,<0.1%,90.2%
1761,通道转兵,<0.1%,1.23,54,<0.1%,--
1762,速度与激情7,74.6%,6431.81,25,51.8%,25.5%
1763,万物生长,13.4%,1162.72,14,19.8%,20.9%
1764,战狼,6.6%,570.16,14,9.5%,25.8%
1765,贵族大盗,2.4%,212.35,7,7.6%,12.8%
1766,我是女王,1.0%,87.77,5,4.3%,12.0%
1767,王牌特工：特工学院,0.7%,67.13,16,0.9%,25.1%
1768,咱们结婚吧,0.3%,31.22,7,1.1%,19.3%
1769,陌路惊笑,0.1%,13.18,4,1.1%,9.0%
1770,兔侠之青黎传说,0.1%,11.03,94,<0.1%,--
1771,魔法总动员,0.1%,10.57,5,0.5%,9.9%
1772,十万伙急,<0.1%,8.37,2,1.5%,4.6%
1773,狼图腾,<0.1%,2.01,9,<0.1%,23.3%
1774,三更车库,<0.1%,1.36,4,<0.1%,11.1%
1775,可爱的你,<0.1%,1.36,91,<0.1%,98.6%
1776,通道转兵,<0.1%,1.26,56,<0.1%,--
1777,冲锋车,<0.1%,1.13,4,<0.1%,12.2%
1778,速度与激情7,72.0%,5304.51,21,50.8%,21.2%
1779,万物生长,14.1%,1042.77,13,19.9%,18.3%
1780,战狼,7.5%,557.26,13,10.2%,22.0%
1781,贵族大盗,2.6%,194.44,7,7.4%,11.7%
1782,我是女王,1.1%,82.29,5,4.3%,11.1%
1783,王牌特工：特工学院,0.9%,69.22,14,1.1%,21.1%
1784,咱们结婚吧,0.4%,30.95,6,1.2%,17.8%
1785,兔侠之青黎传说,0.3%,24.54,110,<0.1%,100%
1786,赤道,0.2%,18.35,126,<0.1%,--
1787,陌路惊笑,0.1%,12.69,4,1.1%,8.1%
1788,十万伙急,<0.1%,6.71,2,1.4%,4.0%
1789,魔法总动员,<0.1%,4.64,3,0.5%,4.9%
1790,天将雄师,<0.1%,2.41,90,<0.1%,100%
1791,狼图腾,<0.1%,1.41,6,<0.1%,13.9%
1792,可爱的你,<0.1%,1.37,230,<0.1%,99.5%
1793,三更车库,<0.1%,1.32,4,0.1%,9.8%
1794,左耳,<0.1%,1.28,161,<0.1%,--
1795,通道转兵,<0.1%,1.23,55,<0.1%,--
1796,冲锋车,<0.1%,1.14,4,<0.1%,11.8%
1797,一万年以后,<0.1%,1.10,6,<0.1%,52.6%
1798,速度与激情7,67.5%,4522.91,18,49.8%,18.3%
1799,万物生长,17.0%,1143.17,13,19.9%,19.6%
1800,战狼,7.8%,526.34,12,10.6%,20.0%
1801,贵族大盗,2.6%,178.56,6,7.4%,10.8%
1802,我是女王,1.1%,76.59,5,4.2%,10.3%
1803,左耳,1.1%,74.16,39,0.4%,100%
1804,王牌特工：特工学院,1.0%,72.30,14,1.1%,20.6%
1805,咱们结婚吧,0.4%,31.19,6,1.2%,16.8%
1806,兔侠之青黎传说,0.2%,16.20,106,<0.1%,100%
1807,陌路惊笑,0.1%,11.79,3,1.1%,7.5%
1808,破坏者,0.1%,8.08,15,0.1%,100%
1809,十万伙急,<0.1%,5.45,2,1.4%,3.5%
1810,魔法总动员,<0.1%,4.94,3,0.5%,5.5%
1811,狼图腾,<0.1%,2.78,14,<0.1%,41.5%
1812,疯狂外星人,<0.1%,1.81,7,<0.1%,48.2%
1813,一万年以后,<0.1%,1.62,10,<0.1%,86.2%
1814,通道转兵,<0.1%,1.44,61,<0.1%,--
1815,三更车库,<0.1%,1.39,3,0.1%,9.1%
1816,天河,<0.1%,1.27,49,<0.1%,94.3%
1817,可爱的你,<0.1%,1.18,108,<0.1%,93.0%
1818,速度与激情7,42.8%,5965.20,33,33.8%,32.5%
1819,左耳,39.6%,5524.03,47,25.8%,58.9%
1820,疯狂外星人,6.0%,838.99,15,12.2%,17.2%
1821,万物生长,4.6%,647.62,17,8.2%,29.2%
1822,破坏者,4.1%,576.70,12,11.6%,20.2%
1823,战狼,1.7%,243.87,14,3.8%,27.9%
1824,王牌特工：特工学院,0.2%,31.38,23,0.2%,37.8%
1825,贵族大盗,0.1%,26.79,7,0.8%,16.8%
1826,赤道,0.1%,17.22,152,<0.1%,97.6%
1827,兔侠之青黎传说,<0.1%,10.30,86,<0.1%,--
1828,咱们结婚吧,<0.1%,6.91,6,0.2%,21.9%
1829,我是女王,<0.1%,5.18,3,0.4%,11.0%
1830,陌路惊笑,<0.1%,4.62,3,0.4%,10.6%
1831,天河,<0.1%,3.51,84,<0.1%,100%
1832,十万伙急,<0.1%,3.25,2,0.7%,9.9%
1833,狼图腾,<0.1%,3.06,17,<0.1%,49.9%
1834,冲锋车,<0.1%,3.01,20,<0.1%,43.2%
1835,魔法总动员,<0.1%,2.39,9,<0.1%,25.4%
1836,一万年以后,<0.1%,1.99,16,<0.1%,100%
1837,白幽灵传奇之绝命逃亡,<0.1%,1.67,12,<0.1%,100%
1838,通道转兵,<0.1%,1.35,68,<0.1%,--
1839,黄克功案件,<0.1%,1.12,112,<0.1%,99.1%
1840,速度与激情7,43.6%,9275.98,52,31.7%,51.5%
1841,左耳,37.5%,7979.14,54,30.3%,66.8%
1842,疯狂外星人,10.5%,2234.63,29,15.1%,39.8%
1843,万物生长,3.2%,684.47,20,7.0%,36.0%
1844,破坏者,2.7%,581.48,16,8.6%,29.8%
1845,战狼,1.5%,335.42,21,3.2%,44.7%
1846,王牌特工：特工学院,0.2%,57.72,39,0.2%,65.9%
1847,贵族大盗,0.1%,36.45,13,0.5%,35.8%
1848,兔侠之青黎传说,<0.1%,13.58,116,<0.1%,--
1849,咱们结婚吧,<0.1%,8.69,9,0.1%,44.8%
1850,魔法总动员,<0.1%,7.77,8,0.2%,31.6%
1851,陌路惊笑,<0.1%,6.35,4,0.4%,13.9%
1852,十万伙急,<0.1%,5.57,3,0.6%,19.8%
1853,我是女王,<0.1%,4.90,4,0.2%,20.0%
1854,狼图腾,<0.1%,3.11,16,<0.1%,31.4%
1855,通道转兵,<0.1%,2.70,121,<0.1%,--
1856,乡村里的中国,<0.1%,2.25,70,<0.1%,56.9%
1857,无敌小飞猪,<0.1%,2.19,3,0.2%,23.6%
1858,少年毛泽东,<0.1%,2.16,146,<0.1%,100%
1859,特功明星,<0.1%,2.04,2,0.2%,13.6%
1860,天河,<0.1%,1.14,66,<0.1%,100%
1861,一万年以后,<0.1%,1.02,13,<0.1%,100%
1862,速度与激情7,39.1%,7001.10,42,29.8%,42.4%
1863,左耳,34.8%,6226.64,42,30.3%,51.4%
1864,疯狂外星人,10.9%,1964.49,28,14.1%,38.2%
1865,何以笙箫默,7.4%,1325.59,55,5.2%,74.8%
1866,万物生长,2.7%,489.79,16,6.2%,30.2%
1867,破坏者,2.2%,405.82,13,7.2%,24.2%
1868,战狼,1.7%,311.57,20,3.3%,40.3%
1869,王牌特工：特工学院,0.3%,55.80,37,0.2%,59.3%
1870,贵族大盗,0.1%,28.28,11,0.5%,31.3%
1871,兔侠之青黎传说,<0.1%,14.20,114,<0.1%,100%
1872,咱们结婚吧,<0.1%,8.83,8,0.2%,38.9%
1873,魔法总动员,<0.1%,7.87,9,0.2%,33.1%
1874,陌路惊笑,<0.1%,4.96,4,0.4%,11.4%
1875,我是女王,<0.1%,4.62,4,0.2%,19.3%
1876,十万伙急,<0.1%,3.95,2,0.6%,14.8%
1877,通道转兵,<0.1%,3.17,123,<0.1%,--
1878,天将雄师,<0.1%,2.40,88,<0.1%,100%
1879,无敌小飞猪,<0.1%,2.16,3,0.2%,24.2%
1880,乡村里的中国,<0.1%,2.14,78,<0.1%,59.1%
1881,特功明星,<0.1%,1.91,2,0.2%,14.0%
1882,狼图腾,<0.1%,1.67,10,<0.1%,26.5%
1883,左耳,45.3%,3152.64,22,32.2%,25.8%
1884,速度与激情7,38.1%,2655.62,17,31.9%,16.9%
1885,疯狂外星人,4.7%,332.91,7,10.3%,8.9%
1886,万物生长,4.1%,286.86,9,7.8%,15.7%
1887,破坏者,3.6%,252.99,7,9.1%,13.3%
1888,战狼,2.8%,199.07,10,4.5%,20.5%
1889,王牌特工：特工学院,0.2%,18.21,17,0.2%,26.0%
1890,贵族大盗,0.2%,15.45,5,0.7%,12.4%
1891,兔侠之青黎传说,0.1%,11.58,115,<0.1%,100%
1892,咱们结婚吧,<0.1%,4.66,4,0.2%,13.9%
1893,我是女王,<0.1%,4.52,3,0.4%,11.5%
1894,陌路惊笑,<0.1%,3.88,3,0.5%,7.7%
1895,闯入者,<0.1%,3.49,104,<0.1%,--
1896,十万伙急,<0.1%,2.71,1,0.8%,7.9%
1897,摩尔庄园3：魔幻列车大冒险,<0.1%,1.52,170,<0.1%,100%
1898,狼图腾,<0.1%,1.44,8,<0.1%,24.4%
1899,通道转兵,<0.1%,1.26,63,<0.1%,--
1900,左耳,42.3%,2821.13,20,32.7%,23.2%
1901,速度与激情7,39.3%,2618.45,17,31.7%,17.2%
1902,疯狂外星人,5.7%,383.03,9,9.8%,10.9%
1903,万物生长,4.4%,293.55,9,7.9%,16.3%
1904,破坏者,3.6%,241.62,7,8.9%,13.6%
1905,战狼,3.1%,207.59,10,4.9%,19.6%
1906,爸爸的假期,0.3%,21.45,165,<0.1%,--
1907,贵族大盗,0.2%,19.38,6,0.7%,14.5%
1908,兔侠之青黎传说,0.1%,11.11,113,<0.1%,100%
1909,西藏天空,0.1%,8.10,41,<0.1%,100%
1910,咱们结婚吧,<0.1%,6.53,5,0.3%,15.9%
1911,陌路惊笑,<0.1%,4.38,3,0.5%,8.2%
1912,我是女王,<0.1%,4.18,3,0.4%,9.3%
1913,摩尔庄园3：魔幻列车大冒险,<0.1%,3.39,144,<0.1%,100%
1914,十万伙急,<0.1%,2.89,1,0.8%,8.9%
1915,狼图腾,<0.1%,1.90,10,<0.1%,20.6%
1916,通道转兵,<0.1%,1.29,63,<0.1%,--
1917,何以笙箫默,<0.1%,1.10,35,<0.1%,73.9%
1918,暴疯语,<0.1%,1.01,5,<0.1%,34.1%
1919,左耳,39.7%,2502.85,18,32.1%,20.2%
1920,速度与激情7,38.2%,2404.06,16,30.8%,16.1%
1921,疯狂外星人,5.5%,347.60,9,9.1%,10.7%
1922,万物生长,4.1%,262.89,8,7.3%,15.3%
1923,战狼,3.3%,207.61,10,4.9%,19.9%
1924,破坏者,3.1%,199.14,7,7.9%,12.1%
1925,爱我就陪我看电影,2.4%,153.23,11,3.4%,19.3%
1926,赤道,1.0%,63.67,28,0.4%,100%
1927,爸爸的假期,0.8%,53.69,130,<0.1%,100%
1928,何以笙箫默,0.6%,39.50,27,0.3%,100%
1929,贵族大盗,0.2%,16.36,6,0.6%,13.6%
1930,兔侠之青黎传说,0.1%,9.17,101,<0.1%,100%
1931,咱们结婚吧,<0.1%,5.14,4,0.2%,12.9%
1932,陌路惊笑,<0.1%,3.48,3,0.4%,7.7%
1933,我是女王,<0.1%,3.36,3,0.3%,8.2%
1934,狼图腾,<0.1%,2.55,17,<0.1%,40.7%
1935,摩尔庄园3：魔幻列车大冒险,<0.1%,1.64,138,<0.1%,100%
1936,十万伙急,<0.1%,1.61,1,0.6%,6.7%
1937,魔法总动员,<0.1%,1.28,9,<0.1%,98.3%
1938,通道转兵,<0.1%,1.27,64,<0.1%,--
1939,天将雄师,<0.1%,1.07,179,<0.1%,--
1940,冲锋车,<0.1%,1.03,9,<0.1%,30.7%
1941,何以笙箫默,34.9%,5006.07,35,30.8%,37.3%
1942,速度与激情7,21.8%,3129.71,38,14.6%,43.5%
1943,赤道,21.6%,3102.98,27,20.7%,29.0%
1944,左耳,15.0%,2153.99,30,15.0%,44.0%
1945,疯狂外星人,3.0%,443.04,20,4.4%,30.0%
1946,爱我就陪我看电影,1.1%,162.49,7,5.3%,14.6%
1947,念念,0.5%,79.88,6,3.3%,10.0%
1948,战狼,0.3%,57.27,13,0.9%,30.2%
1949,闯入者,0.3%,45.06,6,1.6%,9.3%
1950,爸爸的假期,0.3%,43.27,106,<0.1%,100%
1951,万物生长,0.2%,34.25,11,0.6%,33.0%
1952,破坏者,0.1%,18.19,8,0.5%,21.1%
1953,兔侠之青黎传说,<0.1%,10.19,130,<0.1%,100%
1954,少年毛泽东,<0.1%,5.07,3,0.7%,6.1%
1955,咱们结婚吧,<0.1%,4.25,10,<0.1%,100%
1956,魔法总动员,<0.1%,3.19,24,<0.1%,85.7%
1957,贵族大盗,<0.1%,2.94,8,<0.1%,44.1%
1958,麦兜我和我妈妈,<0.1%,2.73,517,<0.1%,100%
1959,冲锋车,<0.1%,2.61,41,<0.1%,69.1%
1960,通道转兵,<0.1%,1.64,77,<0.1%,--
1961,陌路惊笑,<0.1%,1.50,4,0.1%,16.9%
1962,十万伙急,<0.1%,1.46,2,0.2%,15.7%
1963,狼图腾,<0.1%,1.09,9,<0.1%,15.5%
1964,何以笙箫默,30.8%,8158.88,53,30.7%,56.7%
1965,速度与激情7,26.5%,7033.92,75,15.5%,83.9%
1966,赤道,15.9%,4213.46,39,17.7%,43.0%
1967,左耳,15.2%,4042.51,49,15.5%,76.0%
1968,疯狂外星人,8.8%,2338.33,48,9.1%,70.2%
1969,爱我就陪我看电影,0.7%,209.77,12,3.7%,26.2%
1970,战狼,0.5%,151.26,30,0.9%,59.3%
1971,念念,0.3%,99.92,10,2.0%,19.0%
1972,闯入者,0.3%,92.54,18,0.9%,30.4%
1973,万物生长,0.1%,51.79,19,0.5%,54.1%
1974,破坏者,0.1%,30.01,15,0.4%,33.7%
1975,少年毛泽东,<0.1%,14.12,4,1.0%,9.9%
1976,兔侠之青黎传说,<0.1%,10.33,96,<0.1%,100%
1977,女神跟我走,<0.1%,7.81,4,0.5%,6.4%
1978,魔法总动员,<0.1%,7.55,12,0.1%,95.1%
1979,贵族大盗,<0.1%,3.88,15,<0.1%,58.3%
1980,通道转兵,<0.1%,2.91,141,<0.1%,--
1981,狼图腾,<0.1%,2.85,27,<0.1%,86.4%
1982,陌路惊笑,<0.1%,2.76,6,0.1%,31.7%
1983,十万伙急,<0.1%,2.58,4,0.1%,31.7%
1984,无敌小飞猪,<0.1%,1.75,4,0.1%,36.5%
1985,咱们结婚吧,<0.1%,1.51,8,<0.1%,78.3%
1986,特功明星,<0.1%,1.47,4,0.1%,50.4%
1987,速度与激情7,29.8%,6710.80,63,17.6%,66.8%
1988,何以笙箫默,25.2%,5664.54,37,30.2%,41.2%
1989,左耳,15.8%,3561.96,40,17.0%,59.8%
1990,赤道,14.7%,3311.91,36,15.0%,44.7%
1991,疯狂外星人,11.0%,2478.09,46,9.9%,65.5%
1992,战狼,0.7%,177.14,28,1.2%,51.7%
1993,念念,0.7%,174.20,17,1.5%,32.7%
1994,闯入者,0.5%,125.93,19,1.1%,35.2%
1995,爱我就陪我看电影,0.4%,110.20,8,2.8%,19.5%
1996,万物生长,0.2%,50.53,17,0.5%,50.7%
1997,破坏者,0.1%,25.38,11,0.4%,26.5%
1998,兔侠之青黎传说,<0.1%,10.25,107,<0.1%,100%
1999,少年毛泽东,<0.1%,9.63,4,0.7%,10.1%
2000,魔法总动员,<0.1%,8.31,12,0.1%,71.8%
2001,贵族大盗,<0.1%,3.90,15,<0.1%,50.6%
2002,女神跟我走,<0.1%,3.69,3,0.3%,4.7%
2003,陌路惊笑,<0.1%,2.87,6,0.1%,28.7%
2004,通道转兵,<0.1%,2.57,124,<0.1%,--
2005,狼图腾,<0.1%,2.34,22,<0.1%,92.6%
2006,十万伙急,<0.1%,2.17,3,0.1%,26.9%
2007,无敌小飞猪,<0.1%,1.97,4,0.1%,33.9%
2008,特功明星,<0.1%,1.72,4,0.1%,53.9%
2009,咱们结婚吧,<0.1%,1.23,9,<0.1%,59.3%
2010,小战象2,<0.1%,1.00,168,<0.1%,--
2011,速度与激情7,27.3%,3974.99,37,18.3%,37.2%
2012,何以笙箫默,23.9%,3490.18,24,29.2%,27.1%
2013,赤道,15.6%,2273.24,26,14.6%,33.1%
2014,左耳,15.2%,2216.77,25,17.1%,36.8%
2015,疯狂外星人,13.6%,1992.21,36,10.3%,50.7%
2016,念念,1.1%,166.64,18,1.4%,31.5%
2017,战狼,0.9%,131.06,21,1.2%,37.3%
2018,闯入者,0.7%,112.06,12,1.6%,21.7%
2019,爱我就陪我看电影,0.5%,76.98,6,2.6%,15.3%
2020,万物生长,0.2%,35.94,12,0.5%,34.7%
2021,十二公民,0.1%,19.89,60,<0.1%,97.6%
2022,破坏者,0.1%,19.53,8,0.5%,17.3%
2023,兔侠之青黎传说,<0.1%,10.92,107,<0.1%,100%
2024,少年毛泽东,<0.1%,7.15,3,0.6%,9.8%
2025,魔法总动员,<0.1%,5.57,10,0.1%,51.7%
2026,女神跟我走,<0.1%,3.61,3,0.3%,6.8%
2027,贵族大盗,<0.1%,3.05,11,<0.1%,29.9%
2028,通道转兵,<0.1%,2.96,120,<0.1%,--
2029,陌路惊笑,<0.1%,1.78,4,0.1%,19.8%
2030,狼图腾,<0.1%,1.75,19,<0.1%,59.8%
2031,特功明星,<0.1%,1.40,3,0.1%,40.7%
2032,建党伟业,<0.1%,1.40,117,<0.1%,--
2033,十万伙急,<0.1%,1.33,2,0.1%,15.3%
2034,无敌小飞猪,<0.1%,1.21,4,<0.1%,25.2%
2035,何以笙箫默,26.8%,1627.33,13,28.4%,14.2%
2036,速度与激情7,25.1%,1521.82,16,18.6%,15.2%
2037,赤道,20.7%,1254.18,15,16.6%,17.8%
2038,左耳,17.1%,1040.15,13,17.8%,17.0%
2039,疯狂外星人,3.2%,195.14,7,5.7%,9.5%
2040,念念,2.5%,153.53,12,2.0%,19.9%
2041,闯入者,1.2%,78.07,7,2.5%,11.6%
2042,战狼,1.2%,73.44,12,1.3%,19.3%
2043,爱我就陪我看电影,0.8%,49.27,4,3.2%,8.6%
2044,万物生长,0.3%,21.38,6,0.7%,15.6%
2045,破坏者,0.2%,12.91,4,0.7%,8.9%
2046,兔侠之青黎传说,0.1%,9.16,115,<0.1%,100%
2047,女神跟我走,<0.1%,3.57,3,0.4%,6.3%
2048,贵族大盗,<0.1%,1.98,5,<0.1%,10.5%
2049,少年毛泽东,<0.1%,1.74,2,0.3%,6.1%
2050,狼图腾,<0.1%,1.59,20,<0.1%,80.4%
2051,医缘,<0.1%,1.36,228,<0.1%,96.3%
2052,通道转兵,<0.1%,1.27,48,<0.1%,--
2053,陌路惊笑,<0.1%,1.18,3,0.1%,10.0%
2054,何以笙箫默,25.8%,1372.78,12,27.8%,13.3%
2055,速度与激情7,25.5%,1357.29,14,18.9%,14.5%
2056,赤道,20.5%,1090.87,13,16.7%,16.2%
2057,左耳,17.5%,930.33,12,17.9%,16.5%
2058,疯狂外星人,3.2%,171.92,7,5.4%,9.2%
2059,念念,2.8%,152.04,12,2.1%,20.3%
2060,闯入者,1.6%,86.33,7,3.0%,10.0%
2061,战狼,1.0%,57.88,11,1.3%,16.4%
2062,爱我就陪我看电影,0.6%,32.11,3,3.2%,6.5%
2063,万物生长,0.4%,22.09,6,0.8%,15.7%
2064,破坏者,0.2%,15.58,5,0.8%,9.3%
2065,兔侠之青黎传说,0.1%,7.73,87,<0.1%,100%
2066,贵族大盗,<0.1%,2.50,6,0.1%,13.6%
2067,女神跟我走,<0.1%,2.44,2,0.5%,4.3%
2068,霸王别姬(京剧),<0.1%,1.93,211,<0.1%,59.6%
2069,少年毛泽东,<0.1%,1.57,3,0.3%,7.7%
2070,通道转兵,<0.1%,1.37,62,<0.1%,--
2071,陌路惊笑,<0.1%,1.30,3,0.1%,9.8%
2072,超能查派,<0.1%,1.30,66,<0.1%,--
2073,医缘,<0.1%,1.21,91,<0.1%,89.5%
2074,狼图腾,<0.1%,1.06,11,<0.1%,17.9%
2075,速度与激情7,25.4%,1170.37,12,19.0%,12.4%
2076,何以笙箫默,24.3%,1117.14,10,27.3%,10.9%
2077,赤道,21.0%,968.95,12,16.8%,14.3%
2078,左耳,17.5%,805.22,10,17.9%,14.3%
2079,疯狂外星人,3.2%,151.45,7,5.2%,8.4%
2080,念念,3.1%,144.12,11,2.1%,18.4%
2081,闯入者,1.9%,87.63,6,3.1%,9.7%
2082,战狼,1.2%,59.21,9,1.4%,14.5%
2083,爱我就陪我看电影,0.6%,28.44,3,3.1%,5.9%
2084,万物生长,0.4%,19.89,5,0.8%,13.2%
2085,破坏者,0.3%,15.73,4,0.9%,8.6%
2086,兔侠之青黎传说,0.2%,9.37,104,<0.1%,100%
2087,我是女王,<0.1%,3.04,29,<0.1%,100%
2088,超能陆战队,<0.1%,2.30,64,<0.1%,--
2089,女神跟我走,<0.1%,2.20,2,0.4%,4.2%
2090,贵族大盗,<0.1%,1.90,5,<0.1%,10.3%
2091,藏羚王,<0.1%,1.72,345,<0.1%,--
2092,陌路惊笑,<0.1%,1.32,2,0.1%,8.9%
2093,通道转兵,<0.1%,1.26,63,<0.1%,--
2094,医缘,<0.1%,1.04,89,<0.1%,100%
2095,摩尔庄园3：魔幻列车大冒险,<0.1%,1.03,182,<0.1%,100%
2096,速度与激情7,25.9%,1059.38,11,19.1%,11.1%
2097,何以笙箫默,23.8%,971.75,9,26.8%,9.6%
2098,赤道,20.5%,840.96,10,16.9%,12.5%
2099,左耳,17.4%,712.57,9,17.8%,12.7%
2100,疯狂外星人,3.3%,138.44,6,5.1%,7.8%
2101,念念,3.1%,129.56,10,2.1%,17.8%
2102,闯入者,1.8%,74.57,5,3.2%,8.2%
2103,战狼,1.4%,58.87,9,1.6%,13.3%
2104,爱我就陪我看电影,0.6%,25.75,3,3.0%,5.6%
2105,万物生长,0.4%,19.88,5,0.9%,12.7%
2106,破坏者,0.3%,14.68,4,0.9%,8.1%
2107,超能查派,0.3%,14.23,14,0.2%,11.8%
2108,兔侠之青黎传说,0.1%,4.26,58,<0.1%,--
2109,女神跟我走,<0.1%,3.04,3,0.4%,7.1%
2110,少年毛泽东,<0.1%,2.12,3,0.2%,10.9%
2111,母亲的梦想,<0.1%,1.62,270,<0.1%,--
2112,贵族大盗,<0.1%,1.60,4,<0.1%,7.6%
2113,医缘,<0.1%,1.36,110,<0.1%,61.1%
2114,陌路惊笑,<0.1%,1.32,2,0.1%,9.0%
2115,通道转兵,<0.1%,1.24,53,<0.1%,--
2116,超能查派,28.0%,1653.93,15,25.7%,15.3%
2117,速度与激情7,22.2%,1316.78,17,15.2%,17.6%
2118,何以笙箫默,17.3%,1026.44,12,19.2%,15.2%
2119,赤道,11.9%,706.06,12,11.5%,16.0%
2120,左耳,11.6%,686.74,12,12.3%,19.0%
2121,疯狂外星人,3.4%,206.72,11,4.2%,15.6%
2122,念念,1.9%,115.20,20,0.8%,39.0%
2123,闯入者,0.8%,51.24,7,1.7%,10.2%
2124,战狼,0.7%,46.39,11,0.9%,16.4%
2125,悬战,0.6%,40.30,3,4.9%,4.3%
2126,万物生长,0.1%,10.43,6,0.3%,18.5%
2127,爱我就陪我看电影,0.1%,9.52,3,0.9%,9.6%
2128,兔侠之青黎传说,0.1%,6.03,73,<0.1%,--
2129,破坏者,<0.1%,4.84,3,0.3%,12.2%
2130,黑猫警长之翡翠之星,<0.1%,4.08,206,<0.1%,--
2131,分手，不分手,<0.1%,2.67,1,0.6%,100%
2132,天河,<0.1%,2.22,142,<0.1%,--
2133,医缘,<0.1%,2.06,139,<0.1%,100%
2134,少年毛泽东,<0.1%,1.77,4,0.1%,25.5%
2135,霸王别姬(京剧),<0.1%,1.74,9,<0.1%,12.4%
2136,咱们的工会主席,<0.1%,1.72,492,<0.1%,81.1%
2137,女神跟我走,<0.1%,1.48,3,0.1%,18.8%
2138,通道转兵,<0.1%,1.35,68,<0.1%,--
2139,陌路惊笑,<0.1%,1.07,3,0.1%,14.0%
2140,麦兜我和我妈妈,<0.1%,1.02,257,<0.1%,--
2141,超能查派,26.0%,2667.47,24,24.5%,23.0%
2142,速度与激情7,23.5%,2407.34,29,15.0%,29.7%
2143,何以笙箫默,15.3%,1569.22,18,17.7%,23.7%
2144,左耳,11.1%,1142.05,20,11.4%,32.2%
2145,赤道,10.4%,1072.88,19,10.3%,24.7%
2146,疯狂外星人,8.0%,828.96,24,6.6%,34.7%
2147,阿里巴巴大盗奇兵,2.0%,208.55,10,5.3%,14.5%
2148,战狼,0.7%,80.18,18,0.9%,27.5%
2149,闯入者,0.6%,68.30,12,1.0%,21.1%
2150,念念,0.5%,60.72,18,0.5%,33.3%
2151,悬战,0.3%,39.59,3,3.4%,5.9%
2152,十二公民,0.2%,21.95,64,<0.1%,90.6%
2153,万物生长,0.1%,16.90,11,0.3%,27.3%
2154,黑猫警长之翡翠之星,0.1%,12.05,206,<0.1%,--
2155,爱我就陪我看电影,0.1%,10.52,4,0.7%,16.9%
2156,兔侠之青黎传说,<0.1%,6.06,74,<0.1%,--
2157,破坏者,<0.1%,6.03,5,0.2%,20.2%
2158,霸王别姬(京剧),<0.1%,4.34,38,<0.1%,79.5%
2159,分手，不分手,<0.1%,3.23,2,0.5%,100%
2160,通道转兵,<0.1%,2.79,112,<0.1%,--
2161,少年毛泽东,<0.1%,1.80,3,0.2%,22.8%
2162,女神跟我走,<0.1%,1.73,6,<0.1%,59.5%
2163,陌路惊笑,<0.1%,1.45,5,<0.1%,15.6%
2164,狼图腾,<0.1%,1.37,11,<0.1%,21.4%
2165,贵族大盗,<0.1%,1.31,6,<0.1%,10.9%
2166,超能查派,24.4%,2065.31,19,23.7%,19.0%
2167,速度与激情7,23.7%,2009.12,23,15.4%,24.4%
2168,何以笙箫默,14.8%,1250.99,15,17.9%,18.8%
2169,赤道,10.8%,914.99,17,10.4%,21.9%
2170,左耳,10.7%,911.28,16,11.6%,25.3%
2171,疯狂外星人,9.3%,785.38,22,7.0%,31.9%
2172,阿里巴巴大盗奇兵,2.3%,196.27,10,5.0%,14.7%
2173,战狼,1.0%,84.83,17,1.0%,26.6%
2174,闯入者,0.7%,61.19,11,1.1%,18.8%
2175,念念,0.6%,58.08,17,0.5%,32.5%
2176,悬战,0.4%,34.36,3,3.0%,6.1%
2177,万物生长,0.1%,11.85,8,0.2%,24.6%
2178,爱我就陪我看电影,0.1%,11.31,4,0.7%,17.8%
2179,黑猫警长之翡翠之星,0.1%,9.01,158,<0.1%,--
2180,破坏者,<0.1%,6.52,5,0.2%,18.1%
2181,霸王别姬(京剧),<0.1%,4.84,39,<0.1%,56.0%
2182,兔侠之青黎传说,<0.1%,4.06,63,<0.1%,--
2183,女神跟我走,<0.1%,3.67,12,0.1%,100%
2184,少年毛泽东,<0.1%,3.16,5,0.2%,37.6%
2185,我是女王,<0.1%,2.41,34,<0.1%,100%
2186,通道转兵,<0.1%,2.39,101,<0.1%,--
2187,分手，不分手,<0.1%,2.12,2,0.4%,77.5%
2188,狼图腾,<0.1%,1.99,17,<0.1%,36.9%
2189,复仇者联盟2：奥创纪元,<0.1%,1.31,28,<0.1%,100%
2190,贵族大盗,<0.1%,1.30,7,<0.1%,22.0%
2191,陌路惊笑,<0.1%,1.27,4,<0.1%,13.0%
2192,永远的守望,<0.1%,1.27,6,<0.1%,24.5%
2193,重返20岁,<0.1%,1.24,124,<0.1%,--
2194,复仇者联盟2：奥创纪元,49.6%,2972.81,94,5.5%,81.3%
2195,速度与激情7,13.0%,783.28,10,15.4%,10.4%
2196,超能查派,12.1%,725.23,7,23.5%,7.5%
2197,何以笙箫默,8.3%,499.46,6,18.4%,7.7%
2198,左耳,6.6%,395.61,7,12.2%,10.9%
2199,赤道,6.5%,392.55,7,11.1%,9.4%
2200,疯狂外星人,1.1%,66.95,4,3.9%,4.8%
2201,战狼,0.7%,42.77,8,1.2%,11.2%
2202,闯入者,0.4%,25.03,4,1.3%,7.0%
2203,悬战,0.2%,17.07,2,3.2%,3.0%
2204,复仇者联盟,0.2%,13.73,44,<0.1%,64.1%
2205,念念,0.2%,12.08,5,0.6%,7.9%
2206,万物生长,0.1%,8.23,5,0.3%,12.6%
2207,爱我就陪我看电影,<0.1%,5.22,2,0.8%,6.0%
2208,破坏者,<0.1%,4.54,4,0.3%,12.9%
2209,兔侠之青黎传说,<0.1%,4.24,49,<0.1%,--
2210,西藏天空,<0.1%,4.00,115,<0.1%,--
2211,十二公民,<0.1%,2.76,92,<0.1%,--
2212,重生爱人,<0.1%,2.42,180,<0.1%,--
2213,摩尔庄园3：魔幻列车大冒险,<0.1%,2.35,263,<0.1%,--
2214,分手，不分手,<0.1%,1.21,1,0.5%,36.0%
2215,复仇者联盟2：奥创纪元,95.4%,18586.42,59,63.4%,62.4%
2216,何以笙箫默,1.1%,224.12,7,8.9%,11.4%
2217,超能查派,0.8%,174.19,5,10.4%,6.5%
2218,左耳,0.7%,148.69,7,5.0%,15.7%
2219,速度与激情7,0.7%,143.28,11,2.9%,16.6%
2220,赤道,0.3%,69.09,5,3.2%,9.2%
2221,复仇者联盟,0.2%,53.53,34,0.3%,56.2%
2222,疯狂外星人,<0.1%,18.08,5,1.1%,6.4%
2223,战狼,<0.1%,12.90,6,0.5%,9.6%
2224,闯入者,<0.1%,7.45,4,0.4%,10.4%
2225,悬战,<0.1%,4.83,2,1.3%,4.5%
2226,西藏天空,<0.1%,4.00,73,<0.1%,--
2227,念念,<0.1%,3.25,5,0.1%,8.1%
2228,兔侠之青黎传说,<0.1%,2.55,41,<0.1%,--
2229,爱我就陪我看电影,<0.1%,2.42,2,0.6%,8.4%
2230,母亲的梦想,<0.1%,1.92,320,<0.1%,--
2231,通道转兵,<0.1%,1.65,61,<0.1%,--
2232,万物生长,<0.1%,1.14,2,0.1%,8.6%
2233,分手，不分手,<0.1%,1.07,1,0.3%,--
2234,复仇者联盟2：奥创纪元,94.6%,12502.47,38,65.1%,40.4%
2235,何以笙箫默,1.6%,211.50,6,9.4%,10.3%
2236,超能查派,1.3%,178.46,5,10.2%,6.9%
2237,左耳,1.1%,149.60,7,5.4%,13.7%
2238,赤道,0.5%,72.09,5,3.5%,8.7%
2239,战狼,0.1%,20.12,7,0.7%,11.3%
2240,疯狂外星人,0.1%,18.60,4,1.1%,5.9%
2241,复仇者联盟,0.1%,17.90,22,0.1%,42.4%
2242,闯入者,<0.1%,8.41,4,0.5%,8.7%
2243,悬战,<0.1%,4.26,2,1.2%,4.2%
2244,念念,<0.1%,3.90,5,0.2%,8.2%
2245,兔侠之青黎传说,<0.1%,2.55,41,<0.1%,--
2246,黄克功案件,<0.1%,2.36,77,<0.1%,100%
2247,爱我就陪我看电影,<0.1%,2.29,1,0.6%,6.7%
2248,麦兜我和我妈妈,<0.1%,1.57,395,<0.1%,--
2249,霸王别姬(京剧),<0.1%,1.54,66,<0.1%,55.4%
2250,万物生长,<0.1%,1.48,3,0.1%,10.8%
2251,医缘,<0.1%,1.24,29,<0.1%,41.4%
2252,通道转兵,<0.1%,1.18,43,<0.1%,--
2253,分手，不分手,<0.1%,1.17,2,0.3%,--
2254,狼图腾,<0.1%,1.04,174,<0.1%,--
2255,复仇者联盟2：奥创纪元,92.9%,9165.46,28,64.7%,29.2%
2256,何以笙箫默,2.0%,203.34,6,9.5%,10.1%
2257,超能查派,1.8%,180.63,5,10.0%,8.0%
2258,左耳,1.4%,146.20,6,5.7%,13.3%
2259,赤道,0.7%,70.96,5,3.6%,8.9%
2260,疯狂外星人,0.1%,18.45,4,1.1%,6.5%
2261,战狼,0.1%,17.76,6,0.7%,9.5%
2262,爸爸的假期,0.1%,12.50,116,<0.1%,100%
2263,复仇者联盟,<0.1%,8.87,19,<0.1%,35.7%
2264,闯入者,<0.1%,8.14,4,0.5%,9.8%
2265,念念,<0.1%,3.70,5,0.2%,8.6%
2266,悬战,<0.1%,3.60,1,1.2%,3.7%
2267,爱我就陪我看电影,<0.1%,2.54,2,0.6%,7.8%
2268,兔侠之青黎传说,<0.1%,2.54,41,<0.1%,--
2269,霸王别姬(京剧),<0.1%,2.00,52,<0.1%,48.9%
2270,母亲的梦想,<0.1%,1.87,416,<0.1%,--
2271,医缘,<0.1%,1.48,43,<0.1%,33.7%
2272,万物生长,<0.1%,1.46,3,0.1%,9.0%
2273,狼图腾,<0.1%,1.03,173,<0.1%,--
2274,复仇者联盟2：奥创纪元,92.3%,12608.63,39,60.1%,40.4%
2275,重生爱人,1.5%,213.43,6,8.9%,10.8%
2276,超能查派,1.3%,191.01,8,5.5%,14.8%
2277,何以笙箫默,1.1%,154.48,8,5.0%,14.3%
2278,左耳,0.7%,99.79,8,2.8%,17.1%
2279,旋风九日,0.6%,94.73,6,4.2%,9.7%
2280,夺命旅行,0.6%,83.13,6,3.8%,10.2%
2281,十二公民,0.4%,58.08,4,4.1%,5.3%
2282,赤道,0.3%,43.36,6,1.5%,12.0%
2283,疯狂外星人,0.2%,33.00,6,1.3%,10.5%
2284,复仇者联盟,0.1%,19.13,32,<0.1%,47.9%
2285,战狼,0.1%,16.49,9,0.4%,14.5%
2286,爸爸的假期,<0.1%,6.55,117,<0.1%,84.8%
2287,霸王别姬(京剧),<0.1%,6.32,121,<0.1%,84.9%
2288,闯入者,<0.1%,4.83,5,0.2%,18.1%
2289,咱们的工会主席,<0.1%,3.13,224,<0.1%,67.2%
2290,念念,<0.1%,2.60,7,<0.1%,10.9%
2291,爸爸的晚餐,<0.1%,1.97,86,<0.1%,100%
2292,悬战,<0.1%,1.56,2,0.3%,10.5%
2293,破坏者,<0.1%,1.55,8,<0.1%,50.2%
2294,医缘,<0.1%,1.50,53,<0.1%,27.3%
2295,永远的守望,<0.1%,1.42,30,<0.1%,100%
2296,爱我就陪我看电影,<0.1%,1.41,2,0.2%,12.2%
2297,通道转兵,<0.1%,1.41,66,<0.1%,--
2298,复仇者联盟2：奥创纪元,91.7%,23836.56,71,59.4%,74.7%
2299,超能查派,1.4%,369.40,17,4.7%,32.2%
2300,重生爱人,1.3%,361.84,11,8.0%,21.3%
2301,疯狂外星人,1.2%,311.87,17,3.8%,27.1%
2302,何以笙箫默,1.0%,260.55,14,4.4%,28.8%
2303,阿里巴巴大盗奇兵,0.6%,179.02,11,4.3%,17.7%
2304,左耳,0.6%,176.43,14,2.6%,36.4%
2305,夺命旅行,0.4%,123.54,8,3.6%,17.0%
2306,十二公民,0.4%,106.43,8,2.9%,14.2%
2307,旋风九日,0.3%,87.10,7,2.5%,14.0%
2308,赤道,0.2%,63.36,11,1.2%,23.4%
2309,复仇者联盟,0.1%,38.47,57,<0.1%,82.4%
2310,战狼,0.1%,28.32,14,0.4%,25.4%
2311,闯入者,<0.1%,9.42,9,0.2%,43.1%
2312,念念,<0.1%,3.93,12,<0.1%,19.7%
2313,通道转兵,<0.1%,1.80,88,<0.1%,--
2314,悬战,<0.1%,1.71,2,0.2%,17.9%
2315,爱我就陪我看电影,<0.1%,1.69,3,0.1%,21.4%
2316,少年毛泽东,<0.1%,1.16,2,0.2%,10.0%
2317,复仇者联盟2：奥创纪元,89.4%,16992.23,51,59.2%,52.9%
2318,超能查派,1.7%,339.02,16,4.8%,29.7%
2319,疯狂外星人,1.7%,333.73,18,3.9%,29.5%
2320,重生爱人,1.5%,303.95,9,8.0%,18.1%
2321,何以笙箫默,1.2%,230.82,12,4.6%,24.1%
2322,阿里巴巴大盗奇兵,0.9%,189.99,11,4.3%,19.0%
2323,左耳,0.9%,175.81,14,2.7%,34.2%
2324,十二公民,0.6%,120.12,10,2.7%,18.1%
2325,夺命旅行,0.5%,95.32,6,3.7%,13.4%
2326,旋风九日,0.4%,85.97,8,2.4%,14.6%
2327,赤道,0.3%,59.69,10,1.2%,21.2%
2328,战狼,0.1%,29.69,14,0.4%,25.6%
2329,复仇者联盟,0.1%,21.52,47,<0.1%,72.5%
2330,闯入者,<0.1%,8.46,8,0.2%,39.1%
2331,念念,<0.1%,4.22,13,<0.1%,20.2%
2332,悬战,<0.1%,2.02,3,0.2%,24.6%
2333,黄克功案件,<0.1%,1.83,64,<0.1%,100%
2334,通道转兵,<0.1%,1.49,88,<0.1%,--
2335,爱我就陪我看电影,<0.1%,1.41,2,0.1%,22.3%
2336,少年毛泽东,<0.1%,1.32,3,0.1%,14.6%
2337,霸王别姬(京剧),<0.1%,1.28,49,<0.1%,92.0%
2338,复仇者联盟2：奥创纪元,83.9%,4524.46,16,57.0%,16.1%
2339,超能查派,3.3%,182.57,7,6.7%,12.1%
2340,重生爱人,3.2%,174.96,5,9.8%,8.9%
2341,何以笙箫默,2.2%,121.94,6,6.0%,9.4%
2342,左耳,1.7%,96.47,7,3.5%,13.2%
2343,十二公民,1.4%,77.71,6,3.5%,9.4%
2344,夺命旅行,1.2%,68.05,4,4.5%,8.2%
2345,赤道,0.8%,45.44,6,1.8%,10.5%
2346,旋风九日,0.5%,31.91,3,3.1%,4.6%
2347,战狼,0.3%,20.67,7,0.6%,12.3%
2348,疯狂外星人,0.3%,19.37,4,1.3%,5.4%
2349,爸爸的假期,0.1%,8.92,136,<0.1%,100%
2350,闯入者,<0.1%,4.42,4,0.2%,13.7%
2351,复仇者联盟,<0.1%,3.12,12,<0.1%,69.6%
2352,念念,<0.1%,2.48,6,<0.1%,9.9%
2353,悬战,<0.1%,2.09,2,0.3%,12.9%
2354,爱我就陪我看电影,<0.1%,1.09,3,0.2%,16.5%
2355,复仇者联盟2：奥创纪元,81.7%,3981.18,14,55.9%,14.6%
2356,超能查派,4.0%,198.85,8,6.9%,12.8%
2357,重生爱人,3.4%,166.51,5,9.9%,8.5%
2358,何以笙箫默,2.5%,121.98,6,6.1%,9.5%
2359,左耳,1.9%,94.06,7,3.6%,12.7%
2360,十二公民,1.7%,84.88,6,3.7%,10.0%
2361,夺命旅行,1.3%,65.71,4,4.6%,8.4%
2362,赤道,0.9%,48.47,6,1.9%,10.6%
2363,旋风九日,0.7%,34.27,3,3.2%,4.7%
2364,疯狂外星人,0.4%,22.35,4,1.3%,6.7%
2365,战狼,0.4%,20.59,7,0.7%,11.1%
2366,爸爸的假期,0.1%,5.61,116,<0.1%,93.3%
2367,闯入者,<0.1%,4.63,4,0.2%,13.3%
2368,土豪520,<0.1%,3.23,135,<0.1%,--
2369,念念,<0.1%,2.40,6,<0.1%,8.7%
2370,复仇者联盟,<0.1%,2.18,9,<0.1%,74.6%
2371,医缘,<0.1%,1.92,77,<0.1%,100%
2372,爸爸去哪儿2,<0.1%,1.57,131,<0.1%,100.0%
2373,悬战,<0.1%,1.15,2,0.3%,7.3%
2374,复仇者联盟2：奥创纪元,76.4%,4927.34,18,54.5%,18.7%
2375,重生爱人,5.2%,339.17,9,10.3%,16.2%
2376,超能查派,5.0%,323.40,12,7.1%,19.5%
2377,何以笙箫默,3.4%,220.22,9,6.5%,15.7%
2378,左耳,2.7%,175.05,10,3.9%,21.1%
2379,十二公民,1.9%,126.69,9,3.8%,14.3%
2380,夺命旅行,1.8%,116.81,7,4.6%,13.8%
2381,赤道,1.2%,79.65,9,2.0%,16.7%
2382,旋风九日,0.6%,39.85,4,3.0%,6.0%
2383,战狼,0.5%,38.45,11,0.8%,17.9%
2384,疯狂外星人,0.4%,30.95,6,1.3%,9.3%
2385,闯入者,0.1%,7.68,11,0.2%,35.2%
2386,土豪520,<0.1%,3.20,13,<0.1%,28.9%
2387,念念,<0.1%,2.80,8,<0.1%,10.4%
2388,爱我就陪我看电影,<0.1%,2.24,3,0.2%,15.8%
2389,复仇者联盟,<0.1%,1.99,8,<0.1%,76.0%
2390,医缘,<0.1%,1.99,88,<0.1%,100%
2391,爸爸的假期,<0.1%,1.57,96,<0.1%,71.1%
2392,悬战,<0.1%,1.51,2,0.3%,9.1%
2393,爸爸去哪儿2,<0.1%,1.42,123,<0.1%,93.6%
2394,复仇者联盟2：奥创纪元,69.4%,2877.77,12,50.7%,11.4%
2395,土豪520,13.1%,545.50,10,13.8%,19.3%
2396,超能查派,4.3%,180.96,8,6.0%,12.0%
2397,重生爱人,2.5%,105.87,4,7.8%,6.4%
2398,何以笙箫默,2.2%,93.46,5,5.0%,8.1%
2399,十二公民,1.9%,80.81,7,2.9%,10.8%
2400,左耳,1.7%,74.20,6,3.1%,10.8%
2401,夺命旅行,1.1%,47.85,4,3.5%,7.0%
2402,赤道,0.9%,39.62,6,1.6%,10.3%
2403,旋风九日,0.6%,28.71,4,2.0%,6.2%
2404,战狼,0.5%,24.08,8,0.7%,11.8%
2405,疯狂外星人,0.4%,19.40,5,1.1%,6.9%
2406,少年毛泽东,<0.1%,3.60,14,<0.1%,48.9%
2407,医缘,<0.1%,2.95,229,<0.1%,95.0%
2408,闯入者,<0.1%,2.52,4,0.1%,8.0%
2409,念念,<0.1%,1.79,8,<0.1%,9.7%
2410,霸王别姬(京剧),<0.1%,1.76,42,<0.1%,87.7%
2411,复仇者联盟,<0.1%,1.59,6,<0.1%,58.6%
2412,情满人间,<0.1%,1.07,179,<0.1%,20.4%
2413,复仇者联盟2：奥创纪元,70.1%,4036.37,17,46.7%,16.5%
2414,我的个神啊,10.6%,615.65,13,12.4%,20.0%
2415,土豪520,7.6%,443.03,9,12.5%,15.9%
2416,超能查派,3.1%,180.99,11,4.0%,16.3%
2417,十二公民,1.3%,80.01,10,1.8%,16.7%
2418,重生爱人,1.2%,70.94,4,5.1%,6.6%
2419,何以笙箫默,1.0%,63.02,6,3.0%,9.3%
2420,左耳,0.8%,51.59,6,1.9%,12.6%
2421,夺命旅行,0.7%,41.63,4,2.6%,8.1%
2422,疯狂外星人,0.6%,38.97,7,1.3%,12.6%
2423,赤道,0.5%,30.45,7,0.9%,12.1%
2424,旋风九日,0.5%,29.05,7,1.1%,12.8%
2425,迷与狂,0.4%,26.47,2,4.0%,3.6%
2426,战狼,0.3%,21.02,8,0.6%,12.8%
2427,霸王别姬(京剧),0.1%,6.67,114,<0.1%,100%
2428,哺乳期的女人,<0.1%,3.12,2,0.4%,2.3%
2429,医缘,<0.1%,2.49,118,<0.1%,100%
2430,闯入者,<0.1%,2.01,5,0.1%,9.6%
2431,复仇者联盟,<0.1%,1.61,9,<0.1%,100%
2432,明日世界,<0.1%,1.50,150,<0.1%,92.3%
2433,念念,<0.1%,1.20,7,<0.1%,10.1%
2434,通道转兵,<0.1%,1.08,72,<0.1%,--
2435,永远的守望,<0.1%,1.02,30,<0.1%,65.1%
2436,复仇者联盟2：奥创纪元,68.6%,7691.57,32,43.9%,30.5%
2437,我的个神啊,11.6%,1307.76,26,12.3%,40.7%
2438,土豪520,5.8%,652.66,14,11.2%,23.9%
2439,阿里巴巴大盗奇兵,2.9%,335.41,10,8.9%,17.0%
2440,超能查派,2.7%,312.05,20,3.3%,31.4%
2441,疯狂外星人,2.0%,230.99,17,2.9%,22.8%
2442,十二公民,1.2%,135.96,19,1.5%,33.5%
2443,何以笙箫默,0.8%,98.16,10,2.3%,19.6%
2444,重生爱人,0.8%,92.69,7,3.6%,12.7%
2445,左耳,0.7%,81.72,11,1.5%,23.7%
2446,夺命旅行,0.4%,54.03,6,2.1%,12.5%
2447,迷与狂,0.4%,46.61,6,2.5%,12.0%
2448,赤道,0.3%,38.87,11,0.7%,21.3%
2449,战狼,0.3%,35.03,14,0.5%,21.7%
2450,旋风九日,0.2%,32.03,6,1.0%,11.9%
2451,西藏天空,0.1%,18.76,206,<0.1%,--
2452,潜艇总动员之时光宝盒,<0.1%,9.53,29,<0.1%,28.6%
2453,智取威虎山,<0.1%,5.00,111,<0.1%,--
2454,黄飞鸿之英雄有梦,<0.1%,4.70,122,<0.1%,--
2455,重返20岁,<0.1%,3.21,130,<0.1%,100%
2456,哺乳期的女人,<0.1%,3.12,4,0.2%,4.7%
2457,狼图腾,<0.1%,2.92,244,<0.1%,--
2458,闯入者,<0.1%,2.48,8,<0.1%,16.5%
2459,念念,<0.1%,1.78,11,<0.1%,13.1%
2460,复仇者联盟,<0.1%,1.74,9,<0.1%,--
2461,悬战,<0.1%,1.73,6,0.1%,94.6%
2462,通道转兵,<0.1%,1.71,69,<0.1%,--
2463,复仇者联盟2：奥创纪元,63.6%,5673.53,24,43.2%,23.2%
2464,我的个神啊,14.4%,1290.52,23,13.5%,35.6%
2465,土豪520,6.4%,575.32,12,11.3%,20.5%
2466,阿里巴巴大盗奇兵,3.7%,330.44,10,9.0%,16.7%
2467,超能查派,2.7%,246.20,16,3.3%,25.1%
2468,疯狂外星人,2.4%,218.66,17,2.8%,21.8%
2469,十二公民,1.4%,130.39,18,1.5%,30.8%
2470,何以笙箫默,0.8%,79.71,8,2.3%,17.1%
2471,重生爱人,0.8%,74.36,5,3.4%,11.1%
2472,左耳,0.7%,65.81,10,1.3%,23.2%
2473,夺命旅行,0.4%,41.08,5,2.2%,9.6%
2474,战狼,0.4%,37.30,14,0.5%,22.2%
2475,赤道,0.4%,36.25,10,0.7%,19.2%
2476,旋风九日,0.3%,31.45,6,1.0%,11.8%
2477,迷与狂,0.2%,23.23,4,2.1%,6.8%
2478,西藏天空,0.2%,21.67,184,<0.1%,--
2479,哆啦A梦：伴我同行,<0.1%,6.94,116,<0.1%,--
2480,黄飞鸿之英雄有梦,<0.1%,6.12,134,<0.1%,--
2481,智取威虎山,<0.1%,4.68,124,<0.1%,--
2482,闯入者,<0.1%,4.48,26,<0.1%,57.0%
2483,哺乳期的女人,<0.1%,3.43,5,0.2%,7.5%
2484,重返20岁,<0.1%,2.97,118,<0.1%,--
2485,念念,<0.1%,2.45,17,<0.1%,19.7%
2486,潜艇总动员之时光宝盒,<0.1%,2.37,33,<0.1%,41.6%
2487,悬战,<0.1%,1.97,7,0.1%,100%
2488,通道转兵,<0.1%,1.53,67,<0.1%,--
2489,复仇者联盟,<0.1%,1.34,8,<0.1%,--
2490,狼图腾,<0.1%,1.29,216,<0.1%,--
2491,复仇者联盟2：奥创纪元,53.8%,1559.78,8,43.3%,7.2%
2492,我的个神啊,21.8%,631.89,11,16.1%,15.2%
2493,土豪520,7.5%,218.72,5,12.7%,7.8%
2494,超能查派,3.3%,95.65,6,4.2%,8.5%
2495,明日世界,2.3%,67.56,18,0.7%,12.6%
2496,十二公民,1.9%,55.34,7,1.9%,11.2%
2497,重生爱人,1.2%,36.82,3,4.2%,4.8%
2498,何以笙箫默,1.2%,36.80,4,2.7%,7.2%
2499,夺命旅行,0.8%,26.01,3,2.5%,5.9%
2500,西藏天空,0.8%,23.73,184,<0.1%,--
2501,战狼,0.7%,20.72,7,0.7%,10.8%
2502,赤道,0.6%,19.86,5,0.9%,9.1%
2503,左耳,0.6%,18.05,5,0.9%,8.4%
2504,旋风九日,0.5%,17.11,4,1.1%,6.4%
2505,阿里巴巴大盗奇兵,0.4%,13.58,2,3.8%,1.9%
2506,迷与狂,0.4%,13.20,3,2.3%,4.7%
2507,屠魔战士,0.3%,10.90,9,0.2%,7.9%
2508,黄飞鸿之英雄有梦,0.1%,5.79,138,<0.1%,--
2509,智取威虎山,0.1%,4.49,118,<0.1%,100%
2510,重返20岁,0.1%,3.93,124,<0.1%,--
2511,医缘,0.1%,3.24,215,<0.1%,93.7%
2512,霸王别姬(京剧),<0.1%,2.35,43,<0.1%,77.1%
2513,念念,<0.1%,1.87,19,<0.1%,21.3%
2514,闯入者,<0.1%,1.79,5,<0.1%,9.6%
2515,哺乳期的女人,<0.1%,1.33,3,0.1%,3.0%
2516,通道转兵,<0.1%,1.06,54,<0.1%,--
2517,明日世界,38.3%,1631.62,13,30.9%,12.3%
2518,复仇者联盟2：奥创纪元,25.8%,1099.94,11,21.2%,11.7%
2519,屠魔战士,18.4%,786.53,7,23.3%,8.8%
2520,我的个神啊,10.5%,448.12,13,9.4%,20.5%
2521,土豪520,1.9%,80.92,4,5.3%,8.6%
2522,旋风九日,0.9%,42.23,11,0.7%,27.9%
2523,西藏天空,0.7%,29.94,180,<0.1%,--
2524,十二公民,0.6%,27.18,7,0.9%,13.2%
2525,超能查派,0.4%,19.32,4,1.1%,7.7%
2526,何以笙箫默,0.2%,11.77,4,0.8%,11.2%
2527,夺命旅行,0.2%,9.69,3,1.2%,6.3%
2528,战狼,0.2%,9.69,7,0.2%,12.1%
2529,左耳,0.1%,8.14,6,0.3%,12.7%
2530,重生爱人,0.1%,7.95,2,1.1%,5.4%
2531,阿里巴巴大盗奇兵,0.1%,7.40,2,1.5%,2.7%
2532,黄飞鸿之英雄有梦,0.1%,6.07,144,<0.1%,--
2533,智取威虎山,0.1%,5.57,124,<0.1%,100%
2534,重返20岁,<0.1%,4.15,120,<0.1%,--
2535,赤道,<0.1%,3.37,4,0.2%,8.9%
2536,迷与狂,<0.1%,3.33,3,0.4%,10.1%
2537,医缘,<0.1%,2.28,152,<0.1%,82.7%
2538,霸王别姬(京剧),<0.1%,2.15,28,<0.1%,59.0%
2539,哺乳期的女人,<0.1%,1.48,6,<0.1%,10.5%
2540,闯入者,<0.1%,1.18,8,<0.1%,22.1%
2541,明日世界,30.4%,1127.08,9,30.5%,8.7%
2542,复仇者联盟2：奥创纪元,25.9%,961.29,9,20.9%,10.5%
2543,屠魔战士,17.4%,644.83,6,22.8%,7.5%
2544,我的个神啊,12.9%,480.37,12,10.2%,19.5%
2545,旋风九日,4.1%,152.25,32,0.8%,68.2%
2546,土豪520,2.2%,82.34,4,5.2%,9.1%
2547,哆啦A梦：伴我同行,1.8%,67.68,37,0.3%,28.4%
2548,十二公民,0.7%,28.84,7,0.9%,13.3%
2549,西藏天空,0.7%,28.80,160,<0.1%,--
2550,超能查派,0.5%,19.45,4,1.1%,7.7%
2551,何以笙箫默,0.3%,11.41,4,0.8%,10.0%
2552,夺命旅行,0.2%,10.60,3,1.2%,6.3%
2553,战狼,0.2%,9.87,7,0.3%,10.2%
2554,阿里巴巴大盗奇兵,0.2%,8.31,2,1.4%,3.1%
2555,左耳,0.2%,8.19,5,0.3%,11.5%
2556,重生爱人,0.2%,7.59,2,1.1%,5.2%
2557,霸王别姬(京剧),0.2%,7.52,76,<0.1%,100%
2558,黄飞鸿之英雄有梦,0.1%,7.03,126,<0.1%,100%
2559,智取威虎山,0.1%,4.91,132,<0.1%,--
2560,重返20岁,<0.1%,3.59,132,<0.1%,--
2561,医缘,<0.1%,3.22,190,<0.1%,87.6%
2562,赤道,<0.1%,3.14,4,0.2%,8.1%
2563,天上的菊美,<0.1%,1.83,88,<0.1%,100%
2564,全民目击,<0.1%,1.74,291,<0.1%,--
2565,四大名捕2,<0.1%,1.65,147,<0.1%,100%
2566,盲探,<0.1%,1.61,150,<0.1%,100%
2567,迷与狂,<0.1%,1.60,1,0.4%,3.6%
2568,一夜惊喜,<0.1%,1.42,134,<0.1%,100%
2569,麦兜我和我妈妈,<0.1%,1.41,705,<0.1%,--
2570,闯入者,<0.1%,1.40,11,<0.1%,41.8%
2571,哺乳期的女人,<0.1%,1.34,9,<0.1%,13.8%
2572,摩尔庄园3：魔幻列车大冒险,<0.1%,1.20,402,<0.1%,--
2573,哆啦A梦：伴我同行,47.3%,2711.54,21,26.5%,21.4%
2574,明日世界,15.1%,866.81,8,23.5%,8.5%
2575,复仇者联盟2：奥创纪元,14.4%,825.73,10,15.6%,12.2%
2576,屠魔战士,8.6%,495.61,7,16.4%,7.9%
2577,我的个神啊,6.9%,401.05,12,8.5%,19.0%
2578,旋风九日,4.1%,236.90,56,0.7%,100%
2579,土豪520,1.0%,59.78,5,3.1%,14.0%
2580,西藏天空,0.3%,22.82,159,<0.1%,--
2581,十二公民,0.3%,18.28,7,0.5%,13.5%
2582,夺命旅行,0.1%,8.42,2,0.9%,6.8%
2583,超能查派,0.1%,7.98,4,0.5%,6.9%
2584,何以笙箫默,0.1%,7.82,4,0.5%,12.9%
2585,黄飞鸿之英雄有梦,0.1%,7.43,173,<0.1%,--
2586,战狼,0.1%,7.09,6,0.2%,9.6%
2587,左耳,0.1%,6.61,5,0.2%,14.0%
2588,智取威虎山,0.1%,6.57,157,<0.1%,--
2589,重返20岁,0.1%,6.56,153,<0.1%,--
2590,医缘,<0.1%,4.33,114,<0.1%,100%
2591,重生爱人,<0.1%,3.64,2,0.6%,6.1%
2592,阿里巴巴大盗奇兵,<0.1%,3.25,2,0.4%,4.1%
2593,霸王别姬(京剧),<0.1%,2.48,35,<0.1%,57.0%
2594,闯入者,<0.1%,2.16,14,<0.1%,31.2%
2595,赤道,<0.1%,1.88,3,0.1%,10.4%
2596,全民目击,<0.1%,1.74,291,<0.1%,--
2597,四大名捕2,<0.1%,1.65,147,<0.1%,100%
2598,盲探,<0.1%,1.61,150,<0.1%,100%
2599,一夜惊喜,<0.1%,1.42,134,<0.1%,100%
2600,爸爸的假期,<0.1%,1.13,162,<0.1%,--
2601,哆啦A梦：伴我同行,48.2%,3772.22,28,27.7%,27.2%
2602,复仇者联盟2：奥创纪元,15.6%,1228.41,16,14.1%,19.7%
2603,明日世界,15.6%,1222.96,13,20.5%,13.8%
2604,屠魔战士,7.4%,579.12,9,13.5%,11.3%
2605,我的个神啊,6.7%,532.06,16,7.8%,25.6%
2606,旋风九日,1.7%,140.08,45,0.5%,100%
2607,潜艇总动员之时光宝盒,1.3%,108.92,5,5.4%,7.0%
2608,土豪520,0.7%,55.42,6,2.1%,20.3%
2609,十二公民,0.3%,23.99,12,0.4%,25.9%
2610,金箍棒传奇2：沙僧的逆袭,0.2%,20.21,2,2.4%,3.8%
2611,西藏天空,0.2%,17.91,188,<0.1%,--
2612,阿里巴巴大盗奇兵,0.1%,13.07,11,0.3%,27.0%
2613,战狼,0.1%,10.82,11,0.2%,17.1%
2614,天亮·分手,0.1%,9.71,3,1.0%,4.5%
2615,智取威虎山,0.1%,9.05,182,<0.1%,--
2616,夺命旅行,0.1%,8.91,3,0.7%,9.1%
2617,爸爸的假期,0.1%,7.91,146,<0.1%,100%
2618,重返20岁,<0.1%,7.08,155,<0.1%,--
2619,超能查派,<0.1%,6.99,5,0.3%,11.1%
2620,何以笙箫默,<0.1%,6.78,4,0.3%,15.1%
2621,黄飞鸿之英雄有梦,<0.1%,6.23,159,<0.1%,--
2622,左耳,<0.1%,5.83,6,0.2%,15.8%
2623,闯入者,<0.1%,4.04,30,<0.1%,75.0%
2624,重生爱人,<0.1%,2.92,2,0.3%,9.9%
2625,霸王别姬(京剧),<0.1%,2.59,54,<0.1%,81.3%
2626,妈咪侠,<0.1%,2.23,1,0.6%,1.3%
2627,少年毛泽东,<0.1%,2.22,60,<0.1%,100%
2628,赤道,<0.1%,2.19,5,<0.1%,18.1%
2629,全民目击,<0.1%,1.74,291,<0.1%,--
2630,四大名捕2,<0.1%,1.65,147,<0.1%,100%
2631,盲探,<0.1%,1.61,95,<0.1%,100%
2632,一夜惊喜,<0.1%,1.42,134,<0.1%,100%
2633,医缘,<0.1%,1.19,55,<0.1%,100%
2634,通道转兵,<0.1%,1.16,47,<0.1%,--
2635,念念,<0.1%,1.13,32,<0.1%,43.0%
2636,哆啦A梦：伴我同行,53.4%,8525.57,51,31.1%,50.3%
2637,复仇者联盟2：奥创纪元,16.0%,2562.95,33,12.9%,41.9%
2638,明日世界,13.3%,2125.33,24,17.2%,27.4%
2639,我的个神啊,5.8%,930.18,29,7.0%,45.5%
2640,屠魔战士,5.0%,800.42,14,10.7%,19.1%
2641,潜艇总动员之时光宝盒,3.6%,577.22,13,8.9%,19.3%
2642,金箍棒传奇2：沙僧的逆袭,0.6%,103.34,6,3.6%,12.2%
2643,土豪520,0.4%,75.43,10,1.6%,32.3%
2644,十二公民,0.2%,36.09,20,0.3%,41.4%
2645,旋风九日,0.1%,29.81,16,0.3%,72.5%
2646,超能兔战队,0.1%,26.57,5,1.3%,7.2%
2647,阿里巴巴大盗奇兵,0.1%,20.23,6,0.7%,11.0%
2648,战狼,<0.1%,12.73,13,0.1%,21.6%
2649,夺命旅行,<0.1%,11.80,5,0.5%,13.7%
2650,西藏天空,<0.1%,10.00,201,<0.1%,--
2651,超能查派,<0.1%,9.54,9,0.2%,20.9%
2652,左耳,<0.1%,9.53,11,0.1%,34.2%
2653,智取威虎山,<0.1%,9.40,190,<0.1%,--
2654,天亮·分手,<0.1%,8.89,3,0.6%,8.3%
2655,何以笙箫默,<0.1%,8.57,7,0.2%,19.1%
2656,黄飞鸿之英雄有梦,<0.1%,7.75,168,<0.1%,--
2657,霸王别姬(京剧),<0.1%,5.34,99,<0.1%,100%
2658,重返20岁,<0.1%,5.19,147,<0.1%,--
2659,重生爱人,<0.1%,3.22,3,0.2%,14.4%
2660,妈咪侠,<0.1%,2.34,2,0.3%,3.2%
2661,天边的孩子,<0.1%,2.25,2,0.3%,4.4%
2662,赤道,<0.1%,2.10,5,<0.1%,24.5%
2663,全民目击,<0.1%,1.74,291,<0.1%,--
2664,四大名捕2,<0.1%,1.65,147,<0.1%,100%
2665,盲探,<0.1%,1.61,113,<0.1%,100%
2666,通道转兵,<0.1%,1.56,66,<0.1%,--
2667,情满人间,<0.1%,1.51,506,<0.1%,57.8%
2668,一夜惊喜,<0.1%,1.42,134,<0.1%,100%
2669,念念,<0.1%,1.28,30,<0.1%,26.3%
2670,龟兔再跑,<0.1%,1.26,3,0.1%,2.2%
2671,狼图腾,<0.1%,1.10,184,<0.1%,--
2672,迷与狂,<0.1%,1.08,4,<0.1%,33.6%
2673,哆啦A梦：伴我同行,56.1%,8817.28,51,32.4%,50.6%
2674,复仇者联盟2：奥创纪元,15.1%,2381.96,30,13.1%,38.6%
2675,明日世界,11.1%,1745.26,21,16.4%,24.2%
2676,我的个神啊,5.5%,866.17,26,7.1%,41.2%
2677,潜艇总动员之时光宝盒,4.9%,782.14,18,9.1%,27.0%
2678,屠魔战士,4.0%,639.11,12,10.1%,16.6%
2679,金箍棒传奇2：沙僧的逆袭,0.8%,140.96,9,3.5%,18.2%
2680,土豪520,0.4%,73.37,10,1.5%,30.7%
2681,超能兔战队,0.2%,36.01,6,1.4%,9.9%
2682,十二公民,0.2%,32.78,18,0.3%,36.2%
2683,旋风九日,0.1%,30.17,17,0.3%,79.4%
2684,阿里巴巴大盗奇兵,0.1%,23.90,8,0.7%,13.8%
2685,战狼,<0.1%,14.65,15,0.1%,23.6%
2686,夺命旅行,<0.1%,10.03,4,0.5%,11.3%
2687,何以笙箫默,<0.1%,9.94,10,0.2%,34.8%
2688,超能查派,<0.1%,9.57,9,0.2%,20.9%
2689,智取威虎山,<0.1%,8.98,180,<0.1%,--
2690,黄飞鸿之英雄有梦,<0.1%,8.24,168,<0.1%,--
2691,左耳,<0.1%,7.77,9,0.1%,27.6%
2692,天亮·分手,<0.1%,6.57,3,0.5%,7.9%
2693,西藏天空,<0.1%,5.94,195,<0.1%,--
2694,霸王别姬(京剧),<0.1%,5.52,131,<0.1%,100%
2695,重返20岁,<0.1%,5.24,146,<0.1%,--
2696,重生爱人,<0.1%,3.74,3,0.2%,15.1%
2697,哺乳期的女人,<0.1%,2.80,36,<0.1%,100%
2698,天边的孩子,<0.1%,2.00,2,0.2%,6.0%
2699,妈咪侠,<0.1%,1.99,2,0.2%,3.1%
2700,龟兔再跑,<0.1%,1.97,6,0.1%,3.6%
2701,全民目击,<0.1%,1.74,291,<0.1%,--
2702,通道转兵,<0.1%,1.60,66,<0.1%,--
2703,天上的菊美,<0.1%,1.49,72,<0.1%,100%
2704,情满人间,<0.1%,1.49,498,<0.1%,56.9%
2705,赤道,<0.1%,1.48,5,<0.1%,19.9%
2706,四大名捕2,<0.1%,1.33,154,<0.1%,100%
2707,盲探,<0.1%,1.15,110,<0.1%,100%
2708,异种,<0.1%,1.08,271,<0.1%,98.9%
2709,哆啦A梦：伴我同行,63.5%,8996.77,51,33.7%,51.2%
2710,复仇者联盟2：奥创纪元,11.1%,1582.65,22,12.6%,28.1%
2711,潜艇总动员之时光宝盒,8.1%,1161.31,24,9.9%,37.9%
2712,明日世界,6.6%,942.55,13,15.4%,15.1%
2713,我的个神啊,4.0%,567.43,18,7.0%,27.8%
2714,屠魔战士,2.5%,364.38,8,9.2%,10.8%
2715,金箍棒传奇2：沙僧的逆袭,1.2%,173.22,11,3.7%,22.2%
2716,末日崩塌,0.9%,129.39,35,0.5%,25.4%
2717,超能兔战队,0.4%,64.00,9,1.6%,16.3%
2718,阿里巴巴大盗奇兵,0.2%,37.24,11,0.8%,24.7%
2719,土豪520,0.2%,33.93,5,1.5%,16.6%
2720,旋风九日,0.2%,31.29,15,0.3%,80.0%
2721,十二公民,<0.1%,12.78,8,0.3%,16.0%
2722,何以笙箫默,<0.1%,8.08,7,0.1%,17.5%
2723,战狼,<0.1%,7.95,12,0.1%,17.2%
2724,夺命旅行,<0.1%,7.91,4,0.5%,10.1%
2725,超能查派,<0.1%,6.03,7,0.1%,16.1%
2726,左耳,<0.1%,5.74,7,0.1%,18.8%
2727,龟兔再跑,<0.1%,3.68,11,0.1%,7.6%
2728,天亮·分手,<0.1%,3.35,2,0.5%,5.2%
2729,麦兜我和我妈妈,<0.1%,2.59,519,<0.1%,100%
2730,妈咪侠,<0.1%,2.58,4,0.2%,6.8%
2731,重生爱人,<0.1%,2.34,3,0.2%,16.2%
2732,天边的孩子,<0.1%,1.70,2,0.2%,5.9%
2733,医缘,<0.1%,1.65,165,<0.1%,--
2734,西藏天空,<0.1%,1.58,288,<0.1%,--
2735,特功明星,<0.1%,1.32,24,<0.1%,64.4%
2736,通道转兵,<0.1%,1.08,52,<0.1%,--
2737,末日崩塌,55.7%,3411.26,20,32.7%,19.3%
2738,哆啦A梦：伴我同行,27.8%,1703.28,15,24.5%,16.5%
2739,复仇者联盟2：奥创纪元,6.1%,374.96,8,9.9%,10.5%
2740,我的个神啊,4.5%,281.23,10,6.7%,17.0%
2741,明日世界,3.3%,204.58,5,11.5%,6.2%
2742,屠魔战士,0.9%,59.35,3,5.7%,3.6%
2743,潜艇总动员之时光宝盒,0.3%,23.41,3,2.6%,4.0%
2744,旋风九日,0.2%,18.17,16,0.2%,45.3%
2745,土豪520,0.2%,13.29,3,1.4%,8.0%
2746,十二公民,0.1%,6.82,5,0.3%,13.0%
2747,夺命旅行,<0.1%,4.07,2,0.6%,6.5%
2748,金箍棒传奇2：沙僧的逆袭,<0.1%,2.93,1,1.0%,2.4%
2749,何以笙箫默,<0.1%,2.86,4,0.1%,10.1%
2750,麦兜我和我妈妈,<0.1%,2.77,695,<0.1%,--
2751,左耳,<0.1%,2.27,3,0.1%,8.9%
2752,天亮·分手,<0.1%,1.70,1,0.5%,3.2%
2753,霸王别姬(京剧),<0.1%,1.60,45,<0.1%,100%
2754,哺乳期的女人,<0.1%,1.38,23,<0.1%,81.8%
2755,通道转兵,<0.1%,1.21,57,<0.1%,--
2756,重生爱人,<0.1%,1.14,2,0.2%,7.3%
2757,超能查派,<0.1%,1.11,2,0.1%,4.6%
2758,末日崩塌,60.6%,3486.02,20,33.7%,19.7%
2759,哆啦A梦：伴我同行,23.9%,1377.31,12,24.4%,13.5%
2760,复仇者联盟2：奥创纪元,5.5%,316.93,7,9.8%,9.0%
2761,我的个神啊,4.3%,249.04,9,6.9%,14.6%
2762,明日世界,3.1%,180.32,4,11.1%,5.8%
2763,屠魔战士,0.8%,50.02,2,5.4%,3.3%
2764,旋风九日,0.3%,20.65,17,0.2%,47.0%
2765,潜艇总动员之时光宝盒,0.2%,14.95,2,2.3%,3.0%
2766,土豪520,0.2%,13.77,3,1.4%,8.8%
2767,十二公民,0.1%,7.83,6,0.3%,13.9%
2768,麦兜我和我妈妈,<0.1%,4.25,851,<0.1%,--
2769,夺命旅行,<0.1%,3.76,2,0.6%,5.6%
2770,金箍棒传奇2：沙僧的逆袭,<0.1%,2.12,1,0.9%,2.0%
2771,何以笙箫默,<0.1%,2.05,3,0.1%,7.7%
2772,左耳,<0.1%,2.02,3,0.1%,8.4%
2773,超能兔战队,<0.1%,1.85,2,0.2%,2.1%
2774,天亮·分手,<0.1%,1.82,1,0.5%,3.4%
2775,寻找声音的耳朵,<0.1%,1.73,256,<0.1%,100%
2776,焦裕禄,<0.1%,1.50,63,<0.1%,100%
2777,哺乳期的女人,<0.1%,1.49,21,<0.1%,77.4%
2778,超能查派,<0.1%,1.28,2,0.1%,4.2%
2779,顺风车,<0.1%,1.14,285,<0.1%,--
2780,重生爱人,<0.1%,1.03,2,0.2%,6.6%
2781,末日崩塌,64.1%,3498.59,20,34.2%,19.6%
2782,哆啦A梦：伴我同行,20.4%,1116.59,10,24.6%,11.1%
2783,复仇者联盟2：奥创纪元,5.4%,294.50,6,9.7%,8.8%
2784,我的个神啊,4.4%,244.01,8,7.1%,13.9%
2785,明日世界,3.1%,173.44,4,10.8%,5.9%
2786,屠魔战士,0.8%,48.15,2,5.3%,3.4%
2787,旋风九日,0.3%,20.18,17,0.2%,46.8%
2788,土豪520,0.2%,13.02,3,1.4%,8.2%
2789,潜艇总动员之时光宝盒,0.1%,9.23,1,2.0%,2.0%
2790,十二公民,0.1%,6.72,5,0.3%,10.9%
2791,夺命旅行,<0.1%,4.26,2,0.6%,6.0%
2792,哺乳期的女人,<0.1%,2.67,35,<0.1%,69.6%
2793,何以笙箫默,<0.1%,2.50,4,0.1%,9.7%
2794,左耳,<0.1%,2.06,3,0.1%,8.1%
2795,超能兔战队,<0.1%,1.84,2,0.2%,2.4%
2796,天亮·分手,<0.1%,1.68,1,0.4%,3.3%
2797,金箍棒传奇2：沙僧的逆袭,<0.1%,1.67,1,0.8%,1.7%
2798,通道转兵,<0.1%,1.57,62,<0.1%,--
2799,寻找声音的耳朵,<0.1%,1.15,144,<0.1%,74.9%
2800,超能查派,<0.1%,1.13,2,0.1%,3.5%
2801,重生爱人,<0.1%,1.08,2,0.2%,9.5%
2802,末日崩塌,63.5%,5000.84,28,33.4%,28.2%
2803,哆啦A梦：伴我同行,21.8%,1722.14,16,23.1%,18.4%
2804,复仇者联盟2：奥创纪元,5.0%,393.80,9,8.1%,14.3%
2805,我的个神啊,3.7%,297.44,12,5.8%,20.7%
2806,明日世界,2.6%,205.28,6,7.8%,10.2%
2807,异种,1.1%,87.25,4,5.8%,7.7%
2808,搏击迷城,0.6%,49.78,2,5.8%,2.8%
2809,屠魔战士,0.3%,31.27,3,2.8%,5.2%
2810,潜艇总动员之时光宝盒,0.2%,19.87,3,1.7%,5.8%
2811,旋风九日,0.2%,17.94,17,0.2%,41.7%
2812,顺风车,0.1%,10.59,2,1.5%,4.0%
2813,土豪520,0.1%,7.93,3,0.7%,10.6%
2814,十二公民,<0.1%,7.45,7,0.2%,15.9%
2815,金箍棒传奇2：沙僧的逆袭,<0.1%,3.31,2,0.6%,5.9%
2816,何以笙箫默,<0.1%,3.14,7,0.1%,21.5%
2817,超能兔战队,<0.1%,2.21,3,0.1%,6.8%
2818,左耳,<0.1%,2.00,4,0.1%,11.6%
2819,通道转兵,<0.1%,1.55,60,<0.1%,--
2820,夺命旅行,<0.1%,1.55,2,0.2%,8.5%
2821,狼图腾,<0.1%,1.52,96,<0.1%,98.9%
2822,母亲的梦想,<0.1%,1.14,254,<0.1%,--
2823,超能查派,<0.1%,1.09,3,<0.1%,5.9%
2824,末日崩塌,58.7%,8670.91,45,33.4%,45.0%
2825,哆啦A梦：伴我同行,25.6%,3790.03,29,25.0%,35.5%
2826,复仇者联盟2：奥创纪元,5.6%,828.01,19,7.8%,30.0%
2827,我的个神啊,3.8%,571.89,22,5.6%,38.9%
2828,明日世界,2.5%,373.53,11,6.8%,20.7%
2829,潜艇总动员之时光宝盒,1.3%,204.33,10,4.5%,17.7%
2830,异种,0.7%,105.55,5,5.0%,10.3%
2831,屠魔战士,0.3%,52.23,5,2.2%,10.3%
2832,搏击迷城,0.3%,49.52,3,4.3%,3.5%
2833,金箍棒传奇2：沙僧的逆袭,0.2%,33.37,6,1.3%,17.5%
2834,十二公民,<0.1%,13.65,16,0.1%,35.2%
2835,顺风车,<0.1%,11.60,3,0.9%,7.4%
2836,旋风九日,<0.1%,11.37,13,0.1%,37.5%
2837,土豪520,<0.1%,10.31,4,0.6%,16.0%
2838,何以笙箫默,<0.1%,5.50,11,0.1%,37.9%
2839,超能兔战队,<0.1%,4.16,3,0.3%,7.2%
2840,重生爱人,<0.1%,3.94,6,0.1%,40.2%
2841,杀破狼2,<0.1%,3.24,142,<0.1%,100%
2842,左耳,<0.1%,3.13,6,0.1%,16.1%
2843,霸王别姬(京剧),<0.1%,2.18,59,<0.1%,100%
2844,超能查派,<0.1%,2.18,5,<0.1%,13.7%
2845,狼图腾,<0.1%,2.09,40,<0.1%,47.5%
2846,通道转兵,<0.1%,1.96,69,<0.1%,--
2847,阿里巴巴大盗奇兵,<0.1%,1.81,4,0.1%,12.6%
2848,夺命旅行,<0.1%,1.37,2,0.1%,18.0%
2849,末日崩塌,60.7%,7696.52,40,33.9%,39.7%
2850,哆啦A梦：伴我同行,23.2%,2949.45,23,25.2%,27.7%
2851,复仇者联盟2：奥创纪元,5.5%,709.30,16,7.9%,25.6%
2852,我的个神啊,4.0%,511.53,19,5.8%,32.7%
2853,明日世界,2.4%,315.49,10,6.7%,18.0%
2854,潜艇总动员之时光宝盒,1.6%,213.20,10,4.4%,18.5%
2855,异种,0.6%,80.77,4,4.8%,8.4%
2856,屠魔战士,0.4%,50.71,5,2.2%,10.4%
2857,金箍棒传奇2：沙僧的逆袭,0.2%,36.03,6,1.3%,18.7%
2858,搏击迷城,0.2%,35.94,2,3.6%,3.0%
2859,十二公民,0.1%,13.26,14,0.1%,31.3%
2860,土豪520,<0.1%,11.50,4,0.6%,17.4%
2861,顺风车,<0.1%,9.24,3,0.8%,7.1%
2862,超能兔战队,<0.1%,4.73,3,0.3%,7.9%
2863,旋风九日,<0.1%,4.19,6,0.1%,15.3%
2864,左耳,<0.1%,3.98,6,0.1%,21.1%
2865,何以笙箫默,<0.1%,3.95,7,0.1%,22.9%
2866,通道转兵,<0.1%,1.95,82,<0.1%,--
2867,狼图腾,<0.1%,1.85,31,<0.1%,45.3%
2868,超能查派,<0.1%,1.74,5,<0.1%,13.9%
2869,夺命旅行,<0.1%,1.35,2,0.1%,17.3%
2870,迷与狂,<0.1%,1.26,14,<0.1%,67.4%
2871,阿里巴巴大盗奇兵,<0.1%,1.25,3,0.1%,8.4%
2872,霸王别姬(京剧),<0.1%,1.23,71,<0.1%,88.9%
2873,焦裕禄,<0.1%,1.21,49,<0.1%,100%
2874,重生爱人,<0.1%,1.13,2,0.1%,13.4%
2875,天亮·分手,<0.1%,1.09,2,0.1%,10.2%
2876,悬战,<0.1%,1.04,21,<0.1%,100%
2877,末日崩塌,66.9%,3527.59,20,35.3%,19.8%
2878,哆啦A梦：伴我同行,16.0%,846.87,8,24.1%,9.1%
2879,复仇者联盟2：奥创纪元,6.3%,336.39,8,8.5%,12.7%
2880,我的个神啊,4.6%,247.26,9,6.6%,15.4%
2881,明日世界,2.7%,146.42,5,7.6%,8.2%
2882,异种,1.1%,59.13,3,5.0%,6.5%
2883,屠魔战士,0.5%,28.86,3,2.6%,5.5%
2884,搏击迷城,0.3%,20.23,2,3.6%,1.9%
2885,潜艇总动员之时光宝盒,0.2%,12.54,2,1.8%,3.3%
2886,土豪520,0.1%,7.61,3,0.7%,10.4%
2887,十二公民,0.1%,6.14,7,0.2%,12.8%
2888,顺风车,<0.1%,3.81,2,0.9%,2.5%
2889,旋风九日,<0.1%,3.25,5,0.1%,11.2%
2890,金箍棒传奇2：沙僧的逆袭,<0.1%,2.76,1,0.6%,4.0%
2891,左耳,<0.1%,2.67,4,0.1%,9.8%
2892,何以笙箫默,<0.1%,2.09,3,0.1%,9.2%
2893,我是谁2015,<0.1%,1.72,144,<0.1%,98.6%
2894,天亮·分手,<0.1%,1.39,3,0.2%,17.0%
2895,夺命旅行,<0.1%,1.13,2,0.2%,9.7%
2896,末日崩塌,56.6%,3389.09,19,34.9%,19.2%
2897,侏罗纪世界,14.2%,853.95,64,2.3%,50.1%
2898,哆啦A梦：伴我同行,13.1%,787.07,7,23.5%,8.7%
2899,复仇者联盟2：奥创纪元,6.7%,403.63,10,8.6%,15.0%
2900,我的个神啊,4.2%,251.95,9,6.7%,15.6%
2901,明日世界,2.5%,153.57,5,7.5%,9.0%
2902,异种,0.7%,44.94,3,4.7%,5.4%
2903,屠魔战士,0.4%,28.63,3,2.6%,5.6%
2904,搏击迷城,0.2%,15.30,2,3.0%,1.8%
2905,潜艇总动员之时光宝盒,0.1%,9.04,2,1.5%,2.8%
2906,土豪520,0.1%,7.89,3,0.8%,10.4%
2907,旋风九日,0.1%,7.73,10,0.1%,23.9%
2908,十二公民,0.1%,6.10,6,0.2%,12.4%
2909,顺风车,<0.1%,5.02,2,0.8%,3.6%
2910,何以笙箫默,<0.1%,3.33,6,0.1%,18.1%
2911,左耳,<0.1%,3.15,4,0.1%,13.3%
2912,天亮·分手,<0.1%,2.22,4,0.2%,27.4%
2913,金箍棒传奇2：沙僧的逆袭,<0.1%,1.53,1,0.6%,2.3%
2914,麦兜我和我妈妈,<0.1%,1.25,250,<0.1%,--
2915,重生爱人,<0.1%,1.24,3,0.1%,16.3%
2916,夺命旅行,<0.1%,1.22,2,0.2%,8.5%
2917,通道转兵,<0.1%,1.10,45,<0.1%,--
2918,侏罗纪世界,80.8%,10112.85,41,48.3%,42.3%
2919,末日崩塌,13.1%,1643.88,17,19.4%,27.0%
2920,哆啦A梦：伴我同行,3.3%,419.97,7,13.6%,11.0%
2921,我的个神啊,0.9%,119.54,7,4.2%,13.3%
2922,复仇者联盟2：奥创纪元,0.8%,103.34,8,2.6%,15.9%
2923,明日世界,0.3%,42.69,3,3.7%,6.0%
2924,异种,0.1%,16.35,2,2.7%,4.3%
2925,侏罗纪公园3D,<0.1%,9.45,13,0.1%,100%
2926,旋风九日,<0.1%,6.01,10,0.1%,26.5%
2927,十二公民,<0.1%,5.25,14,0.1%,32.3%
2928,土豪520,<0.1%,4.88,2,0.6%,10.3%
2929,屠魔战士,<0.1%,3.20,1,0.7%,3.7%
2930,左耳,<0.1%,2.39,4,0.1%,14.7%
2931,潜艇总动员之时光宝盒,<0.1%,2.11,1,0.5%,2.4%
2932,天亮·分手,<0.1%,1.95,4,0.2%,25.3%
2933,搏击迷城,<0.1%,1.80,1,0.6%,1.6%
2934,何以笙箫默,<0.1%,1.71,5,0.1%,18.8%
2935,通道转兵,<0.1%,1.47,69,<0.1%,--
2936,闯入者,<0.1%,1.28,17,<0.1%,41.8%
2937,顺风车,<0.1%,1.04,1,0.4%,2.9%
2938,麦兜我和我妈妈,<0.1%,1.04,347,<0.1%,--
