,电影,票房占比,综合票房,场均人次,排片占比,上座率
0,霍比特人3：五军之战,76.3%,11944.53,57,44.5%,48.5%
1,重返20岁,8.7%,1366.43,24,14.9%,31.6%
2,博物馆奇妙夜3,4.8%,751.52,24,8.2%,31.0%
3,第七子：降魔之战,3.2%,505.25,10,11.0%,11.9%
4,智取威虎山,2.0%,326.98,25,2.8%,32.9%
5,怪谈,0.8%,138.83,6,5.5%,8.9%
6,斑马总动员,0.6%,109.27,13,2.0%,17.3%
7,谍·莲花,0.5%,84.08,56,0.2%,78.4%
8,十万个冷笑话,0.4%,64.15,11,1.4%,17.4%
9,抢劫坚果店,0.3%,55.86,13,1.1%,21.8%
10,暴走神探,0.3%,52.66,6,1.3%,6.4%
11,功夫3D,0.2%,31.46,5,1.3%,6.1%
12,黄金福将,0.1%,22.21,3,1.9%,6.1%
13,闯堂兔2：疯狂马戏团,0.1%,20.65,7,0.7%,10.1%
14,我要你开花,0.1%,20.60,6,0.6%,9.4%
15,味道中国,0.1%,17.73,4,1.0%,6.0%
16,龙骑侠,<0.1%,15.57,5,0.6%,8.2%
17,一代宗师3D,<0.1%,13.24,11,0.2%,12.7%
18,盲探,<0.1%,9.38,--,<0.1%,<0.1%
19,喜羊羊与灰太狼之羊年喜羊羊,<0.1%,8.99,108,<0.1%,45.5%
20,霍比特人3：五军之战,72.3%,9792.29,47,44.7%,40.5%
21,重返20岁,9.2%,1246.40,21,15.2%,27.7%
22,博物馆奇妙夜3,5.1%,692.97,22,8.4%,29.0%
23,熊出没之雪岭熊风,3.2%,435.91,105,1.0%,88.4%
24,第七子：降魔之战,3.1%,429.64,10,10.3%,12.2%
25,智取威虎山,2.0%,284.35,23,2.6%,30.8%
26,怪谈,0.8%,111.29,6,5.2%,9.0%
27,斑马总动员,0.6%,94.38,12,1.9%,16.6%
28,谍·莲花,0.5%,80.50,53,0.2%,73.5%
29,十万个冷笑话,0.4%,57.91,10,1.4%,15.9%
30,暴走神探,0.3%,53.20,7,1.3%,7.5%
31,抢劫坚果店,0.3%,48.02,12,1.0%,20.6%
32,功夫3D,0.2%,29.69,5,1.2%,6.2%
33,黄金福将,0.1%,18.82,3,1.8%,6.3%
34,闯堂兔2：疯狂马戏团,0.1%,16.60,6,0.6%,8.6%
35,味道中国,0.1%,14.83,4,0.9%,5.9%
36,龙骑侠,<0.1%,13.35,5,0.6%,8.2%
37,一代宗师3D,<0.1%,12.90,10,0.1%,11.2%
38,盲探,<0.1%,10.02,--,<0.1%,--
39,我要你开花,<0.1%,9.45,3,0.6%,5.1%
40,霍比特人3：五军之战,72.0%,4107.20,21,45.4%,18.0%
41,重返20岁,11.8%,676.72,12,16.8%,15.6%
42,博物馆奇妙夜3,5.3%,303.57,9,9.4%,11.8%
43,第七子：降魔之战,3.8%,222.24,5,11.4%,6.2%
44,智取威虎山,1.9%,113.25,11,2.5%,15.1%
45,怪谈,1.3%,75.26,4,5.6%,6.0%
46,暴走神探,0.4%,27.66,3,1.5%,3.1%
47,谍·莲花,0.4%,26.83,23,0.2%,28.5%
48,十万个冷笑话,0.4%,22.83,6,1.0%,9.1%
49,斑马总动员,0.2%,16.92,5,0.8%,7.0%
50,功夫3D,0.2%,15.56,2,1.4%,2.5%
51,黄金福将,0.2%,14.34,2,2.0%,4.3%
52,盲探,0.1%,6.96,--,<0.1%,--
53,潜艇总动员,0.1%,6.92,--,<0.1%,--
54,一夜惊喜,0.1%,6.26,--,<0.1%,<0.1%
55,一代宗师3D,0.1%,6.05,5,0.2%,5.4%
56,白日焰火,<0.1%,5.35,--,<0.1%,--
57,推拿,<0.1%,5.32,110,<0.1%,100%
58,味道中国,<0.1%,4.64,1,0.9%,1.4%
59,微爱之渐入佳境,<0.1%,4.50,6,0.1%,11.9%
60,霍比特人3：五军之战,69.7%,3789.87,20,44.7%,17.2%
61,重返20岁,12.5%,684.29,12,16.9%,15.7%
62,博物馆奇妙夜3,6.2%,339.60,11,9.5%,14.3%
63,第七子：降魔之战,4.2%,229.61,5,10.8%,6.3%
64,智取威虎山,2.4%,131.66,12,2.6%,16.0%
65,怪谈,1.3%,73.30,4,5.1%,6.0%
66,暴走神探,0.5%,27.62,4,1.4%,4.2%
67,谍·莲花,0.4%,26.53,24,0.2%,30.8%
68,十万个冷笑话,0.3%,21.71,6,1.0%,9.5%
69,斑马总动员,0.3%,20.32,6,0.8%,8.7%
70,功夫3D,0.2%,14.24,2,1.3%,2.6%
71,黄金福将,0.2%,12.62,2,1.7%,4.5%
72,奔驰的大葱,0.1%,7.04,2,1.0%,3.8%
73,一代宗师3D,0.1%,5.62,5,0.2%,5.0%
74,味道中国,<0.1%,4.03,1,0.7%,1.4%
75,微爱之渐入佳境,<0.1%,3.87,5,0.1%,9.3%
76,闯堂兔2：疯狂马戏团,<0.1%,3.56,4,0.2%,5.4%
77,奇缘灰姑娘,<0.1%,3.45,0,0.3%,6.6%
78,怨灵人偶,<0.1%,3.34,2,0.3%,6.8%
79,前目的地,<0.1%,3.05,2,0.3%,4.7%
80,霍比特人3：五军之战,66.3%,3211.60,17,44.2%,14.4%
81,重返20岁,13.6%,662.97,11,17.0%,14.0%
82,博物馆奇妙夜3,7.0%,339.54,10,9.6%,13.2%
83,第七子：降魔之战,4.6%,224.75,5,10.7%,6.1%
84,智取威虎山,2.5%,123.59,11,2.7%,15.0%
85,怪谈,1.4%,68.19,4,5.1%,5.7%
86,谍·莲花,1.2%,58.79,44,0.2%,47.3%
87,暴走神探,0.5%,27.55,4,1.3%,4.2%
88,十万个冷笑话,0.4%,22.04,6,1.0%,9.7%
89,斑马总动员,0.4%,19.90,6,0.9%,8.8%
90,功夫3D,0.2%,14.21,2,1.3%,2.6%
91,黄金福将,0.2%,12.11,2,1.6%,4.5%
92,奔驰的大葱,0.1%,6.16,2,0.9%,4.0%
93,味道中国,0.1%,5.96,2,0.7%,3.0%
94,一代宗师3D,0.1%,5.42,5,0.2%,5.3%
95,闯堂兔2：疯狂马戏团,<0.1%,3.98,4,0.2%,5.8%
96,怨灵人偶,<0.1%,3.90,3,0.3%,9.8%
97,微爱之渐入佳境,<0.1%,3.68,5,0.1%,10.0%
98,奇缘灰姑娘,<0.1%,3.66,0,0.3%,5.3%
99,我要你开花,<0.1%,3.43,1,0.5%,2.3%
100,霍比特人3：五军之战,61.9%,2846.34,15,43.8%,12.7%
101,重返20岁,13.8%,638.15,11,16.7%,14.0%
102,博物馆奇妙夜3,7.3%,337.32,11,9.4%,14.3%
103,第七子：降魔之战,4.5%,208.05,5,9.8%,6.2%
104,智取威虎山,2.7%,126.95,12,2.6%,16.0%
105,热血男人帮,2.0%,94.30,5,5.0%,7.8%
106,奔跑吧！兄弟,1.9%,88.72,42,<0.1%,43.9%
107,谍·莲花,1.3%,61.61,58,0.2%,55.8%
108,怪谈,1.1%,54.77,4,4.3%,6.0%
109,暴走神探,0.4%,22.04,3,1.1%,3.1%
110,十万个冷笑话,0.4%,20.04,5,0.9%,7.9%
111,斑马总动员,0.4%,20.03,6,0.9%,8.5%
112,功夫3D,0.2%,12.52,3,1.1%,3.9%
113,黄金福将,0.1%,8.23,2,1.3%,4.9%
114,味道中国,0.1%,5.76,3,0.5%,4.7%
115,一代宗师3D,0.1%,5.69,5,0.2%,5.1%
116,怨灵人偶,<0.1%,3.76,2,0.3%,6.7%
117,奇缘灰姑娘,<0.1%,3.59,0,0.2%,4.1%
118,奔驰的大葱,<0.1%,3.50,1,0.6%,2.5%
119,亡命地中海,<0.1%,3.30,7,0.1%,6.9%
120,奔跑吧！兄弟,52.1%,7981.72,54,36.1%,55.1%
121,霍比特人3：五军之战,22.0%,3370.41,28,23.6%,23.5%
122,熊出没之雪岭熊风,18.1%,2772.31,33,18.5%,36.7%
123,坚不可摧,2.9%,455.19,13,8.6%,15.6%
124,重返20岁,1.4%,224.53,14,3.8%,22.8%
125,有种你爱我,0.9%,139.19,19,1.8%,24.5%
126,博物馆奇妙夜3,0.7%,107.80,18,1.3%,25.6%
127,谍·莲花,0.4%,61.45,96,<0.1%,79.1%
128,智取威虎山,0.2%,41.93,19,0.4%,29.0%
129,第七子：降魔之战,0.2%,32.18,6,1.0%,9.9%
130,热血男人帮,0.1%,20.86,3,1.2%,4.6%
131,喜羊羊与灰太狼之羊年喜羊羊,0.1%,16.26,152,<0.1%,100%
132,时光大战,<0.1%,14.08,3,1.4%,5.3%
133,怪谈,<0.1%,11.74,4,0.7%,6.4%
134,功夫3D,<0.1%,4.22,6,<0.1%,12.5%
135,天河,<0.1%,3.91,--,<0.1%,95.6%
136,文字国历险记之浩昊三战怪怪城,<0.1%,3.56,0,<0.1%,--
137,青涩日记,<0.1%,2.85,0,<0.1%,24.6%
138,怨灵人偶,<0.1%,2.82,3,0.1%,10.2%
139,味道中国,<0.1%,2.69,--,<0.1%,22.9%
140,黄金福将,<0.1%,2.52,0,0.4%,4.3%
141,奔跑吧！兄弟,41.9%,8580.84,50,37.5%,48.6%
142,霍比特人3：五军之战,24.9%,5111.77,48,18.2%,42.1%
143,熊出没之雪岭熊风,19.6%,4026.75,43,18.0%,48.1%
144,喜羊羊与灰太狼之羊年喜羊羊,7.2%,1475.44,26,12.5%,33.3%
145,坚不可摧,2.6%,544.67,24,4.8%,32.7%
146,重返20岁,1.1%,234.85,22,2.1%,40.2%
147,博物馆奇妙夜3,0.6%,124.25,32,0.7%,46.5%
148,谍·莲花,0.2%,52.07,104,<0.1%,76.5%
149,智取威虎山,0.2%,46.04,30,0.2%,49.3%
150,第七子：降魔之战,0.1%,28.82,10,0.4%,18.8%
151,热血男人帮,<0.1%,13.95,4,0.6%,6.1%
152,怪谈,<0.1%,13.82,6,0.4%,9.4%
153,时光大战,<0.1%,8.54,3,0.5%,6.0%
154,我要你开花,<0.1%,2.90,7,<0.1%,32.1%
155,十万个冷笑话,<0.1%,2.72,11,<0.1%,26.9%
156,一代宗师3D,<0.1%,2.55,17,<0.1%,13.5%
157,功夫3D,<0.1%,2.37,6,<0.1%,12.0%
158,暴走神探,<0.1%,2.25,9,<0.1%,11.1%
159,建党伟业,<0.1%,2.24,--,<0.1%,--
160,奔跑吧！兄弟,39.6%,6447.74,39,38.0%,36.1%
161,霍比特人3：五军之战,24.7%,4026.55,43,18.0%,37.9%
162,熊出没之雪岭熊风,20.7%,3382.96,35,18.5%,38.1%
163,喜羊羊与灰太狼之羊年喜羊羊,7.0%,1140.06,22,12.4%,28.0%
164,坚不可摧,2.7%,455.38,26,4.7%,35.0%
165,重返20岁,1.2%,205.92,24,2.1%,43.0%
166,博物馆奇妙夜3,0.7%,117.58,39,0.7%,54.0%
167,谍·莲花,0.3%,53.11,132,<0.1%,94.0%
168,时光大战,0.2%,34.70,16,0.4%,30.1%
169,智取威虎山,0.2%,32.66,30,0.2%,46.9%
170,第七子：降魔之战,0.1%,22.38,15,0.4%,26.4%
171,热血男人帮,<0.1%,14.06,14,0.5%,23.5%
172,奔驰的大葱,<0.1%,11.49,52,<0.1%,100%
173,怪谈,<0.1%,6.39,7,0.4%,11.7%
174,王牌,<0.1%,5.32,51,<0.1%,84.3%
175,热情奏鸣曲,<0.1%,2.81,300,<0.1%,--
176,功夫3D,<0.1%,2.19,9,<0.1%,20.0%
177,十万个冷笑话,<0.1%,2.03,21,<0.1%,46.1%
178,一代宗师3D,<0.1%,1.97,23,<0.1%,17.6%
179,西藏天空,<0.1%,1.65,--,<0.1%,22.7%
180,前目的地,<0.1%,1.07,7,<0.1%,57.1%
181,窃听风云2,<0.1%,1.02,50,<0.1%,33.3%
182,奔跑吧！兄弟,42.2%,2986.64,19,38.0%,17.4%
183,霍比特人3：五军之战,25.9%,1835.10,18,19.2%,16.0%
184,熊出没之雪岭熊风,16.9%,1202.09,15,17.2%,16.5%
185,喜羊羊与灰太狼之羊年喜羊羊,5.4%,382.07,8,11.1%,10.1%
186,坚不可摧,4.4%,315.19,12,5.8%,16.2%
187,重返20岁,1.9%,139.22,12,2.5%,20.7%
188,博物馆奇妙夜3,0.8%,61.63,15,0.8%,21.8%
189,智取威虎山,0.4%,29.54,16,0.3%,22.3%
190,第七子：降魔之战,0.2%,17.91,5,0.5%,8.9%
191,有一个地方只有我们知道,0.1%,13.77,--,<0.1%,--
192,怪谈,0.1%,9.85,4,0.5%,6.8%
193,热血男人帮,<0.1%,7.05,2,0.5%,3.8%
194,有种你爱我,<0.1%,4.27,64,<0.1%,80.0%
195,神探驾到,<0.1%,3.74,111,<0.1%,75.6%
196,谍·莲花,<0.1%,3.62,28,<0.1%,16.3%
197,时光大战,<0.1%,3.16,2,0.4%,4.1%
198,狼图腾,<0.1%,2.37,--,<0.1%,--
199,奇缘灰姑娘,<0.1%,1.22,10,<0.1%,43.2%
200,一路惊喜,<0.1%,1.20,80,<0.1%,100%
201,奔跑吧！兄弟,38.9%,2709.22,18,37.5%,17.0%
202,霍比特人3：五军之战,27.6%,1921.06,19,19.4%,17.5%
203,熊出没之雪岭熊风,17.3%,1207.47,15,17.1%,17.1%
204,喜羊羊与灰太狼之羊年喜羊羊,5.4%,380.70,9,10.7%,11.6%
205,坚不可摧,5.0%,352.54,13,6.1%,18.1%
206,重返20岁,2.1%,151.13,13,2.6%,22.9%
207,博物馆奇妙夜3,0.8%,62.34,16,0.9%,23.7%
208,智取威虎山,0.4%,31.79,15,0.3%,21.9%
209,有一个地方只有我们知道,0.3%,25.18,367,<0.1%,62.0%
210,第七子：降魔之战,0.2%,18.95,6,0.5%,11.9%
211,谍·莲花,0.1%,13.75,74,<0.1%,69.7%
212,怪谈,0.1%,11.10,5,0.5%,7.9%
213,奔驰的大葱,0.1%,10.97,36,<0.1%,100%
214,热血男人帮,0.1%,7.68,3,0.5%,5.4%
215,有种你爱我,<0.1%,4.49,100,<0.1%,100%
216,一代宗师3D,<0.1%,3.53,32,<0.1%,27.4%
217,神探驾到,<0.1%,2.66,120,<0.1%,100%
218,蜡笔总动员,<0.1%,2.65,90,<0.1%,66.0%
219,时光大战,<0.1%,2.64,1,0.4%,2.2%
220,一路惊喜,<0.1%,2.38,58,<0.1%,40.6%
221,功夫3D,<0.1%,1.41,--,<0.1%,3.1%
222,西藏天空,<0.1%,1.41,29,<0.1%,21.6%
223,黄金福将,<0.1%,1.29,--,<0.1%,2.7%
224,奔跑吧！兄弟,37.4%,2330.09,16,36.8%,15.2%
225,霍比特人3：五军之战,27.6%,1720.71,17,19.5%,15.6%
226,熊出没之雪岭熊风,17.2%,1074.04,14,17.3%,16.2%
227,坚不可摧,5.7%,357.23,13,6.3%,18.0%
228,喜羊羊与灰太狼之羊年喜羊羊,5.4%,341.85,8,10.5%,10.4%
229,重返20岁,2.5%,157.05,13,2.7%,22.3%
230,博物馆奇妙夜3,0.8%,54.45,15,0.8%,22.4%
231,智取威虎山,0.7%,47.04,18,0.4%,25.2%
232,钟馗伏魔：雪妖魔灵,0.6%,37.56,--,<0.1%,99.0%
233,第七子：降魔之战,0.3%,20.21,5,0.6%,9.6%
234,有一个地方只有我们知道,0.1%,11.30,240,<0.1%,88.2%
235,怪谈,0.1%,10.52,4,0.5%,6.5%
236,谍·莲花,0.1%,10.45,70,<0.1%,60.3%
237,热血男人帮,0.1%,7.22,3,0.5%,5.7%
238,奔驰的大葱,0.1%,6.72,19,<0.1%,83.0%
239,有种你爱我,<0.1%,2.50,64,<0.1%,79.2%
240,一代宗师3D,<0.1%,2.39,16,<0.1%,15.8%
241,时光大战,<0.1%,2.06,1,0.3%,2.4%
242,前目的地,<0.1%,1.51,6,<0.1%,36.5%
243,安妮：纽约奇缘,<0.1%,1.38,78,<0.1%,100%
244,味道中国,<0.1%,1.28,--,<0.1%,12.9%
245,黄金福将,<0.1%,1.06,1,0.1%,8.3%
246,亡命地中海,<0.1%,1.01,13,<0.1%,10.6%
247,奔跑吧！兄弟,35.2%,2077.18,14,35.1%,13.3%
248,霍比特人3：五军之战,27.6%,1629.71,16,19.4%,14.5%
249,熊出没之雪岭熊风,17.2%,1015.04,14,15.9%,16.0%
250,坚不可摧,6.0%,355.85,13,6.4%,17.8%
251,喜羊羊与灰太狼之羊年喜羊羊,4.6%,275.82,9,7.7%,11.4%
252,摩尔庄园3：魔幻列车大冒险,3.1%,185.08,6,7.9%,7.8%
253,重返20岁,2.6%,153.83,13,2.7%,22.6%
254,智取威虎山,0.6%,40.41,14,0.5%,18.3%
255,第七子：降魔之战,0.3%,21.66,6,0.6%,11.1%
256,一路惊喜,0.3%,20.41,22,<0.1%,26.1%
257,怪谈,0.1%,10.42,4,0.5%,6.9%
258,狼图腾,0.1%,9.85,--,<0.1%,22.9%
259,有一个地方只有我们知道,0.1%,9.15,214,<0.1%,83.5%
260,神探驾到,0.1%,7.56,17,<0.1%,32.1%
261,死亡之谜,0.1%,7.49,6,0.3%,6.1%
262,天将雄师,0.1%,7.46,163,<0.1%,100%
263,有种你爱我,0.1%,6.75,29,<0.1%,39.6%
264,热血男人帮,<0.1%,5.49,2,0.4%,4.2%
265,味道中国,<0.1%,3.24,18,<0.1%,15.5%
266,奔跑吧！兄弟,20.4%,1660.32,18,20.5%,16.7%
267,霍比特人3：五军之战,19.1%,1557.54,25,10.8%,21.1%
268,一路惊喜,14.9%,1211.06,18,15.3%,18.8%
269,熊出没之雪岭熊风,12.6%,1023.83,20,10.3%,23.0%
270,神探驾到,12.0%,979.27,16,13.7%,17.2%
271,有种你爱我,11.3%,922.29,17,12.2%,20.7%
272,喜羊羊与灰太狼之羊年喜羊羊,2.5%,210.47,13,3.7%,15.7%
273,坚不可摧,1.7%,144.83,21,1.4%,29.5%
274,蜡笔总动员,1.3%,107.62,6,4.0%,8.3%
275,摩尔庄园3：魔幻列车大冒险,1.2%,102.57,6,3.9%,8.1%
276,死亡之谜,0.7%,59.20,6,2.1%,8.6%
277,重返20岁,0.4%,37.57,15,0.5%,29.7%
278,智取威虎山,0.4%,35.65,29,0.2%,36.0%
279,有一个地方只有我们知道,0.2%,17.21,250,<0.1%,100%
280,天将雄师,0.1%,13.74,350,<0.1%,100%
281,第七子：降魔之战,<0.1%,4.13,4,0.1%,7.5%
282,安妮：纽约奇缘,<0.1%,2.36,85,<0.1%,100%
283,我要你开花,<0.1%,2.32,7,<0.1%,28.3%
284,霍比特人3：五军之战,21.2%,2380.34,35,11.2%,29.2%
285,奔跑吧！兄弟,17.7%,1990.89,22,20.3%,20.6%
286,熊出没之雪岭熊风,16.8%,1890.70,32,11.4%,35.6%
287,一路惊喜,12.5%,1412.50,21,14.7%,22.8%
288,有种你爱我,10.4%,1170.92,20,12.6%,24.0%
289,神探驾到,8.3%,932.65,16,12.7%,17.7%
290,喜羊羊与灰太狼之羊年喜羊羊,4.0%,452.70,23,4.3%,28.2%
291,饥饿游戏3：嘲笑鸟（上）,2.2%,253.55,48,<0.1%,34.5%
292,坚不可摧,2.0%,228.13,30,1.4%,39.9%
293,摩尔庄园3：魔幻列车大冒险,1.3%,156.07,9,3.8%,12.1%
294,蜡笔总动员,1.3%,148.47,9,3.8%,12.5%
295,死亡之谜,0.4%,56.09,5,1.9%,7.5%
296,重返20岁,0.4%,54.15,21,0.5%,41.4%
297,智取威虎山,0.3%,34.95,28,0.2%,37.8%
298,天将雄师,0.1%,15.62,220,<0.1%,99.9%
299,第七子：降魔之战,<0.1%,8.65,8,0.1%,24.7%
300,狼图腾,<0.1%,4.61,225,<0.1%,100%
301,有一个地方只有我们知道,<0.1%,3.36,114,<0.1%,63.3%
302,兔侠之青黎传说,<0.1%,2.38,200,<0.1%,84.3%
303,饥饿游戏3：嘲笑鸟（上）,44.0%,5888.74,40,29.3%,32.0%
304,熊出没之雪岭熊风,12.1%,1626.51,31,10.3%,36.8%
305,霍比特人3：五军之战,10.4%,1399.29,36,6.4%,36.6%
306,奔跑吧！兄弟,10.4%,1392.04,21,14.5%,24.0%
307,一路惊喜,6.8%,920.30,20,10.2%,26.0%
308,有种你爱我,6.1%,827.54,19,9.5%,26.6%
309,神探驾到,3.7%,506.50,14,8.1%,17.2%
310,喜羊羊与灰太狼之羊年喜羊羊,2.9%,394.48,24,3.7%,30.8%
311,蜡笔总动员,0.9%,120.41,10,2.7%,14.5%
312,坚不可摧,0.6%,93.07,24,0.7%,34.4%
313,摩尔庄园3：魔幻列车大冒险,0.6%,92.54,9,2.3%,13.6%
314,重返20岁,0.1%,26.54,24,0.2%,46.8%
315,死亡之谜,0.1%,20.94,4,1.0%,6.6%
316,智取威虎山,0.1%,19.63,26,0.1%,35.7%
317,狼图腾,<0.1%,4.86,90,<0.1%,31.8%
318,有一个地方只有我们知道,<0.1%,3.72,--,<0.1%,100.0%
319,第七子：降魔之战,<0.1%,2.65,5,<0.1%,17.7%
320,热情奏鸣曲,<0.1%,1.85,17,<0.1%,21.4%
321,兔侠之青黎传说,<0.1%,1.43,200,<0.1%,100%
322,饥饿游戏3：嘲笑鸟（上）,37.1%,2394.38,17,28.8%,13.8%
323,奔跑吧！兄弟,12.2%,788.34,13,14.6%,15.1%
324,熊出没之雪岭熊风,11.0%,709.29,15,10.1%,18.0%
325,霍比特人3：五军之战,10.6%,687.70,18,6.9%,18.6%
326,一路惊喜,9.5%,617.79,14,10.7%,18.1%
327,有种你爱我,8.7%,564.69,13,9.9%,18.3%
328,神探驾到,4.6%,298.57,9,8.1%,11.2%
329,喜羊羊与灰太狼之羊年喜羊羊,2.3%,152.35,11,3.5%,14.3%
330,坚不可摧,0.7%,50.20,13,0.8%,18.4%
331,蜡笔总动员,0.7%,45.99,5,2.3%,7.5%
332,摩尔庄园3：魔幻列车大冒险,0.5%,37.59,4,2.0%,6.1%
333,有一个地方只有我们知道,0.5%,34.75,29,<0.1%,33.5%
334,死亡之谜,0.2%,18.87,3,1.1%,4.8%
335,重返20岁,0.1%,9.62,20,0.1%,27.9%
336,智取威虎山,0.1%,7.93,13,0.1%,13.5%
337,澳门风云2,<0.1%,6.38,350,<0.1%,100%
338,狼图腾,<0.1%,3.17,120,<0.1%,100%
339,第七子：降魔之战,<0.1%,1.34,3,<0.1%,9.5%
340,有一个地方只有我们知道,43.5%,3737.57,32,28.6%,30.0%
341,饥饿游戏3：嘲笑鸟（上）,22.3%,1915.83,17,23.9%,14.4%
342,熊出没之雪岭熊风,8.1%,700.28,18,8.6%,23.0%
343,霍比特人3：五军之战,7.0%,606.00,21,5.2%,22.4%
344,奔跑吧！兄弟,6.3%,547.13,14,9.6%,19.4%
345,一路惊喜,3.8%,328.83,12,6.5%,17.3%
346,有种你爱我,3.5%,300.54,11,6.4%,17.7%
347,神探驾到,1.7%,154.36,9,4.0%,12.6%
348,喜羊羊与灰太狼之羊年喜羊羊,1.5%,132.50,12,2.7%,17.1%
349,坚不可摧,0.3%,31.50,14,0.4%,21.8%
350,蜡笔总动员,0.3%,29.27,6,1.3%,9.4%
351,摩尔庄园3：魔幻列车大冒险,0.3%,28.95,5,1.2%,8.7%
352,死亡之谜,0.1%,13.79,4,0.6%,6.4%
353,钟馗伏魔：雪妖魔灵,0.1%,10.64,150,<0.1%,100%
354,智取威虎山,0.1%,9.19,21,<0.1%,23.9%
355,爸爸去哪儿2,0.1%,8.96,--,<0.1%,37.7%
356,西藏天空,<0.1%,7.21,--,<0.1%,100.0%
357,甜蜜蜜,<0.1%,4.80,42,<0.1%,49.8%
358,重返20岁,<0.1%,3.24,9,<0.1%,14.5%
359,有一个地方只有我们知道,38.3%,2636.55,21,30.2%,18.0%
360,饥饿游戏3：嘲笑鸟（上）,23.0%,1582.77,14,23.0%,11.3%
361,熊出没之雪岭熊风,9.1%,628.69,16,8.6%,21.8%
362,霍比特人3：五军之战,8.4%,579.27,20,5.5%,20.8%
363,奔跑吧！兄弟,6.8%,472.25,12,9.4%,16.9%
364,一路惊喜,4.3%,300.14,11,6.3%,16.0%
365,有种你爱我,3.9%,272.88,10,6.4%,16.2%
366,神探驾到,1.9%,137.13,9,3.6%,12.7%
367,喜羊羊与灰太狼之羊年喜羊羊,1.7%,123.01,11,2.6%,16.8%
368,坚不可摧,0.4%,32.61,14,0.5%,20.5%
369,摩尔庄园3：魔幻列车大冒险,0.3%,25.91,5,1.1%,10.2%
370,蜡笔总动员,0.3%,24.58,5,1.1%,8.8%
371,智取威虎山,0.1%,12.73,23,0.1%,25.7%
372,死亡之谜,0.1%,9.46,3,0.6%,4.8%
373,爸爸的假期,0.1%,9.02,333,<0.1%,100%
374,钟馗伏魔：雪妖魔灵,0.1%,7.06,144,<0.1%,64.1%
375,澳门风云2,<0.1%,6.51,81,<0.1%,47.0%
376,重返20岁,<0.1%,3.23,9,<0.1%,15.1%
377,谍·莲花,<0.1%,2.65,81,<0.1%,100%
378,有一个地方只有我们知道,36.7%,2372.23,19,29.9%,17.7%
379,饥饿游戏3：嘲笑鸟（上）,22.4%,1447.23,14,21.3%,12.5%
380,熊出没之雪岭熊风,9.6%,621.01,15,8.8%,19.7%
381,霍比特人3：五军之战,8.6%,561.09,19,5.1%,20.7%
382,奔跑吧！兄弟,6.7%,437.32,12,8.7%,17.2%
383,一路惊喜,4.5%,291.70,12,5.7%,18.8%
384,有种你爱我,4.1%,269.36,11,5.8%,18.5%
385,神探驾到,1.8%,119.54,9,2.9%,13.1%
386,喜羊羊与灰太狼之羊年喜羊羊,1.8%,118.08,10,2.7%,14.7%
387,深海挑战,0.8%,56.25,5,2.4%,5.9%
388,新年行动,0.5%,33.99,3,3.0%,4.1%
389,坚不可摧,0.4%,28.59,14,0.4%,22.2%
390,蜡笔总动员,0.3%,22.45,5,1.0%,8.3%
391,摩尔庄园3：魔幻列车大冒险,0.3%,21.60,5,1.0%,9.4%
392,智取威虎山,0.1%,11.60,21,<0.1%,23.3%
393,钟馗伏魔：雪妖魔灵,0.1%,9.97,115,<0.1%,58.4%
394,死亡之谜,0.1%,6.77,3,0.4%,5.0%
395,澳门风云2,<0.1%,4.41,77,<0.1%,32.1%
396,爸爸的假期,<0.1%,3.72,113,<0.1%,67.3%
397,重返20岁,<0.1%,3.32,10,<0.1%,18.2%
398,有一个地方只有我们知道,35.8%,2909.62,23,29.1%,20.6%
399,饥饿游戏3：嘲笑鸟（上）,18.9%,1535.23,16,19.1%,14.3%
400,狼图腾,11.7%,956.34,46,3.9%,34.4%
401,熊出没之雪岭熊风,7.9%,648.76,16,8.6%,20.3%
402,霍比特人3：五军之战,6.6%,538.09,22,4.4%,25.0%
403,奔跑吧！兄弟,5.2%,425.25,13,7.4%,18.3%
404,一路惊喜,3.1%,255.83,13,4.4%,20.4%
405,有种你爱我,3.0%,248.44,12,4.7%,20.4%
406,甜蜜蜜,2.0%,168.63,8,4.5%,10.4%
407,喜羊羊与灰太狼之羊年喜羊羊,1.5%,122.70,11,2.6%,15.8%
408,神探驾到,1.2%,98.08,11,1.8%,13.9%
409,我只要我们在一起,0.4%,39.86,3,3.3%,4.4%
410,深海挑战,0.4%,34.11,5,1.2%,5.6%
411,新年行动,0.3%,26.25,3,1.8%,4.1%
412,坚不可摧,0.3%,24.96,16,0.3%,22.0%
413,蜡笔总动员,0.2%,21.76,6,0.8%,9.1%
414,摩尔庄园3：魔幻列车大冒险,0.2%,20.70,5,0.9%,8.8%
415,智取威虎山,0.2%,19.86,37,<0.1%,34.7%
416,死亡之谜,<0.1%,7.28,4,0.3%,7.4%
417,钟馗伏魔：雪妖魔灵,<0.1%,5.11,113,<0.1%,64.4%
418,有一个地方只有我们知道,42.1%,9396.62,56,31.8%,49.4%
419,狼图腾,15.2%,3400.87,63,8.8%,49.7%
420,饥饿游戏3：嘲笑鸟（上）,15.1%,3371.17,35,16.5%,32.2%
421,霍比特人3：五军之战,4.8%,1087.70,47,3.4%,55.4%
422,熊出没之雪岭熊风,4.8%,1074.40,27,7.4%,33.6%
423,有种你爱我,4.2%,946.11,31,5.6%,55.6%
424,奔跑吧！兄弟,3.6%,814.90,26,6.1%,37.8%
425,一路惊喜,3.1%,713.19,31,4.1%,54.1%
426,甜蜜蜜,2.7%,621.98,21,5.1%,28.4%
427,喜羊羊与灰太狼之羊年喜羊羊,0.9%,205.74,19,2.1%,26.2%
428,我只要我们在一起,0.8%,190.36,10,3.4%,16.0%
429,神探驾到,0.8%,188.67,27,1.3%,38.4%
430,新年行动,0.2%,50.29,9,1.1%,14.5%
431,深海挑战,0.1%,41.41,12,0.5%,13.7%
432,坚不可摧,0.1%,38.27,30,0.2%,47.1%
433,蜡笔总动员,0.1%,36.77,11,0.6%,15.7%
434,智取威虎山,0.1%,31.44,56,<0.1%,48.3%
435,摩尔庄园3：魔幻列车大冒险,0.1%,30.40,8,0.7%,14.1%
436,死亡之谜,<0.1%,19.23,12,0.3%,23.9%
437,重返20岁,<0.1%,10.24,30,<0.1%,40.9%
438,有一个地方只有我们知道,31.8%,2232.93,17,30.6%,14.8%
439,饥饿游戏3：嘲笑鸟（上）,18.5%,1298.00,14,19.0%,12.4%
440,熊出没之雪岭熊风,10.8%,759.51,17,9.2%,21.3%
441,霍比特人3：五军之战,8.4%,591.38,21,4.9%,22.9%
442,奔跑吧！兄弟,5.6%,392.45,12,7.4%,16.7%
443,狼图腾,4.6%,326.86,50,0.9%,27.2%
444,有种你爱我,4.1%,291.95,11,5.9%,18.6%
445,一路惊喜,3.7%,264.47,12,4.8%,19.6%
446,爸爸去哪儿2,3.7%,261.20,66,0.9%,71.4%
447,喜羊羊与灰太狼之羊年喜羊羊,2.0%,144.82,12,2.8%,16.7%
448,甜蜜蜜,1.9%,138.16,6,4.5%,7.8%
449,神探驾到,1.3%,91.15,11,1.7%,14.3%
450,坚不可摧,0.4%,31.30,17,0.3%,22.6%
451,智取威虎山,0.4%,30.25,37,0.1%,32.3%
452,深海挑战,0.3%,27.41,7,0.7%,7.8%
453,我只要我们在一起,0.3%,24.63,2,2.4%,3.0%
454,摩尔庄园3：魔幻列车大冒险,0.3%,24.16,6,0.9%,10.7%
455,蜡笔总动员,0.3%,24.03,7,0.8%,10.1%
456,新年行动,0.2%,20.79,4,1.2%,6.0%
457,死亡之谜,<0.1%,6.86,4,0.3%,7.7%
458,有一个地方只有我们知道,31.2%,1827.66,14,30.6%,12.3%
459,饥饿游戏3：嘲笑鸟（上）,19.0%,1115.43,12,19.2%,10.7%
460,熊出没之雪岭熊风,11.3%,665.03,15,9.4%,19.0%
461,霍比特人3：五军之战,8.9%,523.92,18,5.3%,19.8%
462,奔跑吧！兄弟,6.2%,364.54,11,7.7%,15.4%
463,狼图腾,5.4%,319.39,50,0.8%,25.7%
464,有种你爱我,4.5%,268.48,10,6.0%,17.0%
465,一路惊喜,4.3%,251.94,11,5.1%,18.2%
466,喜羊羊与灰太狼之羊年喜羊羊,2.1%,127.44,11,2.8%,15.7%
467,甜蜜蜜,2.0%,118.76,6,4.1%,7.8%
468,神探驾到,1.3%,78.08,9,1.8%,11.7%
469,坚不可摧,0.5%,34.54,18,0.3%,23.9%
470,智取威虎山,0.4%,29.01,33,0.1%,30.8%
471,深海挑战,0.4%,25.79,7,0.7%,8.0%
472,摩尔庄园3：魔幻列车大冒险,0.4%,24.19,6,0.8%,10.3%
473,蜡笔总动员,0.3%,19.44,6,0.8%,9.2%
474,新年行动,0.3%,19.00,4,1.1%,6.3%
475,我只要我们在一起,0.3%,17.70,2,2.0%,3.1%
476,死亡之谜,0.1%,6.50,4,0.3%,7.8%
477,重返20岁,<0.1%,4.03,14,<0.1%,21.9%
478,有一个地方只有我们知道,27.6%,1447.28,12,30.5%,10.5%
479,饥饿游戏3：嘲笑鸟（上）,19.3%,1013.65,11,19.2%,9.8%
480,熊出没之雪岭熊风,12.2%,640.70,14,9.6%,17.7%
481,霍比特人3：五军之战,10.0%,524.23,18,5.3%,19.7%
482,狼图腾,6.8%,360.27,56,0.8%,28.7%
483,奔跑吧！兄弟,6.3%,332.30,10,7.8%,14.1%
484,有种你爱我,4.3%,227.28,9,6.0%,15.2%
485,一路惊喜,4.3%,225.60,10,5.2%,16.6%
486,喜羊羊与灰太狼之羊年喜羊羊,2.4%,127.75,11,2.9%,15.5%
487,甜蜜蜜,2.0%,104.87,6,3.8%,7.8%
488,神探驾到,1.3%,71.37,9,1.8%,11.3%
489,智取威虎山,0.5%,30.04,35,0.1%,32.5%
490,坚不可摧,0.5%,27.03,15,0.3%,19.9%
491,深海挑战,0.4%,25.73,7,0.7%,7.6%
492,摩尔庄园3：魔幻列车大冒险,0.4%,22.41,5,0.9%,8.5%
493,新年行动,0.3%,17.88,4,1.1%,6.2%
494,蜡笔总动员,0.3%,16.40,5,0.8%,7.7%
495,我只要我们在一起,0.2%,12.84,2,1.8%,3.1%
496,死亡之谜,<0.1%,4.51,3,0.3%,5.8%
497,重返20岁,<0.1%,4.00,14,<0.1%,21.5%
498,有一个地方只有我们知道,20.3%,423.60,7,29.2%,5.8%
499,熊出没之雪岭熊风,13.8%,287.89,11,12.8%,12.3%
500,饥饿游戏3：嘲笑鸟（上）,13.6%,282.79,7,18.8%,5.8%
501,霍比特人3：五军之战,7.5%,157.30,12,5.3%,12.1%
502,澳门风云2,6.9%,144.44,68,0.1%,100%
503,奔跑吧！兄弟,6.6%,138.16,8,8.6%,10.1%
504,狼图腾,5.0%,105.09,28,1.0%,14.9%
505,天将雄师,3.9%,82.12,43,0.1%,100%
506,一路惊喜,3.4%,71.95,7,5.0%,10.8%
507,冲上云霄,3.3%,70.57,57,<0.1%,100%
508,喜羊羊与灰太狼之羊年喜羊羊,3.1%,64.80,9,4.0%,11.2%
509,有种你爱我,2.9%,61.73,6,5.6%,9.2%
510,钟馗伏魔：雪妖魔灵,2.4%,50.13,37,0.1%,100%
511,神探驾到,1.7%,35.99,7,2.5%,7.4%
512,智取威虎山,1.4%,30.85,56,0.1%,45.4%
513,甜蜜蜜,1.0%,22.01,3,3.0%,3.5%
514,摩尔庄园3：魔幻列车大冒险,0.4%,9.73,5,0.9%,6.8%
515,坚不可摧,0.3%,7.06,8,0.3%,10.1%
516,蜡笔总动员,0.3%,6.24,4,0.9%,5.1%
517,深海挑战,0.2%,6.17,5,0.5%,4.9%
518,天将雄师,32.3%,11871.25,76,25.8%,60.3%
519,澳门风云2,17.3%,6360.81,67,15.4%,71.3%
520,钟馗伏魔：雪妖魔灵,17.1%,6296.89,63,15.9%,69.7%
521,爸爸去哪儿2,11.9%,4397.35,61,14.1%,73.1%
522,狼图腾,8.9%,3278.45,54,9.5%,58.0%
523,冲上云霄,6.2%,2295.35,49,8.4%,63.5%
524,爸爸的假期,5.1%,1900.91,47,7.5%,60.6%
525,熊出没之雪岭熊风,0.2%,109.82,44,0.4%,68.1%
526,有一个地方只有我们知道,0.1%,41.88,23,0.3%,47.8%
527,喜羊羊与灰太狼之羊年喜羊羊,<0.1%,32.68,16,0.3%,47.1%
528,新年来啦之大闹除夕,<0.1%,21.34,5,0.9%,8.6%
529,有种你爱我,<0.1%,15.86,10,0.3%,55.3%
530,饥饿游戏3：嘲笑鸟（上）,<0.1%,14.91,26,0.1%,45.7%
531,霍比特人3：五军之战,<0.1%,13.61,29,<0.1%,61.2%
532,爸爸去哪儿,<0.1%,9.94,42,<0.1%,50.0%
533,智取威虎山,<0.1%,9.59,105,<0.1%,100%
534,摩尔庄园3：魔幻列车大冒险,<0.1%,7.04,8,0.1%,47.4%
535,新年行动,<0.1%,4.33,4,0.2%,17.8%
536,奔跑吧！兄弟,<0.1%,3.70,11,<0.1%,57.4%
537,坚不可摧,<0.1%,3.61,55,<0.1%,58.2%
538,天将雄师,28.3%,8210.19,58,23.1%,46.2%
539,澳门风云2,21.6%,6265.75,60,16.7%,62.2%
540,钟馗伏魔：雪妖魔灵,15.8%,4590.14,47,15.5%,53.6%
541,狼图腾,11.2%,3261.13,50,10.0%,52.7%
542,爸爸去哪儿2,10.7%,3096.43,40,15.2%,47.7%
543,冲上云霄,6.6%,1930.81,39,8.8%,47.7%
544,爸爸的假期,4.2%,1235.04,32,7.1%,42.6%
545,熊出没之雪岭熊风,0.5%,163.67,44,0.6%,66.9%
546,有一个地方只有我们知道,0.1%,43.57,23,0.2%,48.9%
547,喜羊羊与灰太狼之羊年喜羊羊,0.1%,31.71,13,0.4%,42.0%
548,霍比特人3：五军之战,<0.1%,17.82,35,<0.1%,52.7%
549,饥饿游戏3：嘲笑鸟（上）,<0.1%,15.60,27,<0.1%,37.0%
550,有种你爱我,<0.1%,13.01,8,0.3%,47.1%
551,新年来啦之大闹除夕,<0.1%,13.00,4,0.7%,6.5%
552,爸爸去哪儿,<0.1%,7.18,30,<0.1%,49.8%
553,智取威虎山,<0.1%,6.20,62,<0.1%,82.1%
554,摩尔庄园3：魔幻列车大冒险,<0.1%,6.10,6,0.1%,34.5%
555,奔跑吧！兄弟,<0.1%,5.01,9,<0.1%,39.1%
556,新年行动,<0.1%,3.95,3,0.1%,12.8%
557,蜡笔总动员,<0.1%,3.25,5,0.1%,15.9%
558,天将雄师,26.2%,7794.85,58,22.1%,46.2%
559,澳门风云2,23.7%,7042.72,65,17.5%,66.9%
560,钟馗伏魔：雪妖魔灵,15.0%,4474.18,47,15.2%,53.5%
561,狼图腾,12.7%,3800.64,55,10.7%,57.7%
562,爸爸去哪儿2,9.4%,2818.81,39,14.3%,45.9%
563,冲上云霄,6.5%,1930.73,40,8.7%,48.8%
564,爸爸的假期,4.3%,1290.31,34,6.5%,44.8%
565,熊出没之雪岭熊风,0.7%,215.74,49,0.7%,68.7%
566,兔侠之青黎传说,0.4%,126.04,15,1.5%,21.5%
567,有一个地方只有我们知道,0.1%,52.02,24,0.3%,45.7%
568,喜羊羊与灰太狼之羊年喜羊羊,0.1%,38.88,14,0.4%,41.0%
569,霍比特人3：五军之战,<0.1%,23.79,40,<0.1%,47.8%
570,饥饿游戏3：嘲笑鸟（上）,<0.1%,22.92,43,<0.1%,58.3%
571,有种你爱我,<0.1%,14.71,8,0.3%,45.5%
572,新年来啦之大闹除夕,<0.1%,8.11,3,0.5%,5.2%
573,智取威虎山,<0.1%,7.74,59,<0.1%,68.6%
574,奔跑吧！兄弟,<0.1%,7.59,14,<0.1%,45.3%
575,爸爸去哪儿,<0.1%,5.55,21,<0.1%,50.1%
576,摩尔庄园3：魔幻列车大冒险,<0.1%,5.51,6,0.1%,40.1%
577,新年行动,<0.1%,4.67,4,0.1%,16.4%
578,澳门风云2,25.9%,7291.87,63,19.0%,61.0%
579,天将雄师,22.6%,6376.10,50,20.8%,40.1%
580,狼图腾,15.8%,4460.83,59,12.0%,59.5%
581,钟馗伏魔：雪妖魔灵,14.6%,4124.47,45,14.7%,50.3%
582,爸爸去哪儿2,8.5%,2401.55,36,13.3%,42.5%
583,冲上云霄,6.1%,1718.11,35,9.0%,41.2%
584,爸爸的假期,4.0%,1131.76,32,5.8%,43.6%
585,熊出没之雪岭熊风,1.0%,290.60,49,1.0%,65.5%
586,兔侠之青黎传说,0.4%,124.79,14,1.5%,21.5%
587,有一个地方只有我们知道,0.2%,57.81,22,0.3%,40.6%
588,喜羊羊与灰太狼之羊年喜羊羊,0.1%,43.66,15,0.5%,38.8%
589,霍比特人3：五军之战,0.1%,29.45,37,0.1%,42.5%
590,饥饿游戏3：嘲笑鸟（上）,<0.1%,21.98,33,<0.1%,47.4%
591,有种你爱我,<0.1%,18.99,10,0.3%,42.4%
592,奔跑吧！兄弟,<0.1%,12.94,18,<0.1%,39.6%
593,智取威虎山,<0.1%,8.49,51,<0.1%,55.9%
594,新年来啦之大闹除夕,<0.1%,7.25,3,0.4%,5.1%
595,摩尔庄园3：魔幻列车大冒险,<0.1%,5.97,6,0.1%,36.9%
596,新年行动,<0.1%,4.71,4,0.1%,15.9%
597,爸爸去哪儿,<0.1%,4.60,21,<0.1%,49.8%
598,澳门风云2,27.8%,7693.04,64,19.9%,61.2%
599,天将雄师,21.6%,5979.14,49,19.8%,41.3%
600,狼图腾,17.4%,4824.93,59,13.4%,58.3%
601,钟馗伏魔：雪妖魔灵,13.5%,3752.37,42,14.4%,48.5%
602,爸爸去哪儿2,7.7%,2135.29,35,12.5%,43.5%
603,冲上云霄,5.3%,1472.18,31,8.8%,38.0%
604,爸爸的假期,3.7%,1041.43,32,5.4%,45.4%
605,熊出没之雪岭熊风,1.2%,340.98,45,1.3%,60.7%
606,兔侠之青黎传说,0.4%,113.37,14,1.4%,21.4%
607,有一个地方只有我们知道,0.2%,68.18,23,0.4%,46.7%
608,喜羊羊与灰太狼之羊年喜羊羊,0.1%,42.75,15,0.5%,40.8%
609,霍比特人3：五军之战,0.1%,30.45,43,<0.1%,44.2%
610,饥饿游戏3：嘲笑鸟（上）,<0.1%,21.61,28,<0.1%,38.0%
611,有种你爱我,<0.1%,16.71,9,0.3%,47.3%
612,奔跑吧！兄弟,<0.1%,12.15,15,0.1%,41.0%
613,智取威虎山,<0.1%,10.87,57,<0.1%,59.3%
614,摩尔庄园3：魔幻列车大冒险,<0.1%,5.75,6,0.1%,35.3%
615,新年来啦之大闹除夕,<0.1%,5.11,3,0.4%,5.2%
616,新年行动,<0.1%,4.57,4,0.1%,16.2%
617,爸爸去哪儿,<0.1%,4.03,21,<0.1%,50.9%
618,澳门风云2,29.1%,7748.79,64,20.7%,59.5%
619,天将雄师,20.5%,5452.56,47,19.1%,40.8%
620,狼图腾,19.2%,5120.41,59,14.6%,56.5%
621,钟馗伏魔：雪妖魔灵,12.7%,3391.67,40,14.1%,46.5%
622,爸爸去哪儿2,7.0%,1872.42,32,12.0%,40.1%
623,冲上云霄,4.9%,1302.90,29,8.5%,36.0%
624,爸爸的假期,3.8%,1009.23,31,5.3%,42.5%
625,熊出没之雪岭熊风,1.3%,356.23,42,1.5%,55.8%
626,兔侠之青黎传说,0.3%,92.32,13,1.3%,19.7%
627,有一个地方只有我们知道,0.2%,72.79,21,0.5%,37.6%
628,喜羊羊与灰太狼之羊年喜羊羊,0.1%,40.29,14,0.6%,37.0%
629,饥饿游戏3：嘲笑鸟（上）,<0.1%,16.83,19,0.1%,25.8%
630,有种你爱我,<0.1%,16.36,9,0.3%,48.5%
631,奔跑吧！兄弟,<0.1%,15.51,16,0.1%,27.7%
632,智取威虎山,<0.1%,11.84,48,<0.1%,55.3%
633,摩尔庄园3：魔幻列车大冒险,<0.1%,5.89,6,0.1%,36.6%
634,深海挑战,<0.1%,5.43,62,<0.1%,45.8%
635,新年来啦之大闹除夕,<0.1%,4.76,3,0.3%,5.3%
636,新年行动,<0.1%,3.99,4,0.1%,15.8%
637,坚不可摧,<0.1%,3.13,27,<0.1%,37.2%
638,澳门风云2,31.8%,7002.93,57,21.4%,52.6%
639,狼图腾,19.4%,4272.68,49,15.4%,47.1%
640,天将雄师,19.2%,4228.89,39,18.7%,35.1%
641,钟馗伏魔：雪妖魔灵,12.2%,2704.05,33,14.0%,39.9%
642,爸爸去哪儿2,6.2%,1368.86,26,11.1%,34.2%
643,冲上云霄,4.7%,1048.89,24,8.4%,31.3%
644,爸爸的假期,3.7%,834.09,27,5.1%,37.6%
645,熊出没之雪岭熊风,1.3%,293.13,34,1.6%,47.2%
646,有一个地方只有我们知道,0.3%,73.58,19,0.6%,34.7%
647,兔侠之青黎传说,0.2%,59.88,9,1.2%,14.0%
648,喜羊羊与灰太狼之羊年喜羊羊,0.1%,28.10,10,0.6%,25.8%
649,奔跑吧！兄弟,<0.1%,15.93,16,0.1%,37.2%
650,有种你爱我,<0.1%,15.19,8,0.3%,40.3%
651,饥饿游戏3：嘲笑鸟（上）,<0.1%,14.75,18,0.1%,28.5%
652,智取威虎山,<0.1%,9.61,42,<0.1%,48.3%
653,摩尔庄园3：魔幻列车大冒险,<0.1%,3.82,4,0.1%,29.2%
654,新年行动,<0.1%,3.77,3,0.1%,12.1%
655,新年来啦之大闹除夕,<0.1%,2.48,2,0.2%,3.8%
656,爸爸去哪儿,<0.1%,2.26,14,<0.1%,35.2%
657,澳门风云2,31.5%,5776.10,47,22.2%,42.9%
658,狼图腾,21.0%,3849.67,43,16.2%,40.9%
659,天将雄师,18.8%,3453.19,33,18.1%,31.3%
660,钟馗伏魔：雪妖魔灵,12.0%,2201.87,28,13.7%,34.8%
661,爸爸去哪儿2,5.6%,1034.07,21,10.6%,29.0%
662,冲上云霄,4.6%,855.01,21,8.1%,28.4%
663,爸爸的假期,3.5%,652.46,22,4.9%,31.5%
664,熊出没之雪岭熊风,1.4%,258.75,27,1.8%,36.5%
665,有一个地方只有我们知道,0.4%,77.54,18,0.8%,30.8%
666,兔侠之青黎传说,0.2%,45.09,8,1.1%,12.5%
667,喜羊羊与灰太狼之羊年喜羊羊,0.1%,24.21,8,0.6%,20.1%
668,有种你爱我,<0.1%,15.59,7,0.4%,36.3%
669,奔跑吧！兄弟,<0.1%,12.85,14,0.1%,32.1%
670,饥饿游戏3：嘲笑鸟（上）,<0.1%,11.85,13,0.1%,22.5%
671,智取威虎山,<0.1%,8.62,36,<0.1%,41.5%
672,甜蜜蜜,<0.1%,4.06,31,<0.1%,51.8%
673,新年行动,<0.1%,3.21,3,0.1%,14.7%
674,摩尔庄园3：魔幻列车大冒险,<0.1%,3.15,3,0.1%,22.9%
675,蜡笔总动员,<0.1%,2.10,4,<0.1%,19.2%
676,新年来啦之大闹除夕,<0.1%,1.52,1,0.2%,2.0%
677,澳门风云2,31.7%,5174.91,42,22.6%,38.5%
678,狼图腾,21.4%,3505.47,38,16.8%,36.1%
679,天将雄师,19.1%,3127.15,31,17.8%,30.2%
680,钟馗伏魔：雪妖魔灵,11.5%,1881.83,24,13.4%,30.2%
681,爸爸去哪儿2,5.0%,828.22,17,10.5%,23.6%
682,冲上云霄,4.4%,721.14,18,7.9%,25.0%
683,爸爸的假期,3.6%,589.33,20,4.7%,28.9%
684,熊出没之雪岭熊风,1.4%,231.80,24,1.9%,32.7%
685,有一个地方只有我们知道,0.4%,79.86,17,0.8%,29.0%
686,超能陆战队,0.3%,49.70,20,<0.1%,15.8%
687,兔侠之青黎传说,0.2%,36.88,7,1.1%,10.8%
688,喜羊羊与灰太狼之羊年喜羊羊,0.1%,20.07,7,0.6%,17.5%
689,智取威虎山,<0.1%,15.34,48,<0.1%,44.4%
690,有种你爱我,<0.1%,14.15,7,0.4%,38.0%
691,饥饿游戏3：嘲笑鸟（上）,<0.1%,12.70,13,0.1%,19.6%
692,奔跑吧！兄弟,<0.1%,11.63,11,0.1%,26.3%
693,甜蜜蜜,<0.1%,3.79,27,<0.1%,31.9%
694,摩尔庄园3：魔幻列车大冒险,<0.1%,3.07,3,0.1%,22.4%
695,新年行动,<0.1%,2.97,3,0.1%,16.1%
696,蜡笔总动员,<0.1%,1.68,4,<0.1%,15.2%
697,澳门风云2,26.2%,4946.79,44,20.0%,41.3%
698,超能陆战队,19.9%,3745.92,31,22.4%,26.6%
699,狼图腾,19.3%,3634.14,44,14.7%,44.2%
700,天将雄师,16.1%,3045.85,38,13.7%,41.8%
701,钟馗伏魔：雪妖魔灵,7.9%,1504.70,25,9.7%,35.2%
702,爸爸去哪儿2,3.4%,648.39,18,7.6%,26.7%
703,冲上云霄,3.0%,578.01,19,5.6%,28.9%
704,爸爸的假期,2.2%,426.51,23,2.6%,37.2%
705,熊出没之雪岭熊风,0.6%,131.11,26,0.9%,37.3%
706,有一个地方只有我们知道,0.3%,66.65,17,0.6%,32.1%
707,有种你爱我,<0.1%,12.86,6,0.4%,30.5%
708,喜羊羊与灰太狼之羊年喜羊羊,<0.1%,12.33,6,0.4%,20.7%
709,智取威虎山,<0.1%,11.63,62,<0.1%,69.7%
710,兔侠之青黎传说,<0.1%,8.25,5,0.3%,7.0%
711,奔跑吧！兄弟,<0.1%,7.37,9,0.1%,35.8%
712,吉星高照2015,<0.1%,5.65,40,<0.1%,--
713,饥饿游戏3：嘲笑鸟（上）,<0.1%,5.47,12,<0.1%,15.0%
714,摩尔庄园3：魔幻列车大冒险,<0.1%,3.68,4,0.1%,30.0%
715,新年行动,<0.1%,3.21,3,0.1%,17.6%
716,通道转兵,<0.1%,1.26,--,<0.1%,--
717,澳门风云2,23.8%,4808.24,43,19.9%,39.2%
718,超能陆战队,23.5%,4746.22,42,20.7%,35.8%
719,狼图腾,19.7%,3980.27,47,14.8%,45.5%
720,天将雄师,15.2%,3077.57,39,13.4%,42.5%
721,钟馗伏魔：雪妖魔灵,6.8%,1373.65,25,9.1%,34.3%
722,爸爸去哪儿2,3.1%,628.11,19,6.9%,28.1%
723,冲上云霄,2.2%,446.23,18,4.6%,28.5%
724,吉星高照2015,1.9%,400.00,18,4.9%,19.8%
725,爸爸的假期,1.8%,369.33,24,2.1%,37.5%
726,熊出没之雪岭熊风,0.8%,163.36,36,0.9%,48.3%
727,有一个地方只有我们知道,0.3%,60.41,16,0.6%,25.9%
728,喜羊羊与灰太狼之羊年喜羊羊,<0.1%,14.00,7,0.4%,21.5%
729,有种你爱我,<0.1%,12.35,6,0.3%,30.2%
730,饥饿游戏3：嘲笑鸟（上）,<0.1%,11.86,27,<0.1%,44.5%
731,兔侠之青黎传说,<0.1%,8.77,6,0.2%,8.4%
732,北京纽约,<0.1%,5.61,--,<0.1%,--
733,奔跑吧！兄弟,<0.1%,5.52,10,<0.1%,37.2%
734,摩尔庄园3：魔幻列车大冒险,<0.1%,3.18,3,0.1%,20.3%
735,新年行动,<0.1%,3.15,2,0.1%,11.4%
736,澳门风云2,29.0%,2847.81,26,20.6%,24.5%
737,狼图腾,18.8%,1847.85,23,15.5%,22.7%
738,天将雄师,17.1%,1681.02,22,13.9%,24.1%
739,超能陆战队,16.7%,1637.94,17,19.1%,15.2%
740,钟馗伏魔：雪妖魔灵,8.0%,792.38,14,9.5%,19.6%
741,冲上云霄,2.7%,272.48,11,4.8%,17.7%
742,吉星高照2015,2.4%,236.52,10,5.2%,11.7%
743,爸爸的假期,1.8%,185.82,13,2.0%,20.5%
744,爸爸去哪儿2,1.6%,166.38,6,5.9%,9.4%
745,熊出没之雪岭熊风,0.5%,50.33,13,0.8%,19.3%
746,有一个地方只有我们知道,0.3%,35.34,10,0.6%,16.9%
747,有种你爱我,<0.1%,9.37,4,0.4%,19.1%
748,饥饿游戏3：嘲笑鸟（上）,<0.1%,6.63,17,<0.1%,23.9%
749,大喜临门,<0.1%,3.75,--,<0.1%,--
750,喜羊羊与灰太狼之羊年喜羊羊,<0.1%,2.99,2,0.3%,8.3%
751,奔跑吧！兄弟,<0.1%,2.74,6,<0.1%,17.7%
752,新年行动,<0.1%,2.28,2,0.1%,9.7%
753,兔侠之青黎传说,<0.1%,2.13,2,0.1%,2.8%
754,摩尔庄园3：魔幻列车大冒险,<0.1%,1.04,1,0.1%,6.7%
755,澳门风云2,28.3%,2602.47,24,21.0%,22.7%
756,狼图腾,19.6%,1801.40,22,16.0%,21.8%
757,超能陆战队,18.9%,1741.16,19,18.6%,17.3%
758,天将雄师,15.6%,1430.96,19,14.2%,20.7%
759,钟馗伏魔：雪妖魔灵,8.0%,741.21,14,9.6%,19.7%
760,冲上云霄,2.7%,249.77,10,5.0%,16.6%
761,吉星高照2015,2.0%,192.05,9,5.2%,10.6%
762,爸爸的假期,1.5%,143.16,11,1.9%,18.1%
763,爸爸去哪儿2,1.5%,142.80,6,5.3%,9.5%
764,熊出没之雪岭熊风,0.5%,47.58,13,0.7%,19.5%
765,有一个地方只有我们知道,0.4%,38.56,10,0.7%,18.3%
766,有种你爱我,<0.1%,8.74,4,0.4%,18.2%
767,北京纽约,<0.1%,5.10,163,<0.1%,55.3%
768,饥饿游戏3：嘲笑鸟（上）,<0.1%,3.32,7,<0.1%,11.8%
769,喜羊羊与灰太狼之羊年喜羊羊,<0.1%,3.24,3,0.3%,12.2%
770,将错就错,<0.1%,2.83,114,<0.1%,58.9%
771,新年行动,<0.1%,2.54,2,0.2%,10.7%
772,兔侠之青黎传说,<0.1%,1.12,1,0.1%,1.6%
773,甜蜜蜜,<0.1%,1.04,6,<0.1%,10.0%
774,澳门风云2,27.2%,2345.90,21,21.2%,19.8%
775,超能陆战队,21.6%,1868.80,21,18.4%,19.4%
776,狼图腾,18.9%,1631.70,20,16.3%,20.0%
777,天将雄师,15.2%,1309.91,17,14.3%,18.5%
778,钟馗伏魔：雪妖魔灵,7.6%,660.90,12,9.7%,16.9%
779,冲上云霄,2.7%,233.30,9,5.1%,14.7%
780,吉星高照2015,1.9%,171.71,8,5.0%,9.4%
781,爸爸的假期,1.7%,147.58,11,1.8%,18.7%
782,爸爸去哪儿2,1.4%,124.23,6,5.1%,9.6%
783,熊出没之雪岭熊风,0.5%,44.16,13,0.7%,19.7%
784,有一个地方只有我们知道,0.4%,35.25,9,0.7%,16.0%
785,有种你爱我,0.1%,9.76,4,0.5%,18.9%
786,将错就错,<0.1%,7.48,40,<0.1%,22.7%
787,饥饿游戏3：嘲笑鸟（上）,<0.1%,3.34,6,<0.1%,10.9%
788,北京纽约,<0.1%,3.05,100,<0.1%,74.2%
789,我只要我们在一起,<0.1%,2.43,42,<0.1%,100%
790,喜羊羊与灰太狼之羊年喜羊羊,<0.1%,2.27,2,0.2%,7.7%
791,新年行动,<0.1%,1.80,1,0.2%,5.3%
792,深海挑战,<0.1%,1.62,17,<0.1%,15.5%
793,帕丁顿熊,<0.1%,1.43,10,<0.1%,--
794,澳门风云2,24.4%,2627.16,27,18.0%,25.1%
795,超能陆战队,18.4%,1980.19,27,14.3%,24.7%
796,狼图腾,16.6%,1787.53,25,13.5%,24.5%
797,天将雄师,12.6%,1357.72,21,11.3%,22.8%
798,将错就错,7.6%,821.09,18,10.0%,25.8%
799,帕丁顿熊,7.3%,786.38,13,14.7%,14.2%
800,钟馗伏魔：雪妖魔灵,5.4%,582.13,15,6.6%,21.3%
801,吉星高照2015,1.2%,132.78,13,2.2%,14.9%
802,木星上行,1.2%,130.91,32,<0.1%,25.2%
803,冲上云霄,1.1%,126.12,11,2.2%,18.5%
804,爸爸的假期,1.1%,126.04,24,0.5%,39.9%
805,大喜临门,0.9%,101.79,12,1.9%,16.2%
806,爸爸去哪儿2,0.5%,58.84,8,1.6%,13.8%
807,熊出没之雪岭熊风,0.4%,44.31,20,0.4%,31.0%
808,全能囧爸,0.2%,24.68,3,1.3%,7.2%
809,有一个地方只有我们知道,0.2%,22.99,12,0.3%,23.4%
810,有种你爱我,<0.1%,3.35,4,0.1%,36.2%
811,洛克王国3圣龙的守护,<0.1%,1.61,--,<0.1%,<0.1%
812,北京纽约,<0.1%,1.28,5,<0.1%,9.5%
813,新年行动,<0.1%,1.22,3,<0.1%,16.4%
814,木星上行,33.9%,4176.66,33,24.6%,25.8%
815,超能陆战队,16.9%,2083.26,38,10.9%,39.7%
816,澳门风云2,14.3%,1768.46,27,12.6%,28.7%
817,狼图腾,12.6%,1551.10,31,9.1%,34.4%
818,帕丁顿熊,6.1%,753.38,17,10.7%,20.6%
819,天将雄师,5.5%,681.53,20,6.0%,25.5%
820,将错就错,3.2%,402.60,12,7.3%,18.7%
821,北京纽约,3.0%,374.73,9,8.9%,12.1%
822,钟馗伏魔：雪妖魔灵,1.4%,175.86,12,2.5%,18.1%
823,大喜临门,0.8%,101.33,8,2.9%,11.9%
824,吉星高照2015,0.5%,65.07,13,1.0%,14.3%
825,冲上云霄,0.3%,43.54,11,0.7%,20.4%
826,爸爸的假期,0.3%,41.04,26,0.1%,41.2%
827,熊出没之雪岭熊风,0.1%,23.17,17,0.2%,27.2%
828,爸爸去哪儿2,0.1%,19.04,8,0.5%,15.1%
829,有一个地方只有我们知道,0.1%,12.66,14,0.1%,29.9%
830,全能囧爸,<0.1%,10.49,3,0.7%,9.4%
831,美丽笨女人,<0.1%,9.32,3,0.4%,4.0%
832,有种你爱我,<0.1%,1.76,5,<0.1%,36.6%
833,寻找声音的耳朵,<0.1%,1.71,--,<0.1%,--
834,木星上行,29.0%,5763.25,44,24.0%,34.1%
835,超能陆战队,24.4%,4852.18,67,13.9%,66.7%
836,澳门风云2,13.1%,2607.62,38,12.7%,40.7%
837,狼图腾,11.6%,2310.38,45,9.2%,49.4%
838,帕丁顿熊,8.4%,1671.44,35,11.1%,42.6%
839,天将雄师,4.7%,947.03,29,5.6%,36.9%
840,将错就错,2.8%,560.14,17,6.9%,26.8%
841,北京纽约,2.1%,428.42,12,7.5%,16.3%
842,钟馗伏魔：雪妖魔灵,1.2%,239.74,17,2.2%,25.5%
843,大喜临门,0.6%,126.43,11,2.3%,17.3%
844,吉星高照2015,0.4%,94.23,21,0.9%,22.8%
845,冲上云霄,0.2%,56.38,15,0.6%,27.3%
846,熊出没之雪岭熊风,0.2%,46.43,22,0.3%,31.8%
847,爸爸去哪儿2,0.2%,40.83,13,0.6%,24.7%
848,有一个地方只有我们知道,<0.1%,13.81,17,0.1%,34.8%
849,爸爸的假期,<0.1%,13.01,13,0.1%,22.6%
850,全能囧爸,<0.1%,11.19,3,0.5%,9.1%
851,美丽笨女人,<0.1%,9.70,4,0.3%,5.7%
852,喜羊羊与灰太狼之羊年喜羊羊,<0.1%,2.85,4,0.1%,17.0%
853,兔侠之青黎传说,<0.1%,1.59,5,<0.1%,16.1%
854,超能陆战队,26.4%,4626.93,58,15.8%,54.9%
855,木星上行,25.5%,4468.14,36,23.3%,28.4%
856,澳门风云2,13.9%,2436.87,36,12.8%,38.9%
857,狼图腾,11.7%,2057.01,40,9.5%,43.6%
858,帕丁顿熊,8.5%,1501.41,31,11.2%,37.8%
859,天将雄师,4.8%,843.34,27,5.4%,34.4%
860,将错就错,2.9%,516.15,17,6.7%,27.4%
861,北京纽约,2.3%,404.82,13,6.7%,17.7%
862,钟馗伏魔：雪妖魔灵,1.2%,216.47,16,2.1%,24.3%
863,大喜临门,0.7%,131.10,13,2.1%,20.7%
864,吉星高照2015,0.4%,78.02,18,0.9%,19.3%
865,熊出没之雪岭熊风,0.2%,50.06,23,0.4%,33.1%
866,冲上云霄,0.2%,43.43,13,0.5%,24.3%
867,爸爸去哪儿2,0.2%,38.02,13,0.5%,23.9%
868,有一个地方只有我们知道,<0.1%,12.87,14,0.1%,29.9%
869,爸爸的假期,<0.1%,12.14,11,0.1%,17.1%
870,全能囧爸,<0.1%,9.26,3,0.5%,10.2%
871,美丽笨女人,<0.1%,8.61,5,0.3%,7.7%
872,喜羊羊与灰太狼之羊年喜羊羊,<0.1%,2.83,5,0.1%,19.9%
873,有种你爱我,<0.1%,1.89,6,<0.1%,52.5%
874,木星上行,26.7%,1546.17,13,23.7%,10.4%
875,超能陆战队,22.1%,1281.45,19,14.9%,17.5%
876,澳门风云2,17.3%,1002.03,15,13.6%,16.1%
877,狼图腾,11.4%,660.46,13,10.2%,14.3%
878,天将雄师,6.2%,362.16,11,5.8%,14.0%
879,帕丁顿熊,6.0%,349.23,8,10.8%,9.6%
880,将错就错,3.9%,227.36,7,7.0%,11.2%
881,北京纽约,2.4%,142.36,5,6.1%,7.3%
882,钟馗伏魔：雪妖魔灵,1.6%,98.18,7,2.2%,10.7%
883,大喜临门,0.8%,47.97,5,2.1%,8.2%
884,吉星高照2015,0.4%,24.36,6,0.9%,6.4%
885,冲上云霄,0.3%,20.93,6,0.5%,10.7%
886,有一个地方只有我们知道,0.1%,6.04,7,0.1%,14.9%
887,全能囧爸,<0.1%,3.11,1,0.5%,4.1%
888,爸爸去哪儿2,<0.1%,3.05,2,0.3%,3.4%
889,爸爸的假期,<0.1%,2.38,3,0.1%,4.1%
890,美丽笨女人,<0.1%,2.37,2,0.2%,2.8%
891,熊出没之雪岭熊风,<0.1%,2.23,2,0.1%,3.0%
892,木星上行,25.5%,1482.29,13,23.3%,10.8%
893,超能陆战队,23.0%,1341.85,19,15.4%,17.5%
894,澳门风云2,16.8%,981.79,15,14.0%,16.8%
895,狼图腾,11.6%,679.89,13,10.5%,14.8%
896,帕丁顿熊,6.4%,375.57,9,10.6%,11.1%
897,天将雄师,6.2%,365.67,12,5.9%,15.9%
898,将错就错,3.9%,228.94,8,7.1%,13.6%
899,北京纽约,2.2%,129.02,5,5.6%,8.0%
900,钟馗伏魔：雪妖魔灵,1.6%,98.55,8,2.3%,12.7%
901,大喜临门,0.8%,49.43,5,2.0%,8.4%
902,吉星高照2015,0.4%,23.90,6,0.9%,6.9%
903,冲上云霄,0.3%,21.44,6,0.6%,11.7%
904,爸爸的假期,0.1%,11.61,12,0.1%,16.4%
905,有一个地方只有我们知道,<0.1%,4.97,6,0.1%,11.9%
906,全能囧爸,<0.1%,2.98,1,0.5%,4.1%
907,兔侠之青黎传说,<0.1%,2.72,18,<0.1%,71.6%
908,熊出没之雪岭熊风,<0.1%,2.09,3,0.1%,4.2%
909,爸爸去哪儿2,<0.1%,1.99,2,0.3%,3.4%
910,寻找声音的耳朵,<0.1%,1.25,--,<0.1%,--
911,木星上行,24.8%,1301.68,12,23.0%,9.9%
912,超能陆战队,23.7%,1246.45,17,15.8%,15.4%
913,澳门风云2,16.7%,878.63,13,14.1%,14.1%
914,狼图腾,11.2%,590.48,11,10.6%,12.4%
915,帕丁顿熊,6.7%,356.42,9,10.4%,11.0%
916,天将雄师,6.2%,326.75,10,5.8%,13.2%
917,将错就错,4.0%,213.38,7,6.8%,11.5%
918,北京纽约,2.1%,113.13,5,5.1%,8.0%
919,钟馗伏魔：雪妖魔灵,1.6%,86.68,7,2.2%,10.6%
920,大喜临门,0.8%,44.27,5,1.9%,8.4%
921,爸爸的假期,0.4%,21.96,24,0.1%,28.4%
922,冲上云霄,0.3%,20.48,6,0.6%,11.9%
923,吉星高照2015,0.3%,20.18,5,0.8%,5.8%
924,海岛之恋,0.1%,6.17,1,1.0%,1.8%
925,全能囧爸,<0.1%,4.24,1,0.5%,3.0%
926,有一个地方只有我们知道,<0.1%,3.92,8,<0.1%,15.1%
927,母亲的梦想,<0.1%,2.44,27,<0.1%,82.3%
928,兔侠之青黎传说,<0.1%,2.28,15,<0.1%,62.9%
929,爸爸去哪儿2,<0.1%,1.79,2,0.2%,3.3%
930,熊出没之雪岭熊风,<0.1%,1.64,2,0.1%,2.7%
931,木星上行,24.0%,1164.39,10,22.9%,8.5%
932,超能陆战队,23.5%,1140.13,15,16.1%,13.6%
933,澳门风云2,16.6%,806.83,12,14.3%,13.2%
934,狼图腾,11.1%,539.75,10,10.6%,11.5%
935,帕丁顿熊,6.6%,323.83,8,10.3%,9.9%
936,天将雄师,6.2%,302.85,10,5.9%,13.3%
937,将错就错,4.0%,196.33,7,6.9%,11.9%
938,北京纽约,2.0%,101.34,4,5.1%,6.6%
939,钟馗伏魔：雪妖魔灵,1.6%,77.87,6,2.3%,9.5%
940,灰姑娘,1.3%,63.34,25,<0.1%,19.0%
941,大喜临门,0.8%,41.38,5,1.9%,8.7%
942,爸爸的假期,0.4%,23.17,27,0.1%,38.6%
943,冲上云霄,0.4%,19.95,5,0.6%,10.3%
944,吉星高照2015,0.3%,18.33,5,0.8%,5.8%
945,海岛之恋,0.1%,5.26,1,0.9%,1.9%
946,有一个地方只有我们知道,<0.1%,3.36,6,<0.1%,10.8%
947,全能囧爸,<0.1%,3.12,1,0.5%,3.3%
948,封门诡影,<0.1%,2.25,15,<0.1%,--
949,寻找声音的耳朵,<0.1%,2.04,--,<0.1%,<0.1%
950,兔侠之青黎传说,<0.1%,2.01,14,<0.1%,78.3%
951,灰姑娘,38.5%,3507.67,32,25.9%,28.2%
952,超能陆战队,19.2%,1754.01,27,13.5%,25.4%
953,木星上行,13.9%,1269.40,16,16.2%,15.7%
954,澳门风云2,8.6%,787.27,16,9.9%,18.7%
955,狼图腾,6.1%,558.44,16,6.8%,19.8%
956,封门诡影,3.7%,341.83,12,6.5%,19.5%
957,帕丁顿熊,3.7%,337.98,13,5.9%,16.9%
958,天将雄师,2.3%,209.28,13,2.8%,18.7%
959,将错就错,1.0%,96.87,7,2.9%,14.4%
960,扑通扑通我的人生,1.0%,94.63,4,5.5%,6.0%
961,钟馗伏魔：雪妖魔灵,0.4%,39.27,7,0.8%,13.7%
962,北京纽约,0.3%,29.60,5,1.3%,10.1%
963,大喜临门,0.2%,18.42,7,0.5%,15.8%
964,吉星高照2015,0.1%,9.93,7,0.3%,8.1%
965,冲上云霄,<0.1%,6.80,5,0.2%,12.2%
966,爸爸的假期,<0.1%,6.28,13,<0.1%,23.7%
967,奇缘灰姑娘,<0.1%,5.32,7,0.1%,8.5%
968,有一个地方只有我们知道,<0.1%,4.36,15,<0.1%,40.7%
969,兔侠之青黎传说,<0.1%,2.51,15,<0.1%,100%
970,熊出没之雪岭熊风,<0.1%,2.19,5,<0.1%,9.0%
971,灰姑娘,37.6%,6532.45,53,26.7%,45.9%
972,超能陆战队,23.9%,4146.70,51,15.9%,48.4%
973,木星上行,12.7%,2209.59,27,15.5%,27.0%
974,澳门风云2,7.4%,1293.13,26,9.4%,30.8%
975,狼图腾,5.7%,992.96,28,6.5%,34.9%
976,帕丁顿熊,5.2%,913.23,30,6.7%,40.2%
977,封门诡影,2.6%,465.86,16,6.1%,26.4%
978,天将雄师,1.6%,291.58,20,2.5%,28.7%
979,将错就错,0.8%,145.44,12,2.5%,25.0%
980,扑通扑通我的人生,0.7%,137.75,7,4.3%,11.0%
981,钟馗伏魔：雪妖魔灵,0.3%,61.25,12,0.7%,23.0%
982,北京纽约,0.2%,39.99,7,1.0%,14.1%
983,大喜临门,0.1%,26.07,10,0.4%,20.4%
984,熊出没之雪岭熊风,0.1%,22.76,15,0.2%,26.6%
985,吉星高照2015,<0.1%,14.59,12,0.2%,14.6%
986,兔侠之青黎传说,<0.1%,13.71,25,<0.1%,100%
987,冲上云霄,<0.1%,12.79,10,0.1%,21.0%
988,奇缘灰姑娘,<0.1%,9.07,12,<0.1%,19.2%
989,爸爸的假期,<0.1%,3.95,8,<0.1%,11.3%
990,爸爸去哪儿2,<0.1%,3.88,5,0.1%,13.3%
991,灰姑娘,39.6%,5629.37,45,27.4%,38.7%
992,超能陆战队,23.4%,3330.03,40,16.4%,38.3%
993,木星上行,11.3%,1615.21,20,15.1%,20.4%
994,澳门风云2,7.2%,1030.88,21,9.4%,25.4%
995,帕丁顿熊,5.6%,798.97,25,6.9%,33.1%
996,狼图腾,5.4%,781.00,22,6.4%,27.3%
997,封门诡影,2.4%,342.29,12,6.1%,19.9%
998,天将雄师,1.7%,246.67,17,2.4%,24.6%
999,将错就错,0.8%,123.05,10,2.5%,21.3%
1000,扑通扑通我的人生,0.7%,104.83,6,3.7%,9.7%
1001,钟馗伏魔：雪妖魔灵,0.3%,48.99,10,0.7%,19.8%
1002,北京纽约,0.2%,30.77,6,0.9%,12.4%
1003,熊出没之雪岭熊风,0.1%,25.34,16,0.2%,27.1%
1004,大喜临门,0.1%,22.54,9,0.4%,18.1%
1005,兔侠之青黎传说,0.1%,17.04,25,<0.1%,100%
1006,吉星高照2015,<0.1%,11.12,9,0.2%,10.9%
1007,冲上云霄,<0.1%,8.63,7,0.1%,14.6%
1008,奇缘灰姑娘,<0.1%,8.62,12,<0.1%,18.4%
1009,爸爸的假期,<0.1%,5.13,9,<0.1%,14.2%
1010,有一个地方只有我们知道,<0.1%,3.21,11,<0.1%,31.8%
1011,灰姑娘,44.5%,2369.16,21,28.0%,17.9%
1012,超能陆战队,15.7%,835.83,12,15.2%,11.1%
1013,木星上行,11.4%,606.85,8,15.4%,8.1%
1014,澳门风云2,9.2%,493.86,10,9.7%,11.8%
1015,狼图腾,5.5%,295.22,9,6.7%,11.0%
1016,封门诡影,3.8%,204.41,8,6.4%,13.0%
1017,帕丁顿熊,3.1%,165.42,6,6.5%,7.7%
1018,天将雄师,2.3%,126.23,9,2.5%,12.6%
1019,将错就错,1.1%,61.81,5,2.7%,10.2%
1020,扑通扑通我的人生,0.9%,49.18,3,3.7%,4.7%
1021,钟馗伏魔：雪妖魔灵,0.4%,23.98,5,0.7%,8.9%
1022,北京纽约,0.3%,18.37,3,0.9%,5.9%
1023,兔侠之青黎传说,0.3%,18.28,36,<0.1%,100%
1024,大喜临门,0.2%,10.90,5,0.4%,10.2%
1025,爸爸的假期,0.1%,7.73,16,<0.1%,27.0%
1026,可爱的你,0.1%,6.89,140,<0.1%,87.3%
1027,失孤,0.1%,5.97,92,<0.1%,71.8%
1028,冲上云霄,<0.1%,4.85,5,0.2%,9.6%
1029,吉星高照2015,<0.1%,3.93,4,0.2%,4.6%
1030,奇缘灰姑娘,<0.1%,3.76,6,<0.1%,7.9%
1031,灰姑娘,44.4%,2335.01,20,28.4%,17.3%
1032,超能陆战队,15.5%,814.48,12,15.2%,11.3%
1033,木星上行,11.4%,600.15,8,15.3%,8.4%
1034,澳门风云2,9.0%,473.29,10,9.8%,12.2%
1035,狼图腾,5.8%,307.08,9,6.8%,11.3%
1036,封门诡影,3.6%,190.08,7,6.3%,11.6%
1037,帕丁顿熊,3.0%,162.64,6,6.4%,7.8%
1038,天将雄师,2.2%,119.55,9,2.5%,13.0%
1039,将错就错,1.2%,64.51,6,2.7%,12.6%
1040,扑通扑通我的人生,0.8%,47.11,3,3.4%,4.9%
1041,兔侠之青黎传说,0.5%,26.90,43,<0.1%,100%
1042,钟馗伏魔：雪妖魔灵,0.4%,23.98,5,0.7%,9.6%
1043,失孤,0.3%,19.95,275,<0.1%,71.4%
1044,北京纽约,0.2%,15.66,3,0.9%,6.1%
1045,爸爸的假期,0.2%,12.09,23,<0.1%,40.4%
1046,大喜临门,0.2%,11.87,5,0.4%,10.3%
1047,战狼,0.1%,6.25,189,<0.1%,100%
1048,冲上云霄,<0.1%,4.52,4,0.2%,7.9%
1049,可爱的你,<0.1%,4.17,80,<0.1%,62.5%
1050,奇缘灰姑娘,<0.1%,3.49,6,<0.1%,8.2%
1051,灰姑娘,43.9%,2131.39,18,28.5%,15.7%
1052,超能陆战队,15.4%,746.23,11,15.1%,10.5%
1053,木星上行,11.1%,538.47,7,15.1%,7.5%
1054,澳门风云2,9.1%,442.70,9,9.8%,11.0%
1055,狼图腾,5.7%,280.75,8,6.7%,10.2%
1056,封门诡影,3.6%,176.86,7,6.3%,11.7%
1057,帕丁顿熊,3.3%,162.05,6,6.3%,8.0%
1058,天将雄师,2.2%,109.72,8,2.5%,11.7%
1059,将错就错,1.2%,61.45,5,2.7%,10.6%
1060,兔侠之青黎传说,0.9%,47.50,50,<0.1%,100%
1061,扑通扑通我的人生,0.8%,43.11,3,3.1%,5.1%
1062,失孤,0.4%,21.28,107,<0.1%,65.3%
1063,钟馗伏魔：雪妖魔灵,0.4%,19.95,4,0.7%,7.7%
1064,北京纽约,0.3%,15.06,3,0.9%,6.4%
1065,大喜临门,0.1%,9.61,4,0.4%,8.0%
1066,爸爸的假期,0.1%,8.58,24,<0.1%,40.2%
1067,吉星高照2015,0.1%,6.78,11,0.2%,13.0%
1068,冲上云霄,<0.1%,4.81,4,0.2%,8.2%
1069,战狼,<0.1%,3.32,157,<0.1%,100%
1070,红包,<0.1%,3.13,1,0.7%,2.0%
1071,灰姑娘,42.1%,1907.75,16,29.0%,14.0%
1072,超能陆战队,14.9%,677.71,10,15.2%,9.5%
1073,木星上行,11.2%,508.67,7,15.2%,7.6%
1074,澳门风云2,9.0%,408.54,9,9.8%,10.9%
1075,狼图腾,5.8%,264.26,8,6.8%,10.2%
1076,封门诡影,3.5%,159.28,6,6.4%,10.0%
1077,帕丁顿熊,3.2%,149.41,6,6.3%,8.0%
1078,天将雄师,2.1%,98.73,8,2.4%,11.6%
1079,飓风营救3,1.7%,77.91,19,<0.1%,12.7%
1080,将错就错,1.3%,59.36,5,2.8%,10.7%
1081,失孤,1.1%,51.24,25,<0.1%,25.0%
1082,兔侠之青黎传说,1.0%,46.16,45,<0.1%,100%
1083,扑通扑通我的人生,0.9%,41.73,3,3.1%,5.1%
1084,钟馗伏魔：雪妖魔灵,0.4%,18.92,5,0.6%,9.3%
1085,北京纽约,0.3%,14.01,3,0.9%,6.2%
1086,大喜临门,0.2%,9.37,4,0.4%,7.8%
1087,爸爸的假期,0.1%,7.37,21,<0.1%,23.8%
1088,冲上云霄,<0.1%,4.52,4,0.2%,7.7%
1089,可爱的你,<0.1%,3.88,20,<0.1%,15.8%
1090,战狼,<0.1%,3.78,150,<0.1%,77.7%
1091,失孤,35.6%,3713.94,30,27.9%,29.1%
1092,飓风营救3,30.3%,3163.47,23,27.0%,19.4%
1093,灰姑娘,18.8%,1968.45,30,15.1%,35.7%
1094,超能陆战队,6.5%,678.84,20,7.1%,23.8%
1095,可爱的你,2.9%,309.45,6,10.5%,8.2%
1096,木星上行,1.2%,133.46,8,3.1%,12.4%
1097,澳门风云2,0.8%,85.76,9,1.8%,12.6%
1098,狼图腾,0.7%,80.69,10,1.4%,15.7%
1099,帕丁顿熊,0.7%,75.87,10,1.5%,13.5%
1100,封门诡影,0.6%,71.04,6,2.4%,11.4%
1101,兔侠之青黎传说,0.5%,62.54,49,<0.1%,100%
1102,天将雄师,0.3%,34.38,18,0.2%,29.1%
1103,将错就错,0.1%,11.92,3,0.6%,8.8%
1104,战狼,<0.1%,9.53,289,<0.1%,--
1105,扑通扑通我的人生,<0.1%,3.27,2,0.4%,8.0%
1106,十二生肖,<0.1%,2.90,200,<0.1%,--
1107,奇缘灰姑娘,<0.1%,2.57,8,<0.1%,53.0%
1108,飓风营救2,<0.1%,2.21,5,<0.1%,4.2%
1109,钟馗伏魔：雪妖魔灵,<0.1%,1.80,5,<0.1%,12.0%
1110,通道转兵,<0.1%,1.55,--,<0.1%,--
1111,失孤,27.5%,4357.33,34,27.8%,32.5%
1112,飓风营救3,26.7%,4244.93,31,25.2%,26.9%
1113,灰姑娘,24.6%,3907.03,51,16.8%,58.2%
1114,超能陆战队,11.7%,1854.30,38,9.5%,45.5%
1115,可爱的你,2.7%,428.75,10,8.7%,13.9%
1116,帕丁顿熊,1.5%,252.77,24,2.1%,34.5%
1117,木星上行,1.4%,233.47,16,2.5%,26.2%
1118,狼图腾,0.8%,139.32,18,1.2%,28.7%
1119,澳门风云2,0.8%,138.35,15,1.6%,21.1%
1120,封门诡影,0.6%,108.62,10,2.4%,18.7%
1121,兔侠之青黎传说,0.5%,84.15,52,<0.1%,100%
1122,天将雄师,0.2%,33.38,23,0.2%,35.9%
1123,将错就错,0.1%,19.29,6,0.5%,18.5%
1124,熊出没之雪岭熊风,<0.1%,10.37,10,0.1%,20.9%
1125,扑通扑通我的人生,<0.1%,5.78,3,0.3%,13.4%
1126,奇缘灰姑娘,<0.1%,4.45,14,<0.1%,55.9%
1127,北京纽约,<0.1%,3.32,4,<0.1%,12.5%
1128,战狼,<0.1%,2.84,160,<0.1%,96.1%
1129,大喜临门,<0.1%,2.64,8,<0.1%,21.2%
1130,红包,<0.1%,2.59,5,<0.1%,17.3%
1131,失孤,25.8%,3273.62,27,27.2%,26.0%
1132,飓风营救3,25.5%,3236.34,24,24.3%,21.8%
1133,灰姑娘,25.3%,3214.64,39,18.6%,42.9%
1134,超能陆战队,13.2%,1686.14,33,10.2%,39.6%
1135,可爱的你,2.7%,342.80,9,7.6%,13.2%
1136,帕丁顿熊,1.9%,249.63,22,2.3%,31.2%
1137,木星上行,1.4%,184.74,13,2.5%,22.1%
1138,狼图腾,0.9%,124.87,16,1.2%,25.5%
1139,澳门风云2,0.9%,123.52,14,1.6%,20.4%
1140,封门诡影,0.6%,79.87,7,2.4%,13.6%
1141,兔侠之青黎传说,0.6%,77.87,52,<0.1%,100%
1142,天将雄师,0.2%,28.01,18,0.2%,27.3%
1143,将错就错,0.1%,18.93,6,0.6%,20.0%
1144,熊出没之雪岭熊风,<0.1%,12.60,12,0.1%,25.0%
1145,奇缘灰姑娘,<0.1%,4.73,12,<0.1%,18.9%
1146,扑通扑通我的人生,<0.1%,4.21,2,0.3%,9.5%
1147,北京纽约,<0.1%,2.99,4,<0.1%,14.1%
1148,钟馗伏魔：雪妖魔灵,<0.1%,2.10,5,<0.1%,12.7%
1149,大喜临门,<0.1%,2.08,6,<0.1%,10.3%
1150,吉星高照2015,<0.1%,2.01,27,<0.1%,63.3%
1151,失孤,31.4%,1514.38,13,27.4%,12.7%
1152,飓风营救3,29.1%,1402.46,11,24.8%,10.2%
1153,灰姑娘,20.5%,989.09,13,19.3%,14.3%
1154,超能陆战队,7.2%,347.58,9,8.6%,10.6%
1155,可爱的你,3.6%,176.92,5,7.8%,7.5%
1156,兔侠之青黎传说,1.5%,72.57,52,<0.1%,100%
1157,木星上行,1.4%,68.47,5,2.7%,8.4%
1158,澳门风云2,1.1%,55.90,7,1.5%,10.2%
1159,封门诡影,1.1%,54.52,5,2.6%,9.6%
1160,狼图腾,1.1%,53.18,7,1.4%,11.0%
1161,帕丁顿熊,0.8%,40.66,5,1.8%,7.0%
1162,天将雄师,0.2%,12.64,10,0.2%,14.3%
1163,将错就错,0.1%,9.59,3,0.6%,9.4%
1164,扑通扑通我的人生,<0.1%,2.08,1,0.3%,4.5%
1165,通道转兵,<0.1%,1.43,--,<0.1%,--
1166,大喜临门,<0.1%,1.28,4,<0.1%,9.3%
1167,奇缘灰姑娘,<0.1%,1.28,3,<0.1%,21.8%
1168,飓风营救3,29.6%,1362.50,11,24.6%,10.3%
1169,失孤,29.5%,1357.77,12,27.0%,11.9%
1170,灰姑娘,20.7%,951.50,12,19.8%,12.9%
1171,超能陆战队,7.6%,351.23,9,8.6%,10.6%
1172,可爱的你,3.7%,171.55,5,7.2%,7.6%
1173,兔侠之青黎传说,1.8%,83.83,58,<0.1%,100%
1174,木星上行,1.4%,67.87,5,2.7%,8.6%
1175,澳门风云2,1.1%,54.95,7,1.5%,10.3%
1176,狼图腾,1.1%,53.54,7,1.4%,11.0%
1177,封门诡影,1.0%,50.36,5,2.6%,9.5%
1178,帕丁顿熊,0.9%,43.09,6,1.8%,8.3%
1179,天将雄师,0.2%,12.92,11,0.2%,15.6%
1180,将错就错,0.2%,9.89,3,0.6%,9.6%
1181,璀璨的婚礼,<0.1%,3.31,1,0.8%,1.9%
1182,扑通扑通我的人生,<0.1%,2.49,1,0.3%,3.8%
1183,吉星高照2015,<0.1%,1.73,15,<0.1%,17.4%
1184,战狼,<0.1%,1.59,--,<0.1%,75.5%
1185,通道转兵,<0.1%,1.43,--,<0.1%,--
1186,大喜临门,<0.1%,1.36,4,<0.1%,9.0%
1187,天使：生命处方,<0.1%,1.29,36,<0.1%,53.9%
1188,飓风营救3,29.9%,1240.86,10,24.7%,9.2%
1189,失孤,28.5%,1185.64,11,27.0%,10.8%
1190,灰姑娘,20.3%,845.08,10,20.0%,10.6%
1191,超能陆战队,7.6%,318.32,8,8.6%,9.2%
1192,可爱的你,4.1%,170.02,5,7.0%,7.6%
1193,兔侠之青黎传说,1.8%,77.52,54,<0.1%,100%
1194,木星上行,1.5%,63.23,4,2.7%,6.7%
1195,澳门风云2,1.2%,52.93,7,1.6%,10.1%
1196,狼图腾,1.2%,50.77,6,1.4%,9.2%
1197,封门诡影,1.1%,48.59,4,2.6%,7.3%
1198,帕丁顿熊,0.9%,38.22,5,1.8%,6.9%
1199,天将雄师,0.2%,12.20,10,0.2%,14.2%
1200,将错就错,0.2%,9.27,3,0.6%,8.8%
1201,一万年以后,0.2%,8.77,155,<0.1%,92.0%
1202,战狼,<0.1%,3.20,100,<0.1%,73.3%
1203,扑通扑通我的人生,<0.1%,2.83,1,0.3%,3.5%
1204,美丽笨女人,<0.1%,2.21,39,<0.1%,89.6%
1205,璀璨的婚礼,<0.1%,2.18,1,0.6%,1.8%
1206,通道转兵,<0.1%,1.44,--,<0.1%,--
1207,寻找声音的耳朵,<0.1%,1.43,250,<0.1%,80.5%
1208,飓风营救3,29.6%,1153.80,10,24.7%,9.2%
1209,失孤,27.3%,1065.58,10,27.0%,9.8%
1210,灰姑娘,19.9%,776.59,10,20.0%,10.5%
1211,超能陆战队,7.8%,305.07,8,8.7%,9.2%
1212,可爱的你,4.2%,163.64,5,6.9%,7.6%
1213,兔侠之青黎传说,1.7%,67.15,51,<0.1%,100%
1214,王牌特工：特工学院,1.5%,61.66,21,<0.1%,15.7%
1215,木星上行,1.5%,60.54,4,2.6%,6.6%
1216,澳门风云2,1.3%,52.66,7,1.6%,10.0%
1217,狼图腾,1.3%,50.79,6,1.4%,9.0%
1218,封门诡影,1.2%,48.91,4,2.7%,7.3%
1219,帕丁顿熊,0.9%,38.32,5,1.8%,7.0%
1220,天将雄师,0.3%,13.10,10,0.2%,13.6%
1221,将错就错,0.2%,8.87,3,0.6%,9.0%
1222,战狼,0.1%,5.54,200,<0.1%,100%
1223,扑通扑通我的人生,<0.1%,2.75,1,0.3%,3.6%
1224,一万年以后,<0.1%,2.36,11,<0.1%,50.1%
1225,璀璨的婚礼,<0.1%,1.97,1,0.5%,1.6%
1226,大喜临门,<0.1%,1.33,3,<0.1%,8.1%
1227,吉星高照2015,<0.1%,1.09,14,<0.1%,13.3%
1228,王牌特工：特工学院,47.6%,3504.62,28,28.3%,23.8%
1229,失孤,12.7%,935.08,13,16.6%,15.1%
1230,灰姑娘,12.5%,926.42,18,12.6%,21.6%
1231,飓风营救3,10.2%,756.55,11,14.7%,11.8%
1232,一万年以后,7.4%,550.10,11,11.2%,13.3%
1233,超能陆战队,4.2%,315.14,15,4.6%,17.9%
1234,兔侠之青黎传说,0.8%,60.25,53,<0.1%,100%
1235,可爱的你,0.7%,57.16,8,1.5%,13.4%
1236,第七谎言,0.6%,49.22,3,3.0%,3.9%
1237,菜鸟,0.6%,45.11,3,2.9%,4.8%
1238,狼图腾,0.4%,34.48,11,0.5%,20.1%
1239,帕丁顿熊,0.3%,27.88,8,0.7%,11.6%
1240,封门诡影,0.3%,24.94,5,1.2%,12.1%
1241,澳门风云2,0.2%,17.69,8,0.4%,14.9%
1242,木星上行,0.2%,16.95,5,0.6%,12.0%
1243,天将雄师,0.1%,11.32,20,0.1%,27.6%
1244,战狼,<0.1%,4.82,130,<0.1%,69.2%
1245,将错就错,<0.1%,3.83,3,0.2%,14.2%
1246,扑通扑通我的人生,<0.1%,2.37,3,0.1%,13.3%
1247,咱们结婚吧,<0.1%,2.07,--,<0.1%,--
1248,王牌特工：特工学院,48.1%,6198.62,47,28.5%,39.5%
1249,灰姑娘,14.5%,1869.19,32,13.7%,37.3%
1250,失孤,10.6%,1367.69,20,15.8%,23.8%
1251,飓风营救3,9.1%,1182.96,17,13.8%,18.6%
1252,超能陆战队,7.4%,959.80,30,6.5%,36.7%
1253,一万年以后,5.7%,742.09,14,10.8%,17.1%
1254,帕丁顿熊,0.8%,105.62,20,1.1%,28.0%
1255,可爱的你,0.6%,84.02,13,1.3%,21.4%
1256,兔侠之青黎传说,0.5%,74.05,52,<0.1%,100%
1257,狼图腾,0.4%,54.08,17,0.5%,30.6%
1258,第七谎言,0.3%,50.79,3,2.4%,4.0%
1259,菜鸟,0.3%,45.70,4,2.3%,6.6%
1260,封门诡影,0.3%,39.40,7,1.3%,16.2%
1261,木星上行,0.2%,29.33,9,0.5%,24.1%
1262,澳门风云2,0.2%,27.30,12,0.4%,20.5%
1263,战狼,<0.1%,9.90,288,<0.1%,100%
1264,天将雄师,<0.1%,8.01,14,0.1%,16.6%
1265,熊出没之雪岭熊风,<0.1%,6.62,11,0.1%,26.6%
1266,将错就错,<0.1%,6.06,4,0.2%,19.3%
1267,北京纽约,<0.1%,3.65,15,<0.1%,40.0%
1268,王牌特工：特工学院,50.6%,5562.45,41,29.1%,34.2%
1269,灰姑娘,12.8%,1409.56,23,14.5%,26.7%
1270,失孤,9.3%,1022.50,15,15.4%,17.9%
1271,飓风营救3,8.2%,904.65,13,13.2%,14.3%
1272,超能陆战队,7.7%,852.38,26,6.9%,30.7%
1273,一万年以后,5.4%,593.28,12,10.1%,14.8%
1274,战狼,1.2%,140.75,133,0.2%,94.9%
1275,帕丁顿熊,0.8%,95.30,17,1.2%,23.5%
1276,兔侠之青黎传说,0.7%,82.79,58,<0.1%,100%
1277,可爱的你,0.6%,68.94,10,1.3%,16.4%
1278,狼图腾,0.5%,61.40,19,0.5%,33.2%
1279,菜鸟,0.3%,43.38,5,2.0%,8.2%
1280,第七谎言,0.3%,37.70,3,2.2%,4.0%
1281,封门诡影,0.2%,29.61,5,1.3%,11.1%
1282,澳门风云2,0.2%,24.17,10,0.4%,18.5%
1283,木星上行,0.2%,23.08,7,0.5%,17.1%
1284,熊出没之雪岭熊风,<0.1%,7.21,10,0.1%,24.8%
1285,天将雄师,<0.1%,6.79,13,<0.1%,15.5%
1286,将错就错,<0.1%,5.75,4,0.2%,17.7%
1287,通道转兵,<0.1%,2.19,--,<0.1%,--
1288,王牌特工：特工学院,57.4%,2627.63,21,29.8%,17.4%
1289,失孤,10.1%,463.91,7,16.1%,8.3%
1290,灰姑娘,9.2%,422.47,7,14.6%,8.1%
1291,飓风营救3,8.8%,405.83,6,14.0%,6.6%
1292,一万年以后,5.2%,239.11,5,9.9%,6.4%
1293,超能陆战队,3.1%,145.92,7,4.9%,8.0%
1294,兔侠之青黎传说,1.6%,74.22,55,<0.1%,100%
1295,可爱的你,0.7%,35.49,5,1.5%,8.0%
1296,狼图腾,0.6%,31.55,10,0.6%,18.0%
1297,第七谎言,0.4%,19.48,2,2.1%,2.7%
1298,封门诡影,0.4%,19.01,3,1.4%,6.9%
1299,咱们结婚吧,0.4%,18.40,--,<0.1%,--
1300,帕丁顿熊,0.3%,14.23,4,0.8%,5.6%
1301,澳门风云2,0.2%,12.99,5,0.5%,9.3%
1302,菜鸟,0.2%,10.38,1,2.0%,1.7%
1303,木星上行,0.2%,10.14,3,0.6%,7.7%
1304,天将雄师,0.1%,5.36,11,0.1%,16.1%
1305,战狼,<0.1%,3.66,89,<0.1%,100%
1306,将错就错,<0.1%,3.28,2,0.3%,9.0%
1307,暴疯语,<0.1%,2.84,140,<0.1%,34.2%
1308,王牌特工：特工学院,58.8%,2655.87,21,31.2%,20.0%
1309,失孤,10.2%,461.91,7,16.6%,9.6%
1310,灰姑娘,9.9%,447.47,8,15.8%,11.0%
1311,飓风营救3,9.7%,439.14,7,14.8%,8.7%
1312,一万年以后,5.1%,232.39,5,10.1%,6.7%
1313,兔侠之青黎传说,1.1%,53.07,50,<0.1%,100%
1314,可爱的你,0.9%,44.79,6,1.8%,9.4%
1315,狼图腾,0.7%,35.83,10,0.6%,18.2%
1316,帕丁顿熊,0.5%,24.79,6,1.1%,8.4%
1317,封门诡影,0.4%,21.30,3,1.6%,7.3%
1318,第七谎言,0.4%,18.33,2,2.0%,2.7%
1319,澳门风云2,0.3%,16.28,6,0.5%,10.3%
1320,木星上行,0.3%,16.12,4,0.7%,9.4%
1321,菜鸟,0.2%,10.15,1,1.9%,1.7%
1322,咱们结婚吧,0.1%,8.12,147,<0.1%,100%
1323,天将雄师,0.1%,6.25,11,0.1%,15.0%
1324,战狼,0.1%,5.39,167,<0.1%,--
1325,将错就错,<0.1%,4.00,3,0.3%,13.8%
1326,摩尔庄园3：魔幻列车大冒险,<0.1%,2.81,238,<0.1%,100%
1327,扑通扑通我的人生,<0.1%,1.38,2,0.1%,10.8%
1328,王牌特工：特工学院,57.9%,2351.76,18,30.2%,18.8%
1329,失孤,9.5%,387.81,6,16.2%,8.7%
1330,飓风营救3,9.4%,383.83,6,14.4%,7.7%
1331,灰姑娘,9.1%,372.88,6,15.1%,8.9%
1332,一万年以后,4.8%,197.13,5,10.0%,6.9%
1333,战狼,2.3%,94.23,46,0.4%,100%
1334,兔侠之青黎传说,1.6%,65.23,58,0.1%,100%
1335,可爱的你,0.9%,39.03,5,1.9%,8.6%
1336,咱们结婚吧,0.7%,31.35,21,0.3%,100%
1337,封门诡影,0.5%,21.37,4,1.6%,8.9%
1338,帕丁顿熊,0.5%,21.06,5,1.1%,7.9%
1339,澳门风云2,0.3%,15.78,5,0.6%,9.5%
1340,第七谎言,0.3%,15.63,2,2.8%,3.0%
1341,木星上行,0.3%,13.66,4,0.8%,9.4%
1342,菜鸟,0.2%,11.06,2,1.9%,3.1%
1343,狼图腾,0.1%,7.91,9,0.1%,14.3%
1344,天将雄师,0.1%,7.06,14,0.1%,24.1%
1345,冲锋车,0.1%,4.34,169,<0.1%,81.4%
1346,将错就错,<0.1%,3.62,3,0.4%,13.5%
1347,通道转兵,<0.1%,3.03,129,<0.1%,--
1348,爸爸的假期,<0.1%,2.37,41,<0.1%,72.1%
1349,摩尔庄园3：魔幻列车大冒险,<0.1%,2.33,176,<0.1%,100%
1350,战狼,43.6%,3726.61,28,29.3%,30.8%
1351,咱们结婚吧,32.0%,2735.66,21,28.6%,23.1%
1352,王牌特工：特工学院,18.2%,1555.80,18,18.4%,20.4%
1353,灰姑娘,1.7%,150.07,6,5.8%,9.7%
1354,失孤,1.1%,96.20,4,5.8%,6.6%
1355,飓风营救3,1.0%,92.87,5,4.4%,7.0%
1356,兔侠之青黎传说,0.9%,78.77,60,0.2%,100%
1357,一万年以后,0.4%,35.26,3,2.7%,5.5%
1358,帕丁顿熊,0.1%,9.85,7,0.4%,14.1%
1359,可爱的你,<0.1%,8.45,5,0.4%,10.5%
1360,封门诡影,<0.1%,7.05,2,0.9%,7.1%
1361,狼图腾,<0.1%,5.16,9,0.1%,16.6%
1362,暴疯语,<0.1%,5.07,8,0.1%,71.0%
1363,冲锋车,<0.1%,3.20,10,<0.1%,100%
1364,我们结婚吧,<0.1%,2.72,23,<0.1%,--
1365,天将雄师,<0.1%,2.67,17,<0.1%,29.9%
1366,摩尔庄园3：魔幻列车大冒险,<0.1%,2.65,165,<0.1%,100%
1367,天河,<0.1%,2.57,75,<0.1%,100%
1368,澳门风云2,<0.1%,2.56,4,0.1%,7.0%
1369,三更车库,<0.1%,2.01,12,<0.1%,100%
1370,菜鸟,<0.1%,1.99,1,0.5%,3.6%
1371,木星上行,<0.1%,1.55,2,0.2%,6.1%
1372,通道转兵,<0.1%,1.26,49,<0.1%,--
1373,将错就错,<0.1%,1.24,2,0.2%,11.3%
1374,战狼,35.7%,3814.82,31,24.9%,33.9%
1375,咱们结婚吧,27.9%,2980.67,27,22.8%,29.2%
1376,王牌特工：特工学院,18.8%,2009.95,36,10.7%,38.6%
1377,暴疯语,7.7%,832.87,14,13.2%,17.8%
1378,白幽灵传奇之绝命逃亡,3.0%,323.24,8,7.9%,10.8%
1379,冲锋车,2.5%,274.55,8,8.1%,10.6%
1380,三更车库,0.9%,106.48,7,3.6%,12.5%
1381,灰姑娘,0.9%,96.92,15,1.4%,27.6%
1382,兔侠之青黎传说,0.9%,96.76,78,0.1%,100%
1383,无敌小飞猪,0.3%,32.98,4,2.0%,10.1%
1384,飓风营救3,0.2%,27.49,7,0.7%,14.0%
1385,失孤,0.2%,25.00,6,0.9%,13.5%
1386,一万年以后,0.1%,13.08,5,0.6%,9.3%
1387,帕丁顿熊,<0.1%,9.94,11,0.2%,19.1%
1388,可爱的你,<0.1%,5.37,13,<0.1%,35.8%
1389,狼图腾,<0.1%,4.35,11,<0.1%,26.8%
1390,天河,<0.1%,3.38,76,<0.1%,100%
1391,封门诡影,<0.1%,3.22,2,0.4%,12.1%
1392,公路美人,<0.1%,2.87,1,0.6%,1.1%
1393,将错就错,<0.1%,1.86,3,0.1%,20.2%
1394,摩尔庄园3：魔幻列车大冒险,<0.1%,1.64,142,<0.1%,100%
1395,通道转兵,<0.1%,1.43,73,<0.1%,--
1396,天将雄师,<0.1%,1.19,88,<0.1%,100%
1397,黄克功案件,<0.1%,1.15,193,<0.1%,79.7%
1398,战狼,34.4%,6179.20,45,25.7%,47.0%
1399,咱们结婚吧,24.3%,4370.58,39,22.0%,42.9%
1400,王牌特工：特工学院,21.7%,3892.17,63,10.9%,68.1%
1401,暴疯语,6.2%,1127.71,21,10.7%,28.0%
1402,魔法总动员,4.5%,807.79,22,7.5%,35.7%
1403,白幽灵传奇之绝命逃亡,2.2%,410.47,13,5.6%,20.8%
1404,冲锋车,2.0%,362.47,12,6.4%,16.5%
1405,灰姑娘,1.6%,298.34,34,1.7%,56.5%
1406,三更车库,0.7%,136.01,10,3.1%,17.9%
1407,兔侠之青黎传说,0.4%,72.18,66,0.1%,100%
1408,无敌小飞猪,0.4%,71.98,7,2.3%,20.4%
1409,飓风营救3,0.2%,44.27,14,0.4%,35.3%
1410,帕丁顿熊,0.2%,39.30,34,0.2%,44.7%
1411,失孤,0.1%,35.43,12,0.6%,29.0%
1412,一万年以后,0.1%,23.29,10,0.4%,20.3%
1413,狼图腾,<0.1%,10.55,23,<0.1%,48.7%
1414,封门诡影,<0.1%,6.32,4,0.4%,23.3%
1415,可爱的你,<0.1%,5.74,16,<0.1%,46.6%
1416,将错就错,<0.1%,1.99,4,0.1%,27.9%
1417,菜鸟,<0.1%,1.87,4,0.2%,17.0%
1418,红包,<0.1%,1.79,47,<0.1%,--
1419,木星上行,<0.1%,1.79,8,<0.1%,22.9%
1420,通道转兵,<0.1%,1.56,78,<0.1%,--
1421,公路美人,<0.1%,1.47,2,0.2%,2.0%
1422,天河,<0.1%,1.44,59,<0.1%,100%
1423,澳门风云2,<0.1%,1.43,8,<0.1%,24.9%
1424,战狼,35.4%,7023.04,50,26.4%,51.7%
1425,咱们结婚吧,23.1%,4575.70,41,21.9%,46.3%
1426,王牌特工：特工学院,23.0%,4564.14,66,12.5%,68.7%
1427,魔法总动员,5.6%,1118.39,27,8.0%,45.9%
1428,暴疯语,4.2%,837.62,18,9.3%,24.9%
1429,白幽灵传奇之绝命逃亡,2.0%,402.22,14,5.1%,23.7%
1430,灰姑娘,1.9%,390.37,37,2.0%,60.7%
1431,冲锋车,1.8%,372.76,14,5.7%,19.4%
1432,三更车库,0.6%,138.39,11,2.9%,19.4%
1433,兔侠之青黎传说,0.3%,78.57,72,0.1%,100%
1434,无敌小飞猪,0.3%,75.00,9,2.0%,24.1%
1435,帕丁顿熊,0.2%,49.05,42,0.2%,49.4%
1436,飓风营救3,0.2%,48.77,16,0.4%,40.2%
1437,失孤,0.2%,41.55,14,0.5%,35.7%
1438,一万年以后,0.1%,29.48,12,0.4%,28.6%
1439,狼图腾,<0.1%,12.31,25,<0.1%,59.2%
1440,封门诡影,<0.1%,7.56,4,0.4%,24.8%
1441,可爱的你,<0.1%,5.61,15,<0.1%,40.3%
1442,爸爸的假期,<0.1%,3.09,42,<0.1%,68.2%
1443,菜鸟,<0.1%,3.04,4,0.2%,18.2%
1444,通道转兵,<0.1%,2.71,96,<0.1%,--
1445,澳门风云2,<0.1%,2.37,13,<0.1%,33.6%
1446,木星上行,<0.1%,2.33,10,<0.1%,24.0%
1447,红包,<0.1%,2.02,52,<0.1%,--
1448,公路美人,<0.1%,1.35,2,0.2%,1.8%
1449,战狼,34.8%,5053.05,36,26.9%,37.6%
1450,咱们结婚吧,23.2%,3370.60,31,21.9%,35.6%
1451,王牌特工：特工学院,23.2%,3366.96,47,13.6%,47.3%
1452,魔法总动员,7.0%,1026.21,26,8.0%,42.5%
1453,暴疯语,3.4%,504.26,12,8.7%,17.0%
1454,灰姑娘,2.2%,327.29,28,2.4%,45.1%
1455,冲锋车,1.8%,275.35,11,5.3%,16.4%
1456,白幽灵传奇之绝命逃亡,1.7%,249.51,10,4.8%,16.7%
1457,三更车库,0.5%,85.03,7,2.8%,12.8%
1458,兔侠之青黎传说,0.4%,68.36,65,0.1%,100%
1459,无敌小飞猪,0.4%,58.82,8,1.8%,21.5%
1460,飓风营救3,0.2%,34.89,11,0.4%,28.3%
1461,失孤,0.1%,24.53,9,0.5%,22.9%
1462,一万年以后,0.1%,19.54,9,0.4%,19.7%
1463,狼图腾,<0.1%,10.15,21,<0.1%,44.7%
1464,可爱的你,<0.1%,5.07,17,<0.1%,40.7%
1465,封门诡影,<0.1%,5.04,3,0.5%,17.8%
1466,通道转兵,<0.1%,3.03,102,<0.1%,--
1467,木星上行,<0.1%,1.66,7,<0.1%,14.8%
1468,澳门风云2,<0.1%,1.53,9,<0.1%,23.3%
1469,菜鸟,<0.1%,1.09,2,0.2%,8.0%
1470,战狼,43.5%,2728.69,21,27.9%,22.0%
1471,咱们结婚吧,25.3%,1587.21,16,22.6%,18.7%
1472,王牌特工：特工学院,19.3%,1214.06,18,14.7%,18.7%
1473,暴疯语,3.5%,222.30,6,9.2%,8.3%
1474,冲锋车,2.1%,135.71,6,6.0%,8.4%
1475,白幽灵传奇之绝命逃亡,1.9%,123.74,5,5.2%,8.4%
1476,兔侠之青黎传说,0.8%,53.90,67,0.1%,100%
1477,三更车库,0.8%,52.54,5,3.0%,8.0%
1478,灰姑娘,0.8%,51.00,6,2.1%,9.4%
1479,魔法总动员,0.7%,47.68,3,4.3%,3.9%
1480,飓风营救3,0.2%,15.03,5,0.5%,12.4%
1481,失孤,0.1%,10.75,4,0.6%,9.2%
1482,一万年以后,<0.1%,5.04,3,0.4%,6.2%
1483,狼图腾,<0.1%,3.68,7,0.1%,13.4%
1484,封门诡影,<0.1%,2.41,2,0.5%,9.0%
1485,可爱的你,<0.1%,1.89,7,<0.1%,13.8%
1486,无敌小飞猪,<0.1%,1.69,1,0.9%,1.4%
1487,摩尔庄园3：魔幻列车大冒险,<0.1%,1.53,152,<0.1%,100%
1488,黄克功案件,<0.1%,1.28,214,<0.1%,88.2%
1489,通道转兵,<0.1%,1.26,56,<0.1%,--
1490,战狼,43.7%,2619.29,20,28.5%,21.1%
1491,咱们结婚吧,24.6%,1474.56,15,22.6%,18.0%
1492,王牌特工：特工学院,19.6%,1179.26,17,15.2%,17.8%
1493,暴疯语,3.3%,201.84,6,8.7%,8.5%
1494,冲锋车,2.2%,134.26,6,6.0%,8.6%
1495,白幽灵传奇之绝命逃亡,1.8%,111.01,5,5.1%,8.2%
1496,兔侠之青黎传说,1.0%,65.14,68,0.1%,100%
1497,三更车库,0.8%,50.73,4,3.1%,7.9%
1498,灰姑娘,0.8%,48.27,6,2.1%,9.0%
1499,魔法总动员,0.6%,38.84,3,3.8%,4.0%
1500,爸爸的假期,0.2%,15.13,57,<0.1%,100%
1501,飓风营救3,0.2%,13.94,4,0.6%,10.2%
1502,失孤,0.2%,12.74,5,0.6%,11.8%
1503,一万年以后,<0.1%,5.23,3,0.4%,7.0%
1504,狼图腾,<0.1%,3.34,6,0.1%,12.0%
1505,澳门风云2,<0.1%,2.78,28,<0.1%,82.4%
1506,摩尔庄园3：魔幻列车大冒险,<0.1%,2.64,181,<0.1%,100%
1507,封门诡影,<0.1%,2.45,2,0.6%,8.8%
1508,可爱的你,<0.1%,1.89,6,<0.1%,14.8%
1509,黄克功案件,<0.1%,1.45,242,<0.1%,100.0%
1510,无敌小飞猪,<0.1%,1.24,1,0.7%,1.4%
1511,战狼,43.8%,2434.05,18,28.8%,18.7%
1512,咱们结婚吧,23.7%,1320.23,13,22.7%,15.5%
1513,王牌特工：特工学院,19.9%,1108.12,16,15.5%,16.0%
1514,暴疯语,3.3%,184.43,5,8.4%,8.0%
1515,冲锋车,2.3%,131.65,5,6.0%,8.0%
1516,白幽灵传奇之绝命逃亡,1.8%,100.83,4,5.0%,7.3%
1517,兔侠之青黎传说,1.1%,61.77,70,0.1%,100%
1518,灰姑娘,0.8%,47.80,6,2.1%,8.6%
1519,三更车库,0.8%,47.42,4,3.1%,7.2%
1520,魔法总动员,0.6%,35.08,3,3.5%,3.4%
1521,爸爸的假期,0.4%,22.55,93,<0.1%,100%
1522,飓风营救3,0.2%,13.75,4,0.6%,10.1%
1523,失孤,0.1%,10.29,4,0.6%,8.4%
1524,一万年以后,<0.1%,5.07,3,0.4%,6.3%
1525,狼图腾,<0.1%,4.61,8,0.1%,16.0%
1526,摩尔庄园3：魔幻列车大冒险,<0.1%,3.18,216,<0.1%,100%
1527,可爱的你,<0.1%,2.71,10,<0.1%,24.2%
1528,天河,<0.1%,2.65,132,<0.1%,100%
1529,封门诡影,<0.1%,2.65,2,0.6%,9.1%
1530,超能陆战队,<0.1%,1.55,122,<0.1%,--
1531,无敌小飞猪,<0.1%,1.36,1,0.7%,1.5%
1532,菜鸟,<0.1%,1.02,1,0.3%,5.9%
1533,战狼,43.4%,3153.17,23,29.0%,23.5%
1534,王牌特工：特工学院,22.2%,1610.38,22,15.6%,22.8%
1535,咱们结婚吧,22.1%,1607.51,16,22.4%,19.0%
1536,暴疯语,2.9%,217.29,7,7.7%,10.2%
1537,冲锋车,2.0%,145.22,6,5.6%,9.3%
1538,白幽灵传奇之绝命逃亡,1.5%,113.90,5,4.5%,9.2%
1539,魔法总动员,1.1%,85.67,6,3.2%,9.6%
1540,灰姑娘,0.9%,71.90,9,1.9%,13.7%
1541,三更车库,0.7%,55.74,5,2.8%,9.1%
1542,兔侠之青黎传说,0.7%,53.57,72,0.1%,100%
1543,特功明星,0.4%,30.74,3,2.9%,3.9%
1544,爸爸的假期,0.2%,20.77,93,<0.1%,100%
1545,飓风营救3,0.2%,18.88,6,0.5%,15.7%
1546,失孤,0.1%,11.95,5,0.5%,12.3%
1547,狼图腾,0.1%,11.24,10,0.1%,19.0%
1548,一万年以后,0.1%,10.49,6,0.3%,16.5%
1549,可爱的你,<0.1%,5.66,16,<0.1%,31.7%
1550,乡村里的中国,<0.1%,4.66,55,<0.1%,69.2%
1551,摩尔庄园3：魔幻列车大冒险,<0.1%,3.35,179,<0.1%,100%
1552,无敌小飞猪,<0.1%,3.26,2,0.5%,5.6%
1553,封门诡影,<0.1%,3.06,2,0.5%,11.9%
1554,天河,<0.1%,3.03,103,<0.1%,100%
1555,寻找声音的耳朵,<0.1%,2.98,249,<0.1%,--
1556,通道转兵,<0.1%,2.55,136,<0.1%,--
1557,速度与激情7,<0.1%,1.34,18,<0.1%,100%
1558,菜鸟,<0.1%,1.20,2,0.2%,7.9%
1559,速度与激情7,30.8%,5245.67,125,6.9%,100%
1560,战狼,29.1%,4965.87,34,26.9%,34.3%
1561,王牌特工：特工学院,16.1%,2749.51,36,14.3%,36.2%
1562,咱们结婚吧,14.0%,2393.24,23,20.0%,28.3%
1563,魔法总动员,3.0%,516.57,17,5.9%,28.5%
1564,暴疯语,1.6%,283.60,10,6.1%,15.2%
1565,灰姑娘,1.1%,190.56,19,2.0%,29.1%
1566,冲锋车,1.1%,189.83,9,4.3%,13.7%
1567,白幽灵传奇之绝命逃亡,0.8%,146.81,8,3.3%,14.8%
1568,特功明星,0.7%,129.94,7,4.2%,10.9%
1569,三更车库,0.3%,64.84,7,2.2%,12.0%
1570,兔侠之青黎传说,0.2%,45.64,69,0.1%,100%
1571,飓风营救3,0.1%,25.19,9,0.4%,21.2%
1572,失孤,0.1%,17.33,8,0.4%,21.6%
1573,无敌小飞猪,<0.1%,13.46,4,0.8%,12.7%
1574,乡村里的中国,<0.1%,9.34,76,<0.1%,68.3%
1575,一万年以后,<0.1%,8.24,6,0.2%,13.8%
1576,狼图腾,<0.1%,7.74,13,<0.1%,29.6%
1577,爸爸的假期,<0.1%,5.53,42,<0.1%,32.2%
1578,封门诡影,<0.1%,4.84,3,0.4%,20.7%
1579,可爱的你,<0.1%,4.10,14,<0.1%,29.5%
1580,菜鸟,<0.1%,1.56,2,0.1%,12.5%
1581,澳门风云2,<0.1%,1.50,8,<0.1%,20.3%
1582,速度与激情7,90.4%,34635.10,104,62.4%,96.9%
1583,战狼,4.6%,1770.53,30,12.6%,47.4%
1584,咱们结婚吧,1.9%,734.72,20,8.0%,36.6%
1585,王牌特工：特工学院,1.5%,599.02,28,4.5%,41.4%
1586,魔法总动员,0.7%,303.64,18,3.9%,32.7%
1587,特功明星,0.1%,64.65,7,2.5%,13.1%
1588,灰姑娘,0.1%,41.48,18,0.5%,34.5%
1589,兔侠之青黎传说,<0.1%,37.86,70,0.1%,100%
1590,暴疯语,<0.1%,24.61,5,1.1%,9.9%
1591,冲锋车,<0.1%,18.78,6,0.8%,10.4%
1592,无敌小飞猪,<0.1%,12.87,5,0.8%,16.9%
1593,三更车库,<0.1%,10.76,4,0.7%,9.9%
1594,白幽灵传奇之绝命逃亡,<0.1%,8.56,5,0.3%,16.2%
1595,封门诡影,<0.1%,3.95,3,0.3%,23.2%
1596,乡村里的中国,<0.1%,3.95,54,<0.1%,63.2%
1597,狼图腾,<0.1%,2.95,11,<0.1%,23.3%
1598,澳门风云2,<0.1%,2.49,67,<0.1%,100%
1599,失孤,<0.1%,2.31,5,0.1%,22.9%
1600,菜鸟,<0.1%,1.92,3,0.2%,16.9%
1601,通道转兵,<0.1%,1.80,57,<0.1%,--
1602,速度与激情7,92.2%,18725.98,60,63.5%,62.6%
1603,战狼,4.5%,922.60,15,14.2%,23.9%
1604,咱们结婚吧,1.4%,303.00,9,8.6%,15.0%
1605,王牌特工：特工学院,1.0%,220.85,10,5.3%,13.9%
1606,兔侠之青黎传说,0.2%,40.69,80,<0.1%,100%
1607,魔法总动员,<0.1%,10.50,3,1.3%,3.6%
1608,暴疯语,<0.1%,9.91,2,1.2%,3.8%
1609,冲锋车,<0.1%,9.01,3,1.0%,3.3%
1610,一万年以后,<0.1%,8.31,19,<0.1%,79.0%
1611,三更车库,<0.1%,8.07,3,0.7%,6.6%
1612,灰姑娘,<0.1%,5.79,6,0.2%,11.5%
1613,狼图腾,<0.1%,4.98,22,<0.1%,49.9%
1614,爸爸的假期,<0.1%,4.64,62,<0.1%,100%
1615,白幽灵传奇之绝命逃亡,<0.1%,3.35,2,0.4%,4.5%
1616,失孤,<0.1%,3.05,8,0.1%,26.1%
1617,特功明星,<0.1%,2.80,1,1.2%,1.2%
1618,我是女王,<0.1%,2.09,83,<0.1%,--
1619,摩尔庄园3：魔幻列车大冒险,<0.1%,1.90,424,<0.1%,--
1620,通道转兵,<0.1%,1.63,77,<0.1%,--
1621,陌路惊笑,<0.1%,1.26,360,<0.1%,98.9%
1622,封门诡影,<0.1%,1.24,2,0.2%,8.1%
1623,菜鸟,<0.1%,1.10,2,0.3%,11.5%
1624,洛克王国3圣龙的守护,<0.1%,1.08,181,<0.1%,100%
1625,速度与激情7,92.1%,16741.88,53,65.8%,56.6%
1626,战狼,4.6%,852.56,15,13.9%,26.0%
1627,咱们结婚吧,1.5%,273.60,9,8.1%,17.1%
1628,王牌特工：特工学院,1.1%,207.33,11,4.9%,15.8%
1629,兔侠之青黎传说,0.2%,39.36,78,<0.1%,100%
1630,魔法总动员,<0.1%,11.12,3,1.1%,4.7%
1631,暴疯语,<0.1%,9.80,3,1.1%,4.9%
1632,冲锋车,<0.1%,8.56,3,0.9%,4.2%
1633,三更车库,<0.1%,6.89,3,0.7%,7.3%
1634,我是女王,<0.1%,5.43,90,<0.1%,100%
1635,失孤,<0.1%,3.09,7,0.1%,25.8%
1636,白幽灵传奇之绝命逃亡,<0.1%,2.88,2,0.3%,6.2%
1637,狼图腾,<0.1%,2.83,10,<0.1%,20.0%
1638,特功明星,<0.1%,2.23,1,0.9%,1.5%
1639,菜鸟,<0.1%,1.69,1,0.4%,8.6%
1640,通道转兵,<0.1%,1.27,64,<0.1%,--
1641,封门诡影,<0.1%,1.12,2,0.2%,9.5%
1642,速度与激情7,89.3%,13840.94,44,64.2%,47.1%
1643,战狼,4.8%,749.82,14,12.9%,24.7%
1644,我是女王,1.7%,264.89,10,7.1%,15.8%
1645,咱们结婚吧,1.1%,184.46,8,6.0%,15.6%
1646,万物生长,1.1%,179.50,118,0.2%,100%
1647,王牌特工：特工学院,1.1%,174.25,12,3.9%,17.4%
1648,兔侠之青黎传说,0.1%,26.72,80,<0.1%,100%
1649,西藏天空,<0.1%,10.00,479,<0.1%,--
1650,魔法总动员,<0.1%,6.98,3,0.8%,4.3%
1651,三更车库,<0.1%,6.81,4,0.5%,11.3%
1652,暴疯语,<0.1%,6.56,3,0.7%,5.7%
1653,狼图腾,<0.1%,5.46,28,<0.1%,56.0%
1654,冲锋车,<0.1%,4.92,3,0.5%,5.6%
1655,特功明星,<0.1%,3.77,2,0.7%,5.7%
1656,白幽灵传奇之绝命逃亡,<0.1%,2.48,2,0.2%,7.0%
1657,可爱的你,<0.1%,2.42,32,<0.1%,100%
1658,失孤,<0.1%,2.29,6,0.1%,20.3%
1659,洛克王国3圣龙的守护,<0.1%,1.88,377,<0.1%,100%
1660,封门诡影,<0.1%,1.62,3,0.2%,14.0%
1661,无敌小飞猪,<0.1%,1.50,2,0.3%,8.4%
1662,通道转兵,<0.1%,1.29,65,<0.1%,--
1663,菜鸟,<0.1%,1.26,1,0.4%,9.0%
1664,速度与激情7,87.6%,11568.15,37,61.5%,39.5%
1665,战狼,5.5%,730.39,14,12.1%,25.3%
1666,我是女王,3.3%,438.19,10,10.8%,18.4%
1667,王牌特工：特工学院,1.1%,156.97,13,3.0%,20.0%
1668,咱们结婚吧,1.1%,151.07,8,4.4%,16.8%
1669,枪过境,0.5%,66.29,5,4.2%,7.4%
1670,兔侠之青黎传说,0.2%,29.43,97,<0.1%,100%
1671,万物生长,0.1%,21.29,19,0.2%,100%
1672,魔法总动员,<0.1%,10.22,6,0.5%,10.2%
1673,三更车库,<0.1%,4.10,4,0.3%,11.4%
1674,狼图腾,<0.1%,4.03,26,<0.1%,54.8%
1675,暴疯语,<0.1%,3.18,3,0.3%,5.4%
1676,冲锋车,<0.1%,3.04,3,0.2%,6.8%
1677,贵族大盗,<0.1%,2.45,9,<0.1%,100%
1678,失孤,<0.1%,2.11,8,<0.1%,30.6%
1679,白幽灵传奇之绝命逃亡,<0.1%,1.63,2,0.1%,6.6%
1680,特功明星,<0.1%,1.56,2,0.4%,4.5%
1681,通道转兵,<0.1%,1.32,64,<0.1%,--
1682,洛克王国3圣龙的守护,<0.1%,1.00,334,<0.1%,--
1683,速度与激情7,80.9%,14488.52,52,53.2%,52.9%
1684,万物生长,12.0%,2149.30,24,19.6%,34.8%
1685,战狼,2.5%,458.15,17,6.0%,33.9%
1686,贵族大盗,2.0%,360.78,11,8.4%,18.3%
1687,我是女王,0.8%,145.49,7,4.6%,15.6%
1688,枪过境,0.3%,62.41,17,1.1%,25.8%
1689,王牌特工：特工学院,0.3%,60.20,20,0.6%,38.1%
1690,兔侠之青黎传说,0.2%,48.58,93,<0.1%,100%
1691,咱们结婚吧,0.2%,37.41,8,1.0%,26.2%
1692,十万伙急,0.1%,21.70,3,1.8%,6.2%
1693,魔法总动员,0.1%,18.79,9,0.5%,21.6%
1694,陌路惊笑,<0.1%,17.55,4,1.2%,10.4%
1695,点对点,<0.1%,3.54,8,<0.1%,11.3%
1696,狼图腾,<0.1%,3.02,19,<0.1%,30.9%
1697,特功明星,<0.1%,2.45,2,0.3%,10.3%
1698,天河,<0.1%,2.26,91,<0.1%,100%
1699,通道转兵,<0.1%,2.17,107,<0.1%,--
1700,失孤,<0.1%,1.68,19,<0.1%,100%
1701,无敌小飞猪,<0.1%,1.24,3,0.1%,11.5%
1702,爸爸的假期,<0.1%,1.04,116,<0.1%,82.5%
1703,心曲,<0.1%,1.01,254,<0.1%,80.2%
1704,速度与激情7,83.2%,22847.10,76,54.8%,77.8%
1705,万物生长,9.3%,2572.41,29,19.1%,41.9%
1706,战狼,2.9%,815.87,28,6.3%,57.0%
1707,贵族大盗,1.8%,511.82,17,6.8%,32.4%
1708,魔法总动员,0.7%,208.28,18,2.6%,37.3%
1709,我是女王,0.6%,171.14,10,3.7%,23.8%
1710,王牌特工：特工学院,0.4%,113.02,39,0.5%,71.2%
1711,咱们结婚吧,0.2%,60.51,15,0.8%,53.1%
1712,兔侠之青黎传说,0.1%,28.79,83,<0.1%,100%
1713,十万伙急,<0.1%,26.77,5,1.4%,11.5%
1714,特功明星,<0.1%,25.18,6,1.0%,23.9%
1715,陌路惊笑,<0.1%,21.76,6,1.0%,14.8%
1716,无敌小飞猪,<0.1%,8.87,6,0.4%,29.1%
1717,狼图腾,<0.1%,4.22,27,<0.1%,64.8%
1718,枪过境,<0.1%,3.82,7,0.1%,19.1%
1719,通道转兵,<0.1%,1.65,67,<0.1%,--
1720,暴疯语,<0.1%,1.56,5,<0.1%,31.3%
1721,失孤,<0.1%,1.45,23,<0.1%,100%
1722,点对点,<0.1%,1.45,5,<0.1%,5.8%
1723,三更车库,<0.1%,1.30,5,<0.1%,17.9%
1724,冲锋车,<0.1%,1.29,6,<0.1%,29.9%
1725,速度与激情7,80.7%,18716.41,62,54.8%,63.8%
1726,万物生长,10.1%,2355.25,27,18.7%,40.2%
1727,战狼,4.0%,939.38,29,7.1%,56.4%
1728,贵族大盗,1.8%,439.82,16,6.4%,29.4%
1729,魔法总动员,1.1%,258.42,21,2.8%,43.8%
1730,我是女王,0.6%,155.29,10,3.6%,23.4%
1731,王牌特工：特工学院,0.5%,124.42,38,0.6%,63.7%
1732,咱们结婚吧,0.2%,54.73,13,0.9%,46.1%
1733,兔侠之青黎传说,0.1%,27.02,81,<0.1%,100%
1734,特功明星,0.1%,24.14,6,1.0%,25.2%
1735,十万伙急,<0.1%,19.86,4,1.3%,9.2%
1736,陌路惊笑,<0.1%,16.17,5,0.9%,11.8%
1737,无敌小飞猪,<0.1%,9.42,6,0.4%,34.0%
1738,狼图腾,<0.1%,4.83,33,<0.1%,82.4%
1739,通道转兵,<0.1%,2.74,102,<0.1%,--
1740,可爱的你,<0.1%,2.41,46,<0.1%,100%
1741,乡村里的中国,<0.1%,1.49,40,<0.1%,44.1%
1742,暴疯语,<0.1%,1.48,5,<0.1%,22.0%
1743,冲锋车,<0.1%,1.39,6,<0.1%,44.3%
1744,枪过境,<0.1%,1.27,3,0.1%,17.3%
1745,点对点,<0.1%,1.06,4,<0.1%,4.5%
1746,三更车库,<0.1%,1.06,4,<0.1%,14.1%
1747,速度与激情7,75.9%,7048.49,27,52.8%,26.8%
1748,万物生长,13.2%,1230.61,15,19.8%,21.1%
1749,战狼,5.8%,538.10,15,8.6%,27.1%
1750,贵族大盗,2.2%,208.61,7,7.6%,12.1%
1751,我是女王,0.9%,88.61,5,4.2%,11.8%
1752,王牌特工：特工学院,0.6%,62.43,17,0.8%,26.2%
1753,咱们结婚吧,0.3%,29.51,7,1.0%,20.5%
1754,兔侠之青黎传说,0.1%,17.30,93,<0.1%,100%
1755,陌路惊笑,0.1%,14.08,4,1.1%,9.1%
1756,魔法总动员,0.1%,13.65,6,0.6%,11.1%
1757,十万伙急,<0.1%,7.54,2,1.5%,4.0%
1758,狼图腾,<0.1%,4.78,31,<0.1%,78.2%
1759,三更车库,<0.1%,2.29,6,<0.1%,20.2%
1760,可爱的你,<0.1%,1.24,42,<0.1%,90.2%
1761,通道转兵,<0.1%,1.23,54,<0.1%,--
1762,速度与激情7,74.6%,6431.81,25,51.8%,25.5%
1763,万物生长,13.4%,1162.72,14,19.8%,20.9%
1764,战狼,6.6%,570.16,14,9.5%,25.8%
1765,贵族大盗,2.4%,212.35,7,7.6%,12.8%
1766,我是女王,1.0%,87.77,5,4.3%,12.0%
1767,王牌特工：特工学院,0.7%,67.13,16,0.9%,25.1%
1768,咱们结婚吧,0.3%,31.22,7,1.1%,19.3%
1769,陌路惊笑,0.1%,13.18,4,1.1%,9.0%
1770,兔侠之青黎传说,0.1%,11.03,94,<0.1%,--
1771,魔法总动员,0.1%,10.57,5,0.5%,9.9%
1772,十万伙急,<0.1%,8.37,2,1.5%,4.6%
1773,狼图腾,<0.1%,2.01,9,<0.1%,23.3%
1774,三更车库,<0.1%,1.36,4,<0.1%,11.1%
1775,可爱的你,<0.1%,1.36,91,<0.1%,98.6%
1776,通道转兵,<0.1%,1.26,56,<0.1%,--
1777,冲锋车,<0.1%,1.13,4,<0.1%,12.2%
1778,速度与激情7,72.0%,5304.51,21,50.8%,21.2%
1779,万物生长,14.1%,1042.77,13,19.9%,18.3%
1780,战狼,7.5%,557.26,13,10.2%,22.0%
1781,贵族大盗,2.6%,194.44,7,7.4%,11.7%
1782,我是女王,1.1%,82.29,5,4.3%,11.1%
1783,王牌特工：特工学院,0.9%,69.22,14,1.1%,21.1%
1784,咱们结婚吧,0.4%,30.95,6,1.2%,17.8%
1785,兔侠之青黎传说,0.3%,24.54,110,<0.1%,100%
1786,赤道,0.2%,18.35,126,<0.1%,--
1787,陌路惊笑,0.1%,12.69,4,1.1%,8.1%
1788,十万伙急,<0.1%,6.71,2,1.4%,4.0%
1789,魔法总动员,<0.1%,4.64,3,0.5%,4.9%
1790,天将雄师,<0.1%,2.41,90,<0.1%,100%
1791,狼图腾,<0.1%,1.41,6,<0.1%,13.9%
1792,可爱的你,<0.1%,1.37,230,<0.1%,99.5%
1793,三更车库,<0.1%,1.32,4,0.1%,9.8%
1794,左耳,<0.1%,1.28,161,<0.1%,--
1795,通道转兵,<0.1%,1.23,55,<0.1%,--
1796,冲锋车,<0.1%,1.14,4,<0.1%,11.8%
1797,一万年以后,<0.1%,1.10,6,<0.1%,52.6%
1798,速度与激情7,67.5%,4522.91,18,49.8%,18.3%
1799,万物生长,17.0%,1143.17,13,19.9%,19.6%
1800,战狼,7.8%,526.34,12,10.6%,20.0%
1801,贵族大盗,2.6%,178.56,6,7.4%,10.8%
1802,我是女王,1.1%,76.59,5,4.2%,10.3%
1803,左耳,1.1%,74.16,39,0.4%,100%
1804,王牌特工：特工学院,1.0%,72.30,14,1.1%,20.6%
1805,咱们结婚吧,0.4%,31.19,6,1.2%,16.8%
1806,兔侠之青黎传说,0.2%,16.20,106,<0.1%,100%
1807,陌路惊笑,0.1%,11.79,3,1.1%,7.5%
1808,破坏者,0.1%,8.08,15,0.1%,100%
1809,十万伙急,<0.1%,5.45,2,1.4%,3.5%
1810,魔法总动员,<0.1%,4.94,3,0.5%,5.5%
1811,狼图腾,<0.1%,2.78,14,<0.1%,41.5%
1812,疯狂外星人,<0.1%,1.81,7,<0.1%,48.2%
1813,一万年以后,<0.1%,1.62,10,<0.1%,86.2%
1814,通道转兵,<0.1%,1.44,61,<0.1%,--
1815,三更车库,<0.1%,1.39,3,0.1%,9.1%
1816,天河,<0.1%,1.27,49,<0.1%,94.3%
1817,可爱的你,<0.1%,1.18,108,<0.1%,93.0%
1818,速度与激情7,42.8%,5965.20,33,33.8%,32.5%
1819,左耳,39.6%,5524.03,47,25.8%,58.9%
1820,疯狂外星人,6.0%,838.99,15,12.2%,17.2%
1821,万物生长,4.6%,647.62,17,8.2%,29.2%
1822,破坏者,4.1%,576.70,12,11.6%,20.2%
1823,战狼,1.7%,243.87,14,3.8%,27.9%
1824,王牌特工：特工学院,0.2%,31.38,23,0.2%,37.8%
1825,贵族大盗,0.1%,26.79,7,0.8%,16.8%
1826,赤道,0.1%,17.22,152,<0.1%,97.6%
1827,兔侠之青黎传说,<0.1%,10.30,86,<0.1%,--
1828,咱们结婚吧,<0.1%,6.91,6,0.2%,21.9%
1829,我是女王,<0.1%,5.18,3,0.4%,11.0%
1830,陌路惊笑,<0.1%,4.62,3,0.4%,10.6%
1831,天河,<0.1%,3.51,84,<0.1%,100%
1832,十万伙急,<0.1%,3.25,2,0.7%,9.9%
1833,狼图腾,<0.1%,3.06,17,<0.1%,49.9%
1834,冲锋车,<0.1%,3.01,20,<0.1%,43.2%
1835,魔法总动员,<0.1%,2.39,9,<0.1%,25.4%
1836,一万年以后,<0.1%,1.99,16,<0.1%,100%
1837,白幽灵传奇之绝命逃亡,<0.1%,1.67,12,<0.1%,100%
1838,通道转兵,<0.1%,1.35,68,<0.1%,--
1839,黄克功案件,<0.1%,1.12,112,<0.1%,99.1%
1840,速度与激情7,43.6%,9275.98,52,31.7%,51.5%
1841,左耳,37.5%,7979.14,54,30.3%,66.8%
1842,疯狂外星人,10.5%,2234.63,29,15.1%,39.8%
1843,万物生长,3.2%,684.47,20,7.0%,36.0%
1844,破坏者,2.7%,581.48,16,8.6%,29.8%
1845,战狼,1.5%,335.42,21,3.2%,44.7%
1846,王牌特工：特工学院,0.2%,57.72,39,0.2%,65.9%
1847,贵族大盗,0.1%,36.45,13,0.5%,35.8%
1848,兔侠之青黎传说,<0.1%,13.58,116,<0.1%,--
1849,咱们结婚吧,<0.1%,8.69,9,0.1%,44.8%
1850,魔法总动员,<0.1%,7.77,8,0.2%,31.6%
1851,陌路惊笑,<0.1%,6.35,4,0.4%,13.9%
1852,十万伙急,<0.1%,5.57,3,0.6%,19.8%
1853,我是女王,<0.1%,4.90,4,0.2%,20.0%
1854,狼图腾,<0.1%,3.11,16,<0.1%,31.4%
1855,通道转兵,<0.1%,2.70,121,<0.1%,--
1856,乡村里的中国,<0.1%,2.25,70,<0.1%,56.9%
1857,无敌小飞猪,<0.1%,2.19,3,0.2%,23.6%
1858,少年毛泽东,<0.1%,2.16,146,<0.1%,100%
1859,特功明星,<0.1%,2.04,2,0.2%,13.6%
1860,天河,<0.1%,1.14,66,<0.1%,100%
1861,一万年以后,<0.1%,1.02,13,<0.1%,100%
1862,速度与激情7,39.1%,7001.10,42,29.8%,42.4%
1863,左耳,34.8%,6226.64,42,30.3%,51.4%
1864,疯狂外星人,10.9%,1964.49,28,14.1%,38.2%
1865,何以笙箫默,7.4%,1325.59,55,5.2%,74.8%
1866,万物生长,2.7%,489.79,16,6.2%,30.2%
1867,破坏者,2.2%,405.82,13,7.2%,24.2%
1868,战狼,1.7%,311.57,20,3.3%,40.3%
1869,王牌特工：特工学院,0.3%,55.80,37,0.2%,59.3%
1870,贵族大盗,0.1%,28.28,11,0.5%,31.3%
1871,兔侠之青黎传说,<0.1%,14.20,114,<0.1%,100%
1872,咱们结婚吧,<0.1%,8.83,8,0.2%,38.9%
1873,魔法总动员,<0.1%,7.87,9,0.2%,33.1%
1874,陌路惊笑,<0.1%,4.96,4,0.4%,11.4%
1875,我是女王,<0.1%,4.62,4,0.2%,19.3%
1876,十万伙急,<0.1%,3.95,2,0.6%,14.8%
1877,通道转兵,<0.1%,3.17,123,<0.1%,--
1878,天将雄师,<0.1%,2.40,88,<0.1%,100%
1879,无敌小飞猪,<0.1%,2.16,3,0.2%,24.2%
1880,乡村里的中国,<0.1%,2.14,78,<0.1%,59.1%
1881,特功明星,<0.1%,1.91,2,0.2%,14.0%
1882,狼图腾,<0.1%,1.67,10,<0.1%,26.5%
1883,左耳,45.3%,3152.64,22,32.2%,25.8%
1884,速度与激情7,38.1%,2655.62,17,31.9%,16.9%
1885,疯狂外星人,4.7%,332.91,7,10.3%,8.9%
1886,万物生长,4.1%,286.86,9,7.8%,15.7%
1887,破坏者,3.6%,252.99,7,9.1%,13.3%
1888,战狼,2.8%,199.07,10,4.5%,20.5%
1889,王牌特工：特工学院,0.2%,18.21,17,0.2%,26.0%
1890,贵族大盗,0.2%,15.45,5,0.7%,12.4%
1891,兔侠之青黎传说,0.1%,11.58,115,<0.1%,100%
1892,咱们结婚吧,<0.1%,4.66,4,0.2%,13.9%
1893,我是女王,<0.1%,4.52,3,0.4%,11.5%
1894,陌路惊笑,<0.1%,3.88,3,0.5%,7.7%
1895,闯入者,<0.1%,3.49,104,<0.1%,--
1896,十万伙急,<0.1%,2.71,1,0.8%,7.9%
1897,摩尔庄园3：魔幻列车大冒险,<0.1%,1.52,170,<0.1%,100%
1898,狼图腾,<0.1%,1.44,8,<0.1%,24.4%
1899,通道转兵,<0.1%,1.26,63,<0.1%,--
1900,左耳,42.3%,2821.13,20,32.7%,23.2%
1901,速度与激情7,39.3%,2618.45,17,31.7%,17.2%
1902,疯狂外星人,5.7%,383.03,9,9.8%,10.9%
1903,万物生长,4.4%,293.55,9,7.9%,16.3%
1904,破坏者,3.6%,241.62,7,8.9%,13.6%
1905,战狼,3.1%,207.59,10,4.9%,19.6%
1906,爸爸的假期,0.3%,21.45,165,<0.1%,--
1907,贵族大盗,0.2%,19.38,6,0.7%,14.5%
1908,兔侠之青黎传说,0.1%,11.11,113,<0.1%,100%
1909,西藏天空,0.1%,8.10,41,<0.1%,100%
1910,咱们结婚吧,<0.1%,6.53,5,0.3%,15.9%
1911,陌路惊笑,<0.1%,4.38,3,0.5%,8.2%
1912,我是女王,<0.1%,4.18,3,0.4%,9.3%
1913,摩尔庄园3：魔幻列车大冒险,<0.1%,3.39,144,<0.1%,100%
1914,十万伙急,<0.1%,2.89,1,0.8%,8.9%
1915,狼图腾,<0.1%,1.90,10,<0.1%,20.6%
1916,通道转兵,<0.1%,1.29,63,<0.1%,--
1917,何以笙箫默,<0.1%,1.10,35,<0.1%,73.9%
1918,暴疯语,<0.1%,1.01,5,<0.1%,34.1%
1919,左耳,39.7%,2502.85,18,32.1%,20.2%
1920,速度与激情7,38.2%,2404.06,16,30.8%,16.1%
1921,疯狂外星人,5.5%,347.60,9,9.1%,10.7%
1922,万物生长,4.1%,262.89,8,7.3%,15.3%
1923,战狼,3.3%,207.61,10,4.9%,19.9%
1924,破坏者,3.1%,199.14,7,7.9%,12.1%
1925,爱我就陪我看电影,2.4%,153.23,11,3.4%,19.3%
1926,赤道,1.0%,63.67,28,0.4%,100%
1927,爸爸的假期,0.8%,53.69,130,<0.1%,100%
1928,何以笙箫默,0.6%,39.50,27,0.3%,100%
1929,贵族大盗,0.2%,16.36,6,0.6%,13.6%
1930,兔侠之青黎传说,0.1%,9.17,101,<0.1%,100%
1931,咱们结婚吧,<0.1%,5.14,4,0.2%,12.9%
1932,陌路惊笑,<0.1%,3.48,3,0.4%,7.7%
1933,我是女王,<0.1%,3.36,3,0.3%,8.2%
1934,狼图腾,<0.1%,2.55,17,<0.1%,40.7%
1935,摩尔庄园3：魔幻列车大冒险,<0.1%,1.64,138,<0.1%,100%
1936,十万伙急,<0.1%,1.61,1,0.6%,6.7%
1937,魔法总动员,<0.1%,1.28,9,<0.1%,98.3%
1938,通道转兵,<0.1%,1.27,64,<0.1%,--
1939,天将雄师,<0.1%,1.07,179,<0.1%,--
1940,冲锋车,<0.1%,1.03,9,<0.1%,30.7%
1941,何以笙箫默,34.9%,5006.07,35,30.8%,37.3%
1942,速度与激情7,21.8%,3129.71,38,14.6%,43.5%
1943,赤道,21.6%,3102.98,27,20.7%,29.0%
1944,左耳,15.0%,2153.99,30,15.0%,44.0%
1945,疯狂外星人,3.0%,443.04,20,4.4%,30.0%
1946,爱我就陪我看电影,1.1%,162.49,7,5.3%,14.6%
1947,念念,0.5%,79.88,6,3.3%,10.0%
1948,战狼,0.3%,57.27,13,0.9%,30.2%
1949,闯入者,0.3%,45.06,6,1.6%,9.3%
1950,爸爸的假期,0.3%,43.27,106,<0.1%,100%
1951,万物生长,0.2%,34.25,11,0.6%,33.0%
1952,破坏者,0.1%,18.19,8,0.5%,21.1%
1953,兔侠之青黎传说,<0.1%,10.19,130,<0.1%,100%
1954,少年毛泽东,<0.1%,5.07,3,0.7%,6.1%
1955,咱们结婚吧,<0.1%,4.25,10,<0.1%,100%
1956,魔法总动员,<0.1%,3.19,24,<0.1%,85.7%
1957,贵族大盗,<0.1%,2.94,8,<0.1%,44.1%
1958,麦兜我和我妈妈,<0.1%,2.73,517,<0.1%,100%
1959,冲锋车,<0.1%,2.61,41,<0.1%,69.1%
1960,通道转兵,<0.1%,1.64,77,<0.1%,--
1961,陌路惊笑,<0.1%,1.50,4,0.1%,16.9%
1962,十万伙急,<0.1%,1.46,2,0.2%,15.7%
1963,狼图腾,<0.1%,1.09,9,<0.1%,15.5%
1964,何以笙箫默,30.8%,8158.88,53,30.7%,56.7%
1965,速度与激情7,26.5%,7033.92,75,15.5%,83.9%
1966,赤道,15.9%,4213.46,39,17.7%,43.0%
1967,左耳,15.2%,4042.51,49,15.5%,76.0%
1968,疯狂外星人,8.8%,2338.33,48,9.1%,70.2%
1969,爱我就陪我看电影,0.7%,209.77,12,3.7%,26.2%
1970,战狼,0.5%,151.26,30,0.9%,59.3%
1971,念念,0.3%,99.92,10,2.0%,19.0%
1972,闯入者,0.3%,92.54,18,0.9%,30.4%
1973,万物生长,0.1%,51.79,19,0.5%,54.1%
1974,破坏者,0.1%,30.01,15,0.4%,33.7%
1975,少年毛泽东,<0.1%,14.12,4,1.0%,9.9%
1976,兔侠之青黎传说,<0.1%,10.33,96,<0.1%,100%
1977,女神跟我走,<0.1%,7.81,4,0.5%,6.4%
1978,魔法总动员,<0.1%,7.55,12,0.1%,95.1%
1979,贵族大盗,<0.1%,3.88,15,<0.1%,58.3%
1980,通道转兵,<0.1%,2.91,141,<0.1%,--
1981,狼图腾,<0.1%,2.85,27,<0.1%,86.4%
1982,陌路惊笑,<0.1%,2.76,6,0.1%,31.7%
1983,十万伙急,<0.1%,2.58,4,0.1%,31.7%
1984,无敌小飞猪,<0.1%,1.75,4,0.1%,36.5%
1985,咱们结婚吧,<0.1%,1.51,8,<0.1%,78.3%
1986,特功明星,<0.1%,1.47,4,0.1%,50.4%
1987,速度与激情7,29.8%,6710.80,63,17.6%,66.8%
1988,何以笙箫默,25.2%,5664.54,37,30.2%,41.2%
1989,左耳,15.8%,3561.96,40,17.0%,59.8%
1990,赤道,14.7%,3311.91,36,15.0%,44.7%
1991,疯狂外星人,11.0%,2478.09,46,9.9%,65.5%
1992,战狼,0.7%,177.14,28,1.2%,51.7%
1993,念念,0.7%,174.20,17,1.5%,32.7%
1994,闯入者,0.5%,125.93,19,1.1%,35.2%
1995,爱我就陪我看电影,0.4%,110.20,8,2.8%,19.5%
1996,万物生长,0.2%,50.53,17,0.5%,50.7%
1997,破坏者,0.1%,25.38,11,0.4%,26.5%
1998,兔侠之青黎传说,<0.1%,10.25,107,<0.1%,100%
1999,少年毛泽东,<0.1%,9.63,4,0.7%,10.1%
2000,魔法总动员,<0.1%,8.31,12,0.1%,71.8%
2001,贵族大盗,<0.1%,3.90,15,<0.1%,50.6%
2002,女神跟我走,<0.1%,3.69,3,0.3%,4.7%
2003,陌路惊笑,<0.1%,2.87,6,0.1%,28.7%
2004,通道转兵,<0.1%,2.57,124,<0.1%,--
2005,狼图腾,<0.1%,2.34,22,<0.1%,92.6%
2006,十万伙急,<0.1%,2.17,3,0.1%,26.9%
2007,无敌小飞猪,<0.1%,1.97,4,0.1%,33.9%
2008,特功明星,<0.1%,1.72,4,0.1%,53.9%
2009,咱们结婚吧,<0.1%,1.23,9,<0.1%,59.3%
2010,小战象2,<0.1%,1.00,168,<0.1%,--
2011,速度与激情7,27.3%,3974.99,37,18.3%,37.2%
2012,何以笙箫默,23.9%,3490.18,24,29.2%,27.1%
2013,赤道,15.6%,2273.24,26,14.6%,33.1%
2014,左耳,15.2%,2216.77,25,17.1%,36.8%
2015,疯狂外星人,13.6%,1992.21,36,10.3%,50.7%
2016,念念,1.1%,166.64,18,1.4%,31.5%
2017,战狼,0.9%,131.06,21,1.2%,37.3%
2018,闯入者,0.7%,112.06,12,1.6%,21.7%
2019,爱我就陪我看电影,0.5%,76.98,6,2.6%,15.3%
2020,万物生长,0.2%,35.94,12,0.5%,34.7%
2021,十二公民,0.1%,19.89,60,<0.1%,97.6%
2022,破坏者,0.1%,19.53,8,0.5%,17.3%
2023,兔侠之青黎传说,<0.1%,10.92,107,<0.1%,100%
2024,少年毛泽东,<0.1%,7.15,3,0.6%,9.8%
2025,魔法总动员,<0.1%,5.57,10,0.1%,51.7%
2026,女神跟我走,<0.1%,3.61,3,0.3%,6.8%
2027,贵族大盗,<0.1%,3.05,11,<0.1%,29.9%
2028,通道转兵,<0.1%,2.96,120,<0.1%,--
2029,陌路惊笑,<0.1%,1.78,4,0.1%,19.8%
2030,狼图腾,<0.1%,1.75,19,<0.1%,59.8%
2031,特功明星,<0.1%,1.40,3,0.1%,40.7%
2032,建党伟业,<0.1%,1.40,117,<0.1%,--
2033,十万伙急,<0.1%,1.33,2,0.1%,15.3%
2034,无敌小飞猪,<0.1%,1.21,4,<0.1%,25.2%
2035,何以笙箫默,26.8%,1627.33,13,28.4%,14.2%
2036,速度与激情7,25.1%,1521.82,16,18.6%,15.2%
2037,赤道,20.7%,1254.18,15,16.6%,17.8%
2038,左耳,17.1%,1040.15,13,17.8%,17.0%
2039,疯狂外星人,3.2%,195.14,7,5.7%,9.5%
2040,念念,2.5%,153.53,12,2.0%,19.9%
2041,闯入者,1.2%,78.07,7,2.5%,11.6%
2042,战狼,1.2%,73.44,12,1.3%,19.3%
2043,爱我就陪我看电影,0.8%,49.27,4,3.2%,8.6%
2044,万物生长,0.3%,21.38,6,0.7%,15.6%
2045,破坏者,0.2%,12.91,4,0.7%,8.9%
2046,兔侠之青黎传说,0.1%,9.16,115,<0.1%,100%
2047,女神跟我走,<0.1%,3.57,3,0.4%,6.3%
2048,贵族大盗,<0.1%,1.98,5,<0.1%,10.5%
2049,少年毛泽东,<0.1%,1.74,2,0.3%,6.1%
2050,狼图腾,<0.1%,1.59,20,<0.1%,80.4%
2051,医缘,<0.1%,1.36,228,<0.1%,96.3%
2052,通道转兵,<0.1%,1.27,48,<0.1%,--
2053,陌路惊笑,<0.1%,1.18,3,0.1%,10.0%
2054,何以笙箫默,25.8%,1372.78,12,27.8%,13.3%
2055,速度与激情7,25.5%,1357.29,14,18.9%,14.5%
2056,赤道,20.5%,1090.87,13,16.7%,16.2%
2057,左耳,17.5%,930.33,12,17.9%,16.5%
2058,疯狂外星人,3.2%,171.92,7,5.4%,9.2%
2059,念念,2.8%,152.04,12,2.1%,20.3%
2060,闯入者,1.6%,86.33,7,3.0%,10.0%
2061,战狼,1.0%,57.88,11,1.3%,16.4%
2062,爱我就陪我看电影,0.6%,32.11,3,3.2%,6.5%
2063,万物生长,0.4%,22.09,6,0.8%,15.7%
2064,破坏者,0.2%,15.58,5,0.8%,9.3%
2065,兔侠之青黎传说,0.1%,7.73,87,<0.1%,100%
2066,贵族大盗,<0.1%,2.50,6,0.1%,13.6%
2067,女神跟我走,<0.1%,2.44,2,0.5%,4.3%
2068,霸王别姬(京剧),<0.1%,1.93,211,<0.1%,59.6%
2069,少年毛泽东,<0.1%,1.57,3,0.3%,7.7%
2070,通道转兵,<0.1%,1.37,62,<0.1%,--
2071,陌路惊笑,<0.1%,1.30,3,0.1%,9.8%
2072,超能查派,<0.1%,1.30,66,<0.1%,--
2073,医缘,<0.1%,1.21,91,<0.1%,89.5%
2074,狼图腾,<0.1%,1.06,11,<0.1%,17.9%
2075,速度与激情7,25.4%,1170.37,12,19.0%,12.4%
2076,何以笙箫默,24.3%,1117.14,10,27.3%,10.9%
2077,赤道,21.0%,968.95,12,16.8%,14.3%
2078,左耳,17.5%,805.22,10,17.9%,14.3%
2079,疯狂外星人,3.2%,151.45,7,5.2%,8.4%
2080,念念,3.1%,144.12,11,2.1%,18.4%
2081,闯入者,1.9%,87.63,6,3.1%,9.7%
2082,战狼,1.2%,59.21,9,1.4%,14.5%
2083,爱我就陪我看电影,0.6%,28.44,3,3.1%,5.9%
2084,万物生长,0.4%,19.89,5,0.8%,13.2%
2085,破坏者,0.3%,15.73,4,0.9%,8.6%
2086,兔侠之青黎传说,0.2%,9.37,104,<0.1%,100%
2087,我是女王,<0.1%,3.04,29,<0.1%,100%
2088,超能陆战队,<0.1%,2.30,64,<0.1%,--
2089,女神跟我走,<0.1%,2.20,2,0.4%,4.2%
2090,贵族大盗,<0.1%,1.90,5,<0.1%,10.3%
2091,藏羚王,<0.1%,1.72,345,<0.1%,--
2092,陌路惊笑,<0.1%,1.32,2,0.1%,8.9%
2093,通道转兵,<0.1%,1.26,63,<0.1%,--
2094,医缘,<0.1%,1.04,89,<0.1%,100%
2095,摩尔庄园3：魔幻列车大冒险,<0.1%,1.03,182,<0.1%,100%
2096,速度与激情7,25.9%,1059.38,11,19.1%,11.1%
2097,何以笙箫默,23.8%,971.75,9,26.8%,9.6%
2098,赤道,20.5%,840.96,10,16.9%,12.5%
2099,左耳,17.4%,712.57,9,17.8%,12.7%
2100,疯狂外星人,3.3%,138.44,6,5.1%,7.8%
2101,念念,3.1%,129.56,10,2.1%,17.8%
2102,闯入者,1.8%,74.57,5,3.2%,8.2%
2103,战狼,1.4%,58.87,9,1.6%,13.3%
2104,爱我就陪我看电影,0.6%,25.75,3,3.0%,5.6%
2105,万物生长,0.4%,19.88,5,0.9%,12.7%
2106,破坏者,0.3%,14.68,4,0.9%,8.1%
2107,超能查派,0.3%,14.23,14,0.2%,11.8%
2108,兔侠之青黎传说,0.1%,4.26,58,<0.1%,--
2109,女神跟我走,<0.1%,3.04,3,0.4%,7.1%
2110,少年毛泽东,<0.1%,2.12,3,0.2%,10.9%
2111,母亲的梦想,<0.1%,1.62,270,<0.1%,--
2112,贵族大盗,<0.1%,1.60,4,<0.1%,7.6%
2113,医缘,<0.1%,1.36,110,<0.1%,61.1%
2114,陌路惊笑,<0.1%,1.32,2,0.1%,9.0%
2115,通道转兵,<0.1%,1.24,53,<0.1%,--
2116,超能查派,28.0%,1653.93,15,25.7%,15.3%
2117,速度与激情7,22.2%,1316.78,17,15.2%,17.6%
2118,何以笙箫默,17.3%,1026.44,12,19.2%,15.2%
2119,赤道,11.9%,706.06,12,11.5%,16.0%
2120,左耳,11.6%,686.74,12,12.3%,19.0%
2121,疯狂外星人,3.4%,206.72,11,4.2%,15.6%
2122,念念,1.9%,115.20,20,0.8%,39.0%
2123,闯入者,0.8%,51.24,7,1.7%,10.2%
2124,战狼,0.7%,46.39,11,0.9%,16.4%
2125,悬战,0.6%,40.30,3,4.9%,4.3%
2126,万物生长,0.1%,10.43,6,0.3%,18.5%
2127,爱我就陪我看电影,0.1%,9.52,3,0.9%,9.6%
2128,兔侠之青黎传说,0.1%,6.03,73,<0.1%,--
2129,破坏者,<0.1%,4.84,3,0.3%,12.2%
2130,黑猫警长之翡翠之星,<0.1%,4.08,206,<0.1%,--
2131,分手，不分手,<0.1%,2.67,1,0.6%,100%
2132,天河,<0.1%,2.22,142,<0.1%,--
2133,医缘,<0.1%,2.06,139,<0.1%,100%
2134,少年毛泽东,<0.1%,1.77,4,0.1%,25.5%
2135,霸王别姬(京剧),<0.1%,1.74,9,<0.1%,12.4%
2136,咱们的工会主席,<0.1%,1.72,492,<0.1%,81.1%
2137,女神跟我走,<0.1%,1.48,3,0.1%,18.8%
2138,通道转兵,<0.1%,1.35,68,<0.1%,--
2139,陌路惊笑,<0.1%,1.07,3,0.1%,14.0%
2140,麦兜我和我妈妈,<0.1%,1.02,257,<0.1%,--
2141,超能查派,26.0%,2667.47,24,24.5%,23.0%
2142,速度与激情7,23.5%,2407.34,29,15.0%,29.7%
2143,何以笙箫默,15.3%,1569.22,18,17.7%,23.7%
2144,左耳,11.1%,1142.05,20,11.4%,32.2%
2145,赤道,10.4%,1072.88,19,10.3%,24.7%
2146,疯狂外星人,8.0%,828.96,24,6.6%,34.7%
2147,阿里巴巴大盗奇兵,2.0%,208.55,10,5.3%,14.5%
2148,战狼,0.7%,80.18,18,0.9%,27.5%
2149,闯入者,0.6%,68.30,12,1.0%,21.1%
2150,念念,0.5%,60.72,18,0.5%,33.3%
2151,悬战,0.3%,39.59,3,3.4%,5.9%
2152,十二公民,0.2%,21.95,64,<0.1%,90.6%
2153,万物生长,0.1%,16.90,11,0.3%,27.3%
2154,黑猫警长之翡翠之星,0.1%,12.05,206,<0.1%,--
2155,爱我就陪我看电影,0.1%,10.52,4,0.7%,16.9%
2156,兔侠之青黎传说,<0.1%,6.06,74,<0.1%,--
2157,破坏者,<0.1%,6.03,5,0.2%,20.2%
2158,霸王别姬(京剧),<0.1%,4.34,38,<0.1%,79.5%
2159,分手，不分手,<0.1%,3.23,2,0.5%,100%
2160,通道转兵,<0.1%,2.79,112,<0.1%,--
2161,少年毛泽东,<0.1%,1.80,3,0.2%,22.8%
2162,女神跟我走,<0.1%,1.73,6,<0.1%,59.5%
2163,陌路惊笑,<0.1%,1.45,5,<0.1%,15.6%
2164,狼图腾,<0.1%,1.37,11,<0.1%,21.4%
2165,贵族大盗,<0.1%,1.31,6,<0.1%,10.9%
2166,超能查派,24.4%,2065.31,19,23.7%,19.0%
2167,速度与激情7,23.7%,2009.12,23,15.4%,24.4%
2168,何以笙箫默,14.8%,1250.99,15,17.9%,18.8%
2169,赤道,10.8%,914.99,17,10.4%,21.9%
2170,左耳,10.7%,911.28,16,11.6%,25.3%
2171,疯狂外星人,9.3%,785.38,22,7.0%,31.9%
2172,阿里巴巴大盗奇兵,2.3%,196.27,10,5.0%,14.7%
2173,战狼,1.0%,84.83,17,1.0%,26.6%
2174,闯入者,0.7%,61.19,11,1.1%,18.8%
2175,念念,0.6%,58.08,17,0.5%,32.5%
2176,悬战,0.4%,34.36,3,3.0%,6.1%
2177,万物生长,0.1%,11.85,8,0.2%,24.6%
2178,爱我就陪我看电影,0.1%,11.31,4,0.7%,17.8%
2179,黑猫警长之翡翠之星,0.1%,9.01,158,<0.1%,--
2180,破坏者,<0.1%,6.52,5,0.2%,18.1%
2181,霸王别姬(京剧),<0.1%,4.84,39,<0.1%,56.0%
2182,兔侠之青黎传说,<0.1%,4.06,63,<0.1%,--
2183,女神跟我走,<0.1%,3.67,12,0.1%,100%
2184,少年毛泽东,<0.1%,3.16,5,0.2%,37.6%
2185,我是女王,<0.1%,2.41,34,<0.1%,100%
2186,通道转兵,<0.1%,2.39,101,<0.1%,--
2187,分手，不分手,<0.1%,2.12,2,0.4%,77.5%
2188,狼图腾,<0.1%,1.99,17,<0.1%,36.9%
2189,复仇者联盟2：奥创纪元,<0.1%,1.31,28,<0.1%,100%
2190,贵族大盗,<0.1%,1.30,7,<0.1%,22.0%
2191,陌路惊笑,<0.1%,1.27,4,<0.1%,13.0%
2192,永远的守望,<0.1%,1.27,6,<0.1%,24.5%
2193,重返20岁,<0.1%,1.24,124,<0.1%,--
2194,复仇者联盟2：奥创纪元,49.6%,2972.81,94,5.5%,81.3%
2195,速度与激情7,13.0%,783.28,10,15.4%,10.4%
2196,超能查派,12.1%,725.23,7,23.5%,7.5%
2197,何以笙箫默,8.3%,499.46,6,18.4%,7.7%
2198,左耳,6.6%,395.61,7,12.2%,10.9%
2199,赤道,6.5%,392.55,7,11.1%,9.4%
2200,疯狂外星人,1.1%,66.95,4,3.9%,4.8%
2201,战狼,0.7%,42.77,8,1.2%,11.2%
2202,闯入者,0.4%,25.03,4,1.3%,7.0%
2203,悬战,0.2%,17.07,2,3.2%,3.0%
2204,复仇者联盟,0.2%,13.73,44,<0.1%,64.1%
2205,念念,0.2%,12.08,5,0.6%,7.9%
2206,万物生长,0.1%,8.23,5,0.3%,12.6%
2207,爱我就陪我看电影,<0.1%,5.22,2,0.8%,6.0%
2208,破坏者,<0.1%,4.54,4,0.3%,12.9%
2209,兔侠之青黎传说,<0.1%,4.24,49,<0.1%,--
2210,西藏天空,<0.1%,4.00,115,<0.1%,--
2211,十二公民,<0.1%,2.76,92,<0.1%,--
2212,重生爱人,<0.1%,2.42,180,<0.1%,--
2213,摩尔庄园3：魔幻列车大冒险,<0.1%,2.35,263,<0.1%,--
2214,分手，不分手,<0.1%,1.21,1,0.5%,36.0%
2215,复仇者联盟2：奥创纪元,95.4%,18586.42,59,63.4%,62.4%
2216,何以笙箫默,1.1%,224.12,7,8.9%,11.4%
2217,超能查派,0.8%,174.19,5,10.4%,6.5%
2218,左耳,0.7%,148.69,7,5.0%,15.7%
2219,速度与激情7,0.7%,143.28,11,2.9%,16.6%
2220,赤道,0.3%,69.09,5,3.2%,9.2%
2221,复仇者联盟,0.2%,53.53,34,0.3%,56.2%
2222,疯狂外星人,<0.1%,18.08,5,1.1%,6.4%
2223,战狼,<0.1%,12.90,6,0.5%,9.6%
2224,闯入者,<0.1%,7.45,4,0.4%,10.4%
2225,悬战,<0.1%,4.83,2,1.3%,4.5%
2226,西藏天空,<0.1%,4.00,73,<0.1%,--
2227,念念,<0.1%,3.25,5,0.1%,8.1%
2228,兔侠之青黎传说,<0.1%,2.55,41,<0.1%,--
2229,爱我就陪我看电影,<0.1%,2.42,2,0.6%,8.4%
2230,母亲的梦想,<0.1%,1.92,320,<0.1%,--
2231,通道转兵,<0.1%,1.65,61,<0.1%,--
2232,万物生长,<0.1%,1.14,2,0.1%,8.6%
2233,分手，不分手,<0.1%,1.07,1,0.3%,--
2234,复仇者联盟2：奥创纪元,94.6%,12502.47,38,65.1%,40.4%
2235,何以笙箫默,1.6%,211.50,6,9.4%,10.3%
2236,超能查派,1.3%,178.46,5,10.2%,6.9%
2237,左耳,1.1%,149.60,7,5.4%,13.7%
2238,赤道,0.5%,72.09,5,3.5%,8.7%
2239,战狼,0.1%,20.12,7,0.7%,11.3%
2240,疯狂外星人,0.1%,18.60,4,1.1%,5.9%
2241,复仇者联盟,0.1%,17.90,22,0.1%,42.4%
2242,闯入者,<0.1%,8.41,4,0.5%,8.7%
2243,悬战,<0.1%,4.26,2,1.2%,4.2%
2244,念念,<0.1%,3.90,5,0.2%,8.2%
2245,兔侠之青黎传说,<0.1%,2.55,41,<0.1%,--
2246,黄克功案件,<0.1%,2.36,77,<0.1%,100%
2247,爱我就陪我看电影,<0.1%,2.29,1,0.6%,6.7%
2248,麦兜我和我妈妈,<0.1%,1.57,395,<0.1%,--
2249,霸王别姬(京剧),<0.1%,1.54,66,<0.1%,55.4%
2250,万物生长,<0.1%,1.48,3,0.1%,10.8%
2251,医缘,<0.1%,1.24,29,<0.1%,41.4%
2252,通道转兵,<0.1%,1.18,43,<0.1%,--
2253,分手，不分手,<0.1%,1.17,2,0.3%,--
2254,狼图腾,<0.1%,1.04,174,<0.1%,--
2255,复仇者联盟2：奥创纪元,92.9%,9165.46,28,64.7%,29.2%
2256,何以笙箫默,2.0%,203.34,6,9.5%,10.1%
2257,超能查派,1.8%,180.63,5,10.0%,8.0%
2258,左耳,1.4%,146.20,6,5.7%,13.3%
2259,赤道,0.7%,70.96,5,3.6%,8.9%
2260,疯狂外星人,0.1%,18.45,4,1.1%,6.5%
2261,战狼,0.1%,17.76,6,0.7%,9.5%
2262,爸爸的假期,0.1%,12.50,116,<0.1%,100%
2263,复仇者联盟,<0.1%,8.87,19,<0.1%,35.7%
2264,闯入者,<0.1%,8.14,4,0.5%,9.8%
2265,念念,<0.1%,3.70,5,0.2%,8.6%
2266,悬战,<0.1%,3.60,1,1.2%,3.7%
2267,爱我就陪我看电影,<0.1%,2.54,2,0.6%,7.8%
2268,兔侠之青黎传说,<0.1%,2.54,41,<0.1%,--
2269,霸王别姬(京剧),<0.1%,2.00,52,<0.1%,48.9%
2270,母亲的梦想,<0.1%,1.87,416,<0.1%,--
2271,医缘,<0.1%,1.48,43,<0.1%,33.7%
2272,万物生长,<0.1%,1.46,3,0.1%,9.0%
2273,狼图腾,<0.1%,1.03,173,<0.1%,--
2274,复仇者联盟2：奥创纪元,92.3%,12608.63,39,60.1%,40.4%
2275,重生爱人,1.5%,213.43,6,8.9%,10.8%
2276,超能查派,1.3%,191.01,8,5.5%,14.8%
2277,何以笙箫默,1.1%,154.48,8,5.0%,14.3%
2278,左耳,0.7%,99.79,8,2.8%,17.1%
2279,旋风九日,0.6%,94.73,6,4.2%,9.7%
2280,夺命旅行,0.6%,83.13,6,3.8%,10.2%
2281,十二公民,0.4%,58.08,4,4.1%,5.3%
2282,赤道,0.3%,43.36,6,1.5%,12.0%
2283,疯狂外星人,0.2%,33.00,6,1.3%,10.5%
2284,复仇者联盟,0.1%,19.13,32,<0.1%,47.9%
2285,战狼,0.1%,16.49,9,0.4%,14.5%
2286,爸爸的假期,<0.1%,6.55,117,<0.1%,84.8%
2287,霸王别姬(京剧),<0.1%,6.32,121,<0.1%,84.9%
2288,闯入者,<0.1%,4.83,5,0.2%,18.1%
2289,咱们的工会主席,<0.1%,3.13,224,<0.1%,67.2%
2290,念念,<0.1%,2.60,7,<0.1%,10.9%
2291,爸爸的晚餐,<0.1%,1.97,86,<0.1%,100%
2292,悬战,<0.1%,1.56,2,0.3%,10.5%
2293,破坏者,<0.1%,1.55,8,<0.1%,50.2%
2294,医缘,<0.1%,1.50,53,<0.1%,27.3%
2295,永远的守望,<0.1%,1.42,30,<0.1%,100%
2296,爱我就陪我看电影,<0.1%,1.41,2,0.2%,12.2%
2297,通道转兵,<0.1%,1.41,66,<0.1%,--
2298,复仇者联盟2：奥创纪元,91.7%,23836.56,71,59.4%,74.7%
2299,超能查派,1.4%,369.40,17,4.7%,32.2%
2300,重生爱人,1.3%,361.84,11,8.0%,21.3%
2301,疯狂外星人,1.2%,311.87,17,3.8%,27.1%
2302,何以笙箫默,1.0%,260.55,14,4.4%,28.8%
2303,阿里巴巴大盗奇兵,0.6%,179.02,11,4.3%,17.7%
2304,左耳,0.6%,176.43,14,2.6%,36.4%
2305,夺命旅行,0.4%,123.54,8,3.6%,17.0%
2306,十二公民,0.4%,106.43,8,2.9%,14.2%
2307,旋风九日,0.3%,87.10,7,2.5%,14.0%
2308,赤道,0.2%,63.36,11,1.2%,23.4%
2309,复仇者联盟,0.1%,38.47,57,<0.1%,82.4%
2310,战狼,0.1%,28.32,14,0.4%,25.4%
2311,闯入者,<0.1%,9.42,9,0.2%,43.1%
2312,念念,<0.1%,3.93,12,<0.1%,19.7%
2313,通道转兵,<0.1%,1.80,88,<0.1%,--
2314,悬战,<0.1%,1.71,2,0.2%,17.9%
2315,爱我就陪我看电影,<0.1%,1.69,3,0.1%,21.4%
2316,少年毛泽东,<0.1%,1.16,2,0.2%,10.0%
2317,复仇者联盟2：奥创纪元,89.4%,16992.23,51,59.2%,52.9%
2318,超能查派,1.7%,339.02,16,4.8%,29.7%
2319,疯狂外星人,1.7%,333.73,18,3.9%,29.5%
2320,重生爱人,1.5%,303.95,9,8.0%,18.1%
2321,何以笙箫默,1.2%,230.82,12,4.6%,24.1%
2322,阿里巴巴大盗奇兵,0.9%,189.99,11,4.3%,19.0%
2323,左耳,0.9%,175.81,14,2.7%,34.2%
2324,十二公民,0.6%,120.12,10,2.7%,18.1%
2325,夺命旅行,0.5%,95.32,6,3.7%,13.4%
2326,旋风九日,0.4%,85.97,8,2.4%,14.6%
2327,赤道,0.3%,59.69,10,1.2%,21.2%
2328,战狼,0.1%,29.69,14,0.4%,25.6%
2329,复仇者联盟,0.1%,21.52,47,<0.1%,72.5%
2330,闯入者,<0.1%,8.46,8,0.2%,39.1%
2331,念念,<0.1%,4.22,13,<0.1%,20.2%
2332,悬战,<0.1%,2.02,3,0.2%,24.6%
2333,黄克功案件,<0.1%,1.83,64,<0.1%,100%
2334,通道转兵,<0.1%,1.49,88,<0.1%,--
2335,爱我就陪我看电影,<0.1%,1.41,2,0.1%,22.3%
2336,少年毛泽东,<0.1%,1.32,3,0.1%,14.6%
2337,霸王别姬(京剧),<0.1%,1.28,49,<0.1%,92.0%
2338,复仇者联盟2：奥创纪元,83.9%,4524.46,16,57.0%,16.1%
2339,超能查派,3.3%,182.57,7,6.7%,12.1%
2340,重生爱人,3.2%,174.96,5,9.8%,8.9%
2341,何以笙箫默,2.2%,121.94,6,6.0%,9.4%
2342,左耳,1.7%,96.47,7,3.5%,13.2%
2343,十二公民,1.4%,77.71,6,3.5%,9.4%
2344,夺命旅行,1.2%,68.05,4,4.5%,8.2%
2345,赤道,0.8%,45.44,6,1.8%,10.5%
2346,旋风九日,0.5%,31.91,3,3.1%,4.6%
2347,战狼,0.3%,20.67,7,0.6%,12.3%
2348,疯狂外星人,0.3%,19.37,4,1.3%,5.4%
2349,爸爸的假期,0.1%,8.92,136,<0.1%,100%
2350,闯入者,<0.1%,4.42,4,0.2%,13.7%
2351,复仇者联盟,<0.1%,3.12,12,<0.1%,69.6%
2352,念念,<0.1%,2.48,6,<0.1%,9.9%
2353,悬战,<0.1%,2.09,2,0.3%,12.9%
2354,爱我就陪我看电影,<0.1%,1.09,3,0.2%,16.5%
2355,复仇者联盟2：奥创纪元,81.7%,3981.18,14,55.9%,14.6%
2356,超能查派,4.0%,198.85,8,6.9%,12.8%
2357,重生爱人,3.4%,166.51,5,9.9%,8.5%
2358,何以笙箫默,2.5%,121.98,6,6.1%,9.5%
2359,左耳,1.9%,94.06,7,3.6%,12.7%
2360,十二公民,1.7%,84.88,6,3.7%,10.0%
2361,夺命旅行,1.3%,65.71,4,4.6%,8.4%
2362,赤道,0.9%,48.47,6,1.9%,10.6%
2363,旋风九日,0.7%,34.27,3,3.2%,4.7%
2364,疯狂外星人,0.4%,22.35,4,1.3%,6.7%
2365,战狼,0.4%,20.59,7,0.7%,11.1%
2366,爸爸的假期,0.1%,5.61,116,<0.1%,93.3%
2367,闯入者,<0.1%,4.63,4,0.2%,13.3%
2368,土豪520,<0.1%,3.23,135,<0.1%,--
2369,念念,<0.1%,2.40,6,<0.1%,8.7%
2370,复仇者联盟,<0.1%,2.18,9,<0.1%,74.6%
2371,医缘,<0.1%,1.92,77,<0.1%,100%
2372,爸爸去哪儿2,<0.1%,1.57,131,<0.1%,100.0%
2373,悬战,<0.1%,1.15,2,0.3%,7.3%
2374,复仇者联盟2：奥创纪元,76.4%,4927.34,18,54.5%,18.7%
2375,重生爱人,5.2%,339.17,9,10.3%,16.2%
2376,超能查派,5.0%,323.40,12,7.1%,19.5%
2377,何以笙箫默,3.4%,220.22,9,6.5%,15.7%
2378,左耳,2.7%,175.05,10,3.9%,21.1%
2379,十二公民,1.9%,126.69,9,3.8%,14.3%
2380,夺命旅行,1.8%,116.81,7,4.6%,13.8%
2381,赤道,1.2%,79.65,9,2.0%,16.7%
2382,旋风九日,0.6%,39.85,4,3.0%,6.0%
2383,战狼,0.5%,38.45,11,0.8%,17.9%
2384,疯狂外星人,0.4%,30.95,6,1.3%,9.3%
2385,闯入者,0.1%,7.68,11,0.2%,35.2%
2386,土豪520,<0.1%,3.20,13,<0.1%,28.9%
2387,念念,<0.1%,2.80,8,<0.1%,10.4%
2388,爱我就陪我看电影,<0.1%,2.24,3,0.2%,15.8%
2389,复仇者联盟,<0.1%,1.99,8,<0.1%,76.0%
2390,医缘,<0.1%,1.99,88,<0.1%,100%
2391,爸爸的假期,<0.1%,1.57,96,<0.1%,71.1%
2392,悬战,<0.1%,1.51,2,0.3%,9.1%
2393,爸爸去哪儿2,<0.1%,1.42,123,<0.1%,93.6%
2394,复仇者联盟2：奥创纪元,69.4%,2877.77,12,50.7%,11.4%
2395,土豪520,13.1%,545.50,10,13.8%,19.3%
2396,超能查派,4.3%,180.96,8,6.0%,12.0%
2397,重生爱人,2.5%,105.87,4,7.8%,6.4%
2398,何以笙箫默,2.2%,93.46,5,5.0%,8.1%
2399,十二公民,1.9%,80.81,7,2.9%,10.8%
2400,左耳,1.7%,74.20,6,3.1%,10.8%
2401,夺命旅行,1.1%,47.85,4,3.5%,7.0%
2402,赤道,0.9%,39.62,6,1.6%,10.3%
2403,旋风九日,0.6%,28.71,4,2.0%,6.2%
2404,战狼,0.5%,24.08,8,0.7%,11.8%
2405,疯狂外星人,0.4%,19.40,5,1.1%,6.9%
2406,少年毛泽东,<0.1%,3.60,14,<0.1%,48.9%
2407,医缘,<0.1%,2.95,229,<0.1%,95.0%
2408,闯入者,<0.1%,2.52,4,0.1%,8.0%
2409,念念,<0.1%,1.79,8,<0.1%,9.7%
2410,霸王别姬(京剧),<0.1%,1.76,42,<0.1%,87.7%
2411,复仇者联盟,<0.1%,1.59,6,<0.1%,58.6%
2412,情满人间,<0.1%,1.07,179,<0.1%,20.4%
2413,复仇者联盟2：奥创纪元,70.1%,4036.37,17,46.7%,16.5%
2414,我的个神啊,10.6%,615.65,13,12.4%,20.0%
2415,土豪520,7.6%,443.03,9,12.5%,15.9%
2416,超能查派,3.1%,180.99,11,4.0%,16.3%
2417,十二公民,1.3%,80.01,10,1.8%,16.7%
2418,重生爱人,1.2%,70.94,4,5.1%,6.6%
2419,何以笙箫默,1.0%,63.02,6,3.0%,9.3%
2420,左耳,0.8%,51.59,6,1.9%,12.6%
2421,夺命旅行,0.7%,41.63,4,2.6%,8.1%
2422,疯狂外星人,0.6%,38.97,7,1.3%,12.6%
2423,赤道,0.5%,30.45,7,0.9%,12.1%
2424,旋风九日,0.5%,29.05,7,1.1%,12.8%
2425,迷与狂,0.4%,26.47,2,4.0%,3.6%
2426,战狼,0.3%,21.02,8,0.6%,12.8%
2427,霸王别姬(京剧),0.1%,6.67,114,<0.1%,100%
2428,哺乳期的女人,<0.1%,3.12,2,0.4%,2.3%
2429,医缘,<0.1%,2.49,118,<0.1%,100%
2430,闯入者,<0.1%,2.01,5,0.1%,9.6%
2431,复仇者联盟,<0.1%,1.61,9,<0.1%,100%
2432,明日世界,<0.1%,1.50,150,<0.1%,92.3%
2433,念念,<0.1%,1.20,7,<0.1%,10.1%
2434,通道转兵,<0.1%,1.08,72,<0.1%,--
2435,永远的守望,<0.1%,1.02,30,<0.1%,65.1%
2436,复仇者联盟2：奥创纪元,68.6%,7691.57,32,43.9%,30.5%
2437,我的个神啊,11.6%,1307.76,26,12.3%,40.7%
2438,土豪520,5.8%,652.66,14,11.2%,23.9%
2439,阿里巴巴大盗奇兵,2.9%,335.41,10,8.9%,17.0%
2440,超能查派,2.7%,312.05,20,3.3%,31.4%
2441,疯狂外星人,2.0%,230.99,17,2.9%,22.8%
2442,十二公民,1.2%,135.96,19,1.5%,33.5%
2443,何以笙箫默,0.8%,98.16,10,2.3%,19.6%
2444,重生爱人,0.8%,92.69,7,3.6%,12.7%
2445,左耳,0.7%,81.72,11,1.5%,23.7%
2446,夺命旅行,0.4%,54.03,6,2.1%,12.5%
2447,迷与狂,0.4%,46.61,6,2.5%,12.0%
2448,赤道,0.3%,38.87,11,0.7%,21.3%
2449,战狼,0.3%,35.03,14,0.5%,21.7%
2450,旋风九日,0.2%,32.03,6,1.0%,11.9%
2451,西藏天空,0.1%,18.76,206,<0.1%,--
2452,潜艇总动员之时光宝盒,<0.1%,9.53,29,<0.1%,28.6%
2453,智取威虎山,<0.1%,5.00,111,<0.1%,--
2454,黄飞鸿之英雄有梦,<0.1%,4.70,122,<0.1%,--
2455,重返20岁,<0.1%,3.21,130,<0.1%,100%
2456,哺乳期的女人,<0.1%,3.12,4,0.2%,4.7%
2457,狼图腾,<0.1%,2.92,244,<0.1%,--
2458,闯入者,<0.1%,2.48,8,<0.1%,16.5%
2459,念念,<0.1%,1.78,11,<0.1%,13.1%
2460,复仇者联盟,<0.1%,1.74,9,<0.1%,--
2461,悬战,<0.1%,1.73,6,0.1%,94.6%
2462,通道转兵,<0.1%,1.71,69,<0.1%,--
2463,复仇者联盟2：奥创纪元,63.6%,5673.53,24,43.2%,23.2%
2464,我的个神啊,14.4%,1290.52,23,13.5%,35.6%
2465,土豪520,6.4%,575.32,12,11.3%,20.5%
2466,阿里巴巴大盗奇兵,3.7%,330.44,10,9.0%,16.7%
2467,超能查派,2.7%,246.20,16,3.3%,25.1%
2468,疯狂外星人,2.4%,218.66,17,2.8%,21.8%
2469,十二公民,1.4%,130.39,18,1.5%,30.8%
2470,何以笙箫默,0.8%,79.71,8,2.3%,17.1%
2471,重生爱人,0.8%,74.36,5,3.4%,11.1%
2472,左耳,0.7%,65.81,10,1.3%,23.2%
2473,夺命旅行,0.4%,41.08,5,2.2%,9.6%
2474,战狼,0.4%,37.30,14,0.5%,22.2%
2475,赤道,0.4%,36.25,10,0.7%,19.2%
2476,旋风九日,0.3%,31.45,6,1.0%,11.8%
2477,迷与狂,0.2%,23.23,4,2.1%,6.8%
2478,西藏天空,0.2%,21.67,184,<0.1%,--
2479,哆啦A梦：伴我同行,<0.1%,6.94,116,<0.1%,--
2480,黄飞鸿之英雄有梦,<0.1%,6.12,134,<0.1%,--
2481,智取威虎山,<0.1%,4.68,124,<0.1%,--
2482,闯入者,<0.1%,4.48,26,<0.1%,57.0%
2483,哺乳期的女人,<0.1%,3.43,5,0.2%,7.5%
2484,重返20岁,<0.1%,2.97,118,<0.1%,--
2485,念念,<0.1%,2.45,17,<0.1%,19.7%
2486,潜艇总动员之时光宝盒,<0.1%,2.37,33,<0.1%,41.6%
2487,悬战,<0.1%,1.97,7,0.1%,100%
2488,通道转兵,<0.1%,1.53,67,<0.1%,--
2489,复仇者联盟,<0.1%,1.34,8,<0.1%,--
2490,狼图腾,<0.1%,1.29,216,<0.1%,--
2491,复仇者联盟2：奥创纪元,53.8%,1559.78,8,43.3%,7.2%
2492,我的个神啊,21.8%,631.89,11,16.1%,15.2%
2493,土豪520,7.5%,218.72,5,12.7%,7.8%
2494,超能查派,3.3%,95.65,6,4.2%,8.5%
2495,明日世界,2.3%,67.56,18,0.7%,12.6%
2496,十二公民,1.9%,55.34,7,1.9%,11.2%
2497,重生爱人,1.2%,36.82,3,4.2%,4.8%
2498,何以笙箫默,1.2%,36.80,4,2.7%,7.2%
2499,夺命旅行,0.8%,26.01,3,2.5%,5.9%
2500,西藏天空,0.8%,23.73,184,<0.1%,--
2501,战狼,0.7%,20.72,7,0.7%,10.8%
2502,赤道,0.6%,19.86,5,0.9%,9.1%
2503,左耳,0.6%,18.05,5,0.9%,8.4%
2504,旋风九日,0.5%,17.11,4,1.1%,6.4%
2505,阿里巴巴大盗奇兵,0.4%,13.58,2,3.8%,1.9%
2506,迷与狂,0.4%,13.20,3,2.3%,4.7%
2507,屠魔战士,0.3%,10.90,9,0.2%,7.9%
2508,黄飞鸿之英雄有梦,0.1%,5.79,138,<0.1%,--
2509,智取威虎山,0.1%,4.49,118,<0.1%,100%
2510,重返20岁,0.1%,3.93,124,<0.1%,--
2511,医缘,0.1%,3.24,215,<0.1%,93.7%
2512,霸王别姬(京剧),<0.1%,2.35,43,<0.1%,77.1%
2513,念念,<0.1%,1.87,19,<0.1%,21.3%
2514,闯入者,<0.1%,1.79,5,<0.1%,9.6%
2515,哺乳期的女人,<0.1%,1.33,3,0.1%,3.0%
2516,通道转兵,<0.1%,1.06,54,<0.1%,--
2517,明日世界,38.3%,1631.62,13,30.9%,12.3%
2518,复仇者联盟2：奥创纪元,25.8%,1099.94,11,21.2%,11.7%
2519,屠魔战士,18.4%,786.53,7,23.3%,8.8%
2520,我的个神啊,10.5%,448.12,13,9.4%,20.5%
2521,土豪520,1.9%,80.92,4,5.3%,8.6%
2522,旋风九日,0.9%,42.23,11,0.7%,27.9%
2523,西藏天空,0.7%,29.94,180,<0.1%,--
2524,十二公民,0.6%,27.18,7,0.9%,13.2%
2525,超能查派,0.4%,19.32,4,1.1%,7.7%
2526,何以笙箫默,0.2%,11.77,4,0.8%,11.2%
2527,夺命旅行,0.2%,9.69,3,1.2%,6.3%
2528,战狼,0.2%,9.69,7,0.2%,12.1%
2529,左耳,0.1%,8.14,6,0.3%,12.7%
2530,重生爱人,0.1%,7.95,2,1.1%,5.4%
2531,阿里巴巴大盗奇兵,0.1%,7.40,2,1.5%,2.7%
2532,黄飞鸿之英雄有梦,0.1%,6.07,144,<0.1%,--
2533,智取威虎山,0.1%,5.57,124,<0.1%,100%
2534,重返20岁,<0.1%,4.15,120,<0.1%,--
2535,赤道,<0.1%,3.37,4,0.2%,8.9%
2536,迷与狂,<0.1%,3.33,3,0.4%,10.1%
2537,医缘,<0.1%,2.28,152,<0.1%,82.7%
2538,霸王别姬(京剧),<0.1%,2.15,28,<0.1%,59.0%
2539,哺乳期的女人,<0.1%,1.48,6,<0.1%,10.5%
2540,闯入者,<0.1%,1.18,8,<0.1%,22.1%
2541,明日世界,30.4%,1127.08,9,30.5%,8.7%
2542,复仇者联盟2：奥创纪元,25.9%,961.29,9,20.9%,10.5%
2543,屠魔战士,17.4%,644.83,6,22.8%,7.5%
2544,我的个神啊,12.9%,480.37,12,10.2%,19.5%
2545,旋风九日,4.1%,152.25,32,0.8%,68.2%
2546,土豪520,2.2%,82.34,4,5.2%,9.1%
2547,哆啦A梦：伴我同行,1.8%,67.68,37,0.3%,28.4%
2548,十二公民,0.7%,28.84,7,0.9%,13.3%
2549,西藏天空,0.7%,28.80,160,<0.1%,--
2550,超能查派,0.5%,19.45,4,1.1%,7.7%
2551,何以笙箫默,0.3%,11.41,4,0.8%,10.0%
2552,夺命旅行,0.2%,10.60,3,1.2%,6.3%
2553,战狼,0.2%,9.87,7,0.3%,10.2%
2554,阿里巴巴大盗奇兵,0.2%,8.31,2,1.4%,3.1%
2555,左耳,0.2%,8.19,5,0.3%,11.5%
2556,重生爱人,0.2%,7.59,2,1.1%,5.2%
2557,霸王别姬(京剧),0.2%,7.52,76,<0.1%,100%
2558,黄飞鸿之英雄有梦,0.1%,7.03,126,<0.1%,100%
2559,智取威虎山,0.1%,4.91,132,<0.1%,--
2560,重返20岁,<0.1%,3.59,132,<0.1%,--
2561,医缘,<0.1%,3.22,190,<0.1%,87.6%
2562,赤道,<0.1%,3.14,4,0.2%,8.1%
2563,天上的菊美,<0.1%,1.83,88,<0.1%,100%
2564,全民目击,<0.1%,1.74,291,<0.1%,--
2565,四大名捕2,<0.1%,1.65,147,<0.1%,100%
2566,盲探,<0.1%,1.61,150,<0.1%,100%
2567,迷与狂,<0.1%,1.60,1,0.4%,3.6%
2568,一夜惊喜,<0.1%,1.42,134,<0.1%,100%
2569,麦兜我和我妈妈,<0.1%,1.41,705,<0.1%,--
2570,闯入者,<0.1%,1.40,11,<0.1%,41.8%
2571,哺乳期的女人,<0.1%,1.34,9,<0.1%,13.8%
2572,摩尔庄园3：魔幻列车大冒险,<0.1%,1.20,402,<0.1%,--
2573,哆啦A梦：伴我同行,47.3%,2711.54,21,26.5%,21.4%
2574,明日世界,15.1%,866.81,8,23.5%,8.5%
2575,复仇者联盟2：奥创纪元,14.4%,825.73,10,15.6%,12.2%
2576,屠魔战士,8.6%,495.61,7,16.4%,7.9%
2577,我的个神啊,6.9%,401.05,12,8.5%,19.0%
2578,旋风九日,4.1%,236.90,56,0.7%,100%
2579,土豪520,1.0%,59.78,5,3.1%,14.0%
2580,西藏天空,0.3%,22.82,159,<0.1%,--
2581,十二公民,0.3%,18.28,7,0.5%,13.5%
2582,夺命旅行,0.1%,8.42,2,0.9%,6.8%
2583,超能查派,0.1%,7.98,4,0.5%,6.9%
2584,何以笙箫默,0.1%,7.82,4,0.5%,12.9%
2585,黄飞鸿之英雄有梦,0.1%,7.43,173,<0.1%,--
2586,战狼,0.1%,7.09,6,0.2%,9.6%
2587,左耳,0.1%,6.61,5,0.2%,14.0%
2588,智取威虎山,0.1%,6.57,157,<0.1%,--
2589,重返20岁,0.1%,6.56,153,<0.1%,--
2590,医缘,<0.1%,4.33,114,<0.1%,100%
2591,重生爱人,<0.1%,3.64,2,0.6%,6.1%
2592,阿里巴巴大盗奇兵,<0.1%,3.25,2,0.4%,4.1%
2593,霸王别姬(京剧),<0.1%,2.48,35,<0.1%,57.0%
2594,闯入者,<0.1%,2.16,14,<0.1%,31.2%
2595,赤道,<0.1%,1.88,3,0.1%,10.4%
2596,全民目击,<0.1%,1.74,291,<0.1%,--
2597,四大名捕2,<0.1%,1.65,147,<0.1%,100%
2598,盲探,<0.1%,1.61,150,<0.1%,100%
2599,一夜惊喜,<0.1%,1.42,134,<0.1%,100%
2600,爸爸的假期,<0.1%,1.13,162,<0.1%,--
2601,哆啦A梦：伴我同行,48.2%,3772.22,28,27.7%,27.2%
2602,复仇者联盟2：奥创纪元,15.6%,1228.41,16,14.1%,19.7%
2603,明日世界,15.6%,1222.96,13,20.5%,13.8%
2604,屠魔战士,7.4%,579.12,9,13.5%,11.3%
2605,我的个神啊,6.7%,532.06,16,7.8%,25.6%
2606,旋风九日,1.7%,140.08,45,0.5%,100%
2607,潜艇总动员之时光宝盒,1.3%,108.92,5,5.4%,7.0%
2608,土豪520,0.7%,55.42,6,2.1%,20.3%
2609,十二公民,0.3%,23.99,12,0.4%,25.9%
2610,金箍棒传奇2：沙僧的逆袭,0.2%,20.21,2,2.4%,3.8%
2611,西藏天空,0.2%,17.91,188,<0.1%,--
2612,阿里巴巴大盗奇兵,0.1%,13.07,11,0.3%,27.0%
2613,战狼,0.1%,10.82,11,0.2%,17.1%
2614,天亮·分手,0.1%,9.71,3,1.0%,4.5%
2615,智取威虎山,0.1%,9.05,182,<0.1%,--
2616,夺命旅行,0.1%,8.91,3,0.7%,9.1%
2617,爸爸的假期,0.1%,7.91,146,<0.1%,100%
2618,重返20岁,<0.1%,7.08,155,<0.1%,--
2619,超能查派,<0.1%,6.99,5,0.3%,11.1%
2620,何以笙箫默,<0.1%,6.78,4,0.3%,15.1%
2621,黄飞鸿之英雄有梦,<0.1%,6.23,159,<0.1%,--
2622,左耳,<0.1%,5.83,6,0.2%,15.8%
2623,闯入者,<0.1%,4.04,30,<0.1%,75.0%
2624,重生爱人,<0.1%,2.92,2,0.3%,9.9%
2625,霸王别姬(京剧),<0.1%,2.59,54,<0.1%,81.3%
2626,妈咪侠,<0.1%,2.23,1,0.6%,1.3%
2627,少年毛泽东,<0.1%,2.22,60,<0.1%,100%
2628,赤道,<0.1%,2.19,5,<0.1%,18.1%
2629,全民目击,<0.1%,1.74,291,<0.1%,--
2630,四大名捕2,<0.1%,1.65,147,<0.1%,100%
2631,盲探,<0.1%,1.61,95,<0.1%,100%
2632,一夜惊喜,<0.1%,1.42,134,<0.1%,100%
2633,医缘,<0.1%,1.19,55,<0.1%,100%
2634,通道转兵,<0.1%,1.16,47,<0.1%,--
2635,念念,<0.1%,1.13,32,<0.1%,43.0%
2636,哆啦A梦：伴我同行,53.4%,8525.57,51,31.1%,50.3%
2637,复仇者联盟2：奥创纪元,16.0%,2562.95,33,12.9%,41.9%
2638,明日世界,13.3%,2125.33,24,17.2%,27.4%
2639,我的个神啊,5.8%,930.18,29,7.0%,45.5%
2640,屠魔战士,5.0%,800.42,14,10.7%,19.1%
2641,潜艇总动员之时光宝盒,3.6%,577.22,13,8.9%,19.3%
2642,金箍棒传奇2：沙僧的逆袭,0.6%,103.34,6,3.6%,12.2%
2643,土豪520,0.4%,75.43,10,1.6%,32.3%
2644,十二公民,0.2%,36.09,20,0.3%,41.4%
2645,旋风九日,0.1%,29.81,16,0.3%,72.5%
2646,超能兔战队,0.1%,26.57,5,1.3%,7.2%
2647,阿里巴巴大盗奇兵,0.1%,20.23,6,0.7%,11.0%
2648,战狼,<0.1%,12.73,13,0.1%,21.6%
2649,夺命旅行,<0.1%,11.80,5,0.5%,13.7%
2650,西藏天空,<0.1%,10.00,201,<0.1%,--
2651,超能查派,<0.1%,9.54,9,0.2%,20.9%
2652,左耳,<0.1%,9.53,11,0.1%,34.2%
2653,智取威虎山,<0.1%,9.40,190,<0.1%,--
2654,天亮·分手,<0.1%,8.89,3,0.6%,8.3%
2655,何以笙箫默,<0.1%,8.57,7,0.2%,19.1%
2656,黄飞鸿之英雄有梦,<0.1%,7.75,168,<0.1%,--
2657,霸王别姬(京剧),<0.1%,5.34,99,<0.1%,100%
2658,重返20岁,<0.1%,5.19,147,<0.1%,--
2659,重生爱人,<0.1%,3.22,3,0.2%,14.4%
2660,妈咪侠,<0.1%,2.34,2,0.3%,3.2%
2661,天边的孩子,<0.1%,2.25,2,0.3%,4.4%
2662,赤道,<0.1%,2.10,5,<0.1%,24.5%
2663,全民目击,<0.1%,1.74,291,<0.1%,--
2664,四大名捕2,<0.1%,1.65,147,<0.1%,100%
2665,盲探,<0.1%,1.61,113,<0.1%,100%
2666,通道转兵,<0.1%,1.56,66,<0.1%,--
2667,情满人间,<0.1%,1.51,506,<0.1%,57.8%
2668,一夜惊喜,<0.1%,1.42,134,<0.1%,100%
2669,念念,<0.1%,1.28,30,<0.1%,26.3%
2670,龟兔再跑,<0.1%,1.26,3,0.1%,2.2%
2671,狼图腾,<0.1%,1.10,184,<0.1%,--
2672,迷与狂,<0.1%,1.08,4,<0.1%,33.6%
2673,哆啦A梦：伴我同行,56.1%,8817.28,51,32.4%,50.6%
2674,复仇者联盟2：奥创纪元,15.1%,2381.96,30,13.1%,38.6%
2675,明日世界,11.1%,1745.26,21,16.4%,24.2%
2676,我的个神啊,5.5%,866.17,26,7.1%,41.2%
2677,潜艇总动员之时光宝盒,4.9%,782.14,18,9.1%,27.0%
2678,屠魔战士,4.0%,639.11,12,10.1%,16.6%
2679,金箍棒传奇2：沙僧的逆袭,0.8%,140.96,9,3.5%,18.2%
2680,土豪520,0.4%,73.37,10,1.5%,30.7%
2681,超能兔战队,0.2%,36.01,6,1.4%,9.9%
2682,十二公民,0.2%,32.78,18,0.3%,36.2%
2683,旋风九日,0.1%,30.17,17,0.3%,79.4%
2684,阿里巴巴大盗奇兵,0.1%,23.90,8,0.7%,13.8%
2685,战狼,<0.1%,14.65,15,0.1%,23.6%
2686,夺命旅行,<0.1%,10.03,4,0.5%,11.3%
2687,何以笙箫默,<0.1%,9.94,10,0.2%,34.8%
2688,超能查派,<0.1%,9.57,9,0.2%,20.9%
2689,智取威虎山,<0.1%,8.98,180,<0.1%,--
2690,黄飞鸿之英雄有梦,<0.1%,8.24,168,<0.1%,--
2691,左耳,<0.1%,7.77,9,0.1%,27.6%
2692,天亮·分手,<0.1%,6.57,3,0.5%,7.9%
2693,西藏天空,<0.1%,5.94,195,<0.1%,--
2694,霸王别姬(京剧),<0.1%,5.52,131,<0.1%,100%
2695,重返20岁,<0.1%,5.24,146,<0.1%,--
2696,重生爱人,<0.1%,3.74,3,0.2%,15.1%
2697,哺乳期的女人,<0.1%,2.80,36,<0.1%,100%
2698,天边的孩子,<0.1%,2.00,2,0.2%,6.0%
2699,妈咪侠,<0.1%,1.99,2,0.2%,3.1%
2700,龟兔再跑,<0.1%,1.97,6,0.1%,3.6%
2701,全民目击,<0.1%,1.74,291,<0.1%,--
2702,通道转兵,<0.1%,1.60,66,<0.1%,--
2703,天上的菊美,<0.1%,1.49,72,<0.1%,100%
2704,情满人间,<0.1%,1.49,498,<0.1%,56.9%
2705,赤道,<0.1%,1.48,5,<0.1%,19.9%
2706,四大名捕2,<0.1%,1.33,154,<0.1%,100%
2707,盲探,<0.1%,1.15,110,<0.1%,100%
2708,异种,<0.1%,1.08,271,<0.1%,98.9%
2709,哆啦A梦：伴我同行,63.5%,8996.77,51,33.7%,51.2%
2710,复仇者联盟2：奥创纪元,11.1%,1582.65,22,12.6%,28.1%
2711,潜艇总动员之时光宝盒,8.1%,1161.31,24,9.9%,37.9%
2712,明日世界,6.6%,942.55,13,15.4%,15.1%
2713,我的个神啊,4.0%,567.43,18,7.0%,27.8%
2714,屠魔战士,2.5%,364.38,8,9.2%,10.8%
2715,金箍棒传奇2：沙僧的逆袭,1.2%,173.22,11,3.7%,22.2%
2716,末日崩塌,0.9%,129.39,35,0.5%,25.4%
2717,超能兔战队,0.4%,64.00,9,1.6%,16.3%
2718,阿里巴巴大盗奇兵,0.2%,37.24,11,0.8%,24.7%
2719,土豪520,0.2%,33.93,5,1.5%,16.6%
2720,旋风九日,0.2%,31.29,15,0.3%,80.0%
2721,十二公民,<0.1%,12.78,8,0.3%,16.0%
2722,何以笙箫默,<0.1%,8.08,7,0.1%,17.5%
2723,战狼,<0.1%,7.95,12,0.1%,17.2%
2724,夺命旅行,<0.1%,7.91,4,0.5%,10.1%
2725,超能查派,<0.1%,6.03,7,0.1%,16.1%
2726,左耳,<0.1%,5.74,7,0.1%,18.8%
2727,龟兔再跑,<0.1%,3.68,11,0.1%,7.6%
2728,天亮·分手,<0.1%,3.35,2,0.5%,5.2%
2729,麦兜我和我妈妈,<0.1%,2.59,519,<0.1%,100%
2730,妈咪侠,<0.1%,2.58,4,0.2%,6.8%
2731,重生爱人,<0.1%,2.34,3,0.2%,16.2%
2732,天边的孩子,<0.1%,1.70,2,0.2%,5.9%
2733,医缘,<0.1%,1.65,165,<0.1%,--
2734,西藏天空,<0.1%,1.58,288,<0.1%,--
2735,特功明星,<0.1%,1.32,24,<0.1%,64.4%
2736,通道转兵,<0.1%,1.08,52,<0.1%,--
2737,末日崩塌,55.7%,3411.26,20,32.7%,19.3%
2738,哆啦A梦：伴我同行,27.8%,1703.28,15,24.5%,16.5%
2739,复仇者联盟2：奥创纪元,6.1%,374.96,8,9.9%,10.5%
2740,我的个神啊,4.5%,281.23,10,6.7%,17.0%
2741,明日世界,3.3%,204.58,5,11.5%,6.2%
2742,屠魔战士,0.9%,59.35,3,5.7%,3.6%
2743,潜艇总动员之时光宝盒,0.3%,23.41,3,2.6%,4.0%
2744,旋风九日,0.2%,18.17,16,0.2%,45.3%
2745,土豪520,0.2%,13.29,3,1.4%,8.0%
2746,十二公民,0.1%,6.82,5,0.3%,13.0%
2747,夺命旅行,<0.1%,4.07,2,0.6%,6.5%
2748,金箍棒传奇2：沙僧的逆袭,<0.1%,2.93,1,1.0%,2.4%
2749,何以笙箫默,<0.1%,2.86,4,0.1%,10.1%
2750,麦兜我和我妈妈,<0.1%,2.77,695,<0.1%,--
2751,左耳,<0.1%,2.27,3,0.1%,8.9%
2752,天亮·分手,<0.1%,1.70,1,0.5%,3.2%
2753,霸王别姬(京剧),<0.1%,1.60,45,<0.1%,100%
2754,哺乳期的女人,<0.1%,1.38,23,<0.1%,81.8%
2755,通道转兵,<0.1%,1.21,57,<0.1%,--
2756,重生爱人,<0.1%,1.14,2,0.2%,7.3%
2757,超能查派,<0.1%,1.11,2,0.1%,4.6%
2758,末日崩塌,60.6%,3486.02,20,33.7%,19.7%
2759,哆啦A梦：伴我同行,23.9%,1377.31,12,24.4%,13.5%
2760,复仇者联盟2：奥创纪元,5.5%,316.93,7,9.8%,9.0%
2761,我的个神啊,4.3%,249.04,9,6.9%,14.6%
2762,明日世界,3.1%,180.32,4,11.1%,5.8%
2763,屠魔战士,0.8%,50.02,2,5.4%,3.3%
2764,旋风九日,0.3%,20.65,17,0.2%,47.0%
2765,潜艇总动员之时光宝盒,0.2%,14.95,2,2.3%,3.0%
2766,土豪520,0.2%,13.77,3,1.4%,8.8%
2767,十二公民,0.1%,7.83,6,0.3%,13.9%
2768,麦兜我和我妈妈,<0.1%,4.25,851,<0.1%,--
2769,夺命旅行,<0.1%,3.76,2,0.6%,5.6%
2770,金箍棒传奇2：沙僧的逆袭,<0.1%,2.12,1,0.9%,2.0%
2771,何以笙箫默,<0.1%,2.05,3,0.1%,7.7%
2772,左耳,<0.1%,2.02,3,0.1%,8.4%
2773,超能兔战队,<0.1%,1.85,2,0.2%,2.1%
2774,天亮·分手,<0.1%,1.82,1,0.5%,3.4%
2775,寻找声音的耳朵,<0.1%,1.73,256,<0.1%,100%
2776,焦裕禄,<0.1%,1.50,63,<0.1%,100%
2777,哺乳期的女人,<0.1%,1.49,21,<0.1%,77.4%
2778,超能查派,<0.1%,1.28,2,0.1%,4.2%
2779,顺风车,<0.1%,1.14,285,<0.1%,--
2780,重生爱人,<0.1%,1.03,2,0.2%,6.6%
2781,末日崩塌,64.1%,3498.59,20,34.2%,19.6%
2782,哆啦A梦：伴我同行,20.4%,1116.59,10,24.6%,11.1%
2783,复仇者联盟2：奥创纪元,5.4%,294.50,6,9.7%,8.8%
2784,我的个神啊,4.4%,244.01,8,7.1%,13.9%
2785,明日世界,3.1%,173.44,4,10.8%,5.9%
2786,屠魔战士,0.8%,48.15,2,5.3%,3.4%
2787,旋风九日,0.3%,20.18,17,0.2%,46.8%
2788,土豪520,0.2%,13.02,3,1.4%,8.2%
2789,潜艇总动员之时光宝盒,0.1%,9.23,1,2.0%,2.0%
2790,十二公民,0.1%,6.72,5,0.3%,10.9%
2791,夺命旅行,<0.1%,4.26,2,0.6%,6.0%
2792,哺乳期的女人,<0.1%,2.67,35,<0.1%,69.6%
2793,何以笙箫默,<0.1%,2.50,4,0.1%,9.7%
2794,左耳,<0.1%,2.06,3,0.1%,8.1%
2795,超能兔战队,<0.1%,1.84,2,0.2%,2.4%
2796,天亮·分手,<0.1%,1.68,1,0.4%,3.3%
2797,金箍棒传奇2：沙僧的逆袭,<0.1%,1.67,1,0.8%,1.7%
2798,通道转兵,<0.1%,1.57,62,<0.1%,--
2799,寻找声音的耳朵,<0.1%,1.15,144,<0.1%,74.9%
2800,超能查派,<0.1%,1.13,2,0.1%,3.5%
2801,重生爱人,<0.1%,1.08,2,0.2%,9.5%
2802,末日崩塌,63.5%,5000.84,28,33.4%,28.2%
2803,哆啦A梦：伴我同行,21.8%,1722.14,16,23.1%,18.4%
2804,复仇者联盟2：奥创纪元,5.0%,393.80,9,8.1%,14.3%
2805,我的个神啊,3.7%,297.44,12,5.8%,20.7%
2806,明日世界,2.6%,205.28,6,7.8%,10.2%
2807,异种,1.1%,87.25,4,5.8%,7.7%
2808,搏击迷城,0.6%,49.78,2,5.8%,2.8%
2809,屠魔战士,0.3%,31.27,3,2.8%,5.2%
2810,潜艇总动员之时光宝盒,0.2%,19.87,3,1.7%,5.8%
2811,旋风九日,0.2%,17.94,17,0.2%,41.7%
2812,顺风车,0.1%,10.59,2,1.5%,4.0%
2813,土豪520,0.1%,7.93,3,0.7%,10.6%
2814,十二公民,<0.1%,7.45,7,0.2%,15.9%
2815,金箍棒传奇2：沙僧的逆袭,<0.1%,3.31,2,0.6%,5.9%
2816,何以笙箫默,<0.1%,3.14,7,0.1%,21.5%
2817,超能兔战队,<0.1%,2.21,3,0.1%,6.8%
2818,左耳,<0.1%,2.00,4,0.1%,11.6%
2819,通道转兵,<0.1%,1.55,60,<0.1%,--
2820,夺命旅行,<0.1%,1.55,2,0.2%,8.5%
2821,狼图腾,<0.1%,1.52,96,<0.1%,98.9%
2822,母亲的梦想,<0.1%,1.14,254,<0.1%,--
2823,超能查派,<0.1%,1.09,3,<0.1%,5.9%
2824,末日崩塌,58.7%,8670.91,45,33.4%,45.0%
2825,哆啦A梦：伴我同行,25.6%,3790.03,29,25.0%,35.5%
2826,复仇者联盟2：奥创纪元,5.6%,828.01,19,7.8%,30.0%
2827,我的个神啊,3.8%,571.89,22,5.6%,38.9%
2828,明日世界,2.5%,373.53,11,6.8%,20.7%
2829,潜艇总动员之时光宝盒,1.3%,204.33,10,4.5%,17.7%
2830,异种,0.7%,105.55,5,5.0%,10.3%
2831,屠魔战士,0.3%,52.23,5,2.2%,10.3%
2832,搏击迷城,0.3%,49.52,3,4.3%,3.5%
2833,金箍棒传奇2：沙僧的逆袭,0.2%,33.37,6,1.3%,17.5%
2834,十二公民,<0.1%,13.65,16,0.1%,35.2%
2835,顺风车,<0.1%,11.60,3,0.9%,7.4%
2836,旋风九日,<0.1%,11.37,13,0.1%,37.5%
2837,土豪520,<0.1%,10.31,4,0.6%,16.0%
2838,何以笙箫默,<0.1%,5.50,11,0.1%,37.9%
2839,超能兔战队,<0.1%,4.16,3,0.3%,7.2%
2840,重生爱人,<0.1%,3.94,6,0.1%,40.2%
2841,杀破狼2,<0.1%,3.24,142,<0.1%,100%
2842,左耳,<0.1%,3.13,6,0.1%,16.1%
2843,霸王别姬(京剧),<0.1%,2.18,59,<0.1%,100%
2844,超能查派,<0.1%,2.18,5,<0.1%,13.7%
2845,狼图腾,<0.1%,2.09,40,<0.1%,47.5%
2846,通道转兵,<0.1%,1.96,69,<0.1%,--
2847,阿里巴巴大盗奇兵,<0.1%,1.81,4,0.1%,12.6%
2848,夺命旅行,<0.1%,1.37,2,0.1%,18.0%
2849,末日崩塌,60.7%,7696.52,40,33.9%,39.7%
2850,哆啦A梦：伴我同行,23.2%,2949.45,23,25.2%,27.7%
2851,复仇者联盟2：奥创纪元,5.5%,709.30,16,7.9%,25.6%
2852,我的个神啊,4.0%,511.53,19,5.8%,32.7%
2853,明日世界,2.4%,315.49,10,6.7%,18.0%
2854,潜艇总动员之时光宝盒,1.6%,213.20,10,4.4%,18.5%
2855,异种,0.6%,80.77,4,4.8%,8.4%
2856,屠魔战士,0.4%,50.71,5,2.2%,10.4%
2857,金箍棒传奇2：沙僧的逆袭,0.2%,36.03,6,1.3%,18.7%
2858,搏击迷城,0.2%,35.94,2,3.6%,3.0%
2859,十二公民,0.1%,13.26,14,0.1%,31.3%
2860,土豪520,<0.1%,11.50,4,0.6%,17.4%
2861,顺风车,<0.1%,9.24,3,0.8%,7.1%
2862,超能兔战队,<0.1%,4.73,3,0.3%,7.9%
2863,旋风九日,<0.1%,4.19,6,0.1%,15.3%
2864,左耳,<0.1%,3.98,6,0.1%,21.1%
2865,何以笙箫默,<0.1%,3.95,7,0.1%,22.9%
2866,通道转兵,<0.1%,1.95,82,<0.1%,--
2867,狼图腾,<0.1%,1.85,31,<0.1%,45.3%
2868,超能查派,<0.1%,1.74,5,<0.1%,13.9%
2869,夺命旅行,<0.1%,1.35,2,0.1%,17.3%
2870,迷与狂,<0.1%,1.26,14,<0.1%,67.4%
2871,阿里巴巴大盗奇兵,<0.1%,1.25,3,0.1%,8.4%
2872,霸王别姬(京剧),<0.1%,1.23,71,<0.1%,88.9%
2873,焦裕禄,<0.1%,1.21,49,<0.1%,100%
2874,重生爱人,<0.1%,1.13,2,0.1%,13.4%
2875,天亮·分手,<0.1%,1.09,2,0.1%,10.2%
2876,悬战,<0.1%,1.04,21,<0.1%,100%
2877,末日崩塌,66.9%,3527.59,20,35.3%,19.8%
2878,哆啦A梦：伴我同行,16.0%,846.87,8,24.1%,9.1%
2879,复仇者联盟2：奥创纪元,6.3%,336.39,8,8.5%,12.7%
2880,我的个神啊,4.6%,247.26,9,6.6%,15.4%
2881,明日世界,2.7%,146.42,5,7.6%,8.2%
2882,异种,1.1%,59.13,3,5.0%,6.5%
2883,屠魔战士,0.5%,28.86,3,2.6%,5.5%
2884,搏击迷城,0.3%,20.23,2,3.6%,1.9%
2885,潜艇总动员之时光宝盒,0.2%,12.54,2,1.8%,3.3%
2886,土豪520,0.1%,7.61,3,0.7%,10.4%
2887,十二公民,0.1%,6.14,7,0.2%,12.8%
2888,顺风车,<0.1%,3.81,2,0.9%,2.5%
2889,旋风九日,<0.1%,3.25,5,0.1%,11.2%
2890,金箍棒传奇2：沙僧的逆袭,<0.1%,2.76,1,0.6%,4.0%
2891,左耳,<0.1%,2.67,4,0.1%,9.8%
2892,何以笙箫默,<0.1%,2.09,3,0.1%,9.2%
2893,我是谁2015,<0.1%,1.72,144,<0.1%,98.6%
2894,天亮·分手,<0.1%,1.39,3,0.2%,17.0%
2895,夺命旅行,<0.1%,1.13,2,0.2%,9.7%
2896,末日崩塌,56.6%,3389.09,19,34.9%,19.2%
2897,侏罗纪世界,14.2%,853.95,64,2.3%,50.1%
2898,哆啦A梦：伴我同行,13.1%,787.07,7,23.5%,8.7%
2899,复仇者联盟2：奥创纪元,6.7%,403.63,10,8.6%,15.0%
2900,我的个神啊,4.2%,251.95,9,6.7%,15.6%
2901,明日世界,2.5%,153.57,5,7.5%,9.0%
2902,异种,0.7%,44.94,3,4.7%,5.4%
2903,屠魔战士,0.4%,28.63,3,2.6%,5.6%
2904,搏击迷城,0.2%,15.30,2,3.0%,1.8%
2905,潜艇总动员之时光宝盒,0.1%,9.04,2,1.5%,2.8%
2906,土豪520,0.1%,7.89,3,0.8%,10.4%
2907,旋风九日,0.1%,7.73,10,0.1%,23.9%
2908,十二公民,0.1%,6.10,6,0.2%,12.4%
2909,顺风车,<0.1%,5.02,2,0.8%,3.6%
2910,何以笙箫默,<0.1%,3.33,6,0.1%,18.1%
2911,左耳,<0.1%,3.15,4,0.1%,13.3%
2912,天亮·分手,<0.1%,2.22,4,0.2%,27.4%
2913,金箍棒传奇2：沙僧的逆袭,<0.1%,1.53,1,0.6%,2.3%
2914,麦兜我和我妈妈,<0.1%,1.25,250,<0.1%,--
2915,重生爱人,<0.1%,1.24,3,0.1%,16.3%
2916,夺命旅行,<0.1%,1.22,2,0.2%,8.5%
2917,通道转兵,<0.1%,1.10,45,<0.1%,--
2918,侏罗纪世界,80.8%,10112.85,41,48.3%,42.3%
2919,末日崩塌,13.1%,1643.88,17,19.4%,27.0%
2920,哆啦A梦：伴我同行,3.3%,419.97,7,13.6%,11.0%
2921,我的个神啊,0.9%,119.54,7,4.2%,13.3%
2922,复仇者联盟2：奥创纪元,0.8%,103.34,8,2.6%,15.9%
2923,明日世界,0.3%,42.69,3,3.7%,6.0%
2924,异种,0.1%,16.35,2,2.7%,4.3%
2925,侏罗纪公园3D,<0.1%,9.45,13,0.1%,100%
2926,旋风九日,<0.1%,6.01,10,0.1%,26.5%
2927,十二公民,<0.1%,5.25,14,0.1%,32.3%
2928,土豪520,<0.1%,4.88,2,0.6%,10.3%
2929,屠魔战士,<0.1%,3.20,1,0.7%,3.7%
2930,左耳,<0.1%,2.39,4,0.1%,14.7%
2931,潜艇总动员之时光宝盒,<0.1%,2.11,1,0.5%,2.4%
2932,天亮·分手,<0.1%,1.95,4,0.2%,25.3%
2933,搏击迷城,<0.1%,1.80,1,0.6%,1.6%
2934,何以笙箫默,<0.1%,1.71,5,0.1%,18.8%
2935,通道转兵,<0.1%,1.47,69,<0.1%,--
2936,闯入者,<0.1%,1.28,17,<0.1%,41.8%
2937,顺风车,<0.1%,1.04,1,0.4%,2.9%
2938,麦兜我和我妈妈,<0.1%,1.04,347,<0.1%,--
2939,侏罗纪世界,77.9%,8009.67,32,49.0%,32.3%
2940,末日崩塌,15.4%,1583.41,17,19.6%,25.3%
2941,哆啦A梦：伴我同行,3.5%,365.86,7,13.2%,9.7%
2942,我的个神啊,1.1%,119.90,7,4.3%,13.0%
2943,复仇者联盟2：奥创纪元,0.8%,89.21,8,2.4%,14.7%
2944,明日世界,0.4%,42.79,3,3.6%,6.0%
2945,异种,0.1%,17.00,2,2.6%,4.7%
2946,旋风九日,<0.1%,9.61,15,0.1%,44.0%
2947,侏罗纪公园3D,<0.1%,6.72,12,0.1%,77.2%
2948,十二公民,<0.1%,4.49,7,0.1%,14.3%
2949,土豪520,<0.1%,3.74,2,0.6%,8.8%
2950,屠魔战士,<0.1%,3.48,2,0.6%,4.4%
2951,搏击迷城,<0.1%,2.28,1,0.5%,2.2%
2952,左耳,<0.1%,1.91,3,0.1%,11.2%
2953,潜艇总动员之时光宝盒,<0.1%,1.79,1,0.4%,2.1%
2954,天亮·分手,<0.1%,1.75,4,0.2%,20.9%
2955,何以笙箫默,<0.1%,1.43,3,0.1%,12.0%
2956,侏罗纪世界,78.2%,10110.83,39,48.4%,39.9%
2957,末日崩塌,14.8%,1924.37,21,18.3%,32.0%
2958,哆啦A梦：伴我同行,3.6%,467.86,9,11.3%,14.0%
2959,我的个神啊,0.8%,114.18,10,2.8%,17.7%
2960,我是谁2015,0.8%,108.31,5,6.3%,8.8%
2961,再见我们的十年,0.6%,81.69,4,6.1%,7.8%
2962,明日世界,0.3%,40.02,5,2.0%,9.6%
2963,旋风九日,0.1%,14.77,24,0.1%,68.2%
2964,异种,<0.1%,11.95,3,1.2%,7.0%
2965,侏罗纪公园3D,<0.1%,8.12,15,0.1%,100%
2966,十二公民,<0.1%,6.29,13,0.1%,27.9%
2967,潜艇总动员之时光宝盒,<0.1%,5.76,3,0.4%,7.5%
2968,西藏天空,<0.1%,4.84,267,<0.1%,--
2969,狼图腾,<0.1%,3.91,61,<0.1%,100%
2970,屠魔战士,<0.1%,2.68,2,0.4%,7.4%
2971,超能兔战队,<0.1%,1.85,6,<0.1%,24.1%
2972,复仇者联盟2：奥创纪元,<0.1%,1.71,2,0.1%,9.8%
2973,土豪520,<0.1%,1.50,2,0.2%,9.7%
2974,通道转兵,<0.1%,1.37,65,<0.1%,--
2975,左耳,<0.1%,1.36,4,0.1%,8.3%
2976,医缘,<0.1%,1.17,136,<0.1%,100%
2977,何以笙箫默,<0.1%,1.05,6,<0.1%,29.3%
2978,侏罗纪世界,77.5%,16991.05,62,48.3%,63.6%
2979,末日崩塌,14.1%,3092.99,32,17.8%,50.4%
2980,哆啦A梦：伴我同行,5.4%,1187.43,19,13.2%,30.4%
2981,我的个神啊,0.8%,196.02,17,2.5%,32.6%
2982,我是谁2015,0.5%,119.71,6,5.3%,12.3%
2983,再见我们的十年,0.4%,107.78,5,5.4%,11.7%
2984,明日世界,0.2%,62.60,8,1.7%,17.1%
2985,潜艇总动员之时光宝盒,0.2%,60.92,8,1.6%,16.4%
2986,异种,<0.1%,15.74,4,1.1%,10.2%
2987,侏罗纪公园3D,<0.1%,11.16,20,0.1%,100%
2988,旋风九日,<0.1%,9.28,23,<0.1%,54.9%
2989,金箍棒传奇2：沙僧的逆袭,<0.1%,6.75,4,0.5%,13.8%
2990,十二公民,<0.1%,5.67,12,<0.1%,25.5%
2991,屠魔战士,<0.1%,4.20,3,0.3%,9.9%
2992,超能兔战队,<0.1%,2.28,3,0.2%,11.5%
2993,通道转兵,<0.1%,2.08,93,<0.1%,--
2994,狼图腾,<0.1%,2.04,16,<0.1%,29.0%
2995,土豪520,<0.1%,1.94,2,0.2%,13.8%
2996,何以笙箫默,<0.1%,1.50,8,<0.1%,35.3%
2997,左耳,<0.1%,1.49,5,<0.1%,12.4%
2998,顺风车,<0.1%,1.15,3,0.1%,11.8%
2999,搏击迷城,<0.1%,1.06,2,0.1%,4.1%
3000,天亮·分手,<0.1%,1.04,6,<0.1%,66.3%
3001,侏罗纪世界,75.9%,14594.33,54,48.5%,54.5%
3002,末日崩塌,15.1%,2920.20,30,18.2%,46.8%
3003,哆啦A梦：伴我同行,5.5%,1072.70,17,13.2%,27.5%
3004,我的个神啊,0.9%,176.43,15,2.5%,29.1%
3005,我是谁2015,0.5%,109.23,6,4.9%,12.3%
3006,再见我们的十年,0.5%,105.88,5,5.1%,12.6%
3007,潜艇总动员之时光宝盒,0.3%,73.25,10,1.7%,19.5%
3008,明日世界,0.3%,58.87,8,1.7%,16.4%
3009,异种,<0.1%,12.18,3,1.1%,8.0%
3010,侏罗纪公园3D,<0.1%,9.14,19,0.1%,--
3011,旋风九日,<0.1%,8.44,20,<0.1%,49.0%
3012,金箍棒传奇2：沙僧的逆袭,<0.1%,7.46,4,0.5%,14.0%
3013,十二公民,<0.1%,7.14,23,<0.1%,54.3%
3014,少年班,<0.1%,5.72,125,<0.1%,91.0%
3015,土豪520,<0.1%,5.38,6,0.2%,39.8%
3016,屠魔战士,<0.1%,5.34,3,0.3%,12.4%
3017,西藏天空,<0.1%,3.90,106,<0.1%,--
3018,通道转兵,<0.1%,2.23,90,<0.1%,--
3019,超能兔战队,<0.1%,2.02,3,0.1%,10.5%
3020,狼图腾,<0.1%,1.81,17,<0.1%,27.1%
3021,左耳,<0.1%,1.70,5,<0.1%,13.9%
3022,搏击迷城,<0.1%,1.31,2,0.2%,5.3%
3023,天亮·分手,<0.1%,1.26,7,<0.1%,56.4%
3024,何以笙箫默,<0.1%,1.11,4,<0.1%,15.2%
3025,少年毛泽东,<0.1%,1.10,29,<0.1%,100%
3026,迷与狂,<0.1%,1.02,25,<0.1%,100%
3027,侏罗纪世界,71.3%,5274.41,21,48.2%,21.8%
3028,末日崩塌,19.9%,1474.72,16,19.8%,24.0%
3029,哆啦A梦：伴我同行,3.5%,262.57,5,11.4%,8.1%
3030,我的个神啊,1.3%,96.15,8,3.0%,14.4%
3031,我是谁2015,0.9%,67.78,4,5.4%,7.1%
3032,再见我们的十年,0.8%,65.38,3,5.8%,7.2%
3033,明日世界,0.4%,30.80,4,1.9%,7.4%
3034,异种,0.1%,10.49,3,1.3%,6.6%
3035,西藏天空,<0.1%,6.65,154,<0.1%,--
3036,旋风九日,<0.1%,6.20,13,0.1%,53.6%
3037,杀破狼2,<0.1%,4.79,117,<0.1%,85.3%
3038,屠魔战士,<0.1%,3.32,2,0.4%,6.1%
3039,侏罗纪公园3D,<0.1%,3.19,8,<0.1%,--
3040,土豪520,<0.1%,3.02,4,0.2%,20.2%
3041,潜艇总动员之时光宝盒,<0.1%,1.92,2,0.4%,2.5%
3042,搏击迷城,<0.1%,1.88,2,0.2%,6.1%
3043,十二公民,<0.1%,1.46,6,<0.1%,11.6%
3044,天亮·分手,<0.1%,1.26,5,0.1%,42.2%
3045,少年班,<0.1%,1.23,40,<0.1%,48.4%
3046,左耳,<0.1%,1.05,3,<0.1%,8.5%
3047,少年毛泽东,<0.1%,1.04,30,<0.1%,100%
3048,侏罗纪世界,69.5%,4905.83,20,48.1%,20.7%
3049,末日崩塌,21.3%,1505.81,16,20.3%,24.3%
3050,哆啦A梦：伴我同行,3.5%,253.13,5,11.3%,8.1%
3051,我的个神啊,1.4%,100.97,8,3.1%,15.2%
3052,再见我们的十年,0.9%,68.53,4,5.7%,8.0%
3053,我是谁2015,0.9%,64.10,4,5.2%,7.5%
3054,明日世界,0.4%,31.16,4,1.9%,8.2%
3055,异种,0.1%,9.77,3,1.3%,6.2%
3056,西藏天空,<0.1%,6.48,136,<0.1%,--
3057,旋风九日,<0.1%,5.17,13,0.1%,44.7%
3058,屠魔战士,<0.1%,4.00,2,0.4%,8.0%
3059,侏罗纪公园3D,<0.1%,3.37,12,<0.1%,100%
3060,我是路人甲,<0.1%,3.22,169,<0.1%,--
3061,少年班,<0.1%,2.23,42,<0.1%,41.1%
3062,潜艇总动员之时光宝盒,<0.1%,1.98,2,0.4%,2.5%
3063,搏击迷城,<0.1%,1.84,2,0.2%,6.4%
3064,杀破狼2,<0.1%,1.60,26,<0.1%,38.4%
3065,天亮·分手,<0.1%,1.59,6,0.1%,48.5%
3066,土豪520,<0.1%,1.54,2,0.2%,8.9%
3067,何以笙箫默,<0.1%,1.53,8,<0.1%,28.6%
3068,十二公民,<0.1%,1.35,7,<0.1%,12.2%
3069,左耳,<0.1%,1.25,4,<0.1%,10.0%
3070,少年毛泽东,<0.1%,1.12,42,<0.1%,100%
3071,我的男友和狗,<0.1%,1.10,138,<0.1%,--
3072,侏罗纪世界,63.7%,4276.56,18,47.2%,18.3%
3073,末日崩塌,21.0%,1409.44,15,20.4%,22.2%
3074,杀破狼2,6.0%,408.70,63,1.3%,55.4%
3075,哆啦A梦：伴我同行,3.5%,235.87,5,11.0%,7.6%
3076,我的个神啊,1.4%,97.17,8,3.1%,14.2%
3077,再见我们的十年,0.9%,60.96,3,5.7%,6.9%
3078,我是谁2015,0.8%,58.98,3,5.1%,7.0%
3079,明日世界,0.4%,31.61,4,1.9%,8.2%
3080,李米的猜想,0.2%,13.98,200,<0.1%,--
3081,异种,0.1%,11.93,3,1.3%,8.6%
3082,旋风九日,0.1%,7.52,23,0.1%,75.5%
3083,西藏天空,<0.1%,6.50,106,<0.1%,100%
3084,屠魔战士,<0.1%,3.62,2,0.4%,7.0%
3085,我是路人甲,<0.1%,3.18,398,<0.1%,--
3086,少年班,<0.1%,3.05,55,<0.1%,49.8%
3087,十二公民,<0.1%,2.07,10,<0.1%,16.7%
3088,搏击迷城,<0.1%,1.66,2,0.2%,6.5%
3089,潜艇总动员之时光宝盒,<0.1%,1.55,1,0.4%,2.1%
3090,何以笙箫默,<0.1%,1.47,7,<0.1%,22.2%
3091,土豪520,<0.1%,1.39,2,0.2%,8.5%
3092,侏罗纪公园3D,<0.1%,1.20,5,<0.1%,100%
3093,天亮·分手,<0.1%,1.15,4,0.1%,33.9%
3094,王化买父,<0.1%,1.07,34,<0.1%,--
3095,左耳,<0.1%,1.04,3,<0.1%,8.0%
3096,杀破狼2,57.2%,6496.25,35,38.3%,41.9%
3097,侏罗纪世界,30.6%,3473.15,21,31.4%,23.0%
3098,末日崩塌,7.6%,864.25,15,11.9%,23.9%
3099,哆啦A梦：伴我同行,1.2%,143.69,6,5.9%,9.0%
3100,分歧者2：绝地反击,0.6%,73.31,19,0.6%,14.8%
3101,我的个神啊,0.3%,45.34,7,1.7%,12.6%
3102,老五的奥斯卡,0.2%,28.75,128,<0.1%,100%
3103,我们恋爱吧,0.2%,28.75,121,<0.1%,100%
3104,再见我们的十年,0.2%,26.37,2,3.4%,6.3%
3105,我是谁2015,0.1%,14.41,2,2.5%,3.9%
3106,明日世界,0.1%,13.41,4,0.9%,8.2%
3107,旋风九日,0.1%,13.26,39,<0.1%,100%
3108,西藏天空,<0.1%,7.13,131,<0.1%,--
3109,复仇者联盟2：奥创纪元,<0.1%,6.30,34,<0.1%,--
3110,异种,<0.1%,5.76,2,0.8%,6.7%
3111,少年班,<0.1%,5.12,8,0.1%,7.5%
3112,潜艇总动员之时光宝盒,<0.1%,1.60,3,0.2%,4.3%
3113,何以笙箫默,<0.1%,1.31,9,<0.1%,33.2%
3114,我的男友和狗,<0.1%,1.23,28,<0.1%,27.6%
3115,十二公民,<0.1%,1.02,9,<0.1%,17.3%
3116,杀破狼2,38.0%,5028.34,33,29.1%,37.2%
3117,侏罗纪世界,35.2%,4655.90,41,20.2%,44.0%
3118,分歧者2：绝地反击,12.0%,1594.14,18,16.4%,24.7%
3119,少年班,5.7%,758.55,12,14.4%,18.7%
3120,末日崩塌,3.2%,427.75,25,3.1%,43.9%
3121,我的男友和狗,2.5%,339.34,12,6.7%,21.8%
3122,惊魂电影院,1.1%,152.79,12,3.3%,26.3%
3123,哆啦A梦：伴我同行,0.5%,66.34,9,1.5%,16.6%
3124,我们恋爱吧,0.2%,31.55,127,<0.1%,100%
3125,老五的奥斯卡,0.2%,31.55,127,<0.1%,100%
3126,致命对决,0.1%,22.76,2,3.0%,3.3%
3127,旋风九日,<0.1%,12.46,44,<0.1%,100%
3128,西藏天空,<0.1%,7.57,118,<0.1%,100%
3129,我的个神啊,<0.1%,4.10,8,0.1%,23.6%
3130,煎饼侠,<0.1%,2.05,97,<0.1%,64.9%
3131,异种,<0.1%,1.83,8,0.1%,37.5%
3132,我是谁2015,<0.1%,1.74,4,0.1%,30.2%
3133,金箍棒传奇2：沙僧的逆袭,<0.1%,1.69,5,<0.1%,32.0%
3134,通道转兵,<0.1%,1.52,68,<0.1%,--
3135,再见我们的十年,<0.1%,1.34,1,0.3%,7.9%
3136,潜艇总动员之时光宝盒,<0.1%,1.27,4,0.1%,8.4%
3137,狼图腾,<0.1%,1.23,18,<0.1%,70.2%
3138,侏罗纪世界,42.1%,9683.13,75,21.5%,82.5%
3139,杀破狼2,34.1%,7854.17,49,28.4%,55.5%
3140,分歧者2：绝地反击,9.2%,2134.80,27,13.8%,39.1%
3141,少年班,4.6%,1064.03,19,11.8%,32.7%
3142,末日崩塌,3.7%,865.17,47,3.1%,81.7%
3143,我的男友和狗,1.9%,442.59,17,5.6%,33.8%
3144,哆啦A梦：伴我同行,1.6%,371.73,23,3.2%,41.8%
3145,惊魂电影院,0.6%,153.90,12,3.0%,29.6%
3146,三只小猪与神灯,0.3%,70.70,12,1.3%,28.8%
3147,摇滚英雄,0.3%,68.95,5,3.4%,6.6%
3148,老五的奥斯卡,0.1%,30.50,127,<0.1%,100%
3149,我们恋爱吧,0.1%,28.55,119,<0.1%,100%
3150,致命对决,0.1%,23.77,3,1.7%,6.7%
3151,西游超级粉,<0.1%,20.37,6,0.8%,9.4%
3152,潜艇总动员之时光宝盒,<0.1%,18.99,10,0.4%,28.4%
3153,我的个神啊,<0.1%,10.39,21,<0.1%,48.8%
3154,煎饼侠,<0.1%,5.14,141,<0.1%,100%
3155,西藏天空,<0.1%,4.34,155,<0.1%,100%
3156,金箍棒传奇2：沙僧的逆袭,<0.1%,3.01,4,0.1%,28.4%
3157,狼图腾,<0.1%,2.52,33,<0.1%,43.1%
3158,再见我们的十年,<0.1%,2.44,2,0.3%,29.3%
3159,明日世界,<0.1%,2.03,9,<0.1%,35.4%
3160,通道转兵,<0.1%,1.91,72,<0.1%,--
3161,异种,<0.1%,1.88,9,<0.1%,58.1%
3162,旋风九日,<0.1%,1.25,11,<0.1%,100%
3163,我是谁2015,<0.1%,1.11,4,<0.1%,66.6%
3164,我是路人甲,<0.1%,1.09,137,<0.1%,100.0%
3165,侏罗纪公园3D,<0.1%,1.04,7,<0.1%,100%
3166,超能兔战队,<0.1%,1.04,4,<0.1%,42.6%
3167,王化买父,<0.1%,1.01,23,<0.1%,--
3168,侏罗纪世界,44.5%,9799.81,67,24.2%,72.0%
3169,杀破狼2,31.4%,6910.99,44,27.8%,51.3%
3170,分歧者2：绝地反击,8.2%,1824.27,26,12.4%,38.2%
3171,末日崩塌,5.1%,1126.63,48,4.0%,79.8%
3172,少年班,4.2%,931.91,19,10.6%,33.1%
3173,我的男友和狗,1.9%,434.06,17,5.4%,35.4%
3174,哆啦A梦：伴我同行,1.8%,417.86,23,3.5%,41.7%
3175,惊魂电影院,0.6%,132.34,11,2.9%,27.7%
3176,三只小猪与神灯,0.5%,112.45,16,1.5%,31.3%
3177,摇滚英雄,0.1%,40.66,3,2.9%,4.6%
3178,我们恋爱吧,0.1%,31.15,115,<0.1%,100%
3179,老五的奥斯卡,0.1%,30.75,129,<0.1%,100%
3180,致命对决,0.1%,24.22,4,1.5%,7.6%
3181,潜艇总动员之时光宝盒,0.1%,22.28,12,0.4%,34.0%
3182,西游超级粉,<0.1%,21.66,7,0.7%,10.9%
3183,我的个神啊,<0.1%,11.22,24,<0.1%,52.5%
3184,煎饼侠,<0.1%,5.71,195,<0.1%,100%
3185,金箍棒传奇2：沙僧的逆袭,<0.1%,2.79,4,0.1%,31.6%
3186,旋风九日,<0.1%,2.52,28,<0.1%,100%
3187,狼图腾,<0.1%,2.26,26,<0.1%,44.5%
3188,通道转兵,<0.1%,2.05,72,<0.1%,--
3189,再见我们的十年,<0.1%,2.03,2,0.2%,25.9%
3190,西藏天空,<0.1%,1.92,142,<0.1%,100%
3191,明日世界,<0.1%,1.61,8,<0.1%,29.6%
3192,超能兔战队,<0.1%,1.59,6,<0.1%,52.2%
3193,异种,<0.1%,1.27,7,<0.1%,39.5%
3194,侏罗纪世界,42.4%,6615.85,44,25.4%,45.6%
3195,杀破狼2,32.1%,5008.74,33,27.7%,38.2%
3196,分歧者2：绝地反击,8.0%,1258.61,19,11.9%,28.3%
3197,末日崩塌,6.0%,938.07,35,4.7%,55.6%
3198,少年班,4.3%,674.64,14,10.4%,25.8%
3199,哆啦A梦：伴我同行,2.2%,344.85,20,3.3%,34.9%
3200,我的男友和狗,2.1%,341.58,14,5.5%,27.9%
3201,三只小猪与神灯,0.6%,104.80,16,1.5%,30.9%
3202,惊魂电影院,0.6%,95.20,8,2.9%,20.7%
3203,摇滚英雄,0.3%,51.44,5,2.4%,6.9%
3204,我们恋爱吧,0.1%,30.40,118,<0.1%,100%
3205,老五的奥斯卡,0.1%,29.50,123,<0.1%,100%
3206,潜艇总动员之时光宝盒,0.1%,18.48,13,0.3%,31.7%
3207,致命对决,0.1%,17.30,3,1.4%,6.3%
3208,西游超级粉,0.1%,17.13,6,0.6%,10.7%
3209,西藏天空,<0.1%,6.04,152,<0.1%,100%
3210,我是路人甲,<0.1%,5.96,683,<0.1%,99.7%
3211,龙凤呈祥,<0.1%,2.30,91,<0.1%,86.1%
3212,金箍棒传奇2：沙僧的逆袭,<0.1%,2.28,4,0.1%,24.7%
3213,狼图腾,<0.1%,2.23,30,<0.1%,67.7%
3214,异种,<0.1%,1.69,9,<0.1%,60.4%
3215,再见我们的十年,<0.1%,1.66,2,0.3%,20.4%
3216,通道转兵,<0.1%,1.55,68,<0.1%,--
3217,王化买父,<0.1%,1.14,44,<0.1%,--
3218,明日世界,<0.1%,1.10,5,<0.1%,13.9%
3219,何以笙箫默,<0.1%,1.02,42,<0.1%,100%
3220,杀破狼2,37.8%,2736.89,19,28.6%,22.6%
3221,侏罗纪世界,33.8%,2443.88,18,25.7%,18.9%
3222,分歧者2：绝地反击,9.4%,683.26,11,12.8%,16.0%
3223,末日崩塌,6.8%,494.87,19,5.2%,29.4%
3224,少年班,5.2%,380.40,9,11.1%,15.2%
3225,我的男友和狗,3.0%,218.92,9,6.4%,16.7%
3226,惊魂电影院,1.0%,75.55,7,3.2%,15.4%
3227,哆啦A梦：伴我同行,0.7%,53.80,6,2.1%,10.4%
3228,老五的奥斯卡,0.4%,29.95,129,<0.1%,100%
3229,我们恋爱吧,0.4%,29.90,120,<0.1%,100%
3230,横冲直撞好莱坞,0.2%,15.88,151,<0.1%,--
3231,致命对决,0.1%,10.59,2,1.6%,4.1%
3232,旋风九日,0.1%,8.30,35,<0.1%,100%
3233,摇滚英雄,<0.1%,7.16,2,1.4%,2.3%
3234,西藏天空,<0.1%,6.37,135,<0.1%,100%
3235,潜艇总动员之时光宝盒,<0.1%,1.88,4,0.1%,13.7%
3236,煎饼侠,<0.1%,1.36,152,<0.1%,--
3237,我是乡下爷,<0.1%,1.29,4,<0.1%,12.7%
3238,再见我们的十年,<0.1%,1.17,1,0.3%,12.1%
3239,寻找声音的耳朵,<0.1%,1.13,183,<0.1%,--
3240,通道转兵,<0.1%,1.07,48,<0.1%,--
3241,再次出发之纽约遇见你,<0.1%,1.04,42,<0.1%,53.0%
3242,杀破狼2,36.8%,2453.71,17,28.6%,20.1%
3243,侏罗纪世界,33.5%,2234.86,17,25.8%,17.0%
3244,分歧者2：绝地反击,9.1%,609.47,10,12.5%,14.8%
3245,末日崩塌,7.5%,501.05,18,5.6%,26.8%
3246,少年班,5.2%,348.04,8,10.9%,14.0%
3247,我的男友和狗,3.0%,205.10,8,6.6%,14.7%
3248,惊魂电影院,0.9%,65.87,6,3.3%,12.9%
3249,哆啦A梦：伴我同行,0.6%,45.91,5,2.0%,9.1%
3250,老五的奥斯卡,0.4%,30.10,122,<0.1%,100%
3251,我们恋爱吧,0.4%,29.70,122,<0.1%,100%
3252,旋风九日,0.2%,19.64,63,<0.1%,100%
3253,致命对决,0.1%,9.64,2,1.5%,4.0%
3254,摇滚英雄,<0.1%,6.00,2,1.1%,2.3%
3255,红楼梦,<0.1%,4.14,345,<0.1%,--
3256,西藏天空,<0.1%,3.55,94,<0.1%,100%
3257,再见我们的十年,<0.1%,3.37,5,0.4%,55.6%
3258,麦兜我和我妈妈,<0.1%,1.97,495,<0.1%,--
3259,异种,<0.1%,1.36,7,<0.1%,27.0%
3260,恋爱排班表,<0.1%,1.18,32,<0.1%,32.4%
3261,潜艇总动员之时光宝盒,<0.1%,1.15,3,0.1%,7.4%
3262,杀破狼2,34.3%,2135.38,15,28.1%,17.7%
3263,侏罗纪世界,33.2%,2065.90,16,25.4%,16.1%
3264,分歧者2：绝地反击,8.9%,556.85,9,12.0%,14.0%
3265,末日崩塌,7.9%,493.39,17,5.8%,25.3%
3266,少年班,5.0%,314.99,7,10.3%,13.7%
3267,我的男友和狗,2.9%,180.62,7,6.2%,13.9%
3268,横冲直撞好莱坞,2.1%,132.81,25,1.0%,18.9%
3269,惊魂电影院,0.9%,60.68,5,3.1%,12.7%
3270,哆啦A梦：伴我同行,0.7%,45.57,6,1.8%,9.7%
3271,约定倒计时,0.6%,39.01,4,2.7%,6.3%
3272,我们恋爱吧,0.4%,29.77,119,<0.1%,100%
3273,老五的奥斯卡,0.4%,29.58,120,<0.1%,100%
3274,旋风九日,0.3%,20.95,55,<0.1%,100%
3275,致命对决,0.1%,7.60,2,1.2%,4.3%
3276,西藏天空,<0.1%,4.29,109,<0.1%,100%
3277,煎饼侠,<0.1%,4.27,182,<0.1%,100%
3278,潜艇总动员之时光宝盒,<0.1%,2.83,8,0.1%,21.3%
3279,摇滚英雄,<0.1%,2.05,1,0.6%,1.4%
3280,我亲爱的小淘气,<0.1%,1.87,348,<0.1%,50.7%
3281,寻找声音的耳朵,<0.1%,1.44,127,<0.1%,--
3282,黄克功案件,<0.1%,1.29,124,<0.1%,--
3283,异种,<0.1%,1.28,7,<0.1%,36.6%
3284,再见我们的十年,<0.1%,1.14,1,0.3%,10.7%
3285,通道转兵,<0.1%,1.08,49,<0.1%,--
3286,情满人间,<0.1%,1.07,70,<0.1%,100%
3287,横冲直撞好莱坞,50.1%,5459.61,29,34.7%,29.5%
3288,侏罗纪世界,20.3%,2213.42,25,15.9%,30.0%
3289,杀破狼2,16.1%,1760.49,20,17.0%,27.8%
3290,末日崩塌,3.1%,342.29,24,2.6%,36.9%
3291,分歧者2：绝地反击,2.6%,283.73,13,4.0%,23.0%
3292,午夜43路,1.3%,143.28,13,2.6%,25.2%
3293,再次出发之纽约遇见你,0.7%,82.26,9,1.8%,16.3%
3294,少年班,0.7%,77.73,7,2.6%,18.1%
3295,对风说爱你,0.5%,62.12,4,4.1%,5.2%
3296,听说,0.3%,43.48,4,3.0%,7.0%
3297,拳霸风云,0.3%,41.78,5,2.0%,8.4%
3298,李米的猜想,0.3%,38.84,212,<0.1%,--
3299,我的男友和狗,0.3%,35.44,8,1.0%,24.8%
3300,老五的奥斯卡,0.2%,30.68,129,<0.1%,100%
3301,我们恋爱吧,0.2%,30.34,126,<0.1%,100%
3302,哆啦A梦：伴我同行,0.2%,23.17,7,0.7%,15.3%
3303,旋风九日,0.2%,22.67,57,<0.1%,100%
3304,恋爱排班表,0.1%,16.57,2,3.1%,2.6%
3305,惊魂电影院,0.1%,11.23,4,0.7%,14.0%
3306,约定倒计时,<0.1%,7.19,3,0.7%,4.5%
3307,因为谷桂花,<0.1%,6.86,13,0.1%,22.0%
3308,无法证明,<0.1%,5.97,10,0.1%,25.5%
3309,西藏天空,<0.1%,5.72,148,<0.1%,100%
3310,大宅男,<0.1%,5.26,2,1.0%,2.5%
3311,潜艇总动员之时光宝盒,<0.1%,3.86,13,<0.1%,36.7%
3312,煎饼侠,<0.1%,2.76,130,<0.1%,100%
3313,超能兔战队,<0.1%,2.67,36,<0.1%,100%
3314,狼图腾,<0.1%,1.89,32,<0.1%,43.5%
3315,摇滚英雄,<0.1%,1.67,5,<0.1%,25.2%
3316,十二公民,<0.1%,1.58,46,<0.1%,79.6%
3317,通道转兵,<0.1%,1.25,57,<0.1%,--
3318,邓小平登黄山,<0.1%,1.19,37,<0.1%,100%
3319,致命对决,<0.1%,1.18,2,0.2%,6.5%
3320,横冲直撞好莱坞,40.1%,6239.87,32,33.5%,32.7%
3321,侏罗纪世界,25.9%,4024.70,40,16.5%,48.2%
3322,杀破狼2,17.4%,2708.23,30,16.4%,41.9%
3323,末日崩塌,4.4%,687.43,40,3.0%,59.5%
3324,分歧者2：绝地反击,2.7%,432.29,22,3.2%,41.8%
3325,三只小猪与神灯,2.7%,430.52,17,5.8%,27.9%
3326,再次出发之纽约遇见你,1.0%,162.76,21,1.4%,35.5%
3327,午夜43路,0.9%,154.78,14,2.5%,27.1%
3328,少年班,0.7%,111.58,11,2.0%,34.3%
3329,小猪班纳大电影之梦想大“帽”险,0.7%,109.18,8,3.1%,15.5%
3330,哆啦A梦：伴我同行,0.3%,60.08,15,0.7%,29.3%
3331,对风说爱你,0.3%,58.21,5,2.7%,7.8%
3332,听说,0.2%,45.52,6,1.7%,13.6%
3333,我的男友和狗,0.2%,44.14,11,0.8%,38.7%
3334,我们恋爱吧,0.1%,31.00,122,<0.1%,100%
3335,老五的奥斯卡,0.1%,30.78,126,<0.1%,100%
3336,拳霸风云,0.1%,29.39,5,1.2%,10.0%
3337,李米的猜想,0.1%,17.45,243,<0.1%,--
3338,恋爱排班表,0.1%,16.98,2,1.8%,4.7%
3339,惊魂电影院,<0.1%,13.01,5,0.6%,15.2%
3340,大宅男,<0.1%,6.37,3,0.6%,6.5%
3341,约定倒计时,<0.1%,6.12,4,0.4%,7.2%
3342,旋风九日,<0.1%,5.99,36,<0.1%,100%
3343,狼图腾,<0.1%,5.22,66,<0.1%,100%
3344,西藏天空,<0.1%,4.46,142,<0.1%,--
3345,因为谷桂花,<0.1%,4.31,19,<0.1%,33.7%
3346,煎饼侠,<0.1%,2.14,243,<0.1%,100%
3347,无法证明,<0.1%,1.66,6,<0.1%,24.2%
3348,侏罗纪公园3D,<0.1%,1.56,17,<0.1%,--
3349,潜艇总动员之时光宝盒,<0.1%,1.51,5,<0.1%,16.8%
3350,致命对决,<0.1%,1.34,2,0.1%,13.3%
3351,我是路人甲,<0.1%,1.31,185,<0.1%,--
3352,通道转兵,<0.1%,1.27,54,<0.1%,--
3353,横冲直撞好莱坞,36.8%,5134.57,28,32.3%,28.7%
3354,侏罗纪世界,26.1%,3640.49,35,17.6%,40.8%
3355,杀破狼2,18.5%,2584.55,28,16.8%,38.5%
3356,末日崩塌,5.1%,719.14,37,3.5%,52.9%
3357,三只小猪与神灯,3.6%,501.79,18,6.2%,31.3%
3358,分歧者2：绝地反击,2.8%,397.07,20,3.3%,37.8%
3359,再次出发之纽约遇见你,1.3%,184.33,23,1.5%,37.7%
3360,小猪班纳大电影之梦想大“帽”险,1.0%,143.13,10,3.3%,19.8%
3361,午夜43路,0.9%,125.56,11,2.7%,21.3%
3362,少年班,0.8%,111.98,11,2.0%,33.9%
3363,听说,0.3%,46.38,7,1.6%,14.8%
3364,我的男友和狗,0.3%,42.84,11,0.8%,32.8%
3365,对风说爱你,0.2%,36.90,4,2.2%,6.5%
3366,老五的奥斯卡,0.2%,30.48,124,<0.1%,100%
3367,我们恋爱吧,0.2%,30.25,124,<0.1%,100%
3368,西游记之大圣归来,0.1%,27.58,80,<0.1%,94.7%
3369,拳霸风云,0.1%,22.58,5,1.1%,8.9%
3370,恋爱排班表,0.1%,15.64,3,1.6%,5.2%
3371,惊魂电影院,<0.1%,12.13,5,0.7%,15.4%
3372,李米的猜想,<0.1%,8.94,280,<0.1%,--
3373,西藏天空,<0.1%,6.43,174,<0.1%,--
3374,旋风九日,<0.1%,6.18,28,<0.1%,89.1%
3375,大宅男,<0.1%,5.01,3,0.5%,5.1%
3376,约定倒计时,<0.1%,4.87,3,0.3%,7.6%
3377,狼图腾,<0.1%,3.53,49,<0.1%,51.4%
3378,因为谷桂花,<0.1%,3.33,18,<0.1%,37.4%
3379,潜艇总动员之时光宝盒,<0.1%,3.27,8,<0.1%,20.4%
3380,再见我们的十年,<0.1%,2.12,10,0.1%,100%
3381,致命对决,<0.1%,2.10,4,0.1%,21.2%
3382,通道转兵,<0.1%,1.46,58,<0.1%,--
3383,哆啦A梦：伴我同行,<0.1%,1.33,3,<0.1%,26.8%
3384,煎饼侠,<0.1%,1.17,316,<0.1%,--
3385,横冲直撞好莱坞,37.6%,2580.47,15,32.2%,16.1%
3386,侏罗纪世界,23.3%,1599.20,17,18.4%,19.1%
3387,杀破狼2,19.4%,1331.84,15,18.0%,20.3%
3388,末日崩塌,5.4%,374.75,18,4.1%,25.0%
3389,分歧者2：绝地反击,3.1%,212.77,11,3.9%,18.1%
3390,再次出发之纽约遇见你,1.6%,115.35,13,1.9%,20.7%
3391,午夜43路,1.5%,104.85,9,3.0%,18.0%
3392,我是路人甲,1.2%,85.22,94,0.2%,94.5%
3393,三只小猪与神灯,1.0%,71.84,6,3.3%,9.5%
3394,少年班,1.0%,68.77,7,2.4%,18.4%
3395,我们恋爱吧,0.4%,30.39,127,<0.1%,100%
3396,老五的奥斯卡,0.4%,29.97,122,<0.1%,100%
3397,听说,0.4%,29.30,4,1.7%,9.1%
3398,我的男友和狗,0.4%,27.66,6,1.0%,17.5%
3399,旋风九日,0.3%,22.62,65,<0.1%,100%
3400,对风说爱你,0.3%,21.29,3,2.3%,4.0%
3401,小猪班纳大电影之梦想大“帽”险,0.2%,19.14,3,1.5%,6.9%
3402,李米的猜想,0.2%,15.53,180,<0.1%,100%
3403,惊魂电影院,0.1%,9.75,4,0.7%,14.2%
3404,恋爱排班表,0.1%,9.03,2,1.5%,3.7%
3405,拳霸风云,0.1%,7.83,2,1.0%,4.1%
3406,煎饼侠,<0.1%,4.85,135,<0.1%,100%
3407,西藏天空,<0.1%,4.13,121,<0.1%,100%
3408,大宅男,<0.1%,3.87,2,0.6%,4.4%
3409,邓小平登黄山,<0.1%,3.44,107,<0.1%,100%
3410,致命对决,<0.1%,2.28,4,0.1%,20.6%
3411,情满人间,<0.1%,2.20,295,<0.1%,100%
3412,约定倒计时,<0.1%,2.15,2,0.3%,4.2%
3413,无法证明,<0.1%,1.90,9,<0.1%,45.6%
3414,潜艇总动员之时光宝盒,<0.1%,1.48,15,<0.1%,38.4%
3415,超能兔战队,<0.1%,1.47,99,<0.1%,100%
3416,寻找声音的耳朵,<0.1%,1.42,203,<0.1%,100%
3417,通道转兵,<0.1%,1.07,48,<0.1%,--
3418,狼图腾,<0.1%,1.04,10,<0.1%,14.6%
3419,横冲直撞好莱坞,33.5%,2372.04,16,31.5%,17.0%
3420,侏罗纪世界,24.6%,1738.72,18,18.9%,20.5%
3421,杀破狼2,19.1%,1353.55,15,18.3%,20.4%
3422,末日崩塌,5.8%,411.70,19,4.3%,26.1%
3423,分歧者2：绝地反击,3.2%,228.21,11,4.0%,20.0%
3424,再次出发之纽约遇见你,2.0%,145.88,15,2.1%,24.3%
3425,李米的猜想,1.6%,114.76,345,<0.1%,--
3426,我是路人甲,1.5%,109.76,105,0.2%,100%
3427,午夜43路,1.4%,104.78,9,3.0%,17.8%
3428,三只小猪与神灯,1.2%,86.60,7,3.3%,11.6%
3429,少年班,1.0%,71.51,7,2.4%,20.7%
3430,旋风九日,0.5%,36.15,69,0.1%,100%
3431,我的男友和狗,0.4%,30.93,7,1.0%,19.0%
3432,老五的奥斯卡,0.4%,30.00,125,<0.1%,100%
3433,我们恋爱吧,0.4%,29.83,120,<0.1%,100%
3434,听说,0.4%,28.99,5,1.6%,9.8%
3435,小猪班纳大电影之梦想大“帽”险,0.3%,22.95,4,1.6%,8.4%
3436,对风说爱你,0.3%,22.78,3,2.0%,5.3%
3437,西藏天空,0.1%,12.14,168,<0.1%,--
3438,惊魂电影院,0.1%,10.25,4,0.7%,16.6%
3439,恋爱排班表,0.1%,8.40,2,1.3%,4.2%
3440,拳霸风云,0.1%,8.04,3,0.8%,5.5%
3441,邓小平登黄山,<0.1%,6.26,107,<0.1%,100%
3442,情满人间,<0.1%,4.34,389,<0.1%,--
3443,大宅男,<0.1%,3.29,2,0.5%,4.7%
3444,煎饼侠,<0.1%,3.01,28,<0.1%,--
3445,约定倒计时,<0.1%,2.02,2,0.3%,4.9%
3446,致命对决,<0.1%,1.53,3,0.1%,17.0%
3447,潜艇总动员之时光宝盒,<0.1%,1.51,19,<0.1%,51.5%
3448,黄克功案件,<0.1%,1.27,117,<0.1%,--
3449,通道转兵,<0.1%,1.02,43,<0.1%,--
3450,横冲直撞好莱坞,31.4%,1932.65,13,30.6%,14.6%
3451,侏罗纪世界,25.1%,1542.67,15,19.1%,17.6%
3452,杀破狼2,19.6%,1205.37,13,18.3%,17.8%
3453,末日崩塌,5.7%,354.98,17,4.1%,22.5%
3454,分歧者2：绝地反击,3.4%,211.37,10,4.0%,17.8%
3455,我是路人甲,2.5%,159.58,108,0.3%,100%
3456,再次出发之纽约遇见你,2.3%,143.07,14,2.1%,21.9%
3457,午夜43路,1.5%,95.90,8,3.0%,16.2%
3458,三只小猪与神灯,1.3%,81.86,6,3.4%,11.1%
3459,少年班,0.9%,57.87,6,2.4%,16.8%
3460,默守那份情,0.7%,46.41,8,1.5%,15.0%
3461,旋风九日,0.7%,44.55,60,0.1%,99.8%
3462,对风说爱你,0.6%,38.49,5,1.8%,9.5%
3463,李米的猜想,0.4%,29.90,21,<0.1%,--
3464,老五的奥斯卡,0.4%,29.75,124,<0.1%,100%
3465,我们恋爱吧,0.4%,29.73,123,<0.1%,100%
3466,我的男友和狗,0.4%,29.22,8,1.0%,20.5%
3467,听说,0.4%,25.22,4,1.5%,9.3%
3468,小猪班纳大电影之梦想大“帽”险,0.3%,20.32,4,1.6%,7.4%
3469,惊魂电影院,0.1%,10.69,5,0.7%,17.8%
3470,拳霸风云,0.1%,7.40,3,0.7%,6.5%
3471,煎饼侠,0.1%,6.50,168,<0.1%,87.5%
3472,恋爱排班表,0.1%,6.34,2,1.1%,4.0%
3473,邓小平登黄山,<0.1%,4.65,48,<0.1%,100%
3474,大宅男,<0.1%,3.84,3,0.4%,8.0%
3475,西藏天空,<0.1%,3.67,106,<0.1%,--
3476,黄克功案件,<0.1%,2.70,110,<0.1%,--
3477,栀子花开,<0.1%,2.44,241,<0.1%,91.9%
3478,约定倒计时,<0.1%,1.65,2,0.2%,4.3%
3479,情满人间,<0.1%,1.65,77,<0.1%,57.8%
3480,通道转兵,<0.1%,1.11,50,<0.1%,--
3481,异种,<0.1%,1.01,11,<0.1%,100%
3482,道士下山,48.9%,4338.77,49,16.0%,49.8%
3483,横冲直撞好莱坞,14.1%,1253.29,12,22.4%,15.2%
3484,侏罗纪世界,13.4%,1195.71,15,15.8%,17.9%
3485,杀破狼2,8.9%,793.07,11,14.9%,15.2%
3486,我是路人甲,7.6%,681.31,15,10.6%,21.3%
3487,分歧者2：绝地反击,1.3%,123.20,9,2.6%,15.7%
3488,再次出发之纽约遇见你,1.0%,93.98,12,1.5%,18.4%
3489,三只小猪与神灯,0.8%,71.51,6,3.1%,10.3%
3490,张震讲故事之鬼迷心窍,0.7%,68.36,8,2.0%,10.9%
3491,午夜43路,0.4%,40.19,6,1.6%,16.6%
3492,少年班,0.3%,32.30,5,1.5%,14.2%
3493,老五的奥斯卡,0.3%,29.45,126,<0.1%,100%
3494,我们恋爱吧,0.3%,29.40,125,<0.1%,100%
3495,旋风九日,0.1%,16.88,47,<0.1%,100%
3496,小猪班纳大电影之梦想大“帽”险,0.1%,15.49,3,1.4%,6.6%
3497,对风说爱你,0.1%,14.46,4,1.0%,7.9%
3498,我的男友和狗,0.1%,13.39,5,0.7%,11.2%
3499,听说,0.1%,11.59,4,0.8%,7.5%
3500,煎饼侠,<0.1%,8.30,281,<0.1%,--
3501,惊魂电影院,<0.1%,7.80,4,0.5%,20.8%
3502,邓小平登黄山,<0.1%,5.69,101,<0.1%,100%
3503,西藏天空,<0.1%,4.55,107,<0.1%,100%
3504,默守那份情,<0.1%,3.28,3,0.3%,5.8%
3505,拳霸风云,<0.1%,2.90,3,0.3%,7.3%
3506,恋爱排班表,<0.1%,2.67,2,0.5%,3.9%
3507,大宅男,<0.1%,1.44,2,0.2%,7.6%
3508,约定倒计时,<0.1%,1.26,2,0.2%,7.0%
3509,潜艇总动员之时光宝盒,<0.1%,1.25,48,<0.1%,--
3510,异种,<0.1%,1.13,12,<0.1%,--
3511,情满人间,<0.1%,1.00,199,<0.1%,100%
3512,道士下山,56.5%,6035.52,30,35.5%,29.9%
3513,侏罗纪世界,11.8%,1269.36,23,9.7%,34.5%
3514,横冲直撞好莱坞,9.7%,1039.62,17,12.9%,26.0%
3515,我是路人甲,7.2%,779.64,13,11.5%,18.1%
3516,杀破狼2,6.2%,665.78,16,8.1%,26.3%
3517,张震讲故事之鬼迷心窍,3.6%,390.24,12,7.6%,19.0%
3518,罪恶赎金,0.8%,86.37,5,3.9%,8.7%
3519,再次出发之纽约遇见你,0.7%,84.14,28,0.5%,38.3%
3520,三只小猪与神灯,0.5%,54.81,8,1.5%,15.0%
3521,分歧者2：绝地反击,0.3%,42.71,14,0.5%,33.0%
3522,汽车人总动员,0.3%,36.92,5,2.2%,7.7%
3523,我们恋爱吧,0.2%,29.86,123,<0.1%,100%
3524,老五的奥斯卡,0.2%,29.45,129,<0.1%,100%
3525,西游超级粉,0.2%,25.80,4,1.9%,6.7%
3526,旋风九日,0.1%,17.60,48,<0.1%,90.1%
3527,小猪班纳大电影之梦想大“帽”险,<0.1%,9.41,5,0.5%,12.9%
3528,午夜43路,<0.1%,8.69,7,0.3%,22.3%
3529,煎饼侠,<0.1%,8.48,185,<0.1%,100%
3530,西藏天空,<0.1%,7.68,122,<0.1%,100%
3531,少年班,<0.1%,7.30,7,0.2%,24.7%
3532,捉妖记,<0.1%,6.68,205,<0.1%,100%
3533,邓小平登黄山,<0.1%,6.51,111,<0.1%,100%
3534,栀子花开,<0.1%,5.38,231,<0.1%,--
3535,简单爱,<0.1%,4.67,2,0.6%,3.4%
3536,惊魂电影院,<0.1%,3.99,6,0.2%,32.5%
3537,咱们的工会主席,<0.1%,3.19,457,<0.1%,--
3538,我的男友和狗,<0.1%,2.77,5,0.1%,15.6%
3539,对风说爱你,<0.1%,2.54,4,0.1%,14.6%
3540,听说,<0.1%,2.04,3,0.1%,13.6%
3541,默守那份情,<0.1%,1.71,5,0.1%,7.7%
3542,西游记之大圣归来,<0.1%,1.37,12,<0.1%,17.6%
3543,无法证明,<0.1%,1.37,26,<0.1%,100%
3544,异种,<0.1%,1.32,28,<0.1%,100%
3545,通道转兵,<0.1%,1.06,51,<0.1%,--
3546,道士下山,47.4%,7093.40,34,34.2%,34.2%
3547,侏罗纪世界,15.7%,2353.31,38,10.6%,53.0%
3548,横冲直撞好莱坞,10.5%,1572.03,25,12.3%,39.0%
3549,我是路人甲,7.7%,1154.88,23,9.4%,33.0%
3550,杀破狼2,7.1%,1062.05,24,7.8%,41.5%
3551,张震讲故事之鬼迷心窍,2.8%,423.27,14,6.7%,23.4%
3552,西游记之大圣归来,2.6%,393.30,22,3.4%,25.5%
3553,三只小猪与神灯,1.3%,205.36,19,2.4%,33.7%
3554,汽车人总动员,1.2%,191.36,11,4.1%,22.3%
3555,再次出发之纽约遇见你,1.0%,154.90,46,0.5%,64.1%
3556,罪恶赎金,0.6%,97.08,7,2.9%,13.1%
3557,分歧者2：绝地反击,0.4%,64.27,21,0.4%,53.3%
3558,西游超级粉,0.2%,42.94,6,1.8%,13.1%
3559,小猪班纳大电影之梦想大“帽”险,0.2%,30.69,11,0.6%,32.4%
3560,我们恋爱吧,0.1%,20.86,101,<0.1%,100%
3561,老五的奥斯卡,0.1%,19.50,110,<0.1%,100%
3562,午夜43路,<0.1%,11.61,8,0.3%,25.6%
3563,少年班,<0.1%,5.40,6,0.2%,20.2%
3564,西藏天空,<0.1%,5.34,85,<0.1%,100%
3565,栀子花开,<0.1%,4.11,213,<0.1%,100%
3566,煎饼侠,<0.1%,4.11,153,<0.1%,100%
3567,惊魂电影院,<0.1%,3.82,5,0.2%,30.0%
3568,我的男友和狗,<0.1%,3.77,6,0.1%,24.0%
3569,对风说爱你,<0.1%,2.77,5,0.1%,18.8%
3570,简单爱,<0.1%,2.73,2,0.4%,3.2%
3571,听说,<0.1%,2.67,6,0.1%,28.7%
3572,旋风九日,<0.1%,2.56,19,<0.1%,61.5%
3573,少女哪吒,<0.1%,1.69,11,<0.1%,14.6%
3574,通道转兵,<0.1%,1.37,64,<0.1%,--
3575,默守那份情,<0.1%,1.19,5,<0.1%,11.4%
3576,潜艇总动员之时光宝盒,<0.1%,1.09,67,<0.1%,--
3577,道士下山,43.8%,6005.82,30,33.4%,29.9%
3578,侏罗纪世界,16.8%,2305.24,35,11.4%,45.9%
3579,横冲直撞好莱坞,10.2%,1402.64,22,12.4%,34.2%
3580,我是路人甲,8.1%,1111.60,22,9.1%,32.1%
3581,杀破狼2,7.4%,1021.55,23,8.0%,38.2%
3582,西游记之大圣归来,4.1%,568.90,23,4.7%,29.0%
3583,张震讲故事之鬼迷心窍,2.5%,352.89,12,6.4%,20.7%
3584,三只小猪与神灯,1.6%,228.21,22,2.3%,37.2%
3585,汽车人总动员,1.1%,162.63,11,3.6%,22.0%
3586,再次出发之纽约遇见你,1.1%,155.55,41,0.6%,52.6%
3587,罪恶赎金,0.6%,87.91,7,2.5%,13.2%
3588,分歧者2：绝地反击,0.4%,61.34,19,0.5%,46.5%
3589,西游超级粉,0.2%,40.14,6,1.5%,15.4%
3590,小猪班纳大电影之梦想大“帽”险,0.2%,29.55,11,0.6%,31.8%
3591,当流星划过天际,0.2%,28.40,131,<0.1%,--
3592,情回鹭岛,0.2%,28.01,120,<0.1%,--
3593,捉妖记,0.1%,26.45,118,<0.1%,100%
3594,猪猪侠之终极决战,0.1%,14.09,153,<0.1%,100%
3595,午夜43路,<0.1%,10.44,7,0.3%,22.3%
3596,我的男友和狗,<0.1%,6.29,14,0.1%,59.3%
3597,煎饼侠,<0.1%,5.98,237,<0.1%,100%
3598,少年班,<0.1%,5.77,6,0.2%,19.2%
3599,西藏天空,<0.1%,5.10,118,<0.1%,100%
3600,惊魂电影院,<0.1%,4.44,7,0.2%,33.7%
3601,拳霸风云,<0.1%,4.27,18,<0.1%,89.4%
3602,对风说爱你,<0.1%,2.40,4,0.1%,16.2%
3603,听说,<0.1%,2.15,4,0.1%,17.3%
3604,简单爱,<0.1%,2.11,2,0.3%,3.5%
3605,少女哪吒,<0.1%,1.74,11,<0.1%,15.2%
3606,旋风九日,<0.1%,1.61,18,<0.1%,27.9%
3607,潜艇总动员之时光宝盒,<0.1%,1.21,101,<0.1%,--
3608,通道转兵,<0.1%,1.06,51,<0.1%,--
3609,王化买父,<0.1%,1.04,38,<0.1%,--
3610,道士下山,45.3%,2966.51,16,33.7%,16.2%
3611,侏罗纪世界,16.0%,1048.81,16,12.4%,21.1%
3612,横冲直撞好莱坞,11.3%,744.75,12,13.6%,17.9%
3613,我是路人甲,8.9%,582.84,12,9.8%,16.9%
3614,杀破狼2,8.2%,538.67,12,9.0%,18.7%
3615,张震讲故事之鬼迷心窍,3.4%,227.91,8,6.8%,13.7%
3616,再次出发之纽约遇见你,1.2%,80.16,19,0.8%,24.3%
3617,三只小猪与神灯,0.9%,63.54,7,2.2%,11.6%
3618,罪恶赎金,0.7%,45.88,4,2.8%,6.6%
3619,汽车人总动员,0.6%,44.83,4,3.2%,7.1%
3620,分歧者2：绝地反击,0.5%,34.26,10,0.6%,20.1%
3621,当流星划过天际,0.5%,32.78,125,<0.1%,100%
3622,情回鹭岛,0.4%,32.00,125,<0.1%,100%
3623,栀子花开,0.2%,16.30,176,<0.1%,--
3624,西游超级粉,0.2%,15.04,3,1.4%,5.9%
3625,午夜43路,0.1%,8.98,6,0.3%,17.8%
3626,小猪班纳大电影之梦想大“帽”险,0.1%,8.12,4,0.5%,9.7%
3627,西藏天空,0.1%,7.56,123,<0.1%,100%
3628,旋风九日,<0.1%,6.49,47,<0.1%,100%
3629,煎饼侠,<0.1%,5.84,211,<0.1%,100%
3630,少年班,<0.1%,5.37,5,0.2%,14.1%
3631,惊魂电影院,<0.1%,4.71,7,0.2%,39.3%
3632,我的男友和狗,<0.1%,3.32,5,0.1%,19.3%
3633,对风说爱你,<0.1%,2.33,4,0.1%,14.6%
3634,默守那份情,<0.1%,1.77,8,<0.1%,24.2%
3635,听说,<0.1%,1.42,3,0.1%,8.5%
3636,简单爱,<0.1%,1.39,1,0.3%,2.4%
3637,道士下山,44.5%,2921.75,16,33.2%,16.6%
3638,侏罗纪世界,17.6%,1158.86,18,12.9%,22.4%
3639,横冲直撞好莱坞,12.0%,788.78,13,13.7%,19.3%
3640,杀破狼2,8.7%,571.85,13,9.3%,19.8%
3641,我是路人甲,7.0%,461.95,11,9.6%,16.0%
3642,张震讲故事之鬼迷心窍,3.1%,209.00,8,6.6%,13.3%
3643,再次出发之纽约遇见你,1.3%,91.44,20,0.9%,25.7%
3644,三只小猪与神灯,1.1%,73.09,8,2.3%,13.1%
3645,汽车人总动员,0.6%,44.65,4,3.0%,7.6%
3646,罪恶赎金,0.6%,43.97,4,2.7%,7.0%
3647,分歧者2：绝地反击,0.6%,39.73,12,0.6%,22.3%
3648,情回鹭岛,0.4%,32.08,122,<0.1%,100%
3649,当流星划过天际,0.4%,31.27,125,<0.1%,100%
3650,西游超级粉,0.2%,16.04,3,1.3%,6.9%
3651,午夜43路,0.1%,9.93,7,0.3%,18.7%
3652,小猪班纳大电影之梦想大“帽”险,0.1%,8.33,4,0.5%,8.9%
3653,旋风九日,0.1%,8.15,42,<0.1%,100%
3654,煎饼侠,0.1%,7.35,202,<0.1%,100%
3655,西藏天空,<0.1%,6.42,129,<0.1%,100%
3656,少年班,<0.1%,5.59,5,0.2%,16.6%
3657,惊魂电影院,<0.1%,4.38,6,0.2%,34.5%
3658,栀子花开,<0.1%,3.52,142,<0.1%,100%
3659,我的男友和狗,<0.1%,3.23,6,0.1%,18.4%
3660,对风说爱你,<0.1%,2.32,4,0.1%,12.9%
3661,邓小平登黄山,<0.1%,2.17,98,<0.1%,100%
3662,捉妖记,<0.1%,2.11,106,<0.1%,--
3663,拳霸风云,<0.1%,1.64,10,<0.1%,59.2%
3664,简单爱,<0.1%,1.52,1,0.3%,3.0%
3665,听说,<0.1%,1.39,3,0.1%,9.9%
3666,李三娘,<0.1%,1.38,50,<0.1%,--
3667,黄克功案件,<0.1%,1.35,135,<0.1%,89.4%
3668,默守那份情,<0.1%,1.33,7,<0.1%,14.8%
3669,潜艇总动员3：彩虹宝藏,<0.1%,1.09,100,<0.1%,--
3670,道士下山,38.3%,2445.76,14,32.3%,14.2%
3671,侏罗纪世界,16.9%,1084.43,16,12.9%,20.4%
3672,横冲直撞好莱坞,11.1%,713.77,11,13.5%,17.4%
3673,小时代4：灵魂尽头,9.3%,593.80,65,2.0%,58.5%
3674,杀破狼2,8.0%,515.58,11,9.3%,17.4%
3675,我是路人甲,6.6%,427.50,11,9.4%,15.0%
3676,张震讲故事之鬼迷心窍,2.8%,180.15,7,6.3%,12.0%
3677,再次出发之纽约遇见你,1.3%,87.83,18,0.9%,22.4%
3678,三只小猪与神灯,1.1%,70.55,7,2.4%,11.8%
3679,罪恶赎金,0.6%,42.21,4,2.5%,7.2%
3680,分歧者2：绝地反击,0.5%,37.53,11,0.6%,21.3%
3681,汽车人总动员,0.5%,36.83,4,2.9%,6.8%
3682,情回鹭岛,0.4%,30.06,120,<0.1%,100%
3683,当流星划过天际,0.4%,29.96,122,<0.1%,100%
3684,西游超级粉,0.2%,14.33,3,1.3%,6.1%
3685,午夜43路,0.1%,8.52,6,0.3%,16.3%
3686,小猪班纳大电影之梦想大“帽”险,0.1%,8.06,4,0.6%,8.1%
3687,旋风九日,<0.1%,5.92,54,<0.1%,100%
3688,捉妖记,<0.1%,5.68,110,<0.1%,100%
3689,对风说爱你,<0.1%,4.66,12,0.1%,54.9%
3690,煎饼侠,<0.1%,4.01,116,<0.1%,91.0%
3691,命中注定,<0.1%,3.73,125,<0.1%,--
3692,少年班,<0.1%,3.22,3,0.2%,10.8%
3693,我的男友和狗,<0.1%,3.08,5,0.1%,18.1%
3694,惊魂电影院,<0.1%,3.02,4,0.2%,24.0%
3695,西藏天空,<0.1%,3.00,88,<0.1%,--
3696,黄克功案件,<0.1%,2.12,152,<0.1%,100%
3697,栀子花开,<0.1%,1.84,98,<0.1%,77.4%
3698,邓小平登黄山,<0.1%,1.30,109,<0.1%,57.4%
3699,简单爱,<0.1%,1.23,1,0.3%,2.3%
3700,哆啦A梦：伴我同行,<0.1%,1.18,148,<0.1%,--
3701,天河,<0.1%,1.18,590,<0.1%,--
3702,听说,<0.1%,1.14,2,0.1%,8.8%
3703,王化买父,<0.1%,1.11,31,<0.1%,--
3704,通道转兵,<0.1%,1.08,49,<0.1%,--
3705,默守那份情,<0.1%,1.06,5,<0.1%,16.8%
3706,红楼梦,<0.1%,1.01,36,<0.1%,69.3%
3707,小时代4：灵魂尽头,73.1%,10716.76,49,48.0%,55.8%
3708,道士下山,11.8%,1740.99,17,17.8%,22.3%
3709,侏罗纪世界,5.4%,792.29,20,7.1%,26.9%
3710,横冲直撞好莱坞,2.3%,346.53,11,6.6%,20.5%
3711,杀破狼2,1.8%,273.06,12,4.2%,22.3%
3712,我是路人甲,1.4%,216.12,12,3.9%,20.2%
3713,栀子花开,1.3%,193.56,48,0.8%,40.8%
3714,张震讲故事之鬼迷心窍,0.5%,81.72,7,2.9%,13.3%
3715,三只小猪与神灯,0.4%,65.88,8,1.9%,14.0%
3716,再次出发之纽约遇见你,0.4%,61.92,20,0.5%,27.6%
3717,当流星划过天际,0.1%,29.15,123,<0.1%,100%
3718,情回鹭岛,0.1%,29.06,116,<0.1%,100%
3719,汽车人总动员,0.1%,23.84,4,1.7%,7.5%
3720,分歧者2：绝地反击,0.1%,17.99,11,0.2%,24.9%
3721,罪恶赎金,<0.1%,12.32,3,0.8%,7.6%
3722,西游超级粉,<0.1%,9.89,3,0.8%,8.0%
3723,小猪班纳大电影之梦想大“帽”险,<0.1%,8.03,5,0.4%,13.8%
3724,旋风九日,<0.1%,5.63,59,<0.1%,100%
3725,西藏天空,<0.1%,4.24,120,<0.1%,100%
3726,捉妖记,<0.1%,3.39,125,<0.1%,100%
3727,惊魂电影院,<0.1%,3.39,5,0.2%,29.6%
3728,午夜43路,<0.1%,3.25,5,0.1%,15.8%
3729,黄克功案件,<0.1%,2.42,129,<0.1%,77.7%
3730,邓小平登黄山,<0.1%,1.56,75,<0.1%,56.1%
3731,西游记之大圣归来,<0.1%,1.55,9,<0.1%,29.1%
3732,我的男友和狗,<0.1%,1.42,7,<0.1%,31.8%
3733,红楼梦,<0.1%,1.31,35,<0.1%,100%
3734,少年班,<0.1%,1.21,3,0.1%,11.1%
3735,栀子花开,41.9%,9637.83,61,31.7%,78.0%
3736,小时代4：灵魂尽头,39.9%,9171.52,49,38.5%,56.7%
3737,西游记之大圣归来,7.8%,1799.82,35,9.2%,53.6%
3738,道士下山,4.8%,1122.25,22,7.4%,33.8%
3739,猪猪侠之终极决战,2.8%,649.78,24,5.1%,37.5%
3740,横冲直撞好莱坞,0.4%,108.45,14,1.4%,40.8%
3741,杀破狼2,0.4%,99.23,16,1.0%,37.3%
3742,我是路人甲,0.4%,95.74,18,0.9%,42.2%
3743,亲，别怕,0.1%,43.73,7,1.2%,17.8%
3744,再次出发之纽约遇见你,0.1%,40.27,34,0.1%,46.8%
3745,张震讲故事之鬼迷心窍,0.1%,32.28,10,0.6%,25.0%
3746,当流星划过天际,0.1%,29.75,125,<0.1%,100%
3747,情回鹭岛,0.1%,29.74,120,<0.1%,100%
3748,分歧者2：绝地反击,<0.1%,18.32,22,<0.1%,41.1%
3749,捉妖记,<0.1%,11.72,182,<0.1%,100%
3750,三只小猪与神灯,<0.1%,10.22,11,0.2%,24.1%
3751,罪恶赎金,<0.1%,7.11,5,0.3%,21.8%
3752,旋风九日,<0.1%,5.42,62,<0.1%,100%
3753,西藏天空,<0.1%,4.18,122,<0.1%,--
3754,惊魂电影院,<0.1%,3.73,5,0.2%,31.4%
3755,汽车人总动员,<0.1%,3.70,3,0.3%,13.0%
3756,少年班,<0.1%,3.01,25,<0.1%,33.4%
3757,邓小平登黄山,<0.1%,2.43,63,<0.1%,45.8%
3758,命中注定,<0.1%,2.20,123,<0.1%,100%
3759,通道转兵,<0.1%,1.63,60,<0.1%,--
3760,西游超级粉,<0.1%,1.54,3,0.1%,17.9%
3761,狼图腾,<0.1%,1.11,36,<0.1%,100%
3762,黄克功案件,<0.1%,1.10,83,<0.1%,--
3763,默守那份情,<0.1%,1.07,14,<0.1%,100%
3764,栀子花开,36.9%,8514.16,49,33.5%,62.8%
3765,小时代4：灵魂尽头,36.0%,8310.72,45,36.7%,51.7%
3766,西游记之大圣归来,12.3%,2853.64,47,10.4%,72.7%
3767,道士下山,6.7%,1562.18,35,6.3%,55.9%
3768,猪猪侠之终极决战,4.6%,1075.10,32,6.1%,54.6%
3769,杀破狼2,0.6%,139.97,25,0.8%,60.7%
3770,我是路人甲,0.5%,126.68,30,0.7%,75.8%
3771,横冲直撞好莱坞,0.5%,119.87,21,0.9%,71.5%
3772,再次出发之纽约遇见你,0.2%,67.40,50,0.1%,75.1%
3773,亲，别怕,0.1%,42.74,8,1.0%,22.5%
3774,张震讲故事之鬼迷心窍,0.1%,36.35,13,0.5%,30.9%
3775,情回鹭岛,0.1%,29.08,117,<0.1%,100%
3776,当流星划过天际,0.1%,29.06,126,<0.1%,100%
3777,分歧者2：绝地反击,0.1%,23.37,25,<0.1%,45.2%
3778,捉妖记,<0.1%,21.88,136,<0.1%,100%
3779,三只小猪与神灯,<0.1%,18.10,17,0.2%,31.2%
3780,少女哪吒,<0.1%,12.60,18,0.1%,34.6%
3781,罪恶赎金,<0.1%,9.49,6,0.3%,28.0%
3782,汽车人总动员,<0.1%,8.03,6,0.3%,30.1%
3783,惊魂电影院,<0.1%,3.74,5,0.2%,35.7%
3784,煎饼侠,<0.1%,3.43,141,<0.1%,100%
3785,小猪班纳大电影之梦想大“帽”险,<0.1%,2.44,5,0.1%,23.5%
3786,默守那份情,<0.1%,1.78,22,<0.1%,100%
3787,西游超级粉,<0.1%,1.51,3,0.1%,16.9%
3788,旋风九日,<0.1%,1.34,26,<0.1%,81.8%
3789,通道转兵,<0.1%,1.27,52,<0.1%,--
3790,午夜43路,<0.1%,1.16,7,<0.1%,33.8%
3791,王化买父,<0.1%,1.15,26,<0.1%,60.7%
3792,鲁邦三世VS名侦探柯南,<0.1%,1.03,16,<0.1%,--
3793,小时代4：灵魂尽头,33.1%,7677.05,43,35.7%,49.6%
3794,栀子花开,32.3%,7497.65,44,32.7%,55.2%
3795,西游记之大圣归来,17.3%,4016.08,58,11.8%,86.5%
3796,道士下山,6.5%,1520.28,34,6.3%,55.5%
3797,猪猪侠之终极决战,5.4%,1252.32,35,6.4%,60.1%
3798,捉妖记,2.1%,506.72,164,0.4%,100%
3799,杀破狼2,0.6%,143.37,26,0.8%,63.1%
3800,我是路人甲,0.5%,122.25,30,0.7%,75.2%
3801,横冲直撞好莱坞,0.5%,116.02,21,0.9%,71.7%
3802,再次出发之纽约遇见你,0.3%,74.28,50,0.2%,72.7%
3803,亲，别怕,0.1%,36.99,8,0.9%,17.9%
3804,情回鹭岛,0.1%,30.51,121,<0.1%,100%
3805,当流星划过天际,0.1%,30.51,129,<0.1%,100%
3806,张震讲故事之鬼迷心窍,0.1%,30.19,11,0.5%,27.5%
3807,三只小猪与神灯,0.1%,23.73,24,0.2%,55.6%
3808,分歧者2：绝地反击,<0.1%,18.41,21,<0.1%,39.5%
3809,少女哪吒,<0.1%,10.69,19,<0.1%,47.7%
3810,汽车人总动员,<0.1%,9.73,7,0.3%,36.7%
3811,罪恶赎金,<0.1%,6.93,5,0.3%,24.3%
3812,煎饼侠,<0.1%,5.97,208,<0.1%,--
3813,惊魂电影院,<0.1%,4.42,5,0.2%,33.8%
3814,小猪班纳大电影之梦想大“帽”险,<0.1%,4.06,6,0.1%,32.4%
3815,对风说爱你,<0.1%,2.39,19,<0.1%,84.9%
3816,西游超级粉,<0.1%,1.69,3,0.1%,13.8%
3817,鲁邦三世VS名侦探柯南,<0.1%,1.48,31,<0.1%,--
3818,通道转兵,<0.1%,1.40,60,<0.1%,--
3819,王化买父,<0.1%,1.23,25,<0.1%,64.1%
3820,午夜43路,<0.1%,1.14,7,<0.1%,37.5%
3821,默守那份情,<0.1%,1.12,16,<0.1%,100%
3822,西藏天空,<0.1%,1.12,70,<0.1%,--
3823,西游记之大圣归来,31.0%,3956.43,49,14.6%,65.9%
3824,栀子花开,29.2%,3727.18,24,32.2%,29.1%
3825,小时代4：灵魂尽头,27.1%,3466.16,22,32.9%,26.0%
3826,道士下山,5.8%,747.96,17,7.0%,26.9%
3827,猪猪侠之终极决战,3.0%,391.06,13,5.8%,22.1%
3828,杀破狼2,0.5%,72.67,13,0.9%,31.5%
3829,横冲直撞好莱坞,0.4%,58.81,10,1.0%,30.3%
3830,我是路人甲,0.4%,56.85,13,0.8%,25.5%
3831,当流星划过天际,0.3%,48.58,130,<0.1%,100%
3832,情回鹭岛,0.3%,43.50,121,<0.1%,100%
3833,再次出发之纽约遇见你,0.3%,43.21,24,0.2%,33.5%
3834,亲，别怕,0.2%,28.98,6,1.0%,13.7%
3835,煎饼侠,0.1%,24.78,176,<0.1%,--
3836,张震讲故事之鬼迷心窍,0.1%,22.26,8,0.5%,19.7%
3837,分歧者2：绝地反击,<0.1%,10.50,13,0.1%,32.0%
3838,西藏天空,<0.1%,7.51,146,<0.1%,100%
3839,少女哪吒,<0.1%,5.65,9,0.1%,21.9%
3840,三只小猪与神灯,<0.1%,5.07,9,0.1%,17.1%
3841,罪恶赎金,<0.1%,4.29,3,0.3%,15.1%
3842,惊魂电影院,<0.1%,3.74,5,0.2%,30.4%
3843,汽车人总动员,<0.1%,2.22,2,0.2%,11.0%
3844,旋风九日,<0.1%,1.65,39,<0.1%,100%
3845,默守那份情,<0.1%,1.23,13,<0.1%,100%
3846,我的男友和狗,<0.1%,1.19,24,<0.1%,61.6%
3847,邓小平登黄山,<0.1%,1.05,86,<0.1%,58.5%
3848,李三娘,<0.1%,1.05,33,<0.1%,100%
3849,午夜43路,<0.1%,1.00,5,<0.1%,18.6%
3850,西游记之大圣归来,45.3%,5768.90,51,20.3%,60.1%
3851,栀子花开,22.6%,2885.40,20,30.2%,25.0%
3852,小时代4：灵魂尽头,21.1%,2690.79,19,30.2%,23.4%
3853,道士下山,5.2%,671.70,16,6.7%,25.4%
3854,猪猪侠之终极决战,2.3%,302.69,11,5.4%,18.2%
3855,杀破狼2,0.4%,62.00,12,0.9%,30.3%
3856,当流星划过天际,0.3%,45.11,126,<0.1%,100%
3857,情回鹭岛,0.3%,45.07,124,<0.1%,100%
3858,我是路人甲,0.3%,43.49,11,0.7%,23.8%
3859,横冲直撞好莱坞,0.3%,43.20,8,0.9%,28.7%
3860,再次出发之纽约遇见你,0.3%,41.80,23,0.3%,32.1%
3861,亲，别怕,0.1%,25.39,6,0.9%,13.4%
3862,张震讲故事之鬼迷心窍,0.1%,20.22,8,0.5%,19.3%
3863,煎饼侠,<0.1%,11.95,203,<0.1%,100%
3864,分歧者2：绝地反击,<0.1%,8.96,10,0.1%,31.0%
3865,西藏天空,<0.1%,6.70,144,<0.1%,100%
3866,捉妖记,<0.1%,6.02,124,<0.1%,100%
3867,三只小猪与神灯,<0.1%,4.63,9,0.1%,15.9%
3868,少女哪吒,<0.1%,4.28,7,0.1%,16.1%
3869,罪恶赎金,<0.1%,3.78,3,0.3%,13.7%
3870,惊魂电影院,<0.1%,3.09,4,0.2%,24.9%
3871,小羊肖恩,<0.1%,2.61,83,<0.1%,100%
3872,旋风九日,<0.1%,2.54,42,<0.1%,100%
3873,汽车人总动员,<0.1%,2.10,3,0.2%,12.2%
3874,午夜43路,<0.1%,1.54,7,<0.1%,31.4%
3875,潜艇总动员之时光宝盒,<0.1%,1.22,204,<0.1%,--
3876,王化买父,<0.1%,1.03,26,<0.1%,55.3%
3877,李三娘,<0.1%,1.02,32,<0.1%,100%
3878,西游记之大圣归来,51.7%,6587.90,49,24.1%,53.4%
3879,栀子花开,17.7%,2253.28,17,28.1%,21.3%
3880,小时代4：灵魂尽头,16.9%,2149.45,16,27.8%,20.7%
3881,道士下山,4.5%,576.94,14,6.5%,22.1%
3882,捉妖记,4.2%,537.50,62,1.4%,49.3%
3883,猪猪侠之终极决战,1.9%,253.62,10,5.2%,14.7%
3884,杀破狼2,0.4%,54.27,11,0.8%,24.3%
3885,当流星划过天际,0.3%,44.66,122,<0.1%,100%
3886,横冲直撞好莱坞,0.3%,43.93,9,0.9%,26.6%
3887,情回鹭岛,0.3%,39.81,115,<0.1%,100%
3888,我是路人甲,0.3%,39.19,11,0.7%,21.7%
3889,再次出发之纽约遇见你,0.2%,38.14,20,0.3%,28.7%
3890,亲，别怕,0.1%,20.76,5,0.8%,11.7%
3891,张震讲故事之鬼迷心窍,<0.1%,10.16,5,0.5%,12.2%
3892,煎饼侠,<0.1%,8.83,128,<0.1%,100%
3893,分歧者2：绝地反击,<0.1%,6.28,8,0.1%,23.1%
3894,西藏天空,<0.1%,5.42,141,<0.1%,100%
3895,旋风九日,<0.1%,4.84,54,<0.1%,91.8%
3896,罪恶赎金,<0.1%,3.74,3,0.3%,12.7%
3897,惊魂电影院,<0.1%,3.18,4,0.2%,23.2%
3898,三只小猪与神灯,<0.1%,3.17,6,0.1%,13.0%
3899,少女哪吒,<0.1%,2.62,5,0.1%,9.8%
3900,简单爱,<0.1%,2.40,12,0.1%,100%
3901,少年班,<0.1%,1.92,18,<0.1%,32.6%
3902,情满人间,<0.1%,1.49,250,<0.1%,88.3%
3903,汽车人总动员,<0.1%,1.40,2,0.2%,7.3%
3904,午夜43路,<0.1%,1.34,6,<0.1%,31.6%
3905,对风说爱你,<0.1%,1.11,5,<0.1%,27.9%
3906,李三娘,<0.1%,1.09,29,<0.1%,100%
3907,黄克功案件,<0.1%,1.06,304,<0.1%,--
3908,天河,<0.1%,1.02,510,<0.1%,--
3909,捉妖记,66.0%,16277.49,69,40.6%,71.9%
3910,西游记之大圣归来,19.8%,4898.47,43,20.5%,57.2%
3911,小时代4：灵魂尽头,4.9%,1226.98,18,13.9%,32.7%
3912,栀子花开,4.6%,1142.76,16,15.0%,28.9%
3913,煎饼侠,2.9%,719.51,88,1.6%,80.4%
3914,猪猪侠之终极决战,0.4%,123.22,10,2.5%,15.9%
3915,道士下山,0.4%,100.05,8,1.9%,19.5%
3916,当流星划过天际,0.1%,40.52,121,<0.1%,100%
3917,情回鹭岛,0.1%,39.96,118,<0.1%,100%
3918,再次出发之纽约遇见你,<0.1%,16.27,20,0.1%,29.3%
3919,杀破狼2,<0.1%,13.39,8,0.3%,18.5%
3920,我是路人甲,<0.1%,8.16,7,0.2%,18.2%
3921,亲，别怕,<0.1%,6.87,4,0.3%,8.9%
3922,横冲直撞好莱坞,<0.1%,4.69,4,0.2%,14.2%
3923,西藏天空,<0.1%,4.58,91,<0.1%,100%
3924,旋风九日,<0.1%,3.54,46,<0.1%,100%
3925,三只小猪与神灯,<0.1%,3.14,9,<0.1%,21.7%
3926,张震讲故事之鬼迷心窍,<0.1%,2.62,3,0.2%,7.3%
3927,罪恶赎金,<0.1%,2.53,2,0.3%,12.7%
3928,惊魂电影院,<0.1%,2.50,3,0.2%,20.0%
3929,分歧者2：绝地反击,<0.1%,2.11,7,<0.1%,15.6%
3930,命中注定,<0.1%,2.01,86,<0.1%,80.8%
3931,潜艇总动员之时光宝盒,<0.1%,1.56,195,<0.1%,--
3932,狼图腾,<0.1%,1.53,25,<0.1%,74.6%
3933,少女哪吒,<0.1%,1.50,6,<0.1%,16.1%
3934,王化买父,<0.1%,1.46,50,<0.1%,88.6%
3935,通道转兵,<0.1%,1.02,49,<0.1%,--
3936,捉妖记,41.9%,13541.53,70,32.3%,76.7%
3937,煎饼侠,41.1%,13270.12,73,34.7%,92.3%
3938,西游记之大圣归来,11.3%,3665.64,47,13.5%,69.7%
3939,小羊肖恩,1.9%,613.38,24,5.3%,43.6%
3940,小时代4：灵魂尽头,1.6%,539.75,20,5.1%,49.7%
3941,栀子花开,1.3%,428.01,16,5.2%,39.7%
3942,猪猪侠之终极决战,0.1%,47.61,12,0.7%,21.6%
3943,情回鹭岛,0.1%,40.23,125,<0.1%,100%
3944,当流星划过天际,0.1%,39.69,116,<0.1%,100%
3945,道士下山,<0.1%,23.64,7,0.5%,24.3%
3946,再次出发之纽约遇见你,<0.1%,8.49,27,<0.1%,57.5%
3947,我是路人甲,<0.1%,5.15,17,<0.1%,54.8%
3948,旋风九日,<0.1%,5.14,61,<0.1%,100%
3949,杀破狼2,<0.1%,4.62,9,<0.1%,18.9%
3950,西藏天空,<0.1%,4.00,127,<0.1%,--
3951,亲，别怕,<0.1%,3.60,5,0.1%,11.3%
3952,情满人间,<0.1%,3.43,379,<0.1%,100%
3953,爱情魔发师,<0.1%,2.98,2,0.5%,5.9%
3954,邓小平登黄山,<0.1%,2.85,82,<0.1%,100%
3955,少年班,<0.1%,2.39,27,<0.1%,27.4%
3956,分歧者2：绝地反击,<0.1%,2.39,20,<0.1%,82.2%
3957,寻找声音的耳朵,<0.1%,2.03,129,<0.1%,--
3958,三只小猪与神灯,<0.1%,1.76,13,<0.1%,38.2%
3959,惊魂电影院,<0.1%,1.70,3,0.1%,23.1%
3960,罪恶赎金,<0.1%,1.48,2,0.1%,11.1%
3961,西游超级粉,<0.1%,1.33,4,<0.1%,31.0%
3962,致命对决,<0.1%,1.32,12,<0.1%,100%
3963,狼图腾,<0.1%,1.23,38,<0.1%,100%
3964,通道转兵,<0.1%,1.21,48,<0.1%,--
3965,李三娘,<0.1%,1.20,37,<0.1%,100%
3966,汽车人总动员,<0.1%,1.19,2,0.1%,13.5%
3967,医缘,<0.1%,1.15,203,<0.1%,100%
3968,张震讲故事之鬼迷心窍,<0.1%,1.09,4,<0.1%,10.6%
3969,王化买父,<0.1%,1.06,37,<0.1%,64.7%
3970,潜艇总动员之时光宝盒,<0.1%,1.03,172,<0.1%,--
3971,横冲直撞好莱坞,<0.1%,1.01,5,<0.1%,20.0%
3972,捉妖记,43.5%,18525.28,89,33.1%,100%
3973,煎饼侠,36.0%,15349.34,79,35.6%,100%
3974,西游记之大圣归来,14.6%,6223.72,71,14.6%,100%
3975,小羊肖恩,2.4%,1048.65,39,5.4%,76.0%
3976,小时代4：灵魂尽头,1.2%,548.37,26,3.8%,66.8%
3977,栀子花开,1.1%,482.67,25,3.7%,66.2%
3978,猪猪侠之终极决战,0.3%,149.45,30,0.8%,58.7%
3979,情回鹭岛,<0.1%,39.96,118,<0.1%,100%
3980,当流星划过天际,<0.1%,39.36,115,<0.1%,100%
3981,道士下山,<0.1%,35.47,11,0.4%,25.4%
3982,再次出发之纽约遇见你,<0.1%,11.88,36,<0.1%,72.5%
3983,杀破狼2,<0.1%,8.30,16,<0.1%,30.9%
3984,命中注定,<0.1%,5.70,156,<0.1%,100%
3985,我是路人甲,<0.1%,5.30,22,<0.1%,68.1%
3986,亲，别怕,<0.1%,4.12,7,0.1%,21.5%
3987,西藏天空,<0.1%,3.25,97,<0.1%,--
3988,三只小猪与神灯,<0.1%,3.07,22,<0.1%,78.3%
3989,我亲爱的小淘气,<0.1%,2.61,323,<0.1%,70.7%
3990,爱情魔发师,<0.1%,2.59,2,0.4%,6.8%
3991,分歧者2：绝地反击,<0.1%,2.37,18,<0.1%,54.7%
3992,狼图腾,<0.1%,2.32,56,<0.1%,100%
3993,惊魂电影院,<0.1%,2.27,4,0.1%,29.8%
3994,汽车人总动员,<0.1%,2.25,4,0.1%,24.1%
3995,罪恶赎金,<0.1%,1.78,3,0.1%,14.7%
3996,少女哪吒,<0.1%,1.28,30,<0.1%,100%
3997,西游超级粉,<0.1%,1.26,3,<0.1%,14.3%
3998,通道转兵,<0.1%,1.25,51,<0.1%,--
3999,小猪班纳大电影之梦想大“帽”险,<0.1%,1.16,4,<0.1%,25.8%
4000,张震讲故事之鬼迷心窍,<0.1%,1.15,5,<0.1%,15.0%
4001,王化买父,<0.1%,1.12,42,<0.1%,83.4%
4002,捉妖记,44.8%,18133.31,86,33.9%,96.6%
4003,煎饼侠,34.1%,13819.08,72,35.2%,93.5%
4004,西游记之大圣归来,15.2%,6168.61,67,15.4%,96.3%
4005,小羊肖恩,2.4%,1003.69,38,5.2%,75.7%
4006,小时代4：灵魂尽头,1.1%,449.50,24,3.3%,66.7%
4007,栀子花开,0.9%,389.60,23,3.2%,64.7%
4008,猪猪侠之终极决战,0.3%,152.90,32,0.8%,59.7%
4009,命中注定,0.3%,146.28,94,0.2%,91.7%
4010,放心去飞,<0.1%,38.77,126,<0.1%,--
4011,憨哥进城,<0.1%,38.19,119,<0.1%,--
4012,道士下山,<0.1%,22.13,9,0.3%,27.6%
4013,再次出发之纽约遇见你,<0.1%,13.12,44,<0.1%,85.5%
4014,赛尔号大电影5：雷神崛起,<0.1%,11.76,67,<0.1%,98.3%
4015,杀破狼2,<0.1%,4.76,14,<0.1%,23.6%
4016,我是路人甲,<0.1%,4.52,21,<0.1%,56.1%
4017,三只小猪与神灯,<0.1%,3.39,24,<0.1%,74.8%
4018,亲，别怕,<0.1%,2.85,6,0.1%,15.0%
4019,汽车人总动员,<0.1%,2.76,4,0.1%,25.4%
4020,罪恶赎金,<0.1%,2.57,4,0.1%,23.9%
4021,天河,<0.1%,2.52,630,<0.1%,--
4022,爱情魔发师,<0.1%,2.28,2,0.4%,7.8%
4023,简单爱,<0.1%,2.12,18,<0.1%,100%
4024,狼图腾,<0.1%,1.94,58,<0.1%,100%
4025,保持通话,<0.1%,1.91,87,<0.1%,--
4026,小猪班纳大电影之梦想大“帽”险,<0.1%,1.90,5,<0.1%,32.2%
4027,少年班,<0.1%,1.89,64,<0.1%,51.2%
4028,惊魂电影院,<0.1%,1.78,4,0.1%,33.1%
4029,约定倒计时,<0.1%,1.56,14,<0.1%,80.6%
4030,通道转兵,<0.1%,1.24,59,<0.1%,--
4031,西藏天空,<0.1%,1.21,61,<0.1%,--
4032,王化买父,<0.1%,1.17,35,<0.1%,67.9%
4033,李三娘,<0.1%,1.07,43,<0.1%,100%
4034,西游超级粉,<0.1%,1.01,3,<0.1%,12.2%
4035,捉妖记,46.6%,10902.93,54,34.6%,60.1%
4036,煎饼侠,35.6%,8344.98,47,34.3%,61.5%
4037,西游记之大圣归来,13.1%,3072.97,35,15.7%,51.0%
4038,小羊肖恩,1.5%,372.04,16,5.0%,31.8%
4039,小时代4：灵魂尽头,1.0%,237.61,16,3.0%,61.1%
4040,栀子花开,0.8%,200.94,13,3.2%,33.8%
4041,小时代4：灵魂尽头（含纪录片《最好的我们》）,0.2%,65.86,15,0.8%,42.6%
4042,憨哥进城,0.1%,40.40,121,<0.1%,--
4043,放心去飞,0.1%,39.92,121,<0.1%,--
4044,猪猪侠之终极决战,0.1%,33.06,10,0.6%,18.9%
4045,西藏天空,<0.1%,12.85,230,<0.1%,--
4046,道士下山,<0.1%,12.75,6,0.3%,18.8%
4047,再次出发之纽约遇见你,<0.1%,6.68,22,<0.1%,49.3%
4048,命中注定,<0.1%,5.66,175,<0.1%,100%
4049,奥拉星：进击圣殿,<0.1%,4.18,79,<0.1%,72.3%
4050,三只小猪与神灯,<0.1%,2.57,17,<0.1%,44.2%
4051,爱情魔发师,<0.1%,2.55,2,0.4%,7.0%
4052,杀破狼2,<0.1%,2.34,8,<0.1%,11.5%
4053,亲，别怕,<0.1%,2.26,5,0.1%,13.1%
4054,汽车人总动员,<0.1%,2.09,3,0.1%,25.9%
4055,罪恶赎金,<0.1%,2.08,3,0.1%,18.9%
4056,横冲直撞好莱坞,<0.1%,1.83,21,<0.1%,53.7%
4057,保持通话,<0.1%,1.49,79,<0.1%,--
4058,我是路人甲,<0.1%,1.43,6,<0.1%,15.0%
4059,王化买父,<0.1%,1.30,40,<0.1%,78.4%
4060,狼图腾,<0.1%,1.08,30,<0.1%,100%
4061,旋风九日,<0.1%,1.06,29,<0.1%,100%
4062,捉妖记,47.9%,10186.79,51,34.3%,56.2%
4063,煎饼侠,33.4%,7092.64,43,32.4%,56.3%
4064,西游记之大圣归来,13.4%,2848.94,34,15.5%,48.6%
4065,小羊肖恩,1.4%,300.86,15,4.4%,29.5%
4066,模仿游戏,1.3%,286.38,12,4.8%,19.4%
4067,小时代4：灵魂尽头,0.7%,160.56,14,2.3%,51.0%
4068,栀子花开,0.6%,137.48,12,2.4%,35.7%
4069,小时代4：灵魂尽头（含纪录片《最好的我们》）,0.2%,56.87,13,0.9%,100%
4070,放心去飞,0.1%,40.00,125,<0.1%,100%
4071,憨哥进城,0.1%,40.00,119,<0.1%,100%
4072,猪猪侠之终极决战,0.1%,24.49,10,0.5%,20.8%
4073,道士下山,<0.1%,10.56,6,0.2%,19.9%
4074,再次出发之纽约遇见你,<0.1%,5.45,27,<0.1%,53.6%
4075,命中注定,<0.1%,4.17,58,<0.1%,88.0%
4076,西藏天空,<0.1%,2.74,99,<0.1%,--
4077,杀破狼2,<0.1%,2.54,10,<0.1%,14.1%
4078,亲，别怕,<0.1%,2.44,5,0.1%,14.4%
4079,谜城,<0.1%,2.27,111,<0.1%,100%
4080,旋风九日,<0.1%,2.05,36,<0.1%,100%
4081,罪恶赎金,<0.1%,1.44,3,0.1%,14.8%
4082,三只小猪与神灯,<0.1%,1.41,16,<0.1%,45.4%
4083,我是路人甲,<0.1%,1.37,8,<0.1%,21.4%
4084,爱情魔发师,<0.1%,1.34,1,0.4%,6.5%
4085,天河,<0.1%,1.26,630,<0.1%,--
4086,李三娘,<0.1%,1.21,38,<0.1%,100%
4087,王化买父,<0.1%,1.20,38,<0.1%,81.2%
4088,通灵之六世古宅,<0.1%,1.12,150,<0.1%,--
4089,小猪班纳大电影之梦想大“帽”险,<0.1%,1.06,3,0.1%,19.6%
4090,捉妖记,48.2%,9006.78,45,34.5%,49.4%
4091,煎饼侠,32.4%,6059.22,37,32.2%,48.1%
4092,西游记之大圣归来,13.5%,2518.86,30,15.6%,43.0%
4093,模仿游戏,1.7%,323.23,14,4.5%,22.1%
4094,小羊肖恩,1.4%,266.11,13,4.4%,25.5%
4095,小时代4：灵魂尽头,0.7%,147.07,13,2.3%,32.7%
4096,栀子花开,0.6%,116.49,10,2.4%,30.6%
4097,小时代4：灵魂尽头（含纪录片《最好的我们》）,0.2%,50.68,12,0.8%,100%
4098,憨哥进城,0.2%,40.25,120,<0.1%,100%
4099,放心去飞,0.2%,40.07,121,<0.1%,100%
4100,猪猪侠之终极决战,0.1%,22.28,9,0.5%,19.1%
4101,道士下山,<0.1%,11.30,6,0.3%,22.8%
4102,鲁邦三世VS名侦探柯南,<0.1%,6.75,38,<0.1%,20.3%
4103,命中注定,<0.1%,5.35,77,<0.1%,90.2%
4104,西藏天空,<0.1%,5.26,147,<0.1%,--
4105,王朝的女人·杨贵妃,<0.1%,5.17,130,<0.1%,100%
4106,再次出发之纽约遇见你,<0.1%,4.20,18,<0.1%,38.0%
4107,拳霸风云,<0.1%,2.22,70,<0.1%,100%
4108,亲，别怕,<0.1%,2.07,4,0.1%,11.7%
4109,罪恶赎金,<0.1%,2.05,3,0.1%,17.0%
4110,王化买父,<0.1%,1.48,41,<0.1%,100%
4111,三只小猪与神灯,<0.1%,1.43,14,<0.1%,38.5%
4112,爱情魔发师,<0.1%,1.37,1,0.4%,6.0%
4113,我是路人甲,<0.1%,1.16,7,<0.1%,18.6%
4114,捉妖记,45.0%,7968.39,42,32.6%,45.1%
4115,煎饼侠,29.1%,5160.81,33,29.7%,44.2%
4116,西游记之大圣归来,12.5%,2210.92,31,13.1%,44.0%
4117,赛尔号大电影5：雷神崛起,6.7%,1191.47,29,7.5%,45.9%
4118,奥拉星：进击圣殿,1.7%,306.40,12,4.9%,18.0%
4119,模仿游戏,1.6%,296.54,17,3.2%,29.7%
4120,小羊肖恩,0.8%,153.68,15,2.1%,31.7%
4121,小时代4：灵魂尽头,0.6%,107.61,12,1.7%,33.0%
4122,栀子花开,0.4%,81.69,9,1.8%,30.9%
4123,放心去飞,0.2%,39.48,123,<0.1%,100%
4124,憨哥进城,0.2%,39.42,124,<0.1%,100%
4125,小时代4：灵魂尽头（含纪录片《最好的我们》）,0.2%,37.61,12,0.6%,100%
4126,命中注定,0.1%,23.38,18,0.2%,16.8%
4127,通灵之六世古宅,<0.1%,14.09,28,<0.1%,23.2%
4128,道士下山,<0.1%,11.57,7,0.2%,32.5%
4129,猪猪侠之终极决战,<0.1%,5.61,8,0.1%,23.7%
4130,西藏天空,<0.1%,4.54,109,<0.1%,--
4131,再次出发之纽约遇见你,<0.1%,3.92,18,<0.1%,38.2%
4132,旋风九日,<0.1%,2.55,44,<0.1%,40.7%
4133,邓小平登黄山,<0.1%,1.74,47,<0.1%,74.9%
4134,爱情魔发师,<0.1%,1.61,2,0.3%,7.3%
4135,罪恶赎金,<0.1%,1.59,3,0.2%,12.2%
4136,亲，别怕,<0.1%,1.52,4,<0.1%,9.6%
4137,王化买父,<0.1%,1.42,35,<0.1%,90.4%
4138,三只小猪与神灯,<0.1%,1.25,20,<0.1%,64.1%
4139,李三娘,<0.1%,1.13,39,<0.1%,100%
4140,横冲直撞好莱坞,<0.1%,1.11,17,<0.1%,40.2%
4141,捉妖记,43.2%,7925.23,47,28.1%,49.5%
4142,煎饼侠,25.4%,4663.27,38,23.0%,50.9%
4143,西游记之大圣归来,11.4%,2098.91,36,10.2%,52.8%
4144,命中注定,9.8%,1802.66,21,17.0%,29.4%
4145,赛尔号大电影5：雷神崛起,3.8%,713.47,18,7.4%,28.3%
4146,通灵之六世古宅,2.4%,449.37,18,4.1%,31.6%
4147,模仿游戏,1.1%,208.58,25,1.4%,48.3%
4148,奥拉星：进击圣殿,0.6%,119.36,6,3.7%,9.5%
4149,小羊肖恩,0.6%,110.90,19,1.2%,42.8%
4150,小时代4：灵魂尽头,0.2%,53.79,13,0.7%,46.6%
4151,憨哥进城,0.2%,40.71,119,<0.1%,100%
4152,放心去飞,0.2%,40.68,127,<0.1%,100%
4153,栀子花开,0.1%,27.30,8,0.6%,37.5%
4154,小时代4：灵魂尽头（含纪录片《最好的我们》）,<0.1%,15.69,12,0.2%,100%
4155,王朝的女人·杨贵妃,<0.1%,9.18,152,<0.1%,100%
4156,猪猪侠之终极决战,<0.1%,4.41,11,<0.1%,46.0%
4157,西藏天空,<0.1%,4.08,142,<0.1%,--
4158,邓小平登黄山,<0.1%,3.81,55,<0.1%,88.4%
4159,道士下山,<0.1%,3.74,5,0.1%,29.4%
4160,再次出发之纽约遇见你,<0.1%,3.29,24,<0.1%,88.6%
4161,旋风九日,<0.1%,2.72,36,<0.1%,100%
4162,狼图腾,<0.1%,1.52,35,<0.1%,100%
4163,守梦者,<0.1%,1.25,2,0.2%,2.6%
4164,三只小猪与神灯,<0.1%,1.22,20,<0.1%,81.9%
4165,我是路人甲,<0.1%,1.01,16,<0.1%,100%
4166,捉妖记,45.6%,12059.71,66,29.4%,69.9%
4167,煎饼侠,24.4%,6468.24,49,23.7%,66.8%
4168,西游记之大圣归来,14.4%,3802.86,55,11.8%,79.5%
4169,命中注定,5.8%,1533.85,22,13.1%,33.5%
4170,赛尔号大电影5：雷神崛起,4.4%,1163.35,26,7.9%,40.9%
4171,模仿游戏,1.4%,377.49,39,1.6%,75.3%
4172,小羊肖恩,1.2%,317.31,40,1.5%,89.1%
4173,通灵之六世古宅,1.1%,308.94,14,4.0%,24.8%
4174,奥拉星：进击圣殿,0.5%,143.20,8,3.4%,13.0%
4175,小时代4：灵魂尽头,0.2%,67.75,15,0.8%,54.3%
4176,放心去飞,0.1%,40.00,127,<0.1%,100%
4177,憨哥进城,0.1%,39.92,121,<0.1%,100%
4178,栀子花开,0.1%,36.54,10,0.6%,45.5%
4179,小时代4：灵魂尽头（含纪录片《最好的我们》）,<0.1%,15.82,13,0.2%,100%
4180,猪猪侠之终极决战,<0.1%,7.76,15,0.1%,60.2%
4181,道士下山,<0.1%,4.86,7,0.1%,46.5%
4182,再次出发之纽约遇见你,<0.1%,3.81,31,<0.1%,100%
4183,我是路人甲,<0.1%,2.47,18,<0.1%,100%
4184,通道转兵,<0.1%,1.59,65,<0.1%,--
4185,三只小猪与神灯,<0.1%,1.50,20,<0.1%,83.8%
4186,守梦者,<0.1%,1.39,2,0.1%,4.5%
4187,罪恶赎金,<0.1%,1.05,3,0.1%,24.6%
4188,汽车人总动员,<0.1%,1.05,3,0.1%,19.2%
4189,捉妖记,48.1%,12601.72,68,30.1%,71.8%
4190,煎饼侠,22.8%,5963.97,45,24.1%,61.0%
4191,西游记之大圣归来,14.8%,3888.41,52,13.0%,73.8%
4192,命中注定,4.8%,1259.91,21,11.2%,33.4%
4193,赛尔号大电影5：雷神崛起,4.0%,1056.09,25,7.6%,39.4%
4194,模仿游戏,1.5%,400.22,38,1.8%,69.1%
4195,小羊肖恩,1.3%,353.45,39,1.7%,81.8%
4196,通灵之六世古宅,0.9%,250.48,12,3.8%,21.8%
4197,奥拉星：进击圣殿,0.5%,133.41,9,2.9%,14.8%
4198,小时代4：灵魂尽头,0.2%,67.23,15,0.8%,49.9%
4199,放心去飞,0.1%,40.00,125,<0.1%,100%
4200,憨哥进城,0.1%,39.92,124,<0.1%,100%
4201,栀子花开,0.1%,39.42,10,0.7%,43.9%
4202,小时代4：灵魂尽头（含纪录片《最好的我们》）,<0.1%,15.22,13,0.2%,100%
4203,猪猪侠之终极决战,<0.1%,9.72,18,0.1%,51.1%
4204,巴黎假期,<0.1%,5.98,150,<0.1%,--
4205,道士下山,<0.1%,5.17,7,0.1%,40.7%
4206,谜城,<0.1%,4.36,125,<0.1%,--
4207,三只小猪与神灯,<0.1%,2.01,29,<0.1%,100%
4208,拳霸风云,<0.1%,1.73,55,<0.1%,100%
4209,守梦者,<0.1%,1.73,4,0.1%,8.5%
4210,李三娘,<0.1%,1.24,43,<0.1%,100%
4211,王化买父,<0.1%,1.21,31,<0.1%,85.6%
4212,西藏天空,<0.1%,1.06,133,<0.1%,--
4213,汽车人总动员,<0.1%,1.03,3,0.1%,18.4%
4214,男人制造,<0.1%,1.01,202,<0.1%,100.0%
4215,通道转兵,<0.1%,1.00,48,<0.1%,--
4216,捉妖记,50.9%,6700.80,38,30.6%,40.3%
4217,煎饼侠,22.7%,2995.02,24,24.4%,32.2%
4218,西游记之大圣归来,12.9%,1702.11,24,13.3%,34.4%
4219,命中注定,4.6%,609.58,12,10.1%,19.3%
4220,赛尔号大电影5：雷神崛起,2.5%,329.63,9,6.8%,14.7%
4221,模仿游戏,1.9%,252.81,23,2.1%,38.7%
4222,通灵之六世古宅,1.3%,171.75,9,3.7%,16.5%
4223,小羊肖恩,0.7%,104.78,13,1.7%,27.0%
4224,小时代4：灵魂尽头,0.3%,42.56,10,0.8%,33.8%
4225,奥拉星：进击圣殿,0.3%,42.12,4,2.2%,7.0%
4226,憨哥进城,0.3%,40.49,124,<0.1%,100%
4227,放心去飞,0.3%,40.00,122,<0.1%,100%
4228,危机行动,0.1%,24.44,3,1.7%,6.5%
4229,栀子花开,0.1%,21.41,6,0.7%,27.2%
4230,道士下山,0.1%,14.31,16,0.1%,89.9%
4231,小时代4：灵魂尽头（含纪录片《最好的我们》）,<0.1%,10.02,10,0.2%,32.1%
4232,巴黎假期,<0.1%,5.67,171,<0.1%,100%
4233,西藏天空,<0.1%,4.52,163,<0.1%,--
4234,谜城,<0.1%,2.39,204,<0.1%,100%
4235,猪猪侠之终极决战,<0.1%,2.25,5,0.1%,14.8%
4236,守梦者,<0.1%,1.76,4,0.1%,14.2%
4237,我是路人甲,<0.1%,1.34,35,<0.1%,89.3%
4238,西游超级粉,<0.1%,1.06,8,<0.1%,100%
4239,捉妖记,51.2%,6422.28,36,31.1%,38.4%
4240,煎饼侠,22.4%,2809.81,23,24.3%,30.8%
4241,西游记之大圣归来,13.2%,1665.23,23,14.0%,32.5%
4242,命中注定,4.4%,558.20,12,9.3%,20.3%
4243,赛尔号大电影5：雷神崛起,2.2%,280.84,9,6.3%,13.7%
4244,模仿游戏,2.1%,271.92,22,2.3%,37.4%
4245,通灵之六世古宅,1.2%,160.77,9,3.6%,16.7%
4246,小羊肖恩,0.8%,101.57,12,1.7%,24.8%
4247,小时代4：灵魂尽头,0.3%,41.60,10,0.8%,30.1%
4248,放心去飞,0.3%,39.59,123,<0.1%,100%
4249,憨哥进城,0.3%,39.15,120,<0.1%,100%
4250,奥拉星：进击圣殿,0.2%,32.24,4,1.8%,6.6%
4251,道士下山,0.1%,21.48,18,0.1%,90.0%
4252,栀子花开,0.1%,20.36,6,0.7%,24.9%
4253,危机行动,0.1%,18.69,3,1.4%,6.2%
4254,小时代4：灵魂尽头（含纪录片《最好的我们》）,<0.1%,9.48,10,0.2%,32.8%
4255,我是路人甲,<0.1%,6.08,61,<0.1%,92.9%
4256,等爱归来,<0.1%,3.47,2,0.7%,3.6%
4257,西藏天空,<0.1%,2.92,122,<0.1%,--
4258,巴黎假期,<0.1%,2.61,104,<0.1%,71.3%
4259,邓小平登黄山,<0.1%,2.42,61,<0.1%,96.3%
4260,猪猪侠之终极决战,<0.1%,2.34,5,0.1%,13.6%
4261,破风,<0.1%,1.62,121,<0.1%,--
4262,守梦者,<0.1%,1.49,5,<0.1%,15.2%
4263,西游超级粉,<0.1%,1.48,12,<0.1%,100%
4264,旋风九日,<0.1%,1.41,26,<0.1%,66.2%
4265,捉妖记,49.9%,5525.74,31,31.1%,33.4%
4266,煎饼侠,21.9%,2435.29,20,24.2%,27.2%
4267,西游记之大圣归来,13.5%,1501.39,20,14.1%,29.4%
4268,命中注定,4.4%,489.44,11,9.0%,18.4%
4269,模仿游戏,2.4%,274.70,21,2.5%,34.5%
4270,赛尔号大电影5：雷神崛起,2.1%,235.44,8,6.0%,12.2%
4271,通灵之六世古宅,1.2%,137.39,8,3.5%,15.2%
4272,谜城,0.8%,99.00,42,0.4%,37.7%
4273,小羊肖恩,0.8%,92.58,11,1.8%,22.6%
4274,王朝的女人·杨贵妃,0.5%,65.06,20,0.6%,18.4%
4275,小时代4：灵魂尽头,0.3%,37.10,9,0.8%,26.8%
4276,奥拉星：进击圣殿,0.2%,26.75,4,1.7%,6.0%
4277,憨哥进城,0.2%,25.62,121,<0.1%,100%
4278,放心去飞,0.2%,25.60,127,<0.1%,100%
4279,栀子花开,0.1%,18.36,6,0.7%,22.8%
4280,道士下山,0.1%,13.68,16,0.1%,81.9%
4281,危机行动,0.1%,12.93,3,1.2%,5.5%
4282,小时代4：灵魂尽头（含纪录片《最好的我们》）,<0.1%,7.85,8,0.1%,28.9%
4283,旋风九日,<0.1%,4.88,92,<0.1%,100%
4284,巴黎假期,<0.1%,4.44,186,<0.1%,92.0%
4285,我是路人甲,<0.1%,3.17,44,<0.1%,100%
4286,等爱归来,<0.1%,2.68,1,0.6%,3.0%
4287,西藏天空,<0.1%,2.63,110,<0.1%,--
4288,猪猪侠之终极决战,<0.1%,2.33,5,0.1%,17.1%
4289,邓小平登黄山,<0.1%,2.31,59,<0.1%,100%
4290,守梦者,<0.1%,1.99,7,<0.1%,17.4%
4291,王化买父,<0.1%,1.17,88,<0.1%,--
4292,医缘,<0.1%,1.00,167,<0.1%,76.3%
4293,捉妖记,31.5%,4281.63,38,19.6%,45.7%
4294,谜城,21.9%,2978.14,30,20.8%,38.1%
4295,王朝的女人·杨贵妃,20.9%,2844.07,24,24.7%,27.8%
4296,煎饼侠,10.1%,1374.28,24,10.9%,43.8%
4297,西游记之大圣归来,7.0%,958.17,21,8.6%,33.7%
4298,太平轮·彼岸,4.6%,628.15,17,6.6%,25.2%
4299,模仿游戏,0.8%,111.70,26,0.7%,54.5%
4300,赛尔号大电影5：雷神崛起,0.7%,100.43,10,2.0%,18.3%
4301,命中注定,0.5%,68.07,10,1.2%,21.2%
4302,小羊肖恩,0.4%,54.36,14,0.8%,29.3%
4303,通灵之六世古宅,0.2%,32.87,6,1.1%,18.1%
4304,放心去飞,0.1%,24.97,125,<0.1%,100%
4305,憨哥进城,0.1%,24.86,126,<0.1%,100%
4306,迷城,0.1%,21.70,21,0.2%,--
4307,道士下山,<0.1%,10.45,33,<0.1%,100%
4308,小时代4：灵魂尽头,<0.1%,7.94,8,0.1%,29.2%
4309,奥拉星：进击圣殿,<0.1%,7.71,5,0.3%,10.7%
4310,巴黎假期,<0.1%,4.75,15,<0.1%,23.5%
4311,栀子花开,<0.1%,3.78,4,0.1%,25.4%
4312,旋风九日,<0.1%,2.82,72,<0.1%,100%
4313,滚蛋吧！肿瘤君,<0.1%,2.34,209,<0.1%,--
4314,邓小平登黄山,<0.1%,2.09,38,<0.1%,--
4315,危机行动,<0.1%,1.99,2,0.3%,11.6%
4316,王化买父,<0.1%,1.60,68,<0.1%,94.8%
4317,医缘,<0.1%,1.40,234,<0.1%,85.8%
4318,西藏天空,<0.1%,1.35,74,<0.1%,88.0%
4319,猪猪侠之终极决战,<0.1%,1.12,6,<0.1%,19.1%
4320,小时代4：灵魂尽头（含纪录片《最好的我们》）,<0.1%,1.10,7,<0.1%,23.2%
4321,捉妖记,36.7%,4666.59,44,17.8%,51.4%
4322,王朝的女人·杨贵妃,17.0%,2171.43,21,20.5%,24.6%
4323,谜城,14.3%,1821.76,24,15.7%,28.3%
4324,煎饼侠,9.7%,1237.44,30,7.7%,56.5%
4325,西游记之大圣归来,7.6%,972.64,27,6.6%,43.4%
4326,太平轮·彼岸,6.0%,771.12,11,12.4%,15.2%
4327,巴黎假期,2.9%,371.00,8,9.5%,11.5%
4328,美人鱼之海盗来袭,1.8%,228.80,17,3.0%,32.2%
4329,模仿游戏,0.7%,97.11,39,0.4%,66.4%
4330,恐怖游泳馆,0.5%,65.04,9,1.7%,18.5%
4331,破风,0.4%,60.94,58,0.1%,92.2%
4332,赛尔号大电影5：雷神崛起,0.4%,58.78,11,0.9%,22.7%
4333,命中注定,0.2%,33.24,14,0.4%,35.1%
4334,小羊肖恩,0.2%,32.38,17,0.4%,33.7%
4335,通灵之六世古宅,0.1%,12.89,5,0.5%,19.5%
4336,道士下山,0.1%,12.88,46,<0.1%,100%
4337,放心去飞,<0.1%,11.61,87,<0.1%,100%
4338,憨哥进城,<0.1%,11.61,88,<0.1%,100%
4339,迷城,<0.1%,9.70,14,0.1%,--
4340,邓小平登黄山,<0.1%,8.68,87,<0.1%,100%
4341,男人制造,<0.1%,6.77,6,0.2%,14.4%
4342,小时代4：灵魂尽头,<0.1%,5.19,9,0.1%,25.3%
4343,奥拉星：进击圣殿,<0.1%,4.73,7,0.1%,24.1%
4344,我是路人甲,<0.1%,2.56,75,<0.1%,93.8%
4345,栀子花开,<0.1%,1.75,6,<0.1%,33.3%
4346,旋风九日,<0.1%,1.50,36,<0.1%,46.7%
4347,王化买父,<0.1%,1.38,69,<0.1%,96.0%
4348,滚蛋吧！肿瘤君,<0.1%,1.27,127,<0.1%,--
4349,危机行动,<0.1%,1.15,2,0.1%,14.8%
4350,狼图腾,<0.1%,1.14,36,<0.1%,100%
4351,等爱归来,<0.1%,1.06,2,0.1%,13.6%
4352,捉妖记,40.6%,7718.41,60,20.7%,64.6%
4353,王朝的女人·杨贵妃,11.8%,2258.76,24,18.1%,29.0%
4354,谜城,11.2%,2135.26,29,14.3%,35.5%
4355,煎饼侠,11.1%,2115.38,43,9.0%,72.5%
4356,西游记之大圣归来,10.5%,2003.60,44,8.0%,65.4%
4357,太平轮·彼岸,4.8%,925.00,16,9.7%,23.2%
4358,美人鱼之海盗来袭,2.2%,432.30,24,3.7%,46.8%
4359,巴黎假期,2.1%,400.91,11,7.1%,17.1%
4360,黑猫警长之翡翠之星,1.7%,324.98,23,2.7%,37.1%
4361,模仿游戏,1.0%,200.57,56,0.5%,92.9%
4362,赛尔号大电影5：雷神崛起,0.7%,143.43,22,1.1%,43.0%
4363,小羊肖恩,0.5%,100.34,35,0.5%,66.4%
4364,恐怖游泳馆,0.3%,64.97,9,1.7%,20.1%
4365,命中注定,0.2%,56.62,26,0.3%,54.3%
4366,民工 老大 老板,0.1%,22.12,129,<0.1%,100%
4367,虹飞千岛,<0.1%,17.23,128,<0.1%,--
4368,通灵之六世古宅,<0.1%,15.43,6,0.4%,25.1%
4369,道士下山,<0.1%,10.72,44,<0.1%,100%
4370,迷城,<0.1%,9.01,23,<0.1%,--
4371,小时代4：灵魂尽头,<0.1%,6.42,10,0.1%,36.9%
4372,男人制造,<0.1%,4.85,6,0.1%,14.5%
4373,奥拉星：进击圣殿,<0.1%,4.48,6,0.1%,21.3%
4374,滚蛋吧！肿瘤君,<0.1%,3.39,99,<0.1%,81.5%
4375,猪猪侠之终极决战,<0.1%,2.44,11,<0.1%,31.5%
4376,栀子花开,<0.1%,1.52,5,<0.1%,32.4%
4377,危机行动,<0.1%,1.51,3,0.1%,24.2%
4378,京城81号,<0.1%,1.34,298,<0.1%,--
4379,被偷走的那五年,<0.1%,1.34,298,<0.1%,--
4380,李三娘,<0.1%,1.27,53,<0.1%,100%
4381,捉妖记,40.0%,7304.44,54,22.2%,56.6%
4382,煎饼侠,11.8%,2166.52,38,10.2%,62.4%
4383,西游记之大圣归来,11.6%,2121.46,42,9.0%,60.5%
4384,王朝的女人·杨贵妃,10.4%,1910.95,23,16.4%,28.6%
4385,谜城,9.8%,1794.37,27,13.1%,33.7%
4386,太平轮·彼岸,4.3%,795.56,15,8.6%,22.8%
4387,美人鱼之海盗来袭,2.2%,417.69,23,3.9%,43.1%
4388,巴黎假期,1.8%,344.67,11,5.9%,18.4%
4389,黑猫警长之翡翠之星,1.7%,314.17,24,2.6%,39.5%
4390,模仿游戏,1.1%,212.89,52,0.6%,79.7%
4391,破风,1.1%,207.26,51,0.6%,45.7%
4392,桂宝之爆笑闯宇宙,0.9%,167.45,51,0.5%,59.2%
4393,赛尔号大电影5：雷神崛起,0.8%,151.33,23,1.2%,44.9%
4394,小羊肖恩,0.6%,111.54,34,0.6%,64.2%
4395,恐怖游泳馆,0.2%,54.52,8,1.7%,17.9%
4396,命中注定,0.2%,48.21,21,0.4%,43.1%
4397,民工 老大 老板,0.1%,22.60,123,<0.1%,100%
4398,虹飞千岛,<0.1%,18.09,130,<0.1%,--
4399,通灵之六世古宅,<0.1%,15.72,6,0.4%,23.2%
4400,迷城,<0.1%,6.68,18,<0.1%,--
4401,小时代4：灵魂尽头,<0.1%,5.79,9,0.1%,27.9%
4402,奥拉星：进击圣殿,<0.1%,5.63,9,0.1%,28.6%
4403,男人制造,<0.1%,2.88,4,0.1%,9.7%
4404,我是路人甲,<0.1%,2.65,68,<0.1%,100%
4405,猪猪侠之终极决战,<0.1%,2.31,13,<0.1%,39.2%
4406,栀子花开,<0.1%,1.63,5,<0.1%,24.8%
4407,京城81号,<0.1%,1.34,298,<0.1%,--
4408,冰雪女王,<0.1%,1.30,109,<0.1%,100.0%
4409,危机行动,<0.1%,1.28,2,0.1%,15.3%
4410,被偷走的那五年,<0.1%,1.14,255,<0.1%,--
4411,王化买父,<0.1%,1.09,50,<0.1%,--
4412,李三娘,<0.1%,1.08,43,<0.1%,--
4413,捉妖记,39.1%,3484.81,27,23.1%,28.3%
4414,煎饼侠,13.9%,1239.79,21,11.4%,33.9%
4415,谜城,12.3%,1097.29,17,13.4%,21.5%
4416,西游记之大圣归来,10.8%,965.35,20,9.4%,29.3%
4417,王朝的女人·杨贵妃,10.3%,921.53,12,15.7%,16.3%
4418,太平轮·彼岸,4.5%,401.52,9,8.0%,13.8%
4419,巴黎假期,2.0%,180.25,7,5.2%,12.7%
4420,美人鱼之海盗来袭,1.7%,152.39,11,3.1%,20.0%
4421,模仿游戏,1.3%,118.50,27,0.8%,38.4%
4422,冰雪女王,1.1%,104.32,6,3.8%,10.1%
4423,恐怖游泳馆,0.5%,46.81,6,1.8%,16.1%
4424,赛尔号大电影5：雷神崛起,0.4%,43.42,10,0.8%,18.1%
4425,小羊肖恩,0.3%,34.72,14,0.5%,25.1%
4426,虹飞千岛,0.3%,27.54,135,<0.1%,100%
4427,民工 老大 老板,0.2%,22.50,125,<0.1%,100%
4428,命中注定,0.2%,21.01,8,0.5%,15.5%
4429,通灵之六世古宅,0.1%,12.37,5,0.5%,19.2%
4430,小时代4：灵魂尽头,<0.1%,4.34,8,0.1%,23.5%
4431,迷城,<0.1%,4.14,13,<0.1%,--
4432,爱之初体验,<0.1%,3.44,108,<0.1%,100%
4433,栀子花开,<0.1%,1.94,7,<0.1%,29.2%
4434,奥拉星：进击圣殿,<0.1%,1.73,5,<0.1%,20.4%
4435,道士下山,<0.1%,1.48,12,<0.1%,100%
4436,我爸比我小四岁,<0.1%,1.40,201,<0.1%,--
4437,男人制造,<0.1%,1.40,3,0.1%,6.1%
4438,战狼,<0.1%,1.34,298,<0.1%,--
4439,甜蜜蜜,<0.1%,1.34,298,<0.1%,--
4440,可爱的你,<0.1%,1.14,255,<0.1%,--
4441,李三娘,<0.1%,1.06,51,<0.1%,--
4442,捉妖记,39.6%,3499.94,27,23.5%,27.2%
4443,煎饼侠,14.8%,1305.44,22,12.0%,33.2%
4444,西游记之大圣归来,11.4%,1013.56,20,9.7%,29.3%
4445,谜城,10.4%,919.64,15,12.7%,19.6%
4446,王朝的女人·杨贵妃,9.0%,801.66,12,14.2%,16.1%
4447,太平轮·彼岸,4.3%,381.18,10,7.0%,14.9%
4448,巴黎假期,1.7%,157.54,8,4.2%,13.8%
4449,美人鱼之海盗来袭,1.5%,139.94,11,2.9%,19.3%
4450,模仿游戏,1.5%,134.39,28,0.9%,38.6%
4451,轩辕剑传奇,1.4%,129.27,7,3.6%,13.7%
4452,冰雪女王,1.0%,91.61,6,3.5%,10.0%
4453,恐怖游泳馆,0.4%,43.82,6,1.7%,16.0%
4454,赛尔号大电影5：雷神崛起,0.4%,42.60,10,0.8%,17.7%
4455,小羊肖恩,0.3%,34.82,14,0.5%,25.9%
4456,虹飞千岛,0.2%,23.99,132,<0.1%,100%
4457,命中注定,0.2%,23.04,9,0.4%,17.3%
4458,民工 老大 老板,0.2%,22.29,121,<0.1%,100%
4459,通灵之六世古宅,0.1%,11.27,5,0.5%,17.3%
4460,新步步惊心,<0.1%,7.02,137,<0.1%,100%
4461,小时代4：灵魂尽头,<0.1%,4.27,8,0.1%,24.5%
4462,迷城,<0.1%,3.80,12,<0.1%,--
4463,爱之初体验,<0.1%,3.67,243,<0.1%,66.6%
4464,一路向前,<0.1%,1.79,43,<0.1%,38.0%
4465,黑瞳,<0.1%,1.75,9,<0.1%,16.4%
4466,奥拉星：进击圣殿,<0.1%,1.68,8,<0.1%,27.6%
4467,战狼,<0.1%,1.34,298,<0.1%,--
4468,医缘,<0.1%,1.30,325,<0.1%,--
4469,邓小平登黄山,<0.1%,1.24,62,<0.1%,--
4470,滚蛋吧！肿瘤君,<0.1%,1.23,115,<0.1%,100%
4471,王化买父,<0.1%,1.15,37,<0.1%,--
4472,李三娘,<0.1%,1.14,59,<0.1%,--
4473,破风,<0.1%,1.10,56,<0.1%,100%
4474,道士下山,<0.1%,1.09,30,<0.1%,100%
4475,旋风九日,<0.1%,1.08,50,<0.1%,91.0%
4476,甜蜜蜜,<0.1%,1.08,240,<0.1%,--
4477,可爱的你,<0.1%,1.07,239,<0.1%,--
4478,栀子花开,<0.1%,1.07,5,<0.1%,12.2%
4479,捉妖记,38.5%,3045.50,23,23.8%,23.2%
4480,煎饼侠,15.3%,1210.08,19,12.4%,28.8%
4481,西游记之大圣归来,12.2%,971.20,19,10.1%,26.8%
4482,谜城,10.6%,839.82,14,12.7%,17.7%
4483,王朝的女人·杨贵妃,8.8%,699.19,11,13.8%,14.5%
4484,太平轮·彼岸,4.1%,330.37,9,6.8%,13.4%
4485,巴黎假期,1.8%,146.70,7,4.1%,12.8%
4486,模仿游戏,1.6%,131.93,25,0.9%,34.9%
4487,美人鱼之海盗来袭,1.5%,123.65,10,2.9%,16.7%
4488,冰雪女王,0.9%,74.93,5,3.3%,8.8%
4489,轩辕剑传奇,0.7%,55.42,4,3.1%,6.8%
4490,民工 老大 老板,0.5%,42.10,131,<0.1%,100%
4491,虹飞千岛,0.5%,40.58,138,<0.1%,100%
4492,恐怖游泳馆,0.5%,40.37,6,1.8%,13.8%
4493,赛尔号大电影5：雷神崛起,0.4%,37.17,8,0.8%,14.7%
4494,小羊肖恩,0.3%,30.14,12,0.5%,21.4%
4495,命中注定,0.2%,22.09,9,0.4%,15.8%
4496,滚蛋吧！肿瘤君,0.2%,16.04,130,<0.1%,100%
4497,通灵之六世古宅,0.1%,10.69,5,0.4%,16.9%
4498,小时代4：灵魂尽头,<0.1%,3.63,6,0.1%,20.1%
4499,邓小平登黄山,<0.1%,3.20,73,<0.1%,100%
4500,迷城,<0.1%,3.12,11,<0.1%,--
4501,一路向前,<0.1%,3.10,23,<0.1%,59.2%
4502,旋风九日,<0.1%,3.02,117,<0.1%,100%
4503,黑瞳,<0.1%,2.66,11,<0.1%,14.4%
4504,守梦者,<0.1%,2.60,52,<0.1%,100%
4505,奥拉星：进击圣殿,<0.1%,1.64,6,<0.1%,22.6%
4506,新步步惊心,<0.1%,1.49,65,<0.1%,58.9%
4507,李三娘,<0.1%,1.37,58,<0.1%,--
4508,破风,<0.1%,1.25,26,<0.1%,35.0%
4509,栀子花开,<0.1%,1.22,4,<0.1%,10.5%
4510,战狼,<0.1%,1.14,255,<0.1%,--
4511,可爱的你,<0.1%,1.08,240,<0.1%,--
4512,甜蜜蜜,<0.1%,1.07,239,<0.1%,--
4513,危机行动,<0.1%,1.04,2,0.1%,9.2%
4514,捉妖记,32.7%,2718.92,23,21.5%,23.7%
4515,桂宝之爆笑闯宇宙,12.0%,1002.81,18,10.7%,25.6%
4516,煎饼侠,11.9%,988.86,19,10.2%,29.2%
4517,破风,10.8%,897.99,18,9.9%,19.3%
4518,西游记之大圣归来,9.3%,774.82,19,7.9%,26.9%
4519,谜城,7.0%,588.29,13,9.1%,18.0%
4520,王朝的女人·杨贵妃,5.4%,449.45,10,9.1%,15.1%
4521,一路向前,2.3%,196.90,7,6.9%,10.2%
4522,太平轮·彼岸,2.3%,192.04,9,3.8%,14.3%
4523,模仿游戏,1.2%,106.74,27,0.7%,35.1%
4524,巴黎假期,0.6%,55.56,7,1.6%,13.0%
4525,美人鱼之海盗来袭,0.6%,53.88,9,1.3%,16.1%
4526,民工 老大 老板,0.5%,46.51,135,<0.1%,100%
4527,虹飞千岛,0.5%,45.26,133,<0.1%,100%
4528,红髅,0.3%,29.54,7,0.9%,12.6%
4529,冰雪女王,0.3%,26.77,5,1.1%,9.1%
4530,轩辕剑传奇,0.2%,21.63,4,1.0%,10.9%
4531,恐怖游泳馆,0.2%,18.56,5,1.0%,17.8%
4532,小羊肖恩,0.1%,16.03,11,0.3%,19.7%
4533,赛尔号大电影5：雷神崛起,0.1%,15.72,8,0.3%,14.2%
4534,命中注定,0.1%,11.52,9,0.2%,16.0%
4535,黑瞳,0.1%,8.83,30,<0.1%,45.1%
4536,通灵之六世古宅,<0.1%,6.15,4,0.3%,15.7%
4537,邓小平登黄山,<0.1%,5.15,53,<0.1%,100%
4538,新步步惊心,<0.1%,3.55,12,<0.1%,16.3%
4539,小时代4：灵魂尽头,<0.1%,2.74,7,<0.1%,21.4%
4540,迷城,<0.1%,2.54,10,<0.1%,--
4541,旋风九日,<0.1%,1.63,60,<0.1%,100%
4542,猪猪侠之终极决战,<0.1%,1.60,15,<0.1%,37.6%
4543,奥拉星：进击圣殿,<0.1%,1.54,12,<0.1%,97.9%
4544,京城81号,<0.1%,1.34,298,<0.1%,--
4545,滚蛋吧！肿瘤君,<0.1%,1.18,80,<0.1%,100%
4546,被偷走的那五年,<0.1%,1.08,240,<0.1%,--
4547,李三娘,<0.1%,1.02,59,<0.1%,--
4548,狼图腾,<0.1%,1.00,12,<0.1%,31.4%
4549,捉妖记,28.4%,2723.36,28,16.5%,31.2%
4550,破风,17.9%,1722.95,16,21.2%,15.3%
4551,黑猫警长之翡翠之星,9.4%,907.42,18,10.4%,29.2%
4552,新步步惊心,8.3%,800.13,14,11.3%,20.3%
4553,煎饼侠,8.3%,795.62,24,6.1%,41.6%
4554,西游记之大圣归来,7.2%,692.81,25,5.0%,39.6%
4555,桂宝之爆笑闯宇宙,6.7%,646.20,15,8.1%,23.5%
4556,谜城,3.7%,358.78,18,3.7%,28.2%
4557,王朝的女人·杨贵妃,2.2%,212.48,12,3.3%,23.5%
4558,模仿游戏,1.0%,100.75,39,0.4%,53.1%
4559,太平轮·彼岸,1.0%,97.21,13,1.2%,26.3%
4560,一路向前,0.8%,86.08,7,2.9%,11.8%
4561,爱之初体验,0.7%,72.00,7,2.0%,14.1%
4562,我爸比我小四岁,0.6%,59.61,8,1.3%,15.0%
4563,红髅,0.5%,48.35,9,1.2%,17.5%
4564,民工 老大 老板,0.4%,47.18,136,<0.1%,100%
4565,虹飞千岛,0.4%,45.85,133,<0.1%,100%
4566,黑瞳,0.2%,22.35,48,<0.1%,59.7%
4567,巴黎假期,0.1%,17.45,10,0.3%,28.0%
4568,美人鱼之海盗来袭,0.1%,15.71,10,0.3%,23.5%
4569,轩辕剑传奇,0.1%,11.85,8,0.3%,17.7%
4570,冰雪女王,<0.1%,9.52,6,0.3%,14.7%
4571,小羊肖恩,<0.1%,9.35,14,0.1%,29.6%
4572,邓小平登黄山,<0.1%,9.27,86,<0.1%,100%
4573,恐怖游泳馆,<0.1%,9.11,5,0.4%,21.6%
4574,情剑,<0.1%,7.77,2,0.8%,4.4%
4575,时间都去哪了,<0.1%,5.18,2,0.6%,5.8%
4576,命中注定,<0.1%,4.65,11,<0.1%,20.8%
4577,赛尔号大电影5：雷神崛起,<0.1%,4.27,7,0.1%,16.0%
4578,通灵之六世古宅,<0.1%,3.74,4,0.1%,16.6%
4579,情满人间,<0.1%,3.50,285,<0.1%,--
4580,李三娘,<0.1%,2.95,54,<0.1%,--
4581,王化买父,<0.1%,2.81,56,<0.1%,--
4582,滚蛋吧！肿瘤君,<0.1%,2.12,87,<0.1%,100%
4583,奥拉星：进击圣殿,<0.1%,1.36,23,<0.1%,100%
4584,被偷走的那五年,<0.1%,1.34,298,<0.1%,--
4585,猪猪侠之终极决战,<0.1%,1.31,16,<0.1%,49.1%
4586,旋风九日,<0.1%,1.25,51,<0.1%,100%
4587,迷城,<0.1%,1.23,13,<0.1%,--
4588,小西天狄道传奇,<0.1%,1.19,3,0.1%,11.9%
4589,战狼,<0.1%,1.08,240,<0.1%,--
4590,捉妖记,30.0%,4398.68,41,17.4%,46.3%
4591,破风,14.7%,2154.90,21,19.1%,22.1%
4592,西游记之大圣归来,8.7%,1284.54,39,5.9%,58.2%
4593,滚蛋吧！肿瘤君,8.3%,1214.88,45,4.8%,58.6%
4594,煎饼侠,8.0%,1183.90,33,6.5%,57.2%
4595,黑猫警长之翡翠之星,8.0%,1176.64,22,10.4%,35.8%
4596,桂宝之爆笑闯宇宙,6.7%,988.58,22,8.3%,34.5%
4597,新步步惊心,4.6%,674.49,13,9.6%,20.9%
4598,谜城,2.8%,413.73,23,3.4%,39.1%
4599,王朝的女人·杨贵妃,1.6%,241.63,16,2.7%,34.2%
4600,模仿游戏,1.2%,175.67,53,0.5%,71.8%
4601,太平轮·彼岸,0.8%,119.97,19,0.9%,40.6%
4602,爱之初体验,0.5%,85.56,10,1.4%,21.6%
4603,我爸比我小四岁,0.5%,81.60,13,1.1%,24.2%
4604,一路向前,0.4%,67.63,7,2.1%,14.4%
4605,红髅,0.3%,52.41,10,1.1%,19.7%
4606,民工 老大 老板,0.3%,45.18,136,<0.1%,100%
4607,虹飞千岛,0.3%,44.40,141,<0.1%,100%
4608,美人鱼之海盗来袭,0.2%,39.92,19,0.4%,39.0%
4609,小羊肖恩,0.1%,25.67,28,0.1%,47.7%
4610,轩辕剑传奇,0.1%,24.58,18,0.2%,49.5%
4611,冰雪女王,0.1%,23.49,11,0.3%,26.9%
4612,巴黎假期,0.1%,19.51,12,0.2%,36.1%
4613,赛尔号大电影5：雷神崛起,<0.1%,12.43,14,0.1%,30.0%
4614,恐怖游泳馆,<0.1%,10.83,5,0.5%,21.6%
4615,命中注定,<0.1%,8.81,21,<0.1%,31.9%
4616,白雪公主之神秘爸爸,<0.1%,6.46,33,<0.1%,58.8%
4617,情剑,<0.1%,4.61,2,0.4%,5.8%
4618,通灵之六世古宅,<0.1%,4.58,5,0.1%,24.6%
4619,王化买父,<0.1%,4.42,66,<0.1%,--
4620,李米的猜想,<0.1%,4.05,82,<0.1%,--
4621,李三娘,<0.1%,3.99,54,<0.1%,--
4622,时间都去哪了,<0.1%,3.40,2,0.4%,9.2%
4623,可爱的你,<0.1%,2.38,298,<0.1%,--
4624,被偷走的那五年,<0.1%,2.04,255,<0.1%,--
4625,甜蜜蜜,<0.1%,2.04,255,<0.1%,--
4626,京城81号,<0.1%,1.92,240,<0.1%,--
4627,猪猪侠之终极决战,<0.1%,1.63,26,<0.1%,60.6%
4628,小时代4：灵魂尽头,<0.1%,1.41,8,<0.1%,35.1%
4629,小西天狄道传奇,<0.1%,1.28,5,<0.1%,60.6%
4630,捉妖记,33.0%,4720.75,41,19.0%,45.4%
4631,破风,15.7%,2243.85,22,19.1%,24.3%
4632,西游记之大圣归来,10.4%,1495.26,39,6.9%,57.6%
4633,煎饼侠,9.2%,1321.62,31,7.8%,53.5%
4634,黑猫警长之翡翠之星,8.0%,1146.81,22,10.3%,37.0%
4635,桂宝之爆笑闯宇宙,7.0%,1011.99,22,8.3%,38.0%
4636,新步步惊心,4.5%,653.51,13,9.4%,21.9%
4637,谜城,3.4%,492.00,24,3.9%,40.9%
4638,王朝的女人·杨贵妃,1.6%,240.87,15,3.0%,30.3%
4639,模仿游戏,1.4%,202.76,50,0.6%,62.1%
4640,太平轮·彼岸,0.8%,122.91,17,1.1%,36.6%
4641,爱之初体验,0.7%,101.35,13,1.4%,27.3%
4642,我爸比我小四岁,0.5%,76.66,12,1.1%,23.9%
4643,一路向前,0.4%,70.81,7,2.2%,17.2%
4644,红髅,0.3%,47.80,9,1.1%,17.6%
4645,民工 老大 老板,0.3%,45.58,142,<0.1%,100%
4646,虹飞千岛,0.3%,44.05,139,<0.1%,100%
4647,美人鱼之海盗来袭,0.3%,43.57,19,0.4%,41.7%
4648,小羊肖恩,0.1%,27.84,27,0.2%,50.7%
4649,冰雪女王,0.1%,23.43,12,0.3%,32.5%
4650,巴黎假期,0.1%,20.48,12,0.3%,35.1%
4651,轩辕剑传奇,0.1%,20.36,15,0.2%,43.2%
4652,赛尔号大电影5：雷神崛起,0.1%,15.87,16,0.1%,29.8%
4653,恐怖游泳馆,<0.1%,12.99,6,0.5%,25.4%
4654,命中注定,<0.1%,8.24,18,<0.1%,28.2%
4655,滚蛋吧！肿瘤君,<0.1%,6.50,25,<0.1%,94.7%
4656,猪猪侠之终极决战,<0.1%,6.25,45,<0.1%,100%
4657,通灵之六世古宅,<0.1%,5.02,5,0.1%,21.9%
4658,情剑,<0.1%,4.30,3,0.3%,6.3%
4659,王化买父,<0.1%,3.70,54,<0.1%,--
4660,洛克王国4：出发！巨人谷,<0.1%,3.55,35,<0.1%,37.6%
4661,李三娘,<0.1%,3.38,54,<0.1%,--
4662,时间都去哪了,<0.1%,2.64,2,0.3%,7.3%
4663,守梦者,<0.1%,2.29,58,<0.1%,100%
4664,小时代4：灵魂尽头,<0.1%,1.52,10,<0.1%,31.8%
4665,战狼,<0.1%,1.34,298,<0.1%,--
4666,可爱的你,<0.1%,1.14,255,<0.1%,--
4667,甜蜜蜜,<0.1%,1.08,240,<0.1%,--
4668,捉妖记,33.6%,2345.33,21,20.3%,21.3%
4669,破风,16.6%,1163.52,13,17.8%,14.7%
4670,煎饼侠,10.5%,732.63,17,8.6%,26.6%
4671,西游记之大圣归来,9.7%,678.15,18,7.3%,25.0%
4672,桂宝之爆笑闯宇宙,5.8%,406.66,10,8.0%,15.8%
4673,黑猫警长之翡翠之星,5.0%,354.19,8,9.5%,12.5%
4674,新步步惊心,4.8%,337.21,8,9.2%,11.8%
4675,谜城,4.1%,288.35,14,4.3%,21.9%
4676,王朝的女人·杨贵妃,2.0%,139.95,9,3.2%,17.2%
4677,模仿游戏,1.5%,104.96,25,0.7%,30.0%
4678,太平轮·彼岸,0.9%,67.72,9,1.2%,19.2%
4679,一路向前,0.6%,47.09,5,2.1%,11.8%
4680,民工 老大 老板,0.6%,46.84,132,<0.1%,100%
4681,虹飞千岛,0.6%,45.84,136,<0.1%,100%
4682,红髅,0.5%,39.51,7,1.2%,14.4%
4683,爱之初体验,0.5%,36.81,5,1.3%,10.4%
4684,美人鱼之海盗来袭,0.2%,15.16,8,0.4%,15.5%
4685,等爱归来,0.2%,14.63,52,<0.1%,100%
4686,我爸比我小四岁,0.1%,11.54,4,0.5%,11.3%
4687,巴黎假期,0.1%,11.41,7,0.3%,17.0%
4688,黑瞳,0.1%,10.04,28,<0.1%,35.7%
4689,恐怖游泳馆,0.1%,9.94,5,0.5%,17.8%
4690,小羊肖恩,0.1%,8.21,12,0.1%,19.6%
4691,轩辕剑传奇,<0.1%,6.63,6,0.2%,24.2%
4692,冰雪女王,<0.1%,6.56,4,0.3%,10.1%
4693,赛尔号大电影5：雷神崛起,<0.1%,5.78,7,0.1%,10.7%
4694,命中注定,<0.1%,5.41,9,0.1%,14.6%
4695,通灵之六世古宅,<0.1%,4.55,5,0.2%,18.7%
4696,滚蛋吧！肿瘤君,<0.1%,4.44,90,<0.1%,100%
4697,李三娘,<0.1%,4.33,63,<0.1%,--
4698,王化买父,<0.1%,3.03,64,<0.1%,--
4699,情剑,<0.1%,1.94,2,0.2%,3.8%
4700,时间都去哪了,<0.1%,1.40,1,0.3%,4.9%
4701,小时代4：灵魂尽头,<0.1%,1.16,10,<0.1%,27.6%
4702,被偷走的那五年,<0.1%,1.14,255,<0.1%,--
4703,京城81号,<0.1%,1.08,240,<0.1%,--
4704,捉妖记,34.0%,2398.30,20,21.2%,21.0%
4705,破风,16.0%,1130.73,14,17.2%,15.2%
4706,煎饼侠,10.8%,767.17,17,9.2%,26.2%
4707,西游记之大圣归来,10.3%,731.72,18,8.0%,24.3%
4708,桂宝之爆笑闯宇宙,5.7%,408.13,10,7.8%,16.5%
4709,黑猫警长之翡翠之星,4.8%,345.11,9,8.9%,13.1%
4710,新步步惊心,4.3%,305.31,7,8.7%,11.8%
4711,谜城,4.1%,293.53,13,4.7%,21.2%
4712,王朝的女人·杨贵妃,1.9%,137.93,9,3.2%,18.2%
4713,模仿游戏,1.6%,115.23,25,0.8%,29.7%
4714,太平轮·彼岸,1.0%,70.97,10,1.2%,19.2%
4715,民工 老大 老板,0.6%,45.36,139,<0.1%,100%
4716,虹飞千岛,0.6%,43.58,133,<0.1%,100%
4717,红髅,0.6%,43.14,7,1.3%,13.2%
4718,一路向前,0.5%,41.51,5,2.0%,11.3%
4719,黑瞳,0.3%,26.77,45,<0.1%,76.0%
4720,等爱归来,0.2%,18.86,63,<0.1%,100%
4721,美人鱼之海盗来袭,0.2%,14.61,8,0.4%,15.1%
4722,巴黎假期,0.1%,11.45,6,0.3%,16.2%
4723,恐怖游泳馆,0.1%,10.43,5,0.6%,19.1%
4724,爱之初体验,0.1%,10.21,4,0.5%,9.4%
4725,我爸比我小四岁,0.1%,10.09,5,0.4%,14.3%
4726,小羊肖恩,0.1%,9.41,12,0.1%,20.2%
4727,冰雪女王,<0.1%,6.93,5,0.3%,10.7%
4728,轩辕剑传奇,<0.1%,6.40,6,0.2%,23.4%
4729,命中注定,<0.1%,5.58,9,0.1%,15.8%
4730,赛尔号大电影5：雷神崛起,<0.1%,5.48,7,0.1%,10.3%
4731,通灵之六世古宅,<0.1%,4.55,4,0.2%,18.2%
4732,李三娘,<0.1%,3.93,64,<0.1%,--
4733,滚蛋吧！肿瘤君,<0.1%,3.63,108,<0.1%,100%
4734,王化买父,<0.1%,2.29,41,<0.1%,--
4735,情剑,<0.1%,1.86,2,0.2%,5.3%
4736,宅女侦探桂香,<0.1%,1.76,82,<0.1%,87.5%
4737,时间都去哪了,<0.1%,1.66,2,0.3%,6.2%
4738,旋风九日,<0.1%,1.58,59,<0.1%,100%
4739,战狼,<0.1%,1.34,298,<0.1%,--
4740,京城81号,<0.1%,1.14,255,<0.1%,--
4741,小时代4：灵魂尽头,<0.1%,1.10,10,<0.1%,21.6%
4742,可爱的你,<0.1%,1.08,240,<0.1%,--
4743,捉妖记,32.5%,2112.93,18,21.3%,18.4%
4744,破风,15.6%,1016.29,13,16.9%,14.0%
4745,煎饼侠,10.7%,699.97,15,9.4%,23.2%
4746,西游记之大圣归来,10.6%,693.60,16,8.3%,22.1%
4747,桂宝之爆笑闯宇宙,5.5%,359.93,10,7.7%,15.0%
4748,黑猫警长之翡翠之星,4.5%,298.02,8,8.6%,11.6%
4749,谜城,3.9%,258.34,11,4.7%,18.3%
4750,新步步惊心,3.9%,257.94,7,8.3%,10.2%
4751,宅女侦探桂香,1.9%,124.98,65,0.3%,99.1%
4752,王朝的女人·杨贵妃,1.8%,122.45,8,3.2%,15.5%
4753,模仿游戏,1.7%,113.01,23,0.9%,27.9%
4754,太平轮·彼岸,0.9%,60.77,8,1.2%,16.5%
4755,黑瞳,0.8%,56.66,63,0.1%,81.2%
4756,民工 老大 老板,0.6%,44.74,143,<0.1%,100%
4757,虹飞千岛,0.6%,43.35,137,<0.1%,100%
4758,红髅,0.6%,40.72,7,1.4%,11.9%
4759,一路向前,0.5%,38.27,5,2.0%,10.6%
4760,滚蛋吧！肿瘤君,0.5%,33.02,20,0.2%,18.7%
4761,等爱归来,0.2%,16.47,61,<0.1%,100%
4762,美人鱼之海盗来袭,0.2%,13.51,7,0.4%,13.4%
4763,巴黎假期,0.1%,10.94,6,0.3%,16.9%
4764,恐怖游泳馆,0.1%,10.38,5,0.6%,18.8%
4765,小羊肖恩,0.1%,8.72,11,0.1%,18.1%
4766,我爸比我小四岁,0.1%,7.66,4,0.4%,13.6%
4767,冰雪女王,0.1%,6.56,4,0.3%,9.9%
4768,轩辕剑传奇,<0.1%,6.22,7,0.2%,26.6%
4769,赛尔号大电影5：雷神崛起,<0.1%,5.89,7,0.1%,10.0%
4770,命中注定,<0.1%,5.85,9,0.1%,15.8%
4771,李三娘,<0.1%,4.88,71,<0.1%,--
4772,通灵之六世古宅,<0.1%,4.79,5,0.2%,17.7%
4773,王化买父,<0.1%,2.80,51,<0.1%,--
4774,时间都去哪了,<0.1%,2.74,3,0.3%,12.2%
4775,爱之初体验,<0.1%,2.20,2,0.2%,5.2%
4776,邓小平登黄山,<0.1%,2.06,43,<0.1%,100%
4777,情剑,<0.1%,1.17,2,0.2%,4.4%
4778,被偷走的那五年,<0.1%,1.14,255,<0.1%,--
4779,甜蜜蜜,<0.1%,1.08,240,<0.1%,--
4780,滚蛋吧！肿瘤君,43.8%,4054.12,27,28.6%,28.4%
4781,捉妖记,17.5%,1620.77,21,14.1%,26.2%
4782,洛克王国4：出发！巨人谷,8.9%,828.45,17,9.1%,28.5%
4783,宅女侦探桂香,8.6%,802.98,10,16.9%,13.5%
4784,破风,4.8%,449.03,12,7.6%,16.3%
4785,西游记之大圣归来,4.5%,419.21,17,4.7%,26.8%
4786,煎饼侠,3.5%,332.38,15,4.3%,29.3%
4787,桂宝之爆笑闯宇宙,1.4%,137.29,11,2.6%,17.6%
4788,黑猫警长之翡翠之星,1.3%,126.24,9,3.0%,15.2%
4789,谜城,0.7%,69.15,10,1.3%,20.0%
4790,黑瞳,0.7%,67.74,62,0.1%,74.1%
4791,七月半之恐怖宿舍,0.6%,57.66,11,1.3%,17.2%
4792,模仿游戏,0.5%,55.28,23,0.4%,27.1%
4793,民工 老大 老板,0.4%,44.48,132,<0.1%,100%
4794,虹飞千岛,0.4%,42.57,131,<0.1%,100%
4795,新步步惊心,0.3%,33.91,4,1.6%,10.7%
4796,王朝的女人·杨贵妃,0.2%,20.71,6,0.6%,18.8%
4797,太平轮·彼岸,0.1%,15.35,8,0.3%,20.5%
4798,红髅,<0.1%,7.11,4,0.3%,9.6%
4799,王化买父,<0.1%,4.77,58,<0.1%,--
4800,我爸比我小四岁,<0.1%,4.27,9,0.1%,38.2%
4801,邓小平登黄山,<0.1%,3.97,52,<0.1%,100%
4802,恐怖游泳馆,<0.1%,3.85,3,0.3%,20.9%
4803,小羊肖恩,<0.1%,3.77,11,<0.1%,19.4%
4804,美人鱼之海盗来袭,<0.1%,3.43,6,0.1%,16.0%
4805,李三娘,<0.1%,3.31,44,<0.1%,--
4806,轩辕剑传奇,<0.1%,2.88,8,<0.1%,39.5%
4807,一路向前,<0.1%,2.65,2,0.3%,12.2%
4808,冰雪女王,<0.1%,2.40,5,0.1%,16.6%
4809,通灵之六世古宅,<0.1%,1.94,3,0.1%,17.4%
4810,赛尔号大电影5：雷神崛起,<0.1%,1.80,6,<0.1%,9.7%
4811,巴黎假期,<0.1%,1.29,3,<0.1%,10.5%
4812,命中注定,<0.1%,1.26,5,<0.1%,14.7%
4813,可爱的你,<0.1%,1.21,140,<0.1%,100%
4814,甜蜜蜜,<0.1%,1.08,240,<0.1%,--
4815,战狼,<0.1%,1.07,239,<0.1%,--
4816,滚蛋吧！肿瘤君,40.5%,3643.06,24,28.1%,25.3%
4817,捉妖记,19.2%,1734.25,21,14.1%,26.9%
4818,宅女侦探桂香,8.0%,727.42,10,14.5%,14.4%
4819,洛克王国4：出发！巨人谷,6.9%,624.84,13,9.1%,20.4%
4820,西游记之大圣归来,5.0%,457.19,19,4.6%,28.4%
4821,破风,5.0%,453.38,13,6.6%,18.1%
4822,煎饼侠,3.8%,347.66,16,4.1%,30.1%
4823,七月半之恐怖宿舍,1.4%,133.65,12,2.7%,22.5%
4824,黑猫警长之翡翠之星,1.3%,121.23,11,2.3%,18.2%
4825,桂宝之爆笑闯宇宙,1.2%,115.76,10,2.2%,17.8%
4826,黑瞳,1.2%,115.21,80,0.2%,100%
4827,白雪公主之神秘爸爸,1.2%,112.34,8,2.9%,14.0%
4828,模仿游戏,0.8%,75.05,30,0.4%,35.1%
4829,谜城,0.7%,62.97,11,1.1%,21.9%
4830,狂野飞车,0.6%,61.48,6,2.5%,9.9%
4831,鹭语,0.4%,37.54,133,<0.1%,100%
4832,我和红七军,0.4%,36.62,133,<0.1%,100%
4833,新步步惊心,0.3%,29.44,5,1.0%,13.5%
4834,王朝的女人·杨贵妃,0.2%,24.42,9,0.5%,29.0%
4835,太平轮·彼岸,0.1%,14.81,8,0.2%,26.0%
4836,邓小平登黄山,0.1%,11.16,80,<0.1%,100%
4837,李三娘,<0.1%,5.02,54,<0.1%,--
4838,轩辕剑传奇,<0.1%,4.65,21,<0.1%,63.6%
4839,小羊肖恩,<0.1%,4.21,14,<0.1%,23.5%
4840,王化买父,<0.1%,3.87,49,<0.1%,--
4841,红髅,<0.1%,3.77,5,0.1%,12.7%
4842,巴黎假期,<0.1%,3.33,12,<0.1%,24.7%
4843,我爸比我小四岁,<0.1%,2.65,9,<0.1%,41.5%
4844,守梦者,<0.1%,2.26,52,<0.1%,100%
4845,美人鱼之海盗来袭,<0.1%,2.07,7,<0.1%,18.0%
4846,一路向前,<0.1%,1.75,3,0.1%,11.2%
4847,冰雪女王,<0.1%,1.73,6,<0.1%,24.5%
4848,赛尔号大电影5：雷神崛起,<0.1%,1.64,6,<0.1%,8.9%
4849,恐怖游泳馆,<0.1%,1.47,3,0.1%,15.7%
4850,被偷走的那五年,<0.1%,1.34,298,<0.1%,--
4851,命中注定,<0.1%,1.20,5,<0.1%,13.2%
4852,为了这片土地,<0.1%,1.17,65,<0.1%,100%
4853,可爱的你,<0.1%,1.14,255,<0.1%,--
4854,京城81号,<0.1%,1.08,240,<0.1%,--
4855,等爱归来,<0.1%,1.04,11,<0.1%,--
4856,滚蛋吧！肿瘤君,39.2%,5365.03,34,28.0%,35.4%
4857,捉妖记,21.3%,2913.21,32,15.0%,40.2%
4858,洛克王国4：出发！巨人谷,7.6%,1039.73,20,9.4%,31.4%
4859,西游记之大圣归来,6.3%,872.53,30,5.2%,45.3%
4860,宅女侦探桂香,5.7%,792.07,12,12.6%,18.1%
4861,破风,4.9%,680.62,20,6.2%,29.0%
4862,煎饼侠,4.0%,555.49,23,4.3%,45.2%
4863,黑猫警长之翡翠之星,2.4%,340.78,26,2.5%,42.9%
4864,桂宝之爆笑闯宇宙,1.5%,208.92,18,2.2%,30.7%
4865,白雪公主之神秘爸爸,1.4%,200.71,14,3.0%,25.4%
4866,七月半之恐怖宿舍,1.1%,154.20,12,2.8%,24.8%
4867,模仿游戏,0.9%,129.52,46,0.4%,55.3%
4868,谜城,0.6%,88.15,15,1.0%,33.4%
4869,狂野飞车,0.3%,53.79,6,1.9%,12.6%
4870,鹭语,0.2%,37.39,124,<0.1%,100%
4871,我和红七军,0.2%,36.58,130,<0.1%,100%
4872,我是大熊猫之熊猫大侠,0.2%,29.59,5,1.4%,8.7%
4873,王朝的女人·杨贵妃,0.2%,29.42,11,0.4%,37.6%
4874,新步步惊心,0.2%,28.71,6,0.9%,16.4%
4875,太平轮·彼岸,0.1%,23.65,13,0.2%,38.5%
4876,小羊肖恩,<0.1%,10.89,26,<0.1%,45.9%
4877,轩辕剑传奇,<0.1%,9.36,32,<0.1%,100%
4878,我爸比我小四岁,<0.1%,8.14,27,<0.1%,100%
4879,王化买父,<0.1%,4.72,50,<0.1%,--
4880,赛尔号大电影5：雷神崛起,<0.1%,4.60,12,<0.1%,22.5%
4881,美人鱼之海盗来袭,<0.1%,4.53,12,<0.1%,29.2%
4882,李三娘,<0.1%,4.38,51,<0.1%,--
4883,红髅,<0.1%,4.19,5,0.1%,14.1%
4884,恋爱中的城市,<0.1%,4.13,76,<0.1%,50.0%
4885,冰雪女王,<0.1%,3.82,10,<0.1%,47.3%
4886,命中注定,<0.1%,2.97,13,<0.1%,36.4%
4887,京城81号,<0.1%,2.38,298,<0.1%,--
4888,甜蜜蜜,<0.1%,2.38,298,<0.1%,--
4889,巴黎假期,<0.1%,2.10,6,<0.1%,17.7%
4890,战狼,<0.1%,1.92,240,<0.1%,--
4891,一路向前,<0.1%,1.88,3,0.1%,13.6%
4892,黑瞳,<0.1%,1.78,21,<0.1%,38.2%
4893,恐怖游泳馆,<0.1%,1.58,3,0.1%,21.4%
4894,通灵之六世古宅,<0.1%,1.53,4,<0.1%,25.8%
4895,旋风九日,<0.1%,1.42,237,<0.1%,--
4896,滚蛋吧！肿瘤君,39.8%,5452.33,35,27.9%,36.5%
4897,捉妖记,21.9%,2999.70,32,15.6%,39.9%
4898,洛克王国4：出发！巨人谷,7.7%,1054.49,21,9.2%,32.3%
4899,西游记之大圣归来,6.6%,915.57,30,5.6%,43.5%
4900,宅女侦探桂香,4.7%,652.79,11,11.6%,16.6%
4901,破风,4.5%,624.36,19,6.3%,26.9%
4902,煎饼侠,3.9%,541.19,21,4.6%,41.3%
4903,黑猫警长之翡翠之星,2.4%,330.54,24,2.6%,39.5%
4904,桂宝之爆笑闯宇宙,1.6%,228.51,19,2.3%,33.6%
4905,白雪公主之神秘爸爸,1.5%,216.66,15,3.0%,27.0%
4906,七月半之恐怖宿舍,0.9%,130.53,11,2.8%,21.5%
4907,模仿游戏,0.9%,127.86,41,0.5%,49.7%
4908,谜城,0.6%,83.12,14,1.1%,29.2%
4909,狂野飞车,0.3%,42.16,6,1.6%,11.5%
4910,我和红七军,0.2%,39.24,126,<0.1%,100%
4911,鹭语,0.2%,37.51,130,<0.1%,100%
4912,新步步惊心,0.2%,28.87,6,0.9%,17.5%
4913,太平轮·彼岸,0.1%,25.35,13,0.2%,37.7%
4914,我是大熊猫之熊猫大侠,0.1%,22.48,5,1.2%,8.5%
4915,王朝的女人·杨贵妃,0.1%,21.41,8,0.4%,25.6%
4916,小羊肖恩,<0.1%,10.80,30,<0.1%,44.3%
4917,轩辕剑传奇,<0.1%,8.06,28,<0.1%,90.9%
4918,三城记,<0.1%,7.42,127,<0.1%,100%
4919,我爸比我小四岁,<0.1%,7.38,28,<0.1%,100%
4920,恋爱中的城市,<0.1%,7.26,104,<0.1%,73.6%
4921,赛尔号大电影5：雷神崛起,<0.1%,5.69,12,<0.1%,21.4%
4922,王化买父,<0.1%,4.99,49,<0.1%,--
4923,美人鱼之海盗来袭,<0.1%,4.94,13,<0.1%,25.5%
4924,李三娘,<0.1%,4.51,44,<0.1%,--
4925,红髅,<0.1%,3.87,5,0.1%,15.2%
4926,冰雪女王,<0.1%,3.69,8,<0.1%,30.3%
4927,巴黎假期,<0.1%,2.56,8,<0.1%,26.5%
4928,可爱的你,<0.1%,2.38,298,<0.1%,--
4929,战狼,<0.1%,2.38,298,<0.1%,--
4930,命中注定,<0.1%,2.30,11,<0.1%,32.7%
4931,一路向前,<0.1%,2.25,3,0.1%,19.5%
4932,黑瞳,<0.1%,2.01,27,<0.1%,24.5%
4933,被偷走的那五年,<0.1%,1.92,240,<0.1%,--
4934,恐怖游泳馆,<0.1%,1.71,3,0.1%,20.9%
4935,通灵之六世古宅,<0.1%,1.54,4,<0.1%,29.9%
4936,滚蛋吧！肿瘤君,43.3%,2942.84,20,28.3%,21.2%
4937,捉妖记,20.5%,1398.54,16,16.1%,19.4%
4938,西游记之大圣归来,6.2%,427.55,14,5.9%,20.8%
4939,洛克王国4：出发！巨人谷,5.6%,385.94,9,8.6%,13.6%
4940,破风,4.8%,326.99,10,6.6%,14.5%
4941,宅女侦探桂香,4.6%,319.18,6,11.1%,9.2%
4942,煎饼侠,4.3%,293.68,12,4.8%,22.5%
4943,七月半之恐怖宿舍,1.5%,101.95,9,2.9%,17.6%
4944,桂宝之爆笑闯宇宙,1.4%,96.01,9,2.2%,15.3%
4945,黑猫警长之翡翠之星,1.2%,84.12,7,2.5%,11.7%
4946,白雪公主之神秘爸爸,1.1%,80.88,7,2.7%,12.6%
4947,模仿游戏,0.8%,59.73,19,0.5%,22.7%
4948,谜城,0.7%,47.92,8,1.2%,16.2%
4949,黑瞳,0.5%,37.69,55,0.1%,61.9%
4950,鹭语,0.5%,37.62,124,<0.1%,100%
4951,我和红七军,0.5%,37.52,133,<0.1%,100%
4952,新步步惊心,0.2%,18.92,4,0.9%,11.1%
4953,狂野飞车,0.2%,17.20,3,1.3%,6.0%
4954,王朝的女人·杨贵妃,0.1%,11.98,5,0.5%,12.9%
4955,太平轮·彼岸,0.1%,11.41,6,0.2%,15.0%
4956,我是大熊猫之熊猫大侠,0.1%,7.27,2,0.9%,4.1%
4957,恋爱中的城市,<0.1%,5.21,109,<0.1%,79.5%
4958,王化买父,<0.1%,5.14,42,<0.1%,--
4959,李三娘,<0.1%,3.91,36,<0.1%,--
4960,红髅,<0.1%,3.75,5,0.1%,12.9%
4961,我爸比我小四岁,<0.1%,3.36,10,<0.1%,44.4%
4962,小羊肖恩,<0.1%,2.44,10,<0.1%,13.6%
4963,赛尔号大电影5：雷神崛起,<0.1%,2.40,7,<0.1%,10.7%
4964,巴黎假期,<0.1%,2.08,11,<0.1%,35.3%
4965,美人鱼之海盗来袭,<0.1%,1.88,6,<0.1%,15.7%
4966,恐怖游泳馆,<0.1%,1.57,3,0.1%,20.6%
4967,一路向前,<0.1%,1.54,2,0.2%,11.7%
4968,为了这片土地,<0.1%,1.38,51,<0.1%,100%
4969,可爱的你,<0.1%,1.34,298,<0.1%,--
4970,命中注定,<0.1%,1.17,4,<0.1%,8.7%
4971,甜蜜蜜,<0.1%,1.14,255,<0.1%,--
4972,京城81号,<0.1%,1.08,240,<0.1%,--
4973,通灵之六世古宅,<0.1%,1.04,3,<0.1%,16.1%
4974,非你勿扰,<0.1%,1.02,5,<0.1%,30.2%
4975,滚蛋吧！肿瘤君,42.5%,2876.38,20,28.3%,21.1%
4976,捉妖记,20.9%,1419.76,16,16.6%,19.2%
4977,西游记之大圣归来,6.3%,431.93,14,6.2%,20.5%
4978,洛克王国4：出发！巨人谷,5.5%,374.00,9,8.4%,13.9%
4979,破风,4.8%,326.00,10,6.7%,14.8%
4980,煎饼侠,4.4%,303.03,12,4.9%,23.1%
4981,宅女侦探桂香,4.2%,288.67,6,10.5%,9.2%
4982,七月半之恐怖宿舍,1.4%,99.68,8,3.0%,17.3%
4983,桂宝之爆笑闯宇宙,1.3%,94.34,9,2.2%,15.2%
4984,黑猫警长之翡翠之星,1.2%,84.05,7,2.5%,11.7%
4985,白雪公主之神秘爸爸,1.1%,77.58,7,2.6%,12.6%
4986,黑瞳,1.0%,73.34,56,0.2%,72.7%
4987,模仿游戏,0.9%,62.23,20,0.6%,22.2%
4988,谜城,0.7%,49.24,8,1.2%,16.7%
4989,我和红七军,0.5%,36.61,130,<0.1%,100%
4990,鹭语,0.5%,36.29,125,<0.1%,100%
4991,新步步惊心,0.2%,17.59,4,0.9%,11.6%
4992,狂野飞车,0.2%,15.46,4,1.2%,6.8%
4993,太平轮·彼岸,0.1%,13.18,8,0.2%,18.4%
4994,王朝的女人·杨贵妃,0.1%,13.09,5,0.5%,15.3%
4995,恋爱中的城市,0.1%,12.49,205,<0.1%,--
4996,新娘大作战,0.1%,10.56,475,<0.1%,--
4997,我是大熊猫之熊猫大侠,<0.1%,5.29,2,0.7%,3.9%
4998,王化买父,<0.1%,4.49,34,<0.1%,--
4999,李三娘,<0.1%,3.97,36,<0.1%,--
5000,红髅,<0.1%,3.21,5,0.1%,13.0%
5001,为了这片土地,<0.1%,3.19,82,<0.1%,100%
5002,一路向前,<0.1%,2.25,3,0.2%,16.7%
5003,美人鱼之海盗来袭,<0.1%,2.02,7,<0.1%,16.4%
5004,赛尔号大电影5：雷神崛起,<0.1%,1.96,5,<0.1%,7.6%
5005,巴黎假期,<0.1%,1.79,8,<0.1%,27.8%
5006,我爸比我小四岁,<0.1%,1.77,7,<0.1%,30.5%
5007,恐怖游泳馆,<0.1%,1.69,4,0.1%,25.4%
5008,邓小平登黄山,<0.1%,1.68,53,<0.1%,100%
5009,冰雪女王,<0.1%,1.51,3,<0.1%,12.0%
5010,通灵之六世古宅,<0.1%,1.38,4,<0.1%,22.3%
5011,被偷走的那五年,<0.1%,1.34,298,<0.1%,--
5012,医缘,<0.1%,1.20,240,<0.1%,97.9%
5013,轩辕剑传奇,<0.1%,1.16,4,<0.1%,16.8%
5014,京城81号,<0.1%,1.14,255,<0.1%,--
5015,命中注定,<0.1%,1.11,5,<0.1%,10.9%
5016,等爱归来,<0.1%,1.09,11,<0.1%,--
5017,战狼,<0.1%,1.08,240,<0.1%,--
5018,滚蛋吧！肿瘤君,41.3%,2863.00,21,27.1%,22.1%
5019,捉妖记,20.1%,1396.93,16,16.2%,19.5%
5020,恋爱中的城市,6.8%,472.33,13,7.2%,15.4%
5021,西游记之大圣归来,5.9%,415.31,14,6.1%,20.4%
5022,洛克王国4：出发！巨人谷,4.6%,325.31,8,7.9%,13.1%
5023,破风,3.9%,271.31,10,5.7%,14.4%
5024,煎饼侠,3.7%,257.58,12,4.2%,23.0%
5025,宅女侦探桂香,3.0%,210.95,5,8.4%,8.9%
5026,黑瞳,1.4%,100.41,66,0.2%,85.7%
5027,七月半之恐怖宿舍,1.3%,93.28,8,2.7%,18.6%
5028,桂宝之爆笑闯宇宙,1.1%,81.35,8,2.1%,14.3%
5029,黑猫警长之翡翠之星,1.0%,71.33,7,2.4%,10.7%
5030,白雪公主之神秘爸爸,0.9%,66.26,7,2.3%,12.2%
5031,模仿游戏,0.8%,59.73,19,0.5%,22.3%
5032,谜城,0.5%,38.02,8,1.0%,16.4%
5033,鹭语,0.5%,36.60,131,<0.1%,100%
5034,我和红七军,0.5%,36.33,132,<0.1%,100%
5035,新娘大作战,0.3%,24.66,22,0.2%,16.3%
5036,新步步惊心,0.1%,11.61,3,0.7%,10.5%
5037,王朝的女人·杨贵妃,0.1%,10.80,5,0.4%,14.1%
5038,狂野飞车,0.1%,9.10,3,0.8%,6.0%
5039,太平轮·彼岸,0.1%,8.96,6,0.2%,15.5%
5040,王化买父,<0.1%,4.92,41,<0.1%,--
5041,李三娘,<0.1%,4.84,38,<0.1%,--
5042,为了这片土地,<0.1%,4.82,79,<0.1%,100%
5043,我是大熊猫之熊猫大侠,<0.1%,4.45,2,0.5%,4.5%
5044,邓小平登黄山,<0.1%,3.95,59,<0.1%,100%
5045,我爸比我小四岁,<0.1%,3.78,19,<0.1%,82.2%
5046,鹰笛·雪莲,<0.1%,3.70,7,0.1%,12.8%
5047,红髅,<0.1%,3.00,5,0.1%,14.8%
5048,命中注定,<0.1%,2.66,11,<0.1%,25.0%
5049,终结者：创世纪,<0.1%,2.60,163,<0.1%,31.1%
5050,美人鱼之海盗来袭,<0.1%,1.89,6,<0.1%,12.7%
5051,赛尔号大电影5：雷神崛起,<0.1%,1.88,6,<0.1%,9.2%
5052,因为谷桂花,<0.1%,1.77,94,<0.1%,100%
5053,战火中的芭蕾,<0.1%,1.72,345,<0.1%,--
5054,恐怖游泳馆,<0.1%,1.57,4,0.1%,22.6%
5055,冰雪女王,<0.1%,1.47,4,<0.1%,10.8%
5056,甜蜜蜜,<0.1%,1.34,298,<0.1%,--
5057,通灵之六世古宅,<0.1%,1.22,4,<0.1%,20.6%
5058,一路向前,<0.1%,1.20,2,0.1%,8.8%
5059,可爱的你,<0.1%,1.14,255,<0.1%,--
5060,巴黎假期,<0.1%,1.08,4,<0.1%,10.0%
5061,战狼,<0.1%,1.08,240,<0.1%,--
5062,等爱归来,<0.1%,1.02,8,<0.1%,--
5063,新娘大作战,39.5%,9262.92,55,30.8%,60.8%
5064,滚蛋吧！肿瘤君,23.4%,5479.11,56,17.4%,71.9%
5065,恋爱中的城市,13.4%,3144.27,28,19.7%,36.8%
5066,捉妖记,13.3%,3119.97,49,10.5%,69.3%
5067,西游记之大圣归来,2.8%,673.66,34,3.6%,54.2%
5068,煎饼侠,1.3%,309.13,31,1.7%,77.1%
5069,洛克王国4：出发！巨人谷,1.2%,293.64,14,3.7%,26.6%
5070,破风,1.1%,270.04,27,1.8%,44.1%
5071,七月半之恐怖宿舍,0.7%,183.75,23,1.7%,64.2%
5072,宅女侦探桂香,0.4%,102.65,10,1.8%,23.2%
5073,黑瞳,0.4%,95.09,72,0.1%,86.3%
5074,桂宝之爆笑闯宇宙,0.2%,67.72,14,0.9%,29.9%
5075,模仿游戏,0.2%,67.02,40,0.2%,50.2%
5076,黑猫警长之翡翠之星,0.2%,65.46,12,1.1%,22.1%
5077,白雪公主之神秘爸爸,0.1%,42.10,10,0.9%,21.4%
5078,我和红七军,0.1%,39.68,137,<0.1%,100%
5079,鹭语,0.1%,38.57,133,<0.1%,100%
5080,谜城,0.1%,24.64,18,0.2%,46.9%
5081,非你勿扰,<0.1%,19.34,4,1.1%,12.4%
5082,太平轮·彼岸,<0.1%,7.12,10,<0.1%,31.8%
5083,王朝的女人·杨贵妃,<0.1%,6.57,8,0.1%,41.2%
5084,红髅,<0.1%,5.71,15,<0.1%,69.4%
5085,狂野飞车,<0.1%,5.67,6,0.2%,21.6%
5086,我爸比我小四岁,<0.1%,5.66,55,<0.1%,100%
5087,新步步惊心,<0.1%,5.18,8,0.1%,35.2%
5088,邓小平登黄山,<0.1%,4.83,53,<0.1%,100%
5089,李三娘,<0.1%,4.45,53,<0.1%,--
5090,王化买父,<0.1%,4.28,43,<0.1%,--
5091,恐怖游泳馆,<0.1%,3.82,8,0.1%,63.7%
5092,通灵之六世古宅,<0.1%,3.20,9,<0.1%,67.7%
5093,虹飞千岛,<0.1%,3.03,152,<0.1%,93.2%
5094,命中注定,<0.1%,2.75,14,<0.1%,36.9%
5095,民工 老大 老板,<0.1%,2.46,176,<0.1%,98.8%
5096,双生灵,<0.1%,2.45,32,<0.1%,36.7%
5097,美人鱼之海盗来袭,<0.1%,2.41,10,<0.1%,37.1%
5098,为了这片土地,<0.1%,2.24,82,<0.1%,100%
5099,我是大熊猫之熊猫大侠,<0.1%,2.15,4,0.1%,10.6%
5100,巴黎假期,<0.1%,1.83,9,<0.1%,26.6%
5101,三城记,<0.1%,1.54,93,<0.1%,100%
5102,赛尔号大电影5：雷神崛起,<0.1%,1.45,7,<0.1%,8.8%
5103,可爱的你,<0.1%,1.34,298,<0.1%,--
5104,一路向前,<0.1%,1.31,7,<0.1%,38.3%
5105,等爱归来,<0.1%,1.31,10,<0.1%,--
5106,冰雪女王,<0.1%,1.24,5,<0.1%,17.7%
5107,星语心愿之再爱,<0.1%,1.21,55,<0.1%,34.3%
5108,被偷走的那五年,<0.1%,1.14,255,<0.1%,--
5109,京城81号,<0.1%,1.08,240,<0.1%,--
5110,滚蛋吧！肿瘤君,30.6%,2526.75,25,18.7%,30.1%
5111,新娘大作战,26.6%,2196.11,14,28.4%,15.3%
5112,捉妖记,15.7%,1297.30,19,11.6%,26.2%
5113,恋爱中的城市,7.2%,596.51,7,15.9%,9.3%
5114,西游记之大圣归来,4.5%,375.57,17,4.1%,26.5%
5115,洛克王国4：出发！巨人谷,2.8%,231.79,11,3.8%,20.5%
5116,煎饼侠,1.8%,148.97,14,1.9%,33.4%
5117,破风,1.7%,140.62,14,1.8%,22.6%
5118,黑瞳,1.7%,140.13,76,0.2%,98.1%
5119,战火中的芭蕾,1.4%,119.31,22,0.7%,40.0%
5120,双生灵,0.9%,75.46,10,1.6%,21.7%
5121,桂宝之爆笑闯宇宙,0.5%,45.68,10,0.9%,20.2%
5122,七月半之恐怖宿舍,0.5%,44.00,8,1.2%,22.4%
5123,王子与108煞,0.5%,43.62,4,2.8%,5.3%
5124,黑猫警长之翡翠之星,0.5%,41.41,9,1.0%,15.1%
5125,鹭语,0.4%,38.09,127,<0.1%,100%
5126,我和红七军,0.4%,37.85,129,<0.1%,100%
5127,宅女侦探桂香,0.3%,30.86,4,1.4%,8.9%
5128,白雪公主之神秘爸爸,0.3%,27.00,7,0.8%,16.9%
5129,邓小平登黄山,0.1%,11.03,89,<0.1%,100%
5130,谜城,0.1%,10.94,8,0.2%,16.6%
5131,我爸比我小四岁,<0.1%,4.91,54,<0.1%,100%
5132,王化买父,<0.1%,4.63,38,<0.1%,--
5133,太平轮·彼岸,<0.1%,4.52,7,<0.1%,18.0%
5134,李三娘,<0.1%,4.16,49,<0.1%,--
5135,王朝的女人·杨贵妃,<0.1%,3.72,7,0.1%,27.6%
5136,我的诗篇,<0.1%,3.35,84,<0.1%,100%
5137,非你勿扰,<0.1%,2.78,2,0.4%,7.1%
5138,狂野飞车,<0.1%,2.50,3,0.2%,14.1%
5139,为了这片土地,<0.1%,2.15,72,<0.1%,100%
5140,美人鱼之海盗来袭,<0.1%,1.61,8,<0.1%,29.0%
5141,命中注定,<0.1%,1.40,11,<0.1%,34.5%
5142,甜蜜蜜,<0.1%,1.34,298,<0.1%,--
5143,新步步惊心,<0.1%,1.32,3,<0.1%,11.3%
5144,我是大熊猫之熊猫大侠,<0.1%,1.22,4,<0.1%,10.2%
5145,京城81号,<0.1%,1.14,50,<0.1%,--
5146,战狼,<0.1%,1.08,50,<0.1%,--
5147,赛尔号大电影5：雷神崛起,<0.1%,1.07,5,<0.1%,12.7%
5148,滚蛋吧！肿瘤君,28.4%,3564.21,32,19.2%,37.8%
5149,新娘大作战,18.6%,2331.73,16,26.2%,17.0%
5150,捉妖记,15.2%,1913.05,25,12.4%,33.0%
5151,终结者：创世纪,10.9%,1373.36,83,2.5%,70.2%
5152,西游记之大圣归来,5.6%,704.34,25,4.9%,37.1%
5153,恋爱中的城市,4.8%,610.72,8,13.0%,11.8%
5154,洛克王国4：出发！巨人谷,3.9%,496.33,19,4.5%,33.3%
5155,战火中的芭蕾,2.0%,255.20,44,0.6%,99.4%
5156,烈日灼心,1.7%,223.88,88,0.4%,98.2%
5157,煎饼侠,1.7%,214.12,18,2.0%,41.3%
5158,破风,1.5%,193.70,19,1.7%,31.2%
5159,黑猫警长之翡翠之星,0.9%,117.14,18,1.2%,32.5%
5160,桂宝之爆笑闯宇宙,0.7%,93.17,16,1.0%,30.6%
5161,双生灵,0.5%,75.03,10,1.6%,21.1%
5162,白雪公主之神秘爸爸,0.5%,64.19,13,0.9%,30.0%
5163,王子与108煞,0.3%,49.83,4,2.5%,7.0%
5164,七月半之恐怖宿舍,0.3%,43.01,8,1.1%,24.3%
5165,宅女侦探桂香,0.2%,37.15,6,1.2%,12.9%
5166,鹭语,0.2%,36.73,127,<0.1%,100%
5167,我和红七军,0.2%,36.16,126,<0.1%,100%
5168,谜城,0.1%,15.86,12,0.2%,26.6%
5169,太平轮·彼岸,<0.1%,6.17,9,<0.1%,24.9%
5170,我爸比我小四岁,<0.1%,5.43,56,<0.1%,100%
5171,三城记,<0.1%,5.05,165,<0.1%,--
5172,我的诗篇,<0.1%,4.27,95,<0.1%,100%
5173,李三娘,<0.1%,4.22,42,<0.1%,--
5174,赛尔号大电影5：雷神崛起,<0.1%,3.99,11,<0.1%,22.4%
5175,王化买父,<0.1%,3.97,40,<0.1%,--
5176,王朝的女人·杨贵妃,<0.1%,3.35,5,0.1%,23.9%
5177,非你勿扰,<0.1%,3.22,3,0.3%,10.7%
5178,美人鱼之海盗来袭,<0.1%,3.13,13,<0.1%,37.5%
5179,黑瞳,<0.1%,2.90,25,<0.1%,45.9%
5180,新步步惊心,<0.1%,2.53,5,<0.1%,21.0%
5181,冰雪女王,<0.1%,2.47,7,<0.1%,29.8%
5182,狂野飞车,<0.1%,2.39,3,0.1%,16.8%
5183,我是大熊猫之熊猫大侠,<0.1%,1.84,4,0.1%,16.4%
5184,命中注定,<0.1%,1.46,10,<0.1%,28.9%
5185,甜蜜蜜,<0.1%,1.34,298,<0.1%,--
5186,传奇状元伦文叙,<0.1%,1.28,70,<0.1%,--
5187,轩辕剑传奇,<0.1%,1.20,14,<0.1%,81.9%
5188,可爱的你,<0.1%,1.07,239,<0.1%,--
5189,终结者：创世纪,69.5%,15439.33,64,41.6%,67.3%
5190,滚蛋吧！肿瘤君,9.9%,2218.95,30,13.7%,46.2%
5191,新娘大作战,5.6%,1256.70,17,14.3%,26.9%
5192,捉妖记,4.9%,1095.58,26,7.6%,43.7%
5193,洛克王国4：出发！巨人谷,2.1%,473.82,24,3.7%,46.9%
5194,西游记之大圣归来,1.9%,442.95,25,3.5%,41.2%
5195,烈日灼心,1.0%,234.17,95,0.4%,100%
5196,战火中的芭蕾,0.9%,219.91,66,0.3%,100%
5197,恋爱中的城市,0.9%,215.14,8,4.9%,15.2%
5198,黑猫警长之翡翠之星,0.4%,99.96,20,1.0%,40.5%
5199,煎饼侠,0.3%,74.24,14,0.9%,39.1%
5200,桂宝之爆笑闯宇宙,0.3%,69.49,19,0.7%,41.3%
5201,白雪公主之神秘爸爸,0.2%,58.97,15,0.8%,37.5%
5202,破风,0.2%,57.12,19,0.5%,42.5%
5203,我和红七军,0.1%,38.59,133,<0.1%,100%
5204,鹭语,0.1%,38.44,131,<0.1%,100%
5205,双生灵,0.1%,30.91,7,1.0%,16.6%
5206,王子与108煞,0.1%,29.54,5,1.4%,7.7%
5207,七月半之恐怖宿舍,<0.1%,21.44,6,0.9%,20.3%
5208,刺客聂隐娘,<0.1%,13.47,265,<0.1%,100%
5209,星语心愿之再爱,<0.1%,11.13,60,<0.1%,100%
5210,宅女侦探桂香,<0.1%,10.43,5,0.3%,15.1%
5211,三城记,<0.1%,5.72,143,<0.1%,--
5212,太平轮·彼岸,<0.1%,5.09,26,<0.1%,54.0%
5213,王化买父,<0.1%,4.53,48,<0.1%,--
5214,李三娘,<0.1%,3.85,47,<0.1%,--
5215,美人鱼之海盗来袭,<0.1%,3.09,15,<0.1%,43.0%
5216,我爸比我小四岁,<0.1%,2.77,28,<0.1%,89.9%
5217,我的诗篇,<0.1%,2.76,111,<0.1%,100.0%
5218,谜城,<0.1%,2.32,6,<0.1%,11.6%
5219,赛尔号大电影5：雷神崛起,<0.1%,2.29,16,<0.1%,41.3%
5220,传奇状元伦文叙,<0.1%,1.90,156,<0.1%,100%
5221,我是大熊猫之熊猫大侠,<0.1%,1.56,5,<0.1%,23.6%
5222,冰雪女王,<0.1%,1.54,9,<0.1%,31.5%
5223,狂野飞车,<0.1%,1.52,3,0.1%,13.5%
5224,王朝的女人·杨贵妃,<0.1%,1.48,5,<0.1%,22.2%
5225,因为谷桂花,<0.1%,1.45,69,<0.1%,100%
5226,非你勿扰,<0.1%,1.39,4,0.1%,25.7%
5227,战狼,<0.1%,1.34,71,<0.1%,--
5228,奥拉星：进击圣殿,<0.1%,1.22,89,<0.1%,100%
5229,被偷走的那五年,<0.1%,1.07,239,<0.1%,--
5230,东北偏北,<0.1%,1.05,106,<0.1%,--
5231,鹰笛·雪莲,<0.1%,1.03,24,<0.1%,100%
5232,终结者：创世纪,66.3%,6872.93,30,41.8%,31.9%
5233,滚蛋吧！肿瘤君,11.4%,1190.27,16,14.8%,24.3%
5234,新娘大作战,6.2%,642.71,10,13.6%,15.5%
5235,捉妖记,5.8%,608.17,14,8.3%,22.7%
5236,西游记之大圣归来,1.8%,194.50,11,3.6%,18.2%
5237,战火中的芭蕾,1.8%,188.94,64,0.3%,100%
5238,洛克王国4：出发！巨人谷,1.6%,168.77,10,3.3%,18.9%
5239,恋爱中的城市,1.1%,116.04,5,4.6%,9.6%
5240,煎饼侠,0.4%,49.82,9,1.0%,23.2%
5241,我和红七军,0.3%,37.69,132,<0.1%,100%
5242,鹭语,0.3%,37.62,132,<0.1%,100%
5243,破风,0.3%,34.15,11,0.5%,21.6%
5244,双生灵,0.3%,31.55,6,1.2%,15.4%
5245,黑猫警长之翡翠之星,0.2%,26.63,7,0.9%,13.5%
5246,桂宝之爆笑闯宇宙,0.2%,26.15,9,0.7%,17.6%
5247,白雪公主之神秘爸爸,0.1%,20.18,6,0.7%,15.5%
5248,黑瞳,0.1%,18.28,43,<0.1%,66.6%
5249,七月半之恐怖宿舍,0.1%,17.82,5,0.9%,16.2%
5250,西藏天空,<0.1%,10.00,479,<0.1%,--
5251,王子与108煞,<0.1%,8.41,2,1.0%,3.5%
5252,三城记,<0.1%,7.77,166,<0.1%,100%
5253,宅女侦探桂香,<0.1%,6.64,4,0.3%,11.4%
5254,王化买父,<0.1%,4.98,54,<0.1%,--
5255,李三娘,<0.1%,4.50,44,<0.1%,--
5256,我爸比我小四岁,<0.1%,1.83,22,<0.1%,82.7%
5257,谜城,<0.1%,1.46,4,<0.1%,6.9%
5258,美人鱼之海盗来袭,<0.1%,1.37,10,<0.1%,40.4%
5259,可爱的你,<0.1%,1.34,298,<0.1%,--
5260,东北偏北,<0.1%,1.32,106,<0.1%,100%
5261,非你勿扰,<0.1%,1.29,4,0.1%,30.7%
5262,狂野飞车,<0.1%,1.27,3,0.1%,20.7%
5263,邓小平登黄山,<0.1%,1.19,41,<0.1%,100%
5264,京城81号,<0.1%,1.07,100,<0.1%,--
5265,等爱归来,<0.1%,1.06,8,<0.1%,--
5266,终结者：创世纪,60.6%,5697.57,26,40.9%,27.1%
5267,滚蛋吧！肿瘤君,12.8%,1209.44,18,14.3%,26.9%
5268,捉妖记,7.1%,669.35,15,8.1%,25.0%
5269,新娘大作战,5.8%,547.87,10,11.4%,17.4%
5270,百团大战,2.9%,276.20,23,2.0%,34.4%
5271,西游记之大圣归来,2.0%,189.39,12,3.5%,18.8%
5272,洛克王国4：出发！巨人谷,1.7%,160.53,11,3.1%,19.1%
5273,这里的黎明静悄悄,1.2%,119.85,6,4.0%,9.2%
5274,恋爱中的城市,0.8%,81.93,5,3.2%,11.2%
5275,诱狼,0.5%,50.48,13,0.7%,29.2%
5276,煎饼侠,0.4%,39.80,9,0.9%,23.4%
5277,鹭语,0.3%,37.47,134,<0.1%,100%
5278,我和红七军,0.3%,37.14,130,<0.1%,100%
5279,破风,0.3%,32.20,13,0.4%,24.5%
5280,黑猫警长之翡翠之星,0.2%,27.48,7,0.8%,15.1%
5281,双生灵,0.2%,26.90,6,1.0%,16.0%
5282,桂宝之爆笑闯宇宙,0.2%,25.98,9,0.6%,19.4%
5283,黑瞳,0.2%,23.80,44,<0.1%,66.2%
5284,白雪公主之神秘爸爸,0.2%,19.45,7,0.7%,15.6%
5285,七月半之恐怖宿舍,0.1%,18.45,6,0.9%,18.8%
5286,战火中的芭蕾,0.1%,17.12,21,0.1%,53.0%
5287,三城记,0.1%,9.67,116,<0.1%,100%
5288,王子与108煞,<0.1%,6.12,3,0.6%,4.5%
5289,宅女侦探桂香,<0.1%,5.34,4,0.2%,12.7%
5290,情敌蜜月,<0.1%,5.29,178,<0.1%,100%
5291,华丽上班族,<0.1%,5.08,170,<0.1%,100.0%
5292,我爸比我小四岁,<0.1%,4.74,57,<0.1%,100%
5293,李三娘,<0.1%,4.15,44,<0.1%,--
5294,王化买父,<0.1%,3.94,39,<0.1%,--
5295,我是奋青,<0.1%,3.84,321,<0.1%,100%
5296,邓小平登黄山,<0.1%,2.96,52,<0.1%,100%
5297,烈日灼心,<0.1%,2.82,49,<0.1%,58.6%
5298,为了这片土地,<0.1%,1.88,79,<0.1%,100%
5299,美人鱼之海盗来袭,<0.1%,1.35,9,<0.1%,35.2%
5300,被偷走的那五年,<0.1%,1.34,298,<0.1%,--
5301,狂野飞车,<0.1%,1.29,3,0.1%,16.4%
5302,谜城,<0.1%,1.22,4,<0.1%,8.0%
5303,非你勿扰,<0.1%,1.21,6,<0.1%,43.9%
5304,我是大熊猫之熊猫大侠,<0.1%,1.13,5,<0.1%,31.6%
5305,等爱归来,<0.1%,1.11,10,<0.1%,--
5306,甜蜜蜜,<0.1%,1.07,239,<0.1%,--
5307,终结者：创世纪,54.3%,4649.42,21,40.1%,21.9%
5308,滚蛋吧！肿瘤君,13.3%,1139.49,16,14.6%,24.4%
5309,捉妖记,8.1%,697.57,15,8.3%,23.4%
5310,百团大战,6.7%,573.89,38,2.5%,56.9%
5311,新娘大作战,5.8%,498.23,9,11.3%,16.0%
5312,西游记之大圣归来,2.0%,179.58,11,3.4%,18.2%
5313,洛克王国4：出发！巨人谷,1.7%,151.42,10,3.2%,17.5%
5314,这里的黎明静悄悄,1.5%,129.56,7,3.7%,10.7%
5315,恋爱中的城市,0.8%,74.64,5,3.0%,10.8%
5316,诱狼,0.5%,47.77,14,0.6%,32.4%
5317,煎饼侠,0.4%,39.40,8,0.9%,20.5%
5318,鹭语,0.4%,37.54,133,<0.1%,100%
5319,我和红七军,0.4%,37.42,129,<0.1%,100%
5320,破风,0.3%,32.62,12,0.5%,23.5%
5321,黑瞳,0.3%,27.19,45,<0.1%,72.8%
5322,双生灵,0.3%,25.86,6,1.0%,14.6%
5323,桂宝之爆笑闯宇宙,0.2%,25.30,9,0.6%,18.0%
5324,黑猫警长之翡翠之星,0.2%,25.12,7,0.8%,13.7%
5325,白雪公主之神秘爸爸,0.2%,18.11,6,0.7%,14.6%
5326,七月半之恐怖宿舍,0.2%,17.89,5,0.9%,18.6%
5327,战火中的芭蕾,0.1%,16.95,23,0.1%,55.1%
5328,烈日灼心,0.1%,16.75,17,0.2%,15.6%
5329,三城记,0.1%,14.77,20,<0.1%,19.6%
5330,刺客聂隐娘,0.1%,13.93,11,0.2%,9.7%
5331,为了这片土地,<0.1%,7.40,124,<0.1%,100%
5332,宅女侦探桂香,<0.1%,5.06,4,0.2%,12.4%
5333,李三娘,<0.1%,4.59,52,<0.1%,--
5334,我爸比我小四岁,<0.1%,4.47,55,<0.1%,100%
5335,王化买父,<0.1%,4.02,39,<0.1%,--
5336,王子与108煞,<0.1%,3.60,2,0.5%,3.5%
5337,情敌蜜月,<0.1%,3.42,124,<0.1%,100%
5338,邓小平登黄山,<0.1%,3.11,44,<0.1%,100%
5339,轩辕剑传奇,<0.1%,1.57,69,<0.1%,97.7%
5340,默守那份情,<0.1%,1.48,61,<0.1%,100%
5341,情满人间,<0.1%,1.39,399,<0.1%,--
5342,可爱的你,<0.1%,1.34,298,<0.1%,--
5343,谜城,<0.1%,1.20,4,<0.1%,6.9%
5344,狂野飞车,<0.1%,1.18,3,0.1%,25.3%
5345,等爱归来,<0.1%,1.07,8,<0.1%,100%
5346,战狼,<0.1%,1.07,109,<0.1%,--
5347,美人鱼之海盗来袭,<0.1%,1.05,9,<0.1%,35.6%
5348,非你勿扰,<0.1%,1.05,5,<0.1%,39.8%
5349,犹太女孩在上海2：项链密码,<0.1%,1.02,255,<0.1%,98.8%
5350,终结者：创世纪,37.1%,3697.45,23,29.9%,22.9%
5351,烈日灼心,24.8%,2474.28,29,19.6%,36.7%
5352,刺客聂隐娘,11.0%,1096.39,15,15.1%,23.2%
5353,百团大战,8.6%,859.21,60,2.6%,84.5%
5354,滚蛋吧！肿瘤君,5.3%,537.00,18,5.8%,32.4%
5355,捉妖记,3.3%,333.10,16,3.6%,31.8%
5356,三城记,2.3%,235.98,6,9.7%,7.5%
5357,洛克王国4：出发！巨人谷,1.1%,109.89,11,1.9%,21.4%
5358,新娘大作战,1.0%,107.46,8,2.8%,20.7%
5359,西游记之大圣归来,1.0%,107.32,12,1.9%,18.9%
5360,这里的黎明静悄悄,0.5%,55.03,10,0.9%,15.9%
5361,诱狼,0.4%,43.88,28,0.2%,68.9%
5362,一个老师的学校,0.3%,39.25,128,<0.1%,100%
5363,小鬼智多星,0.3%,38.51,133,<0.1%,100%
5364,黑瞳,0.3%,35.46,56,0.1%,99.2%
5365,战火中的芭蕾,0.1%,18.77,46,<0.1%,100%
5366,黑猫警长之翡翠之星,0.1%,17.53,7,0.6%,16.2%
5367,桂宝之爆笑闯宇宙,0.1%,16.15,10,0.3%,24.3%
5368,七月半之恐怖宿舍,0.1%,13.75,5,0.7%,23.8%
5369,白雪公主之神秘爸爸,0.1%,12.73,6,0.5%,16.4%
5370,双生灵,0.1%,12.38,6,0.4%,16.7%
5371,我和红七军,0.1%,11.93,110,<0.1%,100%
5372,鹭语,0.1%,11.59,115,<0.1%,100%
5373,煎饼侠,<0.1%,8.37,7,0.2%,23.9%
5374,破风,<0.1%,7.56,13,0.1%,26.6%
5375,为了这片土地,<0.1%,6.21,130,<0.1%,100%
5376,恋爱中的城市,<0.1%,5.33,3,0.3%,9.8%
5377,我爸比我小四岁,<0.1%,4.22,78,<0.1%,100%
5378,王化买父,<0.1%,3.98,38,<0.1%,--
5379,邓小平登黄山,<0.1%,3.56,43,<0.1%,100%
5380,李三娘,<0.1%,3.35,41,<0.1%,--
5381,王朝的女人·杨贵妃,<0.1%,3.09,21,<0.1%,91.2%
5382,情敌蜜月,<0.1%,2.33,95,<0.1%,100%
5383,王子与108煞,<0.1%,1.79,3,0.1%,7.3%
5384,相伴库里申科,<0.1%,1.72,55,<0.1%,--
5385,巴黎假期,<0.1%,1.67,24,<0.1%,64.1%
5386,甜蜜蜜,<0.1%,1.34,298,<0.1%,--
5387,宅女侦探桂香,<0.1%,1.25,4,<0.1%,17.0%
5388,非你勿扰,<0.1%,1.14,14,<0.1%,69.3%
5389,狂野飞车,<0.1%,1.13,3,0.1%,35.6%
5390,京城81号,<0.1%,1.07,134,<0.1%,--
5391,终结者：创世纪,29.9%,3786.13,24,27.9%,24.1%
5392,百团大战,29.5%,3736.09,52,12.0%,91.2%
5393,烈日灼心,18.7%,2368.74,26,19.5%,32.0%
5394,刺客聂隐娘,6.4%,813.91,14,11.4%,20.2%
5395,滚蛋吧！肿瘤君,4.1%,526.10,19,5.3%,32.3%
5396,捉妖记,3.8%,489.27,20,3.5%,36.6%
5397,三城记,1.5%,194.45,6,6.7%,9.0%
5398,西游记之大圣归来,0.9%,114.14,13,1.9%,19.3%
5399,洛克王国4：出发！巨人谷,0.8%,109.46,12,1.8%,22.1%
5400,新娘大作战,0.6%,83.52,8,2.1%,20.4%
5401,这里的黎明静悄悄,0.4%,55.57,13,0.8%,22.4%
5402,诡劫,0.4%,54.69,9,1.4%,15.0%
5403,诱狼,0.3%,48.13,38,0.2%,82.0%
5404,小鬼智多星,0.3%,38.24,135,<0.1%,100%
5405,一个老师的学校,0.2%,37.41,130,<0.1%,100%
5406,黑瞳,0.2%,37.31,56,0.1%,100%
5407,我是奋青,0.1%,16.56,7,0.5%,17.1%
5408,黑猫警长之翡翠之星,0.1%,16.43,7,0.5%,15.4%
5409,桂宝之爆笑闯宇宙,0.1%,13.12,10,0.3%,21.0%
5410,为了这片土地,<0.1%,12.17,170,<0.1%,100%
5411,犹太女孩在上海2：项链密码,<0.1%,11.68,5,0.5%,8.8%
5412,七月半之恐怖宿舍,<0.1%,10.90,5,0.6%,22.9%
5413,白雪公主之神秘爸爸,<0.1%,10.82,6,0.4%,16.4%
5414,煎饼侠,<0.1%,7.95,8,0.1%,23.0%
5415,邓小平登黄山,<0.1%,7.03,63,<0.1%,100%
5416,战火中的芭蕾,<0.1%,6.21,22,<0.1%,100%
5417,双生灵,<0.1%,5.81,7,0.2%,19.9%
5418,破风,<0.1%,5.38,14,<0.1%,30.1%
5419,李三娘,<0.1%,3.66,57,<0.1%,--
5420,情敌蜜月,<0.1%,3.53,95,<0.1%,99.4%
5421,恋爱中的城市,<0.1%,3.40,4,0.1%,12.0%
5422,王化买父,<0.1%,2.97,41,<0.1%,--
5423,我的诗篇,<0.1%,2.63,122,<0.1%,100%
5424,王朝的女人·杨贵妃,<0.1%,2.28,19,<0.1%,55.0%
5425,相伴库里申科,<0.1%,2.06,61,<0.1%,100%
5426,王子与108煞,<0.1%,1.98,4,0.1%,11.7%
5427,太平轮·彼岸,<0.1%,1.51,22,<0.1%,53.0%
5428,我爸比我小四岁,<0.1%,1.31,31,<0.1%,100%
5429,心跳戈壁,<0.1%,1.18,3,0.1%,5.7%
5430,狂野飞车,<0.1%,1.17,3,0.1%,34.3%
5431,启功,<0.1%,1.05,106,<0.1%,--
5432,非你勿扰,<0.1%,1.02,22,<0.1%,100%
5433,终结者：创世纪,32.1%,6182.59,37,27.6%,38.2%
5434,百团大战,22.7%,4374.84,57,12.1%,100%
5435,烈日灼心,19.7%,3792.97,38,19.9%,47.4%
5436,捉妖记,7.3%,1417.66,36,4.2%,66.0%
5437,刺客聂隐娘,5.8%,1125.86,23,9.3%,33.3%
5438,滚蛋吧！肿瘤君,4.4%,865.91,29,5.6%,49.5%
5439,西游记之大圣归来,1.2%,249.60,22,2.2%,34.8%
5440,三城记,1.2%,246.85,10,4.7%,18.2%
5441,洛克王国4：出发！巨人谷,1.2%,233.29,21,2.1%,38.2%
5442,魔镜奇缘,0.8%,160.13,14,2.7%,19.0%
5443,新娘大作战,0.5%,104.95,10,1.9%,27.9%
5444,这里的黎明静悄悄,0.4%,85.76,18,0.8%,28.6%
5445,诱狼,0.2%,50.08,45,0.1%,99.6%
5446,诡劫,0.2%,49.87,8,1.3%,14.0%
5447,黑猫警长之翡翠之星,0.2%,48.97,16,0.6%,39.1%
5448,一个老师的学校,0.2%,38.65,118,<0.1%,100%
5449,小鬼智多星,0.1%,38.40,125,<0.1%,100%
5450,桂宝之爆笑闯宇宙,0.1%,26.96,16,0.3%,37.0%
5451,白雪公主之神秘爸爸,0.1%,21.51,10,0.4%,31.6%
5452,战火中的芭蕾,<0.1%,18.15,27,<0.1%,77.3%
5453,我是奋青,<0.1%,17.19,7,0.5%,13.0%
5454,煎饼侠,<0.1%,12.91,13,0.1%,35.5%
5455,七月半之恐怖宿舍,<0.1%,11.28,5,0.5%,25.7%
5456,我的诗篇,<0.1%,10.90,134,<0.1%,100%
5457,犹太女孩在上海2：项链密码,<0.1%,9.78,6,0.3%,10.4%
5458,双生灵,<0.1%,5.68,7,0.1%,19.4%
5459,恋爱中的城市,<0.1%,5.33,6,0.1%,22.2%
5460,破风,<0.1%,4.76,14,<0.1%,30.3%
5461,王朝的女人·杨贵妃,<0.1%,3.74,45,<0.1%,57.1%
5462,李三娘,<0.1%,3.04,43,<0.1%,--
5463,王化买父,<0.1%,2.82,44,<0.1%,--
5464,为了这片土地,<0.1%,2.29,128,<0.1%,100%
5465,情敌蜜月,<0.1%,2.02,77,<0.1%,100%
5466,王子与108煞,<0.1%,2.00,4,0.1%,17.4%
5467,我爸比我小四岁,<0.1%,1.67,29,<0.1%,100%
5468,传奇状元伦文叙,<0.1%,1.46,107,<0.1%,100%
5469,美人鱼之海盗来袭,<0.1%,1.41,12,<0.1%,46.8%
5470,华丽上班族,<0.1%,1.38,97,<0.1%,100.0%
5471,宅女侦探桂香,<0.1%,1.34,8,<0.1%,42.0%
5472,三少爷的剑,<0.1%,1.29,86,<0.1%,100%
5473,黑瞳,<0.1%,1.11,13,<0.1%,41.7%
5474,狂野飞车,<0.1%,1.11,3,0.1%,31.5%
5475,非你勿扰,<0.1%,1.08,23,<0.1%,100%
5476,赛尔号大电影5：雷神崛起,<0.1%,1.04,14,<0.1%,16.0%
5477,终结者：创世纪,29.0%,5198.60,32,27.6%,32.4%
5478,百团大战,25.3%,4526.01,57,12.1%,100%
5479,烈日灼心,20.4%,3654.84,36,20.4%,44.4%
5480,捉妖记,7.5%,1345.45,32,4.5%,57.4%
5481,刺客聂隐娘,5.0%,894.34,20,8.5%,29.3%
5482,滚蛋吧！肿瘤君,4.3%,776.12,25,5.9%,42.3%
5483,洛克王国4：出发！巨人谷,1.4%,260.36,22,2.1%,38.9%
5484,西游记之大圣归来,1.4%,253.49,22,2.3%,33.1%
5485,三城记,1.2%,215.21,10,4.2%,19.5%
5486,魔镜奇缘,0.9%,168.67,13,2.9%,19.2%
5487,新娘大作战,0.5%,94.41,9,1.9%,24.8%
5488,战火中的芭蕾,0.5%,92.94,126,0.1%,100%
5489,这里的黎明静悄悄,0.4%,74.13,16,0.8%,25.4%
5490,黑猫警长之翡翠之星,0.2%,49.80,17,0.6%,43.1%
5491,小鬼智多星,0.2%,38.46,130,<0.1%,100%
5492,一个老师的学校,0.2%,38.36,125,<0.1%,100%
5493,诡劫,0.1%,34.75,6,1.3%,10.3%
5494,桂宝之爆笑闯宇宙,0.1%,27.06,17,0.3%,38.8%
5495,诱狼,0.1%,26.46,37,0.1%,100%
5496,白雪公主之神秘爸爸,0.1%,21.41,10,0.4%,30.6%
5497,煎饼侠,<0.1%,13.11,11,0.2%,31.9%
5498,七月半之恐怖宿舍,<0.1%,9.41,4,0.5%,21.2%
5499,我是奋青,<0.1%,7.38,4,0.5%,6.6%
5500,犹太女孩在上海2：项链密码,<0.1%,7.29,6,0.3%,9.6%
5501,华丽上班族,<0.1%,5.30,103,<0.1%,100%
5502,破风,<0.1%,5.07,15,<0.1%,32.5%
5503,双生灵,<0.1%,3.90,5,0.1%,14.2%
5504,恋爱中的城市,<0.1%,3.71,5,0.1%,18.1%
5505,王朝的女人·杨贵妃,<0.1%,3.27,50,<0.1%,53.4%
5506,为了这片土地,<0.1%,3.09,115,<0.1%,100%
5507,王化买父,<0.1%,2.32,31,<0.1%,--
5508,三少爷的剑,<0.1%,2.27,146,<0.1%,100%
5509,王子与108煞,<0.1%,1.91,5,0.1%,14.7%
5510,李三娘,<0.1%,1.77,32,<0.1%,--
5511,默守那份情,<0.1%,1.55,71,<0.1%,100%
5512,美人鱼之海盗来袭,<0.1%,1.54,13,<0.1%,74.2%
5513,非你勿扰,<0.1%,1.42,35,<0.1%,100%
5514,狂野飞车,<0.1%,1.26,4,0.1%,34.1%
5515,黑瞳,<0.1%,1.21,22,<0.1%,100%
5516,穷途,<0.1%,1.18,57,<0.1%,61.2%
5517,我爸比我小四岁,<0.1%,1.09,23,<0.1%,81.7%
5518,冰雪女王,<0.1%,1.03,8,<0.1%,20.6%
5519,百团大战,46.4%,5192.90,58,13.5%,100%
5520,终结者：创世纪,18.5%,2076.47,14,27.7%,14.0%
5521,烈日灼心,16.7%,1873.87,19,21.1%,23.7%
5522,捉妖记,4.3%,485.62,14,4.6%,23.9%
5523,滚蛋吧！肿瘤君,3.5%,393.92,12,6.5%,20.7%
5524,刺客聂隐娘,3.4%,390.29,10,8.3%,14.0%
5525,战火中的芭蕾,1.2%,137.82,137,0.1%,100%
5526,洛克王国4：出发！巨人谷,0.9%,102.37,10,2.0%,16.9%
5527,西游记之大圣归来,0.8%,97.60,9,2.4%,13.0%
5528,三城记,0.8%,91.22,5,4.2%,8.8%
5529,新娘大作战,0.5%,56.91,6,2.1%,14.3%
5530,一个老师的学校,0.3%,38.49,119,<0.1%,100%
5531,小鬼智多星,0.3%,38.46,127,<0.1%,100%
5532,诡劫,0.2%,29.30,5,1.4%,8.9%
5533,诱狼,0.2%,26.63,37,0.1%,100%
5534,这里的黎明静悄悄,0.2%,25.65,7,0.7%,10.9%
5535,黑猫警长之翡翠之星,0.1%,15.27,7,0.5%,15.2%
5536,桂宝之爆笑闯宇宙,<0.1%,10.81,8,0.3%,15.3%
5537,为了这片土地,<0.1%,8.65,207,<0.1%,100%
5538,白雪公主之神秘爸爸,<0.1%,8.64,5,0.4%,11.5%
5539,黑瞳,<0.1%,7.57,32,<0.1%,84.2%
5540,李米的猜想,<0.1%,7.46,115,<0.1%,--
5541,七月半之恐怖宿舍,<0.1%,7.12,3,0.6%,15.1%
5542,煎饼侠,<0.1%,7.11,6,0.2%,16.3%
5543,男神时代,<0.1%,4.78,137,<0.1%,100%
5544,夏洛特烦恼,<0.1%,4.22,139,<0.1%,100%
5545,犹太女孩在上海2：项链密码,<0.1%,3.95,4,0.2%,6.5%
5546,双生灵,<0.1%,3.34,5,0.1%,14.5%
5547,破风,<0.1%,3.13,8,<0.1%,15.2%
5548,我是奋青,<0.1%,2.92,2,0.5%,3.1%
5549,恋爱中的城市,<0.1%,2.09,3,0.1%,10.3%
5550,李三娘,<0.1%,1.72,28,<0.1%,--
5551,邓小平登黄山,<0.1%,1.67,47,<0.1%,85.5%
5552,相伴库里申科,<0.1%,1.20,44,<0.1%,100%
5553,我爸比我小四岁,<0.1%,1.16,27,<0.1%,100%
5554,王化买父,<0.1%,1.12,19,<0.1%,--
5555,王子与108煞,<0.1%,1.11,4,<0.1%,13.6%
5556,百团大战,57.6%,6623.41,66,14.6%,100%
5557,终结者：创世纪,15.0%,1729.07,12,27.5%,11.5%
5558,烈日灼心,14.0%,1618.93,16,21.6%,19.8%
5559,刺客聂隐娘,3.1%,362.63,10,7.8%,14.3%
5560,滚蛋吧！肿瘤君,2.9%,343.12,11,6.6%,17.7%
5561,捉妖记,2.9%,337.12,11,4.7%,18.2%
5562,三城记,0.6%,73.47,4,3.8%,7.8%
5563,西游记之大圣归来,0.4%,52.65,5,2.2%,7.4%
5564,新娘大作战,0.3%,41.14,4,2.1%,10.6%
5565,一个老师的学校,0.3%,38.46,121,<0.1%,100%
5566,小鬼智多星,0.3%,38.46,133,<0.1%,100%
5567,战火中的芭蕾,0.2%,32.79,76,<0.1%,100%
5568,诡劫,0.2%,27.32,5,1.4%,8.4%
5569,诱狼,0.2%,26.35,38,0.1%,100%
5570,这里的黎明静悄悄,0.2%,25.26,7,0.7%,10.5%
5571,洛克王国4：出发！巨人谷,0.1%,18.28,3,1.6%,4.0%
5572,黑瞳,0.1%,12.10,43,<0.1%,100%
5573,华丽上班族,<0.1%,11.47,11,0.2%,8.3%
5574,为了这片土地,<0.1%,7.71,198,<0.1%,100%
5575,煎饼侠,<0.1%,7.38,6,0.2%,16.5%
5576,狂野飞车,<0.1%,7.27,20,0.1%,100%
5577,七月半之恐怖宿舍,<0.1%,6.05,3,0.6%,13.5%
5578,我爸比我小四岁,<0.1%,4.87,65,<0.1%,100%
5579,桂宝之爆笑闯宇宙,<0.1%,4.55,5,0.2%,8.7%
5580,夏洛特烦恼,<0.1%,4.44,183,<0.1%,100%
5581,黑猫警长之翡翠之星,<0.1%,3.83,3,0.4%,5.9%
5582,双生灵,<0.1%,2.87,4,0.2%,13.3%
5583,相伴库里申科,<0.1%,2.71,102,<0.1%,--
5584,白雪公主之神秘爸爸,<0.1%,2.44,2,0.4%,4.4%
5585,犹太女孩在上海2：项链密码,<0.1%,2.38,3,0.2%,6.4%
5586,男神时代,<0.1%,2.31,38,<0.1%,41.7%
5587,大变局之梦回甲午,<0.1%,2.19,2,0.3%,2.3%
5588,我是奋青,<0.1%,1.88,2,0.3%,5.0%
5589,破风,<0.1%,1.85,5,<0.1%,8.1%
5590,恋爱中的城市,<0.1%,1.63,3,0.1%,9.6%
5591,宅女侦探桂香,<0.1%,1.37,8,<0.1%,28.2%
5592,李三娘,<0.1%,1.01,40,<0.1%,--
5593,百团大战,49.3%,6686.11,80,12.4%,100%
5594,终结者：创世纪,15.4%,2089.20,18,20.9%,18.5%
5595,烈日灼心,12.9%,1755.35,23,16.5%,29.4%
5596,华丽上班族,11.0%,1503.07,14,22.4%,15.4%
5597,捉妖记,2.1%,292.80,17,2.4%,32.4%
5598,情敌蜜月,1.7%,241.32,8,6.4%,12.7%
5599,男神时代,1.6%,224.65,9,5.2%,15.7%
5600,刺客聂隐娘,1.6%,220.47,15,2.8%,25.7%
5601,滚蛋吧！肿瘤君,1.6%,219.75,14,2.9%,27.3%
5602,西游记之大圣归来,0.2%,38.83,7,1.1%,10.6%
5603,一个老师的学校,0.2%,38.50,127,<0.1%,100%
5604,小鬼智多星,0.2%,38.45,131,<0.1%,100%
5605,战火中的芭蕾,0.2%,33.55,92,<0.1%,100%
5606,诱狼,0.1%,23.41,58,<0.1%,100%
5607,诡劫,0.1%,21.13,7,0.7%,12.1%
5608,三城记,0.1%,19.41,5,0.8%,12.0%
5609,这里的黎明静悄悄,0.1%,16.81,10,0.3%,16.9%
5610,黑瞳,0.1%,14.26,54,<0.1%,100%
5611,新娘大作战,0.1%,14.17,4,0.7%,12.9%
5612,洛克王国4：出发！巨人谷,<0.1%,13.51,4,0.7%,7.2%
5613,为了这片土地,<0.1%,8.01,167,<0.1%,100%
5614,七月半之恐怖宿舍,<0.1%,6.58,4,0.5%,19.2%
5615,黑猫警长之翡翠之星,<0.1%,4.93,4,0.2%,11.3%
5616,狂野飞车,<0.1%,4.18,13,0.1%,100%
5617,煎饼侠,<0.1%,3.98,7,0.1%,28.5%
5618,桂宝之爆笑闯宇宙,<0.1%,3.47,6,0.1%,12.8%
5619,相伴库里申科,<0.1%,2.89,61,<0.1%,100%
5620,犹太女孩在上海2：项链密码,<0.1%,2.65,9,<0.1%,14.3%
5621,双生灵,<0.1%,2.21,5,0.1%,15.9%
5622,白雪公主之神秘爸爸,<0.1%,1.88,2,0.2%,6.6%
5623,大变局之梦回甲午,<0.1%,1.58,4,<0.1%,14.2%
5624,我爸比我小四岁,<0.1%,1.34,39,<0.1%,100%
5625,启功,<0.1%,1.28,85,<0.1%,100%
5626,破风,<0.1%,1.02,7,<0.1%,9.7%
5627,邓小平登黄山,<0.1%,1.00,32,<0.1%,100%
5628,百团大战,33.0%,5099.05,73,10.5%,100%
5629,终结者：创世纪,23.6%,3647.27,30,21.1%,30.3%
5630,烈日灼心,17.8%,2753.68,33,16.8%,41.4%
5631,华丽上班族,7.2%,1118.12,12,18.2%,13.2%
5632,捉妖记,3.3%,509.78,32,2.5%,54.5%
5633,滚蛋吧！肿瘤君,2.4%,380.94,25,2.8%,43.1%
5634,魔镜奇缘,2.2%,353.98,12,6.4%,19.5%
5635,刺客聂隐娘,1.9%,302.60,24,2.3%,40.7%
5636,男神时代,1.8%,283.46,15,3.9%,25.9%
5637,情敌蜜月,1.7%,273.09,11,4.9%,18.6%
5638,开罗宣言,1.0%,162.12,11,1.7%,19.7%
5639,西游记之大圣归来,0.7%,115.93,20,1.1%,29.0%
5640,枕边诡影,0.5%,77.65,11,1.7%,21.6%
5641,洛克王国4：出发！巨人谷,0.3%,55.23,15,0.7%,23.2%
5642,小鬼智多星,0.2%,38.49,127,<0.1%,100%
5643,一个老师的学校,0.2%,38.45,125,<0.1%,100%
5644,诱狼,0.2%,31.55,67,<0.1%,100%
5645,战火中的芭蕾,0.1%,30.40,100,<0.1%,100%
5646,三城记,0.1%,26.47,9,0.5%,24.7%
5647,这里的黎明静悄悄,0.1%,20.02,11,0.3%,20.7%
5648,黑猫警长之翡翠之星,0.1%,19.18,12,0.3%,25.4%
5649,新娘大作战,0.1%,18.08,8,0.4%,23.7%
5650,穷途,<0.1%,11.31,5,0.6%,10.7%
5651,诡劫,<0.1%,9.45,7,0.3%,11.3%
5652,煎饼侠,<0.1%,8.59,15,<0.1%,60.8%
5653,七月半之恐怖宿舍,<0.1%,6.74,5,0.3%,29.4%
5654,狂野飞车,<0.1%,6.58,26,0.1%,100%
5655,桂宝之爆笑闯宇宙,<0.1%,6.09,11,0.1%,25.8%
5656,白雪公主之神秘爸爸,<0.1%,5.30,5,0.2%,18.6%
5657,破风,<0.1%,2.20,15,<0.1%,18.9%
5658,犹太女孩在上海2：项链密码,<0.1%,1.96,10,<0.1%,35.0%
5659,我爸比我小四岁,<0.1%,1.56,49,<0.1%,100%
5660,角逐,<0.1%,1.02,2,0.1%,12.1%
5661,终结者：创世纪,31.8%,3455.56,27,21.7%,27.1%
5662,烈日灼心,24.8%,2703.04,31,17.6%,37.6%
5663,华丽上班族,7.4%,807.08,11,14.3%,12.8%
5664,捉妖记,5.1%,557.03,30,2.8%,48.4%
5665,亚马逊萌猴奇遇记,4.9%,536.64,24,4.4%,37.6%
5666,百团大战,3.9%,431.79,19,4.8%,37.4%
5667,魔镜奇缘,3.4%,376.40,14,5.7%,24.2%
5668,滚蛋吧！肿瘤君,3.3%,359.51,23,2.8%,39.6%
5669,落跑吧爱情,3.2%,357.83,10,7.7%,16.3%
5670,刺客聂隐娘,2.5%,274.27,24,2.0%,42.1%
5671,开罗宣言,1.7%,191.62,19,1.2%,33.5%
5672,情敌蜜月,1.6%,179.86,10,3.5%,17.8%
5673,男神时代,1.3%,146.18,10,2.9%,16.7%
5674,西游记之大圣归来,1.1%,126.39,22,1.1%,29.7%
5675,洛克王国4：出发！巨人谷,0.5%,62.43,19,0.6%,31.2%
5676,枕边诡影,0.5%,57.00,8,1.7%,16.2%
5677,一个老师的学校,0.3%,38.46,128,<0.1%,100%
5678,小鬼智多星,0.3%,38.43,130,<0.1%,100%
5679,黑猫警长之翡翠之星,0.2%,25.10,17,0.3%,39.1%
5680,这里的黎明静悄悄,0.2%,22.76,13,0.3%,22.9%
5681,三城记,0.1%,21.70,9,0.4%,26.7%
5682,新娘大作战,0.1%,13.18,7,0.3%,26.1%
5683,煎饼侠,<0.1%,8.44,14,0.1%,42.3%
5684,穷途,<0.1%,7.46,4,0.4%,12.0%
5685,诡劫,<0.1%,7.16,6,0.2%,9.6%
5686,狂野飞车,<0.1%,6.81,27,<0.1%,100%
5687,白雪公主之神秘爸爸,<0.1%,6.52,7,0.2%,25.9%
5688,七月半之恐怖宿舍,<0.1%,6.20,4,0.4%,26.5%
5689,桂宝之爆笑闯宇宙,<0.1%,6.14,13,0.1%,33.6%
5690,三少爷的剑,<0.1%,4.47,145,<0.1%,--
5691,战火中的芭蕾,<0.1%,3.15,18,<0.1%,58.6%
5692,犹太女孩在上海2：项链密码,<0.1%,2.08,18,<0.1%,54.6%
5693,诱狼,<0.1%,1.72,12,<0.1%,100%
5694,狼图腾,<0.1%,1.64,51,<0.1%,100%
5695,幸福很囧,<0.1%,1.62,2,0.2%,4.2%
5696,李三娘,<0.1%,1.48,30,<0.1%,--
5697,王化买父,<0.1%,1.43,27,<0.1%,--
5698,我爸比我小四岁,<0.1%,1.37,45,<0.1%,100%
5699,破风,<0.1%,1.05,12,<0.1%,13.6%
5700,终结者：创世纪,28.9%,2373.46,19,22.0%,18.4%
5701,烈日灼心,25.3%,2076.86,23,18.2%,28.0%
5702,华丽上班族,6.6%,542.65,8,12.7%,10.4%
5703,捉妖记,6.0%,495.27,23,3.2%,35.6%
5704,亚马逊萌猴奇遇记,5.9%,488.92,18,5.2%,27.7%
5705,落跑吧爱情,4.1%,337.77,10,7.2%,17.5%
5706,百团大战,4.0%,328.39,15,4.7%,29.0%
5707,滚蛋吧！肿瘤君,3.6%,297.41,18,3.1%,29.8%
5708,魔镜奇缘,3.4%,286.26,11,5.6%,19.3%
5709,刺客聂隐娘,2.5%,207.98,17,2.1%,30.2%
5710,西游记之大圣归来,1.5%,123.28,19,1.3%,25.6%
5711,情敌蜜月,1.4%,120.48,7,3.4%,12.9%
5712,开罗宣言,1.3%,111.12,13,1.1%,21.9%
5713,男神时代,1.0%,88.57,7,2.8%,10.3%
5714,洛克王国4：出发！巨人谷,0.6%,53.17,16,0.6%,25.1%
5715,枕边诡影,0.5%,43.37,6,1.7%,12.2%
5716,小鬼智多星,0.4%,38.46,133,<0.1%,100%
5717,一个老师的学校,0.4%,38.42,128,<0.1%,100%
5718,黑猫警长之翡翠之星,0.2%,24.07,14,0.3%,34.8%
5719,这里的黎明静悄悄,0.2%,17.65,10,0.3%,17.4%
5720,三城记,0.2%,17.29,8,0.4%,21.5%
5721,新娘大作战,0.1%,8.38,4,0.3%,15.6%
5722,狂野飞车,<0.1%,6.08,25,<0.1%,100%
5723,煎饼侠,<0.1%,5.93,10,0.1%,31.2%
5724,诡劫,<0.1%,5.56,5,0.2%,8.0%
5725,白雪公主之神秘爸爸,<0.1%,5.47,6,0.2%,22.8%
5726,三少爷的剑,<0.1%,5.22,117,<0.1%,--
5727,桂宝之爆笑闯宇宙,<0.1%,5.06,12,0.1%,28.6%
5728,穷途,<0.1%,4.85,3,0.3%,9.4%
5729,七月半之恐怖宿舍,<0.1%,4.51,3,0.4%,20.1%
5730,战火中的芭蕾,<0.1%,3.51,23,<0.1%,69.6%
5731,犹太女孩在上海2：项链密码,<0.1%,3.00,21,<0.1%,100%
5732,大变局之梦回甲午,<0.1%,1.84,3,0.1%,14.6%
5733,李三娘,<0.1%,1.60,34,<0.1%,--
5734,诱狼,<0.1%,1.55,11,<0.1%,100%
5735,碟中谍5：神秘国度,<0.1%,1.46,244,<0.1%,--
5736,王化买父,<0.1%,1.40,24,<0.1%,--
5737,狼图腾,<0.1%,1.38,42,<0.1%,100%
5738,幸福很囧,<0.1%,1.06,2,0.1%,5.8%
5739,终结者：创世纪,29.1%,1258.22,10,22.9%,10.0%
5740,烈日灼心,27.0%,1167.25,13,19.4%,15.5%
5741,捉妖记,7.7%,333.74,14,3.4%,20.5%
5742,华丽上班族,7.5%,327.24,6,12.3%,6.9%
5743,落跑吧爱情,4.9%,213.25,7,7.4%,11.3%
5744,百团大战,4.4%,192.68,9,4.7%,17.6%
5745,滚蛋吧！肿瘤君,3.6%,156.37,9,3.4%,14.7%
5746,刺客聂隐娘,2.6%,116.25,10,2.3%,16.4%
5747,开罗宣言,2.1%,92.33,12,1.0%,21.6%
5748,亚马逊萌猴奇遇记,1.8%,81.20,4,4.5%,5.2%
5749,情敌蜜月,1.6%,70.90,5,3.5%,7.7%
5750,一个老师的学校,0.8%,38.50,130,<0.1%,100%
5751,小鬼智多星,0.8%,38.30,129,<0.1%,100%
5752,枕边诡影,0.7%,33.50,5,1.9%,9.3%
5753,男神时代,0.7%,31.01,3,2.6%,4.0%
5754,西游记之大圣归来,0.6%,30.01,6,1.2%,6.7%
5755,魔镜奇缘,0.6%,27.63,2,3.9%,2.6%
5756,这里的黎明静悄悄,0.2%,10.99,6,0.3%,10.7%
5757,三城记,0.2%,10.40,5,0.4%,13.4%
5758,黑猫警长之翡翠之星,0.1%,8.04,7,0.2%,19.4%
5759,洛克王国4：出发！巨人谷,0.1%,7.16,3,0.3%,5.5%
5760,狂野飞车,0.1%,7.10,28,0.1%,100%
5761,为了这片土地,0.1%,5.64,210,<0.1%,100%
5762,犹太女孩在上海2：项链密码,0.1%,4.77,53,<0.1%,100%
5763,新娘大作战,0.1%,4.66,3,0.4%,7.3%
5764,诱狼,<0.1%,4.22,22,<0.1%,100%
5765,诡劫,<0.1%,4.19,3,0.3%,6.1%
5766,煎饼侠,<0.1%,3.15,5,0.1%,15.6%
5767,七月半之恐怖宿舍,<0.1%,3.06,2,0.4%,13.2%
5768,战火中的芭蕾,<0.1%,2.97,22,<0.1%,49.5%
5769,相伴库里申科,<0.1%,2.76,66,<0.1%,100%
5770,穷途,<0.1%,2.70,2,0.3%,6.2%
5771,王化买父,<0.1%,1.55,25,<0.1%,--
5772,李三娘,<0.1%,1.50,32,<0.1%,--
5773,狼图腾,<0.1%,1.50,43,<0.1%,100%
5774,战狼,<0.1%,1.34,298,<0.1%,--
5775,被偷走的那五年,<0.1%,1.34,298,<0.1%,--
5776,碟中谍5：神秘国度,23.0%,934.24,63,2.9%,39.5%
5777,终结者：创世纪,21.3%,865.47,7,22.8%,6.7%
5778,烈日灼心,20.3%,824.30,9,19.7%,10.3%
5779,捉妖记,7.0%,286.55,11,3.5%,15.7%
5780,华丽上班族,5.1%,210.62,4,11.3%,4.8%
5781,百团大战,4.1%,168.38,9,4.7%,15.5%
5782,落跑吧爱情,3.6%,147.12,5,7.3%,7.4%
5783,滚蛋吧！肿瘤君,2.9%,118.05,7,3.6%,10.0%
5784,刺客聂隐娘,2.1%,89.13,7,2.3%,11.3%
5785,开罗宣言,2.0%,82.66,12,0.9%,20.2%
5786,情敌蜜月,1.4%,57.14,4,3.4%,6.2%
5787,小鬼智多星,0.9%,38.61,127,<0.1%,100%
5788,一个老师的学校,0.9%,38.37,125,<0.1%,100%
5789,亚马逊萌猴奇遇记,0.7%,32.24,2,4.0%,2.4%
5790,枕边诡影,0.7%,29.14,4,1.9%,7.3%
5791,男神时代,0.5%,20.70,2,2.5%,2.9%
5792,西游记之大圣归来,0.4%,18.72,4,1.2%,4.1%
5793,魔镜奇缘,0.2%,9.42,1,3.1%,1.2%
5794,这里的黎明静悄悄,0.2%,8.91,6,0.3%,10.9%
5795,三城记,0.1%,7.00,4,0.4%,9.2%
5796,狂野飞车,0.1%,6.94,26,0.1%,100%
5797,为了这片土地,0.1%,6.74,225,<0.1%,100%
5798,诱狼,0.1%,5.93,34,<0.1%,100%
5799,犹太女孩在上海2：项链密码,0.1%,5.31,60,<0.1%,100%
5800,黑猫警长之翡翠之星,0.1%,4.51,6,0.1%,14.7%
5801,新娘大作战,<0.1%,3.83,2,0.4%,4.8%
5802,诡劫,<0.1%,3.20,3,0.3%,4.2%
5803,煎饼侠,<0.1%,2.71,4,0.1%,11.7%
5804,黑瞳,<0.1%,2.63,66,<0.1%,100%
5805,七月半之恐怖宿舍,<0.1%,2.33,2,0.4%,8.6%
5806,穷途,<0.1%,2.09,2,0.3%,5.1%
5807,洛克王国4：出发！巨人谷,<0.1%,2.08,2,0.2%,3.2%
5808,狼图腾,<0.1%,1.70,37,<0.1%,100%
5809,夏洛特烦恼,<0.1%,1.59,104,<0.1%,100%
5810,王化买父,<0.1%,1.47,25,<0.1%,--
5811,京城81号,<0.1%,1.34,298,<0.1%,--
5812,李三娘,<0.1%,1.33,29,<0.1%,--
5813,相伴库里申科,<0.1%,1.30,75,<0.1%,--
5814,战火中的芭蕾,<0.1%,1.22,11,<0.1%,28.3%
5815,邓小平登黄山,<0.1%,1.21,76,<0.1%,100%
5816,三少爷的剑,<0.1%,1.16,79,<0.1%,--
5817,可爱的你,<0.1%,1.07,239,<0.1%,--
5818,碟中谍5：神秘国度,89.8%,10805.13,45,54.0%,37.1%
5819,烈日灼心,2.9%,351.47,7,11.4%,9.5%
5820,终结者：创世纪,2.2%,273.51,5,11.2%,6.2%
5821,捉妖记,1.1%,132.33,13,1.5%,19.5%
5822,百团大战,0.9%,109.98,11,2.4%,19.2%
5823,滚蛋吧！肿瘤君,0.3%,41.85,7,1.4%,10.7%
5824,华丽上班族,0.3%,39.86,3,3.4%,3.7%
5825,一个老师的学校,0.3%,38.47,130,<0.1%,100%
5826,小鬼智多星,0.3%,38.46,133,<0.1%,100%
5827,落跑吧爱情,0.3%,37.93,4,2.8%,5.3%
5828,刺客聂隐娘,0.2%,27.80,7,0.8%,9.9%
5829,情敌蜜月,0.1%,20.41,5,1.2%,7.7%
5830,枕边诡影,0.1%,14.42,4,1.2%,6.0%
5831,亚马逊萌猴奇遇记,0.1%,13.53,2,1.9%,1.9%
5832,黑猫警长之翡翠之星,<0.1%,6.71,10,0.1%,20.5%
5833,狂野飞车,<0.1%,6.12,25,0.1%,100%
5834,西游记之大圣归来,<0.1%,5.94,3,0.5%,3.2%
5835,魔镜奇缘,<0.1%,5.86,1,1.4%,1.7%
5836,为了这片土地,<0.1%,5.81,194,<0.1%,100%
5837,犹太女孩在上海2：项链密码,<0.1%,5.73,113,<0.1%,90.1%
5838,男神时代,<0.1%,5.17,2,0.7%,3.1%
5839,开罗宣言,<0.1%,4.02,4,0.3%,5.5%
5840,这里的黎明静悄悄,<0.1%,2.58,4,0.1%,5.5%
5841,七月半之恐怖宿舍,<0.1%,2.33,2,0.4%,6.4%
5842,狼图腾,<0.1%,1.99,53,<0.1%,100%
5843,李三娘,<0.1%,1.84,31,<0.1%,100%
5844,三城记,<0.1%,1.70,3,0.1%,8.0%
5845,诡劫,<0.1%,1.48,3,0.1%,4.3%
5846,黑瞳,<0.1%,1.44,52,<0.1%,55.5%
5847,洛克王国4：出发！巨人谷,<0.1%,1.37,3,0.1%,5.0%
5848,新娘大作战,<0.1%,1.35,2,0.2%,5.0%
5849,战狼,<0.1%,1.34,298,<0.1%,--
5850,三少爷的剑,<0.1%,1.27,213,<0.1%,--
5851,王化买父,<0.1%,1.24,24,<0.1%,100%
5852,甜蜜蜜,<0.1%,1.14,255,<0.1%,--
5853,大变局之梦回甲午,<0.1%,1.02,10,<0.1%,47.0%
5854,碟中谍5：神秘国度,85.4%,7867.38,32,54.8%,26.4%
5855,烈日灼心,3.4%,319.14,7,11.2%,8.7%
5856,捉妖记,3.0%,285.27,15,1.8%,20.2%
5857,终结者：创世纪,2.7%,254.30,5,11.0%,5.9%
5858,百团大战,1.3%,127.80,13,2.5%,21.8%
5859,滚蛋吧！肿瘤君,0.4%,40.05,6,1.4%,9.6%
5860,落跑吧爱情,0.4%,38.68,4,2.8%,5.2%
5861,赤狼蚁,0.4%,38.46,117,<0.1%,100%
5862,放飞理想,0.4%,38.21,127,<0.1%,--
5863,华丽上班族,0.4%,37.67,3,3.1%,3.7%
5864,刺客聂隐娘,0.2%,27.32,7,0.8%,9.2%
5865,枕边诡影,0.1%,16.86,4,1.3%,6.2%
5866,情敌蜜月,0.1%,13.06,3,1.1%,4.5%
5867,亚马逊萌猴奇遇记,0.1%,11.97,2,1.8%,1.7%
5868,夏洛特烦恼,<0.1%,7.97,206,<0.1%,100%
5869,黑猫警长之翡翠之星,<0.1%,7.54,11,0.1%,20.1%
5870,西游记之大圣归来,<0.1%,7.38,3,0.5%,3.2%
5871,男神时代,<0.1%,6.85,3,0.6%,4.3%
5872,犹太女孩在上海2：项链密码,<0.1%,5.45,103,<0.1%,73.7%
5873,为了这片土地,<0.1%,5.38,139,<0.1%,100%
5874,这里的黎明静悄悄,<0.1%,5.28,7,0.1%,9.1%
5875,狂野飞车,<0.1%,5.17,21,0.1%,100%
5876,魔镜奇缘,<0.1%,5.11,1,1.4%,1.4%
5877,三城记,<0.1%,3.53,6,0.1%,15.5%
5878,开罗宣言,<0.1%,3.52,4,0.2%,5.2%
5879,诱狼,<0.1%,2.94,25,<0.1%,66.7%
5880,七月半之恐怖宿舍,<0.1%,2.50,2,0.4%,6.3%
5881,大变局之梦回甲午,<0.1%,2.31,21,<0.1%,57.6%
5882,战火中的芭蕾,<0.1%,2.07,47,<0.1%,100%
5883,黑瞳,<0.1%,1.78,74,<0.1%,100%
5884,诡劫,<0.1%,1.55,3,0.1%,4.4%
5885,李三娘,<0.1%,1.49,29,<0.1%,100%
5886,邓小平登黄山,<0.1%,1.45,46,<0.1%,--
5887,新娘大作战,<0.1%,1.42,2,0.2%,3.9%
5888,王化买父,<0.1%,1.42,27,<0.1%,100%
5889,可爱的你,<0.1%,1.34,298,<0.1%,--
5890,被偷走的那五年,<0.1%,1.34,298,<0.1%,--
5891,相伴库里申科,<0.1%,1.01,75,<0.1%,--
5892,碟中谍5：神秘国度,81.6%,6459.65,26,55.4%,21.7%
5893,烈日灼心,4.0%,322.85,7,11.0%,9.2%
5894,捉妖记,3.6%,291.32,16,1.8%,21.6%
5895,终结者：创世纪,3.2%,255.81,5,10.8%,6.1%
5896,百团大战,1.8%,148.71,14,2.6%,24.4%
5897,放飞理想,0.9%,74.58,127,0.1%,100%
5898,赤狼蚁,0.9%,74.40,138,0.1%,100%
5899,落跑吧爱情,0.5%,44.93,4,2.7%,6.2%
5900,滚蛋吧！肿瘤君,0.5%,41.51,6,1.4%,9.8%
5901,华丽上班族,0.4%,37.80,3,2.9%,4.2%
5902,刺客聂隐娘,0.3%,27.48,7,0.8%,9.3%
5903,亚马逊萌猴奇遇记,0.2%,19.58,3,1.7%,3.0%
5904,枕边诡影,0.2%,17.13,4,1.3%,6.2%
5905,情敌蜜月,0.1%,13.46,3,1.1%,4.8%
5906,魔镜奇缘,0.1%,9.72,2,1.4%,2.7%
5907,为了这片土地,<0.1%,6.80,114,<0.1%,100%
5908,这里的黎明静悄悄,<0.1%,5.64,8,0.1%,9.9%
5909,启功,<0.1%,5.62,3,0.6%,5.2%
5910,犹太女孩在上海2：项链密码,<0.1%,5.61,98,<0.1%,70.8%
5911,黑猫警长之翡翠之星,<0.1%,5.15,8,0.1%,13.4%
5912,开罗宣言,<0.1%,4.28,5,0.2%,6.5%
5913,男神时代,<0.1%,3.65,2,0.5%,2.5%
5914,洛克王国4：出发！巨人谷,<0.1%,3.28,5,0.1%,6.1%
5915,诱狼,<0.1%,2.96,26,<0.1%,75.8%
5916,七月半之恐怖宿舍,<0.1%,2.87,2,0.4%,6.9%
5917,1980年代的爱情,<0.1%,2.61,58,<0.1%,89.4%
5918,大变局之梦回甲午,<0.1%,2.02,21,<0.1%,45.5%
5919,三城记,<0.1%,1.76,3,0.1%,7.3%
5920,黑瞳,<0.1%,1.72,54,<0.1%,100%
5921,王化买父,<0.1%,1.55,30,<0.1%,76.2%
5922,相伴库里申科,<0.1%,1.54,63,<0.1%,100%
5923,诡劫,<0.1%,1.48,3,0.1%,4.6%
5924,李三娘,<0.1%,1.44,29,<0.1%,100%
5925,战狼,<0.1%,1.34,298,<0.1%,--
5926,新娘大作战,<0.1%,1.33,2,0.2%,4.6%
5927,京城81号,<0.1%,1.14,255,<0.1%,--
5928,狂野飞车,<0.1%,1.02,4,0.1%,30.9%
5929,碟中谍5：神秘国度,81.3%,7624.06,31,52.9%,25.4%
5930,烈日灼心,3.8%,361.61,9,9.4%,11.8%
5931,终结者：创世纪,3.1%,294.29,7,9.4%,8.1%
5932,捉妖记,3.0%,286.71,19,1.4%,29.3%
5933,百团大战,2.0%,194.36,21,2.2%,36.4%
5934,星语心愿之再爱,1.2%,120.36,5,6.7%,5.5%
5935,赤狼蚁,0.8%,79.09,144,0.1%,100%
5936,放飞理想,0.8%,78.45,138,0.1%,100%
5937,滚蛋吧！肿瘤君,0.4%,40.64,8,1.1%,13.2%
5938,1980年代的爱情,0.3%,34.34,7,1.3%,8.9%
5939,亚马逊萌猴奇遇记,0.3%,29.37,4,1.6%,5.0%
5940,落跑吧爱情,0.3%,29.09,4,1.6%,6.4%
5941,华丽上班族,0.2%,27.96,3,1.8%,4.6%
5942,刺客聂隐娘,0.2%,24.32,9,0.5%,12.4%
5943,斗地主,0.2%,22.29,2,3.2%,2.6%
5944,枕边诡影,0.2%,19.98,6,1.0%,9.0%
5945,魔镜奇缘,0.1%,12.82,3,1.3%,4.0%
5946,为了这片土地,0.1%,11.99,125,<0.1%,100%
5947,狂野飞车,0.1%,11.53,58,<0.1%,100%
5948,黑瞳,<0.1%,7.16,120,<0.1%,99.3%
5949,情敌蜜月,<0.1%,7.07,3,0.5%,4.9%
5950,黑猫警长之翡翠之星,<0.1%,6.57,12,<0.1%,20.0%
5951,这里的黎明静悄悄,<0.1%,5.22,9,0.1%,9.9%
5952,东莞女孩,<0.1%,4.62,3,0.3%,4.3%
5953,犹太女孩在上海2：项链密码,<0.1%,4.00,120,<0.1%,100%
5954,启功,<0.1%,3.53,3,0.2%,4.9%
5955,开罗宣言,<0.1%,3.15,6,0.1%,9.1%
5956,七月半之恐怖宿舍,<0.1%,2.11,3,0.2%,8.3%
5957,大变局之梦回甲午,<0.1%,2.00,29,<0.1%,90.8%
5958,洛克王国4：出发！巨人谷,<0.1%,1.83,4,0.1%,4.7%
5959,诱狼,<0.1%,1.77,32,<0.1%,63.7%
5960,男神时代,<0.1%,1.75,2,0.2%,2.4%
5961,三少爷的剑,<0.1%,1.64,83,<0.1%,--
5962,宅女侦探桂香,<0.1%,1.62,16,<0.1%,67.7%
5963,李三娘,<0.1%,1.51,33,<0.1%,100%
5964,王化买父,<0.1%,1.49,25,<0.1%,71.2%
5965,夏洛特烦恼,<0.1%,1.36,70,<0.1%,43.3%
5966,可爱的你,<0.1%,1.34,298,<0.1%,--
5967,诡劫,<0.1%,1.19,3,0.1%,5.6%
5968,新娘大作战,<0.1%,1.19,2,0.1%,4.7%
5969,相伴库里申科,<0.1%,1.18,69,<0.1%,100%
5970,被偷走的那五年,<0.1%,1.14,255,<0.1%,--
5971,碟中谍5：神秘国度,80.5%,12775.69,49,52.0%,40.8%
5972,烈日灼心,3.9%,633.23,15,9.0%,20.7%
5973,终结者：创世纪,3.4%,545.51,12,8.9%,15.5%
5974,小黄人大眼萌,2.8%,455.44,46,1.7%,100%
5975,捉妖记,1.9%,313.11,25,1.5%,37.8%
5976,亚马逊萌猴奇遇记,1.5%,242.05,15,3.4%,17.6%
5977,星语心愿之再爱,0.9%,152.53,6,5.8%,7.8%
5978,魔镜奇缘,0.7%,124.18,9,3.2%,13.7%
5979,百团大战,0.5%,80.92,12,1.5%,23.1%
5980,放飞理想,0.4%,77.92,132,0.1%,100%
5981,赤狼蚁,0.4%,77.19,134,0.1%,100%
5982,滚蛋吧！肿瘤君,0.4%,75.41,14,1.0%,24.5%
5983,落跑吧爱情,0.2%,44.21,7,1.5%,10.3%
5984,华丽上班族,0.2%,40.92,5,1.5%,8.0%
5985,刺客聂隐娘,0.2%,38.38,15,0.4%,21.3%
5986,1980年代的爱情,0.2%,37.66,10,0.9%,14.8%
5987,枕边诡影,0.1%,26.94,7,1.0%,11.7%
5988,斗地主,0.1%,24.89,3,2.4%,3.9%
5989,洛克王国4：出发！巨人谷,0.1%,24.87,14,0.3%,18.8%
5990,黑猫警长之翡翠之星,<0.1%,14.48,18,0.1%,31.3%
5991,情敌蜜月,<0.1%,9.88,5,0.5%,7.5%
5992,这里的黎明静悄悄,<0.1%,5.02,9,0.1%,12.2%
5993,狂野飞车,<0.1%,4.61,44,<0.1%,100%
5994,七月半之恐怖宿舍,<0.1%,3.57,4,0.2%,15.2%
5995,白雪公主之神秘爸爸,<0.1%,3.35,6,0.1%,13.5%
5996,启功,<0.1%,2.97,4,0.2%,4.4%
5997,东莞女孩,<0.1%,2.97,3,0.2%,5.4%
5998,开罗宣言,<0.1%,2.70,6,<0.1%,11.1%
5999,新娘大作战,<0.1%,2.70,4,0.1%,11.1%
6000,夏洛特烦恼,<0.1%,2.11,128,<0.1%,100%
6001,诡劫,<0.1%,2.03,5,0.1%,8.4%
6002,三少爷的剑,<0.1%,1.94,56,<0.1%,--
6003,王化买父,<0.1%,1.87,23,<0.1%,58.0%
6004,三城记,<0.1%,1.77,6,<0.1%,12.3%
6005,男神时代,<0.1%,1.60,2,0.2%,2.9%
6006,大变局之梦回甲午,<0.1%,1.36,21,<0.1%,81.6%
6007,甜蜜蜜,<0.1%,1.34,298,<0.1%,--
6008,煎饼侠,<0.1%,1.28,6,<0.1%,14.2%
6009,李三娘,<0.1%,1.28,21,<0.1%,100%
6010,京城81号,<0.1%,1.14,255,<0.1%,--
6011,小黄人大眼萌,53.7%,11655.70,52,40.5%,47.4%
6012,碟中谍5：神秘国度,40.7%,8841.78,43,39.1%,39.7%
6013,烈日灼心,1.3%,284.65,13,4.4%,21.8%
6014,捉妖记,0.8%,192.81,24,0.7%,45.3%
6015,终结者：创世纪,0.8%,183.21,9,3.8%,13.5%
6016,星语心愿之再爱,0.4%,96.44,7,2.6%,11.4%
6017,放飞理想,0.3%,76.04,138,<0.1%,100%
6018,赤狼蚁,0.3%,76.03,141,<0.1%,100%
6019,百团大战,0.2%,50.42,13,0.8%,27.2%
6020,亚马逊萌猴奇遇记,0.1%,42.75,11,0.7%,14.1%
6021,滚蛋吧！肿瘤君,<0.1%,20.79,9,0.4%,18.4%
6022,1980年代的爱情,<0.1%,19.33,10,0.4%,17.1%
6023,刺客聂隐娘,<0.1%,17.50,15,0.1%,23.2%
6024,落跑吧爱情,<0.1%,16.41,5,0.7%,8.6%
6025,枕边诡影,<0.1%,15.62,6,0.7%,10.0%
6026,魔镜奇缘,<0.1%,15.01,6,0.5%,11.6%
6027,华丽上班族,<0.1%,10.79,4,0.4%,8.3%
6028,黑猫警长之翡翠之星,<0.1%,10.61,18,<0.1%,35.8%
6029,斗地主,<0.1%,9.12,2,1.2%,3.4%
6030,夏洛特烦恼,<0.1%,8.21,424,<0.1%,100%
6031,别有动机,<0.1%,4.49,141,<0.1%,--
6032,情敌蜜月,<0.1%,3.71,4,0.2%,7.1%
6033,七月半之恐怖宿舍,<0.1%,3.08,4,0.2%,14.6%
6034,这里的黎明静悄悄,<0.1%,2.16,8,<0.1%,10.3%
6035,李三娘,<0.1%,2.04,26,<0.1%,100%
6036,战火中的芭蕾,<0.1%,1.90,69,<0.1%,100%
6037,男神时代,<0.1%,1.76,3,0.1%,5.1%
6038,洛克王国4：出发！巨人谷,<0.1%,1.60,9,<0.1%,16.3%
6039,启功,<0.1%,1.47,3,0.1%,3.0%
6040,王化买父,<0.1%,1.42,26,<0.1%,91.2%
6041,三少爷的剑,<0.1%,1.35,45,<0.1%,--
6042,新娘大作战,<0.1%,1.26,3,0.1%,10.3%
6043,白雪公主之神秘爸爸,<0.1%,1.21,4,<0.1%,14.3%
6044,三城记,<0.1%,1.09,6,<0.1%,12.6%
6045,开罗宣言,<0.1%,1.02,5,<0.1%,9.3%
6046,碟中谍5：神秘国度,46.9%,2983.52,16,38.3%,15.1%
6047,小黄人大眼萌,40.8%,2597.83,13,39.3%,11.6%
6048,烈日灼心,2.3%,150.80,7,5.1%,10.3%
6049,捉妖记,1.8%,120.13,12,0.8%,20.2%
6050,终结者：创世纪,1.3%,88.13,4,4.2%,6.0%
6051,放飞理想,1.2%,78.81,133,0.1%,100%
6052,赤狼蚁,1.2%,77.92,138,0.1%,100%
6053,百团大战,1.1%,70.40,15,1.0%,28.3%
6054,像素大战,0.8%,56.74,12,0.8%,100%
6055,星语心愿之再爱,0.4%,28.09,3,2.6%,3.8%
6056,枕边诡影,0.1%,11.13,4,0.8%,6.4%
6057,刺客聂隐娘,0.1%,10.14,8,0.2%,10.2%
6058,落跑吧爱情,0.1%,9.85,3,0.8%,4.8%
6059,1980年代的爱情,0.1%,9.59,5,0.4%,7.8%
6060,滚蛋吧！肿瘤君,<0.1%,5.42,4,0.2%,8.7%
6061,斗地主,<0.1%,4.99,1,1.2%,2.2%
6062,华丽上班族,<0.1%,4.94,2,0.5%,3.5%
6063,黑猫警长之翡翠之星,<0.1%,4.55,16,<0.1%,30.1%
6064,为了这片土地,<0.1%,4.53,152,<0.1%,100%
6065,宅女侦探桂香,<0.1%,4.50,95,<0.1%,100%
6066,情敌蜜月,<0.1%,2.99,2,0.2%,4.0%
6067,亚马逊萌猴奇遇记,<0.1%,2.63,2,0.4%,1.4%
6068,黑瞳,<0.1%,2.25,69,<0.1%,88.8%
6069,第三种爱情,<0.1%,2.22,162,<0.1%,84.7%
6070,王化买父,<0.1%,1.82,27,<0.1%,100%
6071,李三娘,<0.1%,1.78,26,<0.1%,100%
6072,夏洛特烦恼,<0.1%,1.58,72,<0.1%,65.0%
6073,洛克王国4：出发！巨人谷,<0.1%,1.47,20,<0.1%,48.8%
6074,七月半之恐怖宿舍,<0.1%,1.44,2,0.2%,7.6%
6075,东莞女孩,<0.1%,1.41,5,<0.1%,9.2%
6076,这里的黎明静悄悄,<0.1%,1.31,3,<0.1%,3.8%
6077,被偷走的那五年,<0.1%,1.14,255,<0.1%,--
6078,魔镜奇缘,<0.1%,1.14,1,0.2%,1.9%
6079,战狼,<0.1%,1.07,120,<0.1%,--
6080,开罗宣言,<0.1%,1.02,4,<0.1%,9.9%
6081,碟中谍5：神秘国度,39.3%,2530.08,18,29.7%,17.3%
6082,小黄人大眼萌,30.1%,1939.91,13,30.6%,11.1%
6083,像素大战,20.1%,1296.34,10,26.5%,8.7%
6084,捉妖记,1.7%,110.25,18,0.4%,31.4%
6085,百团大战,1.5%,96.85,24,0.8%,43.8%
6086,烈日灼心,1.3%,89.71,7,2.9%,11.8%
6087,赤狼蚁,1.1%,76.87,155,<0.1%,100%
6088,放飞理想,1.1%,75.95,148,<0.1%,100%
6089,解救吾先生,1.1%,73.19,60,0.2%,60.6%
6090,终结者：创世纪,0.6%,41.96,4,2.0%,6.6%
6091,星语心愿之再爱,0.2%,17.21,3,1.3%,4.3%
6092,枕边诡影,0.1%,9.74,4,0.6%,7.4%
6093,1980年代的爱情,0.1%,9.02,9,0.2%,15.3%
6094,刺客聂隐娘,<0.1%,5.32,8,0.1%,11.5%
6095,启功,<0.1%,4.92,12,0.1%,26.0%
6096,黑猫警长之翡翠之星,<0.1%,4.83,16,<0.1%,29.4%
6097,落跑吧爱情,<0.1%,4.77,3,0.5%,5.3%
6098,开罗宣言,<0.1%,4.64,26,<0.1%,63.8%
6099,为了这片土地,<0.1%,4.50,108,<0.1%,100%
6100,斗地主,<0.1%,3.86,1,0.9%,3.0%
6101,滚蛋吧！肿瘤君,<0.1%,3.74,5,0.1%,9.4%
6102,穿越硝烟的歌声,<0.1%,3.30,84,<0.1%,--
6103,黑瞳,<0.1%,2.14,68,<0.1%,100%
6104,华丽上班族,<0.1%,1.79,2,0.2%,3.7%
6105,李三娘,<0.1%,1.66,25,<0.1%,100%
6106,亚马逊萌猴奇遇记,<0.1%,1.62,2,0.2%,2.3%
6107,第三种爱情,<0.1%,1.58,95,<0.1%,100%
6108,情敌蜜月,<0.1%,1.52,2,0.1%,4.9%
6109,七月半之恐怖宿舍,<0.1%,1.46,2,0.2%,6.6%
6110,可爱的你,<0.1%,1.34,298,<0.1%,--
6111,王化买父,<0.1%,1.34,22,<0.1%,55.9%
6112,这里的黎明静悄悄,<0.1%,1.20,4,<0.1%,5.3%
6113,甜蜜蜜,<0.1%,1.14,255,<0.1%,--
6114,魔镜奇缘,<0.1%,1.06,2,0.1%,4.2%
6115,碟中谍5：神秘国度,40.5%,2314.87,16,30.6%,14.8%
6116,小黄人大眼萌,27.8%,1591.47,11,30.1%,9.3%
6117,像素大战,17.9%,1026.52,8,25.5%,7.1%
6118,捉妖记,2.9%,170.77,27,0.4%,41.0%
6119,回头是远方,2.0%,115.38,152,0.1%,--
6120,来电不善,2.0%,115.38,147,0.1%,--
6121,烈日灼心,1.6%,94.87,7,3.1%,11.1%
6122,百团大战,1.6%,92.62,23,0.9%,38.0%
6123,终结者：创世纪,0.8%,47.88,4,2.1%,6.5%
6124,星语心愿之再爱,0.3%,21.26,3,1.4%,4.7%
6125,枕边诡影,0.1%,10.12,4,0.7%,6.6%
6126,穿越硝烟的歌声,0.1%,10.08,121,<0.1%,--
6127,1980年代的爱情,0.1%,9.36,8,0.2%,13.3%
6128,刺客聂隐娘,0.1%,6.83,8,0.1%,9.9%
6129,港囧,0.1%,6.71,189,<0.1%,86.0%
6130,第三种爱情,0.1%,6.62,127,<0.1%,100%
6131,为了这片土地,0.1%,6.37,125,<0.1%,100%
6132,落跑吧爱情,0.1%,5.88,3,0.5%,5.2%
6133,黑猫警长之翡翠之星,0.1%,5.77,20,<0.1%,33.9%
6134,滚蛋吧！肿瘤君,<0.1%,4.87,5,0.2%,10.9%
6135,启功,<0.1%,4.25,10,0.1%,24.8%
6136,开罗宣言,<0.1%,3.42,20,<0.1%,50.2%
6137,斗地主,<0.1%,3.26,1,0.8%,2.2%
6138,华丽上班族,<0.1%,2.45,3,0.2%,4.9%
6139,诱狼,<0.1%,2.29,50,<0.1%,100%
6140,这里的黎明静悄悄,<0.1%,1.78,8,<0.1%,8.5%
6141,王化买父,<0.1%,1.71,26,<0.1%,53.7%
6142,李三娘,<0.1%,1.45,23,<0.1%,92.8%
6143,京城81号,<0.1%,1.34,298,<0.1%,--
6144,被偷走的那五年,<0.1%,1.34,298,<0.1%,--
6145,情敌蜜月,<0.1%,1.33,2,0.2%,3.8%
6146,暗杀,<0.1%,1.31,8,<0.1%,100%
6147,新娘大作战,<0.1%,1.29,4,<0.1%,11.8%
6148,亚马逊萌猴奇遇记,<0.1%,1.25,2,0.2%,1.8%
6149,七月半之恐怖宿舍,<0.1%,1.15,2,0.2%,4.7%
6150,情满人间,<0.1%,1.07,96,<0.1%,100%
6151,大变局之梦回甲午,<0.1%,1.05,34,<0.1%,100%
6152,犹太女孩在上海2：项链密码,<0.1%,1.04,38,<0.1%,52.1%
6153,别有动机,<0.1%,1.03,8,<0.1%,25.4%
6154,魔镜奇缘,<0.1%,1.01,2,0.1%,3.8%
6155,碟中谍5：神秘国度,38.7%,2051.56,16,27.6%,13.4%
6156,小黄人大眼萌,25.5%,1351.36,11,25.5%,9.1%
6157,像素大战,14.9%,789.24,8,20.0%,6.9%
6158,暗杀,7.9%,422.26,10,10.0%,11.6%
6159,别有动机,5.0%,264.78,7,8.7%,8.0%
6160,百团大战,1.9%,104.41,29,0.8%,48.3%
6161,回头是远方,1.4%,77.08,152,<0.1%,--
6162,来电不善,1.4%,76.92,140,0.1%,--
6163,烈日灼心,0.7%,40.82,6,1.4%,10.4%
6164,终结者：创世纪,0.4%,25.10,4,1.3%,5.9%
6165,穿越硝烟的歌声,0.2%,12.90,115,<0.1%,100%
6166,1980年代的爱情,0.1%,6.95,9,0.1%,14.5%
6167,枕边诡影,0.1%,6.82,4,0.5%,6.5%
6168,黑猫警长之翡翠之星,0.1%,6.03,17,<0.1%,29.8%
6169,为了这片土地,0.1%,5.71,174,<0.1%,100%
6170,星语心愿之再爱,<0.1%,4.91,2,0.5%,2.4%
6171,刺客聂隐娘,<0.1%,3.62,8,<0.1%,11.9%
6172,第三种爱情,<0.1%,3.40,145,<0.1%,100%
6173,落跑吧爱情,<0.1%,2.90,3,0.2%,7.2%
6174,滚蛋吧！肿瘤君,<0.1%,2.72,5,0.1%,10.5%
6175,夏洛特烦恼,<0.1%,2.71,113,<0.1%,92.9%
6176,开罗宣言,<0.1%,1.87,19,<0.1%,61.6%
6177,李三娘,<0.1%,1.74,25,<0.1%,100%
6178,启功,<0.1%,1.61,5,<0.1%,12.3%
6179,黑瞳,<0.1%,1.50,71,<0.1%,100%
6180,诱狼,<0.1%,1.47,50,<0.1%,76.1%
6181,七月半之恐怖宿舍,<0.1%,1.43,2,0.2%,6.2%
6182,这里的黎明静悄悄,<0.1%,1.35,7,<0.1%,8.3%
6183,可爱的你,<0.1%,1.35,301,<0.1%,--
6184,幸福很囧,<0.1%,1.27,36,<0.1%,100%
6185,斗地主,<0.1%,1.23,1,0.6%,1.6%
6186,王化买父,<0.1%,1.21,21,<0.1%,100%
6187,甜蜜蜜,<0.1%,1.16,258,<0.1%,--
6188,解救吾先生,<0.1%,1.15,23,<0.1%,18.2%
6189,亚马逊萌猴奇遇记,<0.1%,1.07,2,0.1%,2.8%
6190,碟中谍5：神秘国度,36.5%,2815.03,21,26.9%,18.1%
6191,小黄人大眼萌,31.1%,2397.30,19,24.5%,16.5%
6192,像素大战,13.8%,1063.89,12,17.5%,10.7%
6193,暗杀,6.6%,516.34,13,8.8%,15.2%
6194,别有动机,3.0%,238.42,7,6.8%,8.8%
6195,百团大战,2.0%,158.30,40,0.8%,61.9%
6196,人皮拼图,1.0%,78.86,6,3.3%,8.0%
6197,来电不善,1.0%,77.15,144,0.1%,--
6198,回头是远方,0.9%,76.76,150,<0.1%,--
6199,使命召唤,0.8%,68.07,5,3.3%,--
6200,烈日灼心,0.5%,39.27,8,1.0%,12.1%
6201,墓穴迷城,0.3%,28.39,5,1.4%,6.6%
6202,终结者：创世纪,0.3%,25.70,5,1.0%,7.5%
6203,穿越硝烟的歌声,0.2%,16.68,126,<0.1%,100%
6204,黑猫警长之翡翠之星,0.2%,15.47,44,<0.1%,74.5%
6205,爱情攻略,0.1%,13.98,3,1.3%,3.2%
6206,为了这片土地,0.1%,9.63,134,<0.1%,100%
6207,夏洛特烦恼,<0.1%,7.10,272,<0.1%,--
6208,1980年代的爱情,<0.1%,6.70,14,0.1%,26.0%
6209,星语心愿之再爱,<0.1%,5.22,4,0.3%,3.8%
6210,开罗宣言,<0.1%,4.85,46,<0.1%,62.5%
6211,燃烧的影像,<0.1%,4.61,12,<0.1%,18.5%
6212,滚蛋吧！肿瘤君,<0.1%,3.37,9,<0.1%,18.5%
6213,刺客聂隐娘,<0.1%,3.09,8,<0.1%,11.2%
6214,解救吾先生,<0.1%,2.28,32,<0.1%,52.4%
6215,亚马逊萌猴奇遇记,<0.1%,2.15,4,0.1%,7.8%
6216,枕边诡影,<0.1%,2.15,6,0.1%,13.9%
6217,黑瞳,<0.1%,2.10,57,<0.1%,100%
6218,王化买父,<0.1%,1.81,27,<0.1%,100%
6219,诱狼,<0.1%,1.79,54,<0.1%,46.6%
6220,魔镜奇缘,<0.1%,1.53,4,<0.1%,12.1%
6221,战狼,<0.1%,1.40,117,<0.1%,100%
6222,港囧,<0.1%,1.28,287,<0.1%,41.5%
6223,落跑吧爱情,<0.1%,1.23,3,0.1%,6.3%
6224,李三娘,<0.1%,1.20,20,<0.1%,100%
6225,被偷走的那五年,<0.1%,1.16,258,<0.1%,--
6226,幸福很囧,<0.1%,1.12,57,<0.1%,100%
6227,斗地主,<0.1%,1.10,1,0.3%,3.4%
6228,启功,<0.1%,1.06,7,<0.1%,18.2%
6229,小黄人大眼萌,38.5%,5791.37,39,26.8%,34.6%
6230,碟中谍5：神秘国度,33.0%,4975.97,35,26.7%,30.0%
6231,像素大战,12.8%,1925.73,23,15.1%,22.2%
6232,暗杀,4.9%,751.00,20,7.5%,24.7%
6233,解救吾先生,4.6%,703.73,23,6.2%,23.4%
6234,别有动机,1.6%,245.79,9,5.2%,11.6%
6235,使命召唤,0.6%,96.66,8,2.4%,--
6236,人皮拼图,0.5%,83.09,7,2.9%,10.0%
6237,回头是远方,0.5%,77.04,149,<0.1%,--
6238,来电不善,0.5%,76.69,146,<0.1%,--
6239,烈日灼心,0.4%,64.36,14,0.8%,23.5%
6240,终结者：创世纪,0.2%,36.80,8,0.9%,13.0%
6241,百团大战,0.2%,36.49,19,0.4%,31.3%
6242,墓穴迷城,0.2%,31.61,6,1.1%,9.4%
6243,黑猫警长之翡翠之星,0.1%,15.47,35,<0.1%,74.8%
6244,亚马逊萌猴奇遇记,<0.1%,13.36,10,0.2%,13.1%
6245,爱情攻略,<0.1%,11.75,3,0.8%,4.5%
6246,穿越硝烟的歌声,<0.1%,10.49,140,<0.1%,100%
6247,星语心愿之再爱,<0.1%,9.75,6,0.2%,6.7%
6248,1980年代的爱情,<0.1%,7.37,18,<0.1%,28.5%
6249,港囧,<0.1%,6.27,303,<0.1%,--
6250,滚蛋吧！肿瘤君,<0.1%,6.21,19,<0.1%,41.1%
6251,刺客聂隐娘,<0.1%,5.17,15,<0.1%,24.4%
6252,洛克王国4：出发！巨人谷,<0.1%,5.00,25,<0.1%,31.6%
6253,心迷宫,<0.1%,4.99,111,<0.1%,100%
6254,第三种爱情,<0.1%,4.80,210,<0.1%,100%
6255,魔镜奇缘,<0.1%,4.80,5,0.2%,11.0%
6256,这里的黎明静悄悄,<0.1%,2.57,14,<0.1%,21.7%
6257,王化买父,<0.1%,2.10,33,<0.1%,100%
6258,落跑吧爱情,<0.1%,2.09,5,0.1%,15.6%
6259,燃烧的影像,<0.1%,1.95,8,<0.1%,14.2%
6260,我的诗篇,<0.1%,1.92,77,<0.1%,97.7%
6261,华丽上班族,<0.1%,1.81,4,<0.1%,18.9%
6262,大变局之梦回甲午,<0.1%,1.59,100,<0.1%,--
6263,枕边诡影,<0.1%,1.41,4,<0.1%,12.1%
6264,战狼,<0.1%,1.35,79,<0.1%,100%
6265,斗地主,<0.1%,1.25,1,0.2%,5.1%
6266,夏洛特烦恼,<0.1%,1.25,159,<0.1%,--
6267,被偷走的那五年,<0.1%,1.08,240,<0.1%,--
6268,为了这片土地,<0.1%,1.00,84,<0.1%,--
6269,小黄人大眼萌,37.7%,4382.17,29,28.3%,25.0%
6270,碟中谍5：神秘国度,33.8%,3928.14,27,28.2%,23.0%
6271,像素大战,13.9%,1620.18,18,16.4%,17.6%
6272,暗杀,6.9%,808.65,20,8.4%,24.2%
6273,别有动机,1.7%,201.61,8,5.3%,9.7%
6274,使命召唤,0.8%,97.10,7,2.8%,--
6275,来电不善,0.6%,75.99,141,<0.1%,--
6276,回头是远方,0.6%,75.43,144,<0.1%,--
6277,人皮拼图,0.5%,63.40,5,2.9%,7.6%
6278,烈日灼心,0.5%,60.79,12,0.9%,19.5%
6279,港囧,0.3%,36.35,160,<0.1%,100%
6280,墓穴迷城,0.3%,35.14,6,1.2%,9.5%
6281,终结者：创世纪,0.2%,34.76,7,1.0%,10.5%
6282,巴啦啦小魔仙之魔箭公主,0.2%,24.58,167,<0.1%,90.9%
6283,百团大战,0.2%,24.30,14,0.4%,28.0%
6284,黑猫警长之翡翠之星,0.2%,23.42,44,<0.1%,95.4%
6285,亚马逊萌猴奇遇记,0.1%,17.39,11,0.2%,15.4%
6286,爱情攻略,<0.1%,11.33,3,0.9%,3.9%
6287,穿越硝烟的歌声,<0.1%,11.18,137,<0.1%,100%
6288,第三种爱情,<0.1%,9.18,184,<0.1%,100%
6289,刺客聂隐娘,<0.1%,8.14,18,<0.1%,26.6%
6290,星语心愿之再爱,<0.1%,7.63,5,0.2%,5.6%
6291,1980年代的爱情,<0.1%,7.57,17,<0.1%,26.9%
6292,滚蛋吧！肿瘤君,<0.1%,6.44,16,<0.1%,30.3%
6293,魔镜奇缘,<0.1%,5.54,6,0.2%,13.2%
6294,华丽上班族,<0.1%,5.28,13,<0.1%,34.2%
6295,洛克王国4：出发！巨人谷,<0.1%,4.98,29,<0.1%,37.9%
6296,落跑吧爱情,<0.1%,2.70,6,0.1%,11.1%
6297,诱狼,<0.1%,2.51,76,<0.1%,100%
6298,这里的黎明静悄悄,<0.1%,2.19,10,<0.1%,13.1%
6299,王化买父,<0.1%,2.08,28,<0.1%,100%
6300,枕边诡影,<0.1%,1.73,6,<0.1%,16.5%
6301,大变局之梦回甲午,<0.1%,1.70,95,<0.1%,--
6302,我的诗篇,<0.1%,1.39,70,<0.1%,69.8%
6303,李三娘,<0.1%,1.37,26,<0.1%,100%
6304,斗地主,<0.1%,1.23,1,0.2%,4.9%
6305,可爱的你,<0.1%,1.14,255,<0.1%,--
6306,京城81号,<0.1%,1.14,255,<0.1%,--
6307,碟中谍5：神秘国度,37.3%,1363.87,10,28.5%,8.6%
6308,小黄人大眼萌,22.4%,819.02,7,25.9%,5.5%
6309,像素大战,13.8%,504.41,6,16.8%,5.8%
6310,暗杀,11.1%,405.01,10,9.4%,11.9%
6311,回头是远方,2.1%,78.42,147,0.1%,--
6312,来电不善,2.1%,77.85,142,0.1%,--
6313,别有动机,1.8%,67.72,3,5.3%,3.8%
6314,百团大战,1.2%,45.80,20,0.5%,34.2%
6315,人皮拼图,1.1%,41.20,4,3.1%,5.1%
6316,使命召唤,0.9%,32.93,3,3.1%,--
6317,烈日灼心,0.8%,29.91,6,1.1%,9.1%
6318,黑猫警长之翡翠之星,0.7%,26.57,74,<0.1%,100%
6319,墓穴迷城,0.5%,18.25,4,1.2%,5.3%
6320,解救吾先生,0.4%,17.51,107,<0.1%,--
6321,终结者：创世纪,0.4%,17.05,4,1.0%,5.2%
6322,港囧,0.3%,13.33,244,<0.1%,--
6323,穿越硝烟的歌声,0.3%,13.30,136,<0.1%,100%
6324,第三种爱情,0.3%,11.09,132,<0.1%,100%
6325,西藏天空,0.2%,10.00,479,<0.1%,--
6326,爱情攻略,0.2%,7.36,2,1.0%,2.6%
6327,星语心愿之再爱,0.1%,3.87,3,0.3%,3.1%
6328,为了这片土地,<0.1%,3.57,80,<0.1%,95.0%
6329,开罗宣言,<0.1%,3.55,40,<0.1%,60.5%
6330,黑瞳,<0.1%,3.23,90,<0.1%,--
6331,1980年代的爱情,<0.1%,2.96,6,0.1%,9.7%
6332,甜蜜蜜,<0.1%,2.38,298,<0.1%,--
6333,刺客聂隐娘,<0.1%,2.28,7,<0.1%,8.6%
6334,滚蛋吧！肿瘤君,<0.1%,2.02,5,0.1%,8.5%
6335,落跑吧爱情,<0.1%,1.68,3,0.1%,6.6%
6336,大变局之梦回甲午,<0.1%,1.63,117,<0.1%,--
6337,犹太女孩在上海2：项链密码,<0.1%,1.53,91,<0.1%,100%
6338,王化买父,<0.1%,1.45,28,<0.1%,86.0%
6339,华丽上班族,<0.1%,1.33,2,<0.1%,5.9%
6340,九层妖塔,<0.1%,1.24,123,<0.1%,100%
6341,李三娘,<0.1%,1.18,25,<0.1%,--
6342,诱狼,<0.1%,1.13,71,<0.1%,100%
6343,这里的黎明静悄悄,<0.1%,1.13,5,<0.1%,5.7%
6344,被偷走的那五年,<0.1%,1.08,240,<0.1%,--
6345,枕边诡影,<0.1%,1.07,5,<0.1%,12.2%
6346,碟中谍5：神秘国度,37.0%,1277.13,10,28.8%,7.5%
6347,小黄人大眼萌,19.8%,682.47,6,25.5%,4.3%
6348,像素大战,12.9%,446.79,6,16.7%,4.8%
6349,暗杀,11.7%,403.80,10,9.8%,10.4%
6350,奇幻女侠,3.3%,115.38,150,0.1%,--
6351,男左女右,3.1%,109.29,140,0.1%,--
6352,百团大战,2.0%,69.75,25,0.6%,39.9%
6353,别有动机,1.6%,58.41,3,5.1%,3.3%
6354,人皮拼图,1.1%,39.38,4,3.0%,5.0%
6355,使命召唤,0.9%,33.27,3,3.1%,--
6356,黑猫警长之翡翠之星,0.9%,31.52,84,<0.1%,100%
6357,烈日灼心,0.8%,30.29,6,1.1%,8.7%
6358,墓穴迷城,0.5%,19.53,4,1.3%,5.9%
6359,港囧,0.5%,18.63,193,<0.1%,100%
6360,终结者：创世纪,0.4%,16.39,4,0.9%,5.7%
6361,穿越硝烟的歌声,0.4%,14.28,129,<0.1%,100%
6362,解救吾先生,0.3%,12.30,104,<0.1%,72.7%
6363,第三种爱情,0.2%,8.78,160,<0.1%,100%
6364,爱情攻略,0.2%,7.25,2,0.9%,3.0%
6365,滚蛋吧！肿瘤君,0.1%,4.20,10,0.1%,17.3%
6366,为了这片土地,0.1%,3.68,103,<0.1%,100%
6367,星语心愿之再爱,0.1%,3.60,3,0.2%,3.3%
6368,黑瞳,<0.1%,3.36,50,<0.1%,100%
6369,1980年代的爱情,<0.1%,2.76,5,0.1%,8.1%
6370,开罗宣言,<0.1%,2.55,36,<0.1%,59.1%
6371,刺客聂隐娘,<0.1%,2.53,8,<0.1%,9.8%
6372,魔镜奇缘,<0.1%,2.05,6,<0.1%,20.0%
6373,王化买父,<0.1%,1.96,28,<0.1%,100%
6374,夏洛特烦恼,<0.1%,1.89,56,<0.1%,36.4%
6375,大变局之梦回甲午,<0.1%,1.76,74,<0.1%,--
6376,落跑吧爱情,<0.1%,1.61,3,0.1%,6.6%
6377,这里的黎明静悄悄,<0.1%,1.59,7,<0.1%,10.6%
6378,京城81号,<0.1%,1.34,75,<0.1%,--
6379,李三娘,<0.1%,1.27,24,<0.1%,--
6380,可爱的你,<0.1%,1.14,255,<0.1%,--
6381,幸福很囧,<0.1%,1.03,37,<0.1%,100%
6382,枕边诡影,<0.1%,1.00,5,<0.1%,13.6%
6383,九层妖塔,<0.1%,1.00,23,<0.1%,26.4%
6384,碟中谍5：神秘国度,37.6%,1153.02,9,29.1%,6.7%
6385,小黄人大眼萌,20.3%,622.36,5,25.2%,4.0%
6386,像素大战,13.0%,400.64,5,16.8%,4.4%
6387,暗杀,12.4%,382.70,9,10.2%,9.3%
6388,百团大战,3.1%,95.96,31,0.7%,50.7%
6389,别有动机,1.6%,51.59,3,5.0%,2.9%
6390,男左女右,1.6%,50.96,122,<0.1%,--
6391,奇幻女侠,1.6%,50.70,121,<0.1%,--
6392,人皮拼图,1.1%,36.12,3,3.1%,4.4%
6393,黑猫警长之翡翠之星,1.0%,31.56,76,<0.1%,100%
6394,使命召唤,1.0%,31.37,3,3.1%,--
6395,烈日灼心,0.9%,30.52,6,1.2%,7.7%
6396,墓穴迷城,0.5%,17.84,3,1.3%,4.8%
6397,解救吾先生,0.5%,17.69,116,<0.1%,99.0%
6398,穿越硝烟的歌声,0.5%,15.91,131,<0.1%,100%
6399,港囧,0.2%,8.39,134,<0.1%,99.3%
6400,为了这片土地,0.2%,8.38,112,<0.1%,100%
6401,爱情攻略,0.2%,6.88,2,1.0%,2.5%
6402,1980年代的爱情,0.1%,6.03,11,0.1%,14.5%
6403,犹太女孩在上海2：项链密码,0.1%,3.40,160,<0.1%,100%
6404,开罗宣言,0.1%,3.34,56,<0.1%,100%
6405,星语心愿之再爱,0.1%,3.26,3,0.2%,2.8%
6406,刺客聂隐娘,0.1%,3.12,8,<0.1%,9.5%
6407,夏洛特烦恼,<0.1%,3.04,114,<0.1%,53.5%
6408,滚蛋吧！肿瘤君,<0.1%,2.78,5,0.1%,7.8%
6409,长江7号：超萌特攻队,<0.1%,2.41,202,<0.1%,100.0%
6410,落跑吧爱情,<0.1%,1.95,3,0.1%,6.4%
6411,这里的黎明静悄悄,<0.1%,1.90,7,<0.1%,9.8%
6412,王化买父,<0.1%,1.52,22,<0.1%,88.5%
6413,战狼,<0.1%,1.51,107,<0.1%,--
6414,黑瞳,<0.1%,1.46,41,<0.1%,66.0%
6415,九层妖塔,<0.1%,1.42,85,<0.1%,66.7%
6416,被偷走的那五年,<0.1%,1.34,19,<0.1%,--
6417,李三娘,<0.1%,1.32,25,<0.1%,--
6418,大变局之梦回甲午,<0.1%,1.10,61,<0.1%,--
6419,角逐,<0.1%,1.04,7,<0.1%,47.1%
6420,港囧,27.3%,1089.95,79,2.8%,48.5%
6421,碟中谍5：神秘国度,26.0%,1037.97,8,28.1%,6.1%
6422,小黄人大眼萌,13.4%,535.11,5,23.6%,3.6%
6423,像素大战,8.4%,336.67,4,15.5%,3.8%
6424,暗杀,8.2%,327.61,7,9.9%,7.8%
6425,百团大战,2.6%,105.42,34,0.6%,55.0%
6426,魔镜,2.5%,103.42,8,2.6%,8.3%
6427,诱狼,2.2%,91.54,22,0.7%,26.9%
6428,男左女右,1.0%,43.09,131,<0.1%,--
6429,奇幻女侠,1.0%,41.05,127,<0.1%,--
6430,别有动机,0.9%,39.00,2,4.3%,2.4%
6431,黑猫警长之翡翠之星,0.7%,31.09,79,<0.1%,100%
6432,烈日灼心,0.6%,25.66,5,1.1%,6.7%
6433,使命召唤,0.6%,24.27,2,2.7%,--
6434,人皮拼图,0.4%,18.40,2,2.2%,3.3%
6435,穿越硝烟的歌声,0.4%,18.35,158,<0.1%,100%
6436,诡打墙,0.2%,11.92,4,0.8%,4.6%
6437,九层妖塔,0.2%,11.71,143,<0.1%,100%
6438,墓穴迷城,0.2%,11.69,3,1.0%,4.1%
6439,解救吾先生,0.2%,10.66,94,<0.1%,61.6%
6440,为了这片土地,0.2%,10.48,103,<0.1%,100%
6441,第三种爱情,0.1%,7.73,20,<0.1%,17.4%
6442,犹太女孩在上海2：项链密码,0.1%,5.18,141,<0.1%,100%
6443,爱情攻略,0.1%,5.16,2,0.9%,2.1%
6444,1980年代的爱情,0.1%,4.39,9,0.1%,12.0%
6445,刺客聂隐娘,0.1%,4.24,11,<0.1%,13.2%
6446,这里的黎明静悄悄,<0.1%,3.01,16,<0.1%,19.9%
6447,星语心愿之再爱,<0.1%,2.67,3,0.2%,2.6%
6448,黑瞳,<0.1%,2.61,46,<0.1%,71.3%
6449,滚蛋吧！肿瘤君,<0.1%,2.50,5,0.1%,8.3%
6450,王化买父,<0.1%,1.93,28,<0.1%,100%
6451,夏洛特烦恼,<0.1%,1.92,56,<0.1%,38.1%
6452,魔镜奇缘,<0.1%,1.84,5,<0.1%,17.4%
6453,开罗宣言,<0.1%,1.76,22,<0.1%,39.0%
6454,李三娘,<0.1%,1.51,31,<0.1%,--
6455,落跑吧爱情,<0.1%,1.40,3,0.1%,4.9%
6456,甜蜜蜜,<0.1%,1.16,258,<0.1%,--
6457,角逐,<0.1%,1.12,8,<0.1%,60.6%
6458,可爱的你,<0.1%,1.08,242,<0.1%,--
6459,港囧,86.0%,19932.09,65,59.0%,53.5%
6460,第三种爱情,6.9%,1609.03,24,14.0%,28.6%
6461,碟中谍5：神秘国度,2.2%,525.65,13,7.6%,14.8%
6462,小黄人大眼萌,1.6%,378.23,10,7.6%,10.5%
6463,魔镜,0.6%,150.85,8,3.8%,10.1%
6464,百团大战,0.4%,106.75,48,0.4%,73.1%
6465,诱狼,0.3%,86.39,45,0.2%,49.2%
6466,像素大战,0.3%,69.93,6,2.0%,7.3%
6467,暗杀,0.2%,63.62,10,1.2%,12.9%
6468,奇幻女侠,0.1%,41.57,123,<0.1%,--
6469,男左女右,0.1%,39.79,133,<0.1%,--
6470,黑猫警长之翡翠之星,0.1%,29.13,117,<0.1%,100%
6471,解救吾先生,<0.1%,17.41,176,<0.1%,76.9%
6472,穿越硝烟的歌声,<0.1%,16.64,148,<0.1%,100%
6473,为了这片土地,<0.1%,12.12,113,<0.1%,100%
6474,诡打墙,<0.1%,10.12,3,0.9%,5.4%
6475,逆转胜,<0.1%,7.56,3,0.5%,4.9%
6476,墓穴迷城,<0.1%,4.45,8,<0.1%,25.3%
6477,九层妖塔,<0.1%,3.60,360,<0.1%,--
6478,别有动机,<0.1%,3.04,2,0.2%,4.2%
6479,人皮拼图,<0.1%,2.51,2,0.3%,5.5%
6480,魔镜奇缘,<0.1%,2.44,10,<0.1%,42.7%
6481,夏洛特烦恼,<0.1%,2.36,85,<0.1%,46.2%
6482,黑瞳,<0.1%,2.22,55,<0.1%,99.4%
6483,战狼,<0.1%,2.21,125,<0.1%,--
6484,星语心愿之再爱,<0.1%,1.96,4,<0.1%,3.5%
6485,王化买父,<0.1%,1.73,31,<0.1%,100%
6486,犹太女孩在上海2：项链密码,<0.1%,1.71,81,<0.1%,100%
6487,开罗宣言,<0.1%,1.62,41,<0.1%,64.1%
6488,李三娘,<0.1%,1.15,23,<0.1%,--
6489,使命召唤,<0.1%,1.12,2,0.1%,--
6490,京城81号,<0.1%,1.08,81,<0.1%,--
6491,烈日灼心,<0.1%,1.05,2,0.1%,4.4%
6492,港囧,82.3%,24700.18,78,57.5%,63.7%
6493,第三种爱情,5.8%,1764.10,27,12.9%,32.1%
6494,小黄人大眼萌,4.7%,1410.36,31,8.2%,36.2%
6495,碟中谍5：神秘国度,3.6%,1098.91,30,6.4%,38.2%
6496,长江7号：超萌特攻队,0.7%,228.99,9,5.3%,9.9%
6497,魔镜,0.5%,175.07,11,3.0%,14.0%
6498,像素大战,0.5%,167.31,19,1.4%,26.1%
6499,暗杀,0.4%,126.30,24,0.9%,33.3%
6500,诱狼,0.2%,62.05,46,0.1%,53.7%
6501,男左女右,0.1%,46.75,135,<0.1%,--
6502,奇幻女侠,0.1%,45.67,138,<0.1%,--
6503,极地大反攻,<0.1%,25.88,8,0.7%,8.9%
6504,百团大战,<0.1%,17.65,21,0.1%,44.1%
6505,黑猫警长之翡翠之星,<0.1%,14.64,43,<0.1%,100%
6506,逆转胜,<0.1%,13.37,8,0.3%,14.8%
6507,夏洛特烦恼,<0.1%,12.65,194,<0.1%,100%
6508,穿越硝烟的歌声,<0.1%,12.09,131,<0.1%,100%
6509,诡打墙,<0.1%,12.07,4,0.8%,7.8%
6510,亚马逊萌猴奇遇记,<0.1%,4.09,13,<0.1%,21.3%
6511,解救吾先生,<0.1%,3.37,80,<0.1%,64.7%
6512,别有动机,<0.1%,3.19,4,0.1%,8.0%
6513,星语心愿之再爱,<0.1%,2.89,6,<0.1%,5.6%
6514,墓穴迷城,<0.1%,2.65,6,<0.1%,12.6%
6515,人皮拼图,<0.1%,2.62,2,0.3%,5.8%
6516,我的诗篇,<0.1%,2.47,248,<0.1%,100%
6517,魔镜奇缘,<0.1%,2.30,9,<0.1%,60.4%
6518,烈日灼心,<0.1%,2.23,6,<0.1%,13.0%
6519,王化买父,<0.1%,2.21,39,<0.1%,100%
6520,使命召唤,<0.1%,1.92,4,0.1%,--
6521,甜蜜蜜,<0.1%,1.34,298,<0.1%,--
6522,被偷走的那五年,<0.1%,1.15,45,<0.1%,--
6523,1980年代的爱情,<0.1%,1.08,13,<0.1%,35.5%
6524,李三娘,<0.1%,1.07,26,<0.1%,--
6525,雷锋在1959,<0.1%,1.06,210,<0.1%,100%
6526,这里的黎明静悄悄,<0.1%,1.02,17,<0.1%,24.0%
6527,港囧,74.1%,22663.58,77,53.5%,62.7%
6528,九层妖塔,6.6%,2025.31,77,4.7%,76.7%
6529,第三种爱情,4.5%,1394.78,28,10.2%,33.1%
6530,小黄人大眼萌,4.2%,1305.92,33,7.1%,38.8%
6531,夏洛特烦恼,3.3%,1036.67,42,4.4%,47.9%
6532,碟中谍5：神秘国度,2.7%,846.96,31,4.8%,39.0%
6533,解救吾先生,1.5%,481.32,29,3.3%,32.2%
6534,长江7号：超萌特攻队,0.7%,226.52,11,4.2%,12.6%
6535,魔镜,0.4%,139.06,12,2.3%,14.4%
6536,像素大战,0.3%,103.43,17,1.0%,23.9%
6537,暗杀,0.2%,87.97,24,0.6%,33.4%
6538,诱狼,0.1%,47.44,48,0.1%,63.1%
6539,奇幻女侠,0.1%,41.59,134,<0.1%,--
6540,男左女右,0.1%,39.84,133,<0.1%,--
6541,极地大反攻,<0.1%,21.42,9,0.6%,9.9%
6542,穿越硝烟的歌声,<0.1%,14.03,132,<0.1%,100%
6543,诡打墙,<0.1%,12.13,4,0.7%,9.0%
6544,黑猫警长之翡翠之星,<0.1%,11.13,31,<0.1%,100%
6545,百团大战,<0.1%,8.24,16,0.1%,36.3%
6546,逆转胜,<0.1%,7.52,6,0.2%,13.0%
6547,亚马逊萌猴奇遇记,<0.1%,3.94,16,<0.1%,27.1%
6548,墓穴迷城,<0.1%,3.94,11,<0.1%,28.5%
6549,人皮拼图,<0.1%,3.13,3,0.3%,8.5%
6550,星语心愿之再爱,<0.1%,2.80,6,<0.1%,6.9%
6551,王化买父,<0.1%,1.98,36,<0.1%,100%
6552,开罗宣言,<0.1%,1.73,54,<0.1%,100%
6553,魔镜奇缘,<0.1%,1.72,9,<0.1%,28.6%
6554,1980年代的爱情,<0.1%,1.63,36,<0.1%,84.0%
6555,别有动机,<0.1%,1.38,3,<0.1%,5.7%
6556,可爱的你,<0.1%,1.34,298,<0.1%,--
6557,李三娘,<0.1%,1.30,27,<0.1%,--
6558,烈日灼心,<0.1%,1.30,6,<0.1%,11.2%
6559,雷锋在1959,<0.1%,1.10,130,<0.1%,100%
6560,战狼,<0.1%,1.08,240,<0.1%,--
6561,港囧,82.7%,9205.70,32,57.5%,25.6%
6562,第三种爱情,6.0%,677.46,11,13.5%,13.2%
6563,碟中谍5：神秘国度,3.9%,437.83,11,7.9%,13.3%
6564,小黄人大眼萌,1.9%,218.60,6,7.3%,6.5%
6565,魔镜,0.8%,98.91,6,3.3%,7.7%
6566,暗杀,0.7%,82.64,12,1.4%,14.0%
6567,诱狼,0.6%,73.52,47,0.2%,51.5%
6568,百团大战,0.5%,60.40,40,0.3%,60.6%
6569,像素大战,0.5%,58.11,6,1.8%,7.4%
6570,奇幻女侠,0.3%,40.55,132,<0.1%,--
6571,男左女右,0.3%,38.48,121,<0.1%,--
6572,黑猫警长之翡翠之星,0.1%,16.62,84,<0.1%,100%
6573,长江7号：超萌特攻队,0.1%,15.83,2,3.1%,1.2%
6574,穿越硝烟的歌声,0.1%,15.07,125,<0.1%,100%
6575,九层妖塔,0.1%,11.78,84,<0.1%,85.3%
6576,湖杀令,<0.1%,8.90,142,<0.1%,83.4%
6577,诡打墙,<0.1%,8.46,3,0.9%,4.8%
6578,解救吾先生,<0.1%,6.75,74,<0.1%,79.3%
6579,夏洛特烦恼,<0.1%,5.74,89,<0.1%,99.6%
6580,为了这片土地,<0.1%,4.94,83,<0.1%,100%
6581,墓穴迷城,<0.1%,3.46,6,<0.1%,17.0%
6582,星语心愿之再爱,<0.1%,3.35,8,0.1%,8.6%
6583,逆转胜,<0.1%,2.97,2,0.3%,3.5%
6584,犹太女孩在上海2：项链密码,<0.1%,2.92,162,<0.1%,100%
6585,上善若水,<0.1%,2.82,202,<0.1%,--
6586,七彩田野,<0.1%,2.82,202,<0.1%,--
6587,王化买父,<0.1%,1.96,31,<0.1%,100%
6588,雷锋在1959,<0.1%,1.85,182,<0.1%,100%
6589,人皮拼图,<0.1%,1.73,2,0.3%,3.8%
6590,李三娘,<0.1%,1.58,29,<0.1%,--
6591,开罗宣言,<0.1%,1.24,31,<0.1%,59.0%
6592,使命召唤,<0.1%,1.23,3,0.1%,--
6593,甜蜜蜜,<0.1%,1.14,255,<0.1%,--
6594,京城81号,<0.1%,1.07,120,<0.1%,--
6595,别有动机,<0.1%,1.03,2,0.1%,2.3%
6596,港囧,77.9%,7604.28,27,57.0%,21.4%
6597,第三种爱情,6.8%,671.02,11,13.5%,13.3%
6598,碟中谍5：神秘国度,4.5%,448.27,12,8.1%,13.4%
6599,九层妖塔,2.2%,222.69,57,0.7%,35.1%
6600,小黄人大眼萌,2.2%,215.64,6,7.3%,6.5%
6601,魔镜,0.9%,93.05,6,3.2%,7.6%
6602,暗杀,0.8%,86.77,12,1.4%,14.7%
6603,百团大战,0.8%,83.82,49,0.3%,68.3%
6604,像素大战,0.5%,57.86,6,1.8%,7.3%
6605,奇幻女侠,0.4%,42.52,133,<0.1%,--
6606,男左女右,0.4%,41.65,129,<0.1%,--
6607,诱狼,0.3%,35.84,46,0.1%,47.4%
6608,穿越硝烟的歌声,0.2%,25.66,120,<0.1%,100%
6609,黑猫警长之翡翠之星,0.2%,20.01,96,<0.1%,100%
6610,夏洛特烦恼,0.1%,17.47,22,0.1%,19.1%
6611,长江7号：超萌特攻队,0.1%,14.99,2,2.7%,1.2%
6612,解救吾先生,0.1%,11.66,19,0.1%,17.6%
6613,湖杀令,<0.1%,8.64,152,<0.1%,85.8%
6614,诡打墙,<0.1%,7.57,3,0.9%,4.8%
6615,洛克王国4：出发！巨人谷,<0.1%,5.59,125,<0.1%,--
6616,为了这片土地,<0.1%,4.95,76,<0.1%,100%
6617,墓穴迷城,<0.1%,3.61,7,<0.1%,19.5%
6618,星语心愿之再爱,<0.1%,3.55,8,0.1%,8.3%
6619,黄河,<0.1%,3.00,150,<0.1%,100%
6620,雷锋在1959,<0.1%,2.11,139,<0.1%,100%
6621,人皮拼图,<0.1%,2.01,2,0.3%,4.9%
6622,逆转胜,<0.1%,1.93,2,0.3%,2.5%
6623,王化买父,<0.1%,1.77,35,<0.1%,100%
6624,枕边诡影,<0.1%,1.75,30,<0.1%,51.6%
6625,犹太女孩在上海2：项链密码,<0.1%,1.58,144,<0.1%,79.2%
6626,1980年代的爱情,<0.1%,1.55,23,<0.1%,47.2%
6627,别有动机,<0.1%,1.39,2,0.1%,3.1%
6628,被偷走的那五年,<0.1%,1.34,75,<0.1%,--
6629,李三娘,<0.1%,1.25,25,<0.1%,--
6630,烈日灼心,<0.1%,1.18,6,<0.1%,11.0%
6631,战狼,<0.1%,1.17,159,<0.1%,--
6632,心迷宫,<0.1%,1.13,136,<0.1%,100%
6633,使命召唤,<0.1%,1.09,2,0.1%,--
6634,可爱的你,<0.1%,1.07,239,<0.1%,--
6635,九层妖塔,40.8%,9152.31,52,31.9%,44.5%
6636,港囧,39.5%,8847.37,46,35.6%,39.0%
6637,夏洛特烦恼,10.3%,2326.61,35,12.1%,38.2%
6638,解救吾先生,5.9%,1330.76,23,11.5%,27.9%
6639,第三种爱情,0.6%,148.57,15,1.8%,23.8%
6640,小黄人大眼萌,0.6%,142.11,13,2.0%,17.1%
6641,碟中谍5：神秘国度,0.5%,125.01,20,1.0%,33.1%
6642,百团大战,0.4%,90.39,64,0.2%,90.4%
6643,男左女右,0.1%,40.97,127,<0.1%,--
6644,奇幻女侠,0.1%,40.60,124,<0.1%,--
6645,穿越硝烟的歌声,0.1%,27.57,124,<0.1%,100%
6646,长江7号：超萌特攻队,<0.1%,18.69,4,0.9%,4.5%
6647,诱狼,<0.1%,14.48,50,<0.1%,49.8%
6648,魔镜,<0.1%,14.28,7,0.4%,10.7%
6649,暗杀,<0.1%,10.56,17,0.1%,29.8%
6650,黑猫警长之翡翠之星,<0.1%,9.13,67,<0.1%,80.4%
6651,像素大战,<0.1%,9.07,9,0.1%,17.5%
6652,犹太女孩在上海2：项链密码,<0.1%,4.98,165,<0.1%,100%
6653,湖杀令,<0.1%,3.96,111,<0.1%,100%
6654,洛克王国4：出发！巨人谷,<0.1%,3.84,96,<0.1%,100%
6655,启功,<0.1%,3.37,54,<0.1%,100%
6656,诡打墙,<0.1%,3.25,2,0.4%,5.6%
6657,墓穴迷城,<0.1%,3.24,18,<0.1%,32.0%
6658,星语心愿之再爱,<0.1%,2.81,8,<0.1%,9.1%
6659,王化买父,<0.1%,2.21,36,<0.1%,100%
6660,烈日灼心,<0.1%,2.15,61,<0.1%,100%
6661,人皮拼图,<0.1%,1.36,2,0.2%,4.5%
6662,枕边诡影,<0.1%,1.36,29,<0.1%,50.1%
6663,战狼,<0.1%,1.34,150,<0.1%,100%
6664,李三娘,<0.1%,1.24,27,<0.1%,--
6665,雷锋在1959,<0.1%,1.22,145,<0.1%,--
6666,黑瞳,<0.1%,1.11,132,<0.1%,79.7%
6667,甜蜜蜜,<0.1%,1.07,239,<0.1%,--
6668,港囧,40.1%,12625.21,66,32.6%,55.4%
6669,九层妖塔,33.7%,10604.67,58,30.1%,48.5%
6670,夏洛特烦恼,12.9%,4082.38,59,12.1%,63.7%
6671,解救吾先生,6.0%,1889.99,37,9.3%,48.8%
6672,小黄人大眼萌,2.6%,819.77,46,3.0%,53.8%
6673,巴啦啦小魔仙之魔箭公主,1.8%,585.32,26,4.3%,32.3%
6674,碟中谍5：神秘国度,0.7%,248.40,44,0.8%,61.4%
6675,第三种爱情,0.4%,136.16,23,1.1%,42.0%
6676,天眼传奇,0.3%,110.75,13,1.8%,15.6%
6677,极地大反攻,0.3%,98.07,15,1.3%,20.0%
6678,长江7号：超萌特攻队,0.2%,73.23,14,1.0%,17.9%
6679,男左女右,0.1%,42.75,132,<0.1%,--
6680,奇幻女侠,0.1%,40.32,139,<0.1%,--
6681,像素大战,<0.1%,21.60,26,0.1%,41.8%
6682,魔镜,<0.1%,20.52,14,0.2%,20.8%
6683,暗杀,<0.1%,14.47,30,<0.1%,57.5%
6684,诡打墙,<0.1%,6.35,4,0.4%,10.3%
6685,墓穴迷城,<0.1%,4.12,29,<0.1%,51.7%
6686,百团大战,<0.1%,3.46,15,<0.1%,28.1%
6687,人皮拼图,<0.1%,3.41,3,0.2%,12.1%
6688,王化买父,<0.1%,2.35,39,<0.1%,100%
6689,黑猫警长之翡翠之星,<0.1%,2.01,9,<0.1%,24.3%
6690,诱狼,<0.1%,1.79,30,<0.1%,29.7%
6691,星语心愿之再爱,<0.1%,1.39,4,<0.1%,4.7%
6692,这里的黎明静悄悄,<0.1%,1.37,12,<0.1%,15.5%
6693,李三娘,<0.1%,1.27,31,<0.1%,--
6694,使命召唤,<0.1%,1.04,20,<0.1%,--
6695,港囧,37.4%,10667.06,57,31.9%,47.7%
6696,九层妖塔,30.6%,8723.70,49,28.9%,42.1%
6697,夏洛特烦恼,18.0%,5141.17,64,14.1%,66.6%
6698,解救吾先生,5.9%,1701.87,34,9.2%,43.0%
6699,小黄人大眼萌,3.1%,885.39,41,3.7%,48.6%
6700,巴啦啦小魔仙之魔箭公主,1.8%,515.60,24,4.2%,29.4%
6701,碟中谍5：神秘国度,0.9%,280.33,45,0.9%,56.3%
6702,第三种爱情,0.4%,128.60,22,1.1%,42.4%
6703,天眼传奇,0.3%,98.61,14,1.5%,17.2%
6704,极地大反攻,0.2%,79.35,14,1.1%,18.5%
6705,长江7号：超萌特攻队,0.1%,54.71,12,0.9%,15.8%
6706,上善若水,0.1%,40.66,134,<0.1%,--
6707,七彩田野,0.1%,38.80,132,<0.1%,--
6708,像素大战,<0.1%,25.31,31,0.1%,42.4%
6709,魔镜,<0.1%,20.47,14,0.2%,20.3%
6710,暗杀,<0.1%,18.63,31,<0.1%,57.9%
6711,诡打墙,<0.1%,6.32,4,0.4%,11.7%
6712,墓穴迷城,<0.1%,3.89,22,<0.1%,50.1%
6713,人皮拼图,<0.1%,3.46,3,0.2%,11.6%
6714,百团大战,<0.1%,3.12,13,<0.1%,22.4%
6715,星语心愿之再爱,<0.1%,1.91,6,<0.1%,6.9%
6716,黑猫警长之翡翠之星,<0.1%,1.90,8,<0.1%,21.9%
6717,王化买父,<0.1%,1.87,35,<0.1%,100%
6718,陪安东尼度过漫长岁月,<0.1%,1.15,106,<0.1%,71.4%
6719,李三娘,<0.1%,1.06,29,<0.1%,--
6720,这里的黎明静悄悄,<0.1%,1.01,8,<0.1%,9.3%
6721,港囧,33.4%,8769.79,48,30.9%,40.3%
6722,九层妖塔,28.1%,7388.51,44,27.0%,38.8%
6723,夏洛特烦恼,24.0%,6296.30,65,17.2%,64.1%
6724,解救吾先生,6.2%,1649.94,33,9.2%,41.2%
6725,小黄人大眼萌,3.3%,871.42,37,4.0%,42.6%
6726,巴啦啦小魔仙之魔箭公主,1.7%,458.66,23,3.8%,28.1%
6727,碟中谍5：神秘国度,1.1%,294.06,41,1.0%,47.5%
6728,第三种爱情,0.4%,110.23,19,1.1%,35.4%
6729,天眼传奇,0.2%,68.90,11,1.3%,13.3%
6730,极地大反攻,0.2%,62.30,13,1.0%,17.4%
6731,长江7号：超萌特攻队,0.1%,47.29,11,0.8%,14.8%
6732,上善若水,0.1%,40.85,139,<0.1%,--
6733,七彩田野,0.1%,40.01,134,<0.1%,--
6734,暗杀,<0.1%,22.30,32,0.1%,51.2%
6735,像素大战,<0.1%,22.12,24,0.1%,37.8%
6736,魔镜,<0.1%,21.17,15,0.2%,22.9%
6737,诡打墙,<0.1%,6.94,4,0.4%,12.5%
6738,墓穴迷城,<0.1%,4.65,30,<0.1%,68.3%
6739,人皮拼图,<0.1%,3.34,3,0.2%,11.8%
6740,君子道：上海滩后传,<0.1%,2.51,4,0.1%,9.7%
6741,王化买父,<0.1%,1.92,37,<0.1%,100%
6742,黑猫警长之翡翠之星,<0.1%,1.91,8,<0.1%,20.4%
6743,百团大战,<0.1%,1.59,6,<0.1%,13.1%
6744,陪安东尼度过漫长岁月,<0.1%,1.56,133,<0.1%,62.1%
6745,小门神,<0.1%,1.44,180,<0.1%,--
6746,李三娘,<0.1%,1.23,29,<0.1%,--
6747,这里的黎明静悄悄,<0.1%,1.12,10,<0.1%,10.8%
6748,夏洛特烦恼,31.5%,7970.54,69,20.8%,65.0%
6749,港囧,29.5%,7460.67,43,29.6%,36.4%
6750,九层妖塔,24.7%,6268.51,41,25.0%,36.8%
6751,解救吾先生,6.5%,1654.76,33,9.3%,40.8%
6752,小黄人大眼萌,3.2%,826.27,33,4.3%,38.1%
6753,巴啦啦小魔仙之魔箭公主,1.6%,419.10,22,3.5%,28.0%
6754,碟中谍5：神秘国度,1.1%,291.45,38,1.1%,40.5%
6755,第三种爱情,0.3%,96.68,17,1.1%,31.3%
6756,天眼传奇,0.1%,44.77,9,1.0%,10.4%
6757,上善若水,0.1%,41.42,140,<0.1%,--
6758,七彩田野,0.1%,39.45,129,<0.1%,--
6759,长江7号：超萌特攻队,0.1%,38.70,11,0.7%,14.1%
6760,极地大反攻,0.1%,35.21,10,0.8%,13.8%
6761,暗杀,<0.1%,24.46,30,0.1%,49.7%
6762,像素大战,<0.1%,23.34,24,0.1%,32.4%
6763,魔镜,<0.1%,20.17,14,0.2%,21.5%
6764,诡打墙,<0.1%,5.98,4,0.4%,10.6%
6765,墓穴迷城,<0.1%,3.04,18,<0.1%,53.9%
6766,人皮拼图,<0.1%,2.94,3,0.2%,10.2%
6767,烈日灼心,<0.1%,2.07,58,<0.1%,100%
6768,王化买父,<0.1%,2.05,35,<0.1%,100%
6769,黑猫警长之翡翠之星,<0.1%,1.98,9,<0.1%,21.9%
6770,百团大战,<0.1%,1.55,7,<0.1%,12.4%
6771,这里的黎明静悄悄,<0.1%,1.14,10,<0.1%,10.2%
6772,李三娘,<0.1%,1.12,28,<0.1%,--
6773,夏洛特烦恼,38.8%,9978.78,74,24.3%,67.0%
6774,港囧,25.3%,6521.68,40,28.0%,34.2%
6775,九层妖塔,21.9%,5624.91,40,23.6%,36.1%
6776,解救吾先生,6.4%,1651.41,33,9.2%,41.4%
6777,小黄人大眼萌,3.0%,792.33,32,4.4%,35.9%
6778,巴啦啦小魔仙之魔箭公主,1.5%,407.16,24,3.3%,29.1%
6779,碟中谍5：神秘国度,1.1%,297.52,38,1.2%,39.4%
6780,第三种爱情,0.3%,84.17,16,1.0%,28.3%
6781,上善若水,0.1%,43.54,144,<0.1%,--
6782,七彩田野,0.1%,38.98,134,<0.1%,--
6783,天眼传奇,0.1%,38.00,9,0.9%,10.9%
6784,长江7号：超萌特攻队,0.1%,36.22,11,0.7%,14.6%
6785,极地大反攻,0.1%,32.22,11,0.7%,15.6%
6786,头脑特工队,0.1%,27.61,12,0.3%,5.5%
6787,暗杀,<0.1%,24.62,28,0.1%,46.1%
6788,像素大战,<0.1%,22.77,23,0.1%,31.3%
6789,魔镜,<0.1%,21.94,15,0.2%,23.4%
6790,诡打墙,<0.1%,6.12,4,0.4%,11.2%
6791,墓穴迷城,<0.1%,4.41,25,<0.1%,49.3%
6792,狼图腾,<0.1%,4.36,164,<0.1%,100.0%
6793,人皮拼图,<0.1%,2.79,3,0.2%,10.3%
6794,陪安东尼度过漫长岁月,<0.1%,2.16,74,<0.1%,50.4%
6795,王化买父,<0.1%,2.06,33,<0.1%,100%
6796,百团大战,<0.1%,1.96,12,<0.1%,20.6%
6797,通道转兵,<0.1%,1.86,72,<0.1%,84.0%
6798,黑猫警长之翡翠之星,<0.1%,1.75,8,<0.1%,20.5%
6799,修女艾达,<0.1%,1.24,113,<0.1%,--
6800,星语心愿之再爱,<0.1%,1.19,7,<0.1%,7.3%
6801,李三娘,<0.1%,1.18,28,<0.1%,--
6802,这里的黎明静悄悄,<0.1%,1.13,9,<0.1%,10.2%
6803,夏洛特烦恼,42.0%,11304.08,77,26.3%,66.7%
6804,港囧,20.3%,5464.28,40,23.7%,36.6%
6805,九层妖塔,17.3%,4663.15,39,19.8%,37.9%
6806,头脑特工队,10.7%,2893.24,35,14.0%,30.0%
6807,解救吾先生,5.4%,1466.27,34,7.9%,43.0%
6808,小黄人大眼萌,1.2%,349.08,33,1.9%,40.8%
6809,巴啦啦小魔仙之魔箭公主,1.0%,272.09,30,1.7%,36.9%
6810,碟中谍5：神秘国度,0.7%,203.54,37,0.8%,44.3%
6811,第三种爱情,0.2%,59.54,16,0.7%,30.4%
6812,上善若水,0.1%,44.91,141,<0.1%,--
6813,七彩田野,0.1%,42.32,140,<0.1%,--
6814,魔镜,<0.1%,20.03,17,0.2%,24.7%
6815,暗杀,<0.1%,18.63,28,0.1%,49.4%
6816,天眼传奇,<0.1%,16.43,11,0.3%,14.2%
6817,长江7号：超萌特攻队,<0.1%,12.90,9,0.2%,12.3%
6818,极地大反攻,<0.1%,11.84,11,0.2%,17.4%
6819,像素大战,<0.1%,11.48,17,<0.1%,27.8%
6820,诡打墙,<0.1%,6.37,4,0.4%,11.6%
6821,狼图腾,<0.1%,5.31,152,<0.1%,100%
6822,墓穴迷城,<0.1%,4.23,25,<0.1%,52.2%
6823,人皮拼图,<0.1%,2.71,3,0.2%,10.8%
6824,黑猫警长之翡翠之星,<0.1%,1.93,9,<0.1%,22.1%
6825,百团大战,<0.1%,1.93,13,<0.1%,29.3%
6826,王化买父,<0.1%,1.92,31,<0.1%,100%
6827,通道转兵,<0.1%,1.58,73,<0.1%,83.3%
6828,修女艾达,<0.1%,1.26,112,<0.1%,--
6829,陪安东尼度过漫长岁月,<0.1%,1.17,64,<0.1%,38.8%
6830,夏洛特烦恼,50.5%,11295.24,70,29.1%,58.4%
6831,港囧,15.9%,3553.79,27,22.6%,25.8%
6832,九层妖塔,14.7%,3301.56,29,19.0%,29.0%
6833,头脑特工队,9.0%,2015.74,26,13.2%,22.9%
6834,解救吾先生,5.4%,1225.65,29,8.0%,36.4%
6835,小黄人大眼萌,1.3%,312.33,28,2.0%,34.4%
6836,巴啦啦小魔仙之魔箭公主,1.0%,240.45,28,1.5%,34.2%
6837,碟中谍5：神秘国度,0.6%,137.85,28,0.8%,31.1%
6838,第三种爱情,0.2%,47.01,13,0.7%,25.4%
6839,七彩田野,0.1%,42.08,134,<0.1%,--
6840,上善若水,0.1%,40.22,133,<0.1%,--
6841,魔镜,<0.1%,15.83,14,0.2%,18.8%
6842,暗杀,<0.1%,15.35,25,<0.1%,40.1%
6843,长江7号：超萌特攻队,<0.1%,12.49,10,0.2%,13.3%
6844,天眼传奇,<0.1%,12.25,9,0.2%,11.5%
6845,极地大反攻,<0.1%,10.41,12,0.2%,16.4%
6846,像素大战,<0.1%,9.17,16,<0.1%,23.1%
6847,狼图腾,<0.1%,6.19,139,<0.1%,100%
6848,墓穴迷城,<0.1%,4.27,28,<0.1%,59.0%
6849,诡打墙,<0.1%,3.85,2,0.4%,7.5%
6850,陪安东尼度过漫长岁月,<0.1%,2.12,72,<0.1%,33.5%
6851,王化买父,<0.1%,1.90,33,<0.1%,100%
6852,通道转兵,<0.1%,1.85,72,<0.1%,86.2%
6853,人皮拼图,<0.1%,1.85,2,0.2%,8.4%
6854,百团大战,<0.1%,1.82,11,<0.1%,32.5%
6855,黑猫警长之翡翠之星,<0.1%,1.69,8,<0.1%,19.2%
6856,大变局之梦回甲午,<0.1%,1.39,70,<0.1%,100%
6857,李三娘,<0.1%,1.36,30,<0.1%,--
6858,修女艾达,<0.1%,1.27,113,<0.1%,--
6859,逆转胜,<0.1%,1.13,3,<0.1%,14.0%
6860,星语心愿之再爱,<0.1%,1.07,7,<0.1%,6.9%
6861,夏洛特烦恼,59.7%,5874.34,36,31.5%,29.1%
6862,港囧,15.2%,1503.20,13,22.7%,12.0%
6863,九层妖塔,12.5%,1231.45,12,19.3%,11.2%
6864,解救吾先生,6.2%,612.53,13,9.4%,16.2%
6865,头脑特工队,3.0%,301.65,5,10.9%,3.9%
6866,巴啦啦小魔仙之魔箭公主,0.9%,98.03,16,0.8%,19.6%
6867,七彩田野,0.4%,45.65,138,<0.1%,--
6868,上善若水,0.4%,44.83,137,<0.1%,--
6869,第三种爱情,0.3%,33.73,7,1.0%,12.1%
6870,小黄人大眼萌,0.1%,16.01,3,1.2%,2.8%
6871,魔镜,0.1%,10.40,7,0.3%,8.8%
6872,暗杀,<0.1%,7.77,9,0.1%,12.3%
6873,男左女右,<0.1%,6.36,228,<0.1%,--
6874,奇幻女侠,<0.1%,4.76,149,<0.1%,--
6875,长江7号：超萌特攻队,<0.1%,4.57,3,0.1%,4.6%
6876,墓穴迷城,<0.1%,3.63,21,<0.1%,43.2%
6877,百团大战,<0.1%,2.53,23,<0.1%,86.3%
6878,诡打墙,<0.1%,2.49,2,0.4%,4.0%
6879,像素大战,<0.1%,2.25,3,0.1%,4.4%
6880,可爱的你,<0.1%,2.06,258,<0.1%,--
6881,京城81号,<0.1%,1.93,31,<0.1%,100.0%
6882,穿越硝烟的歌声,<0.1%,1.72,168,<0.1%,--
6883,王化买父,<0.1%,1.64,25,<0.1%,100%
6884,狼图腾,<0.1%,1.34,56,<0.1%,48.6%
6885,李三娘,<0.1%,1.08,21,<0.1%,--
6886,天眼传奇,<0.1%,1.04,2,0.1%,1.8%
6887,夏洛特烦恼,60.8%,5798.37,33,33.6%,26.5%
6888,港囧,13.7%,1313.11,12,21.9%,11.3%
6889,九层妖塔,11.6%,1107.80,11,18.6%,10.7%
6890,解救吾先生,6.9%,661.66,13,10.1%,16.6%
6891,头脑特工队,3.2%,313.23,6,9.6%,4.5%
6892,巴啦啦小魔仙之魔箭公主,1.3%,124.05,21,0.7%,26.4%
6893,上善若水,0.4%,43.59,140,<0.1%,--
6894,七彩田野,0.4%,43.56,142,<0.1%,--
6895,第三种爱情,0.3%,35.81,6,1.1%,10.7%
6896,长江7号：超萌特攻队,0.1%,15.87,8,0.1%,12.7%
6897,小黄人大眼萌,0.1%,15.26,3,1.1%,2.9%
6898,百团大战,0.1%,12.72,47,<0.1%,54.8%
6899,魔镜,0.1%,12.23,7,0.3%,8.8%
6900,暗杀,<0.1%,8.74,9,0.1%,13.8%
6901,墓穴迷城,<0.1%,3.42,20,<0.1%,33.6%
6902,诡打墙,<0.1%,2.87,2,0.4%,4.6%
6903,像素大战,<0.1%,2.12,3,0.1%,3.6%
6904,诱狼,<0.1%,2.06,35,<0.1%,44.3%
6905,王化买父,<0.1%,1.92,27,<0.1%,100%
6906,为了这片土地,<0.1%,1.35,114,<0.1%,100%
6907,天眼传奇,<0.1%,1.29,3,0.1%,3.5%
6908,人皮拼图,<0.1%,1.16,1,0.2%,4.2%
6909,李三娘,<0.1%,1.03,21,<0.1%,--
6910,穿越硝烟的歌声,<0.1%,1.00,127,<0.1%,--
6911,夏洛特烦恼,61.2%,8484.13,46,34.9%,36.5%
6912,港囧,13.1%,1823.45,16,21.0%,16.3%
6913,九层妖塔,11.6%,1607.84,16,17.9%,16.3%
6914,解救吾先生,6.0%,841.11,16,10.4%,19.5%
6915,头脑特工队,5.0%,694.02,12,9.3%,10.9%
6916,巴啦啦小魔仙之魔箭公主,0.7%,102.15,16,0.8%,21.5%
6917,第三种爱情,0.3%,49.29,9,1.1%,14.7%
6918,七彩田野,0.3%,45.00,136,<0.1%,--
6919,上善若水,0.2%,40.30,128,<0.1%,--
6920,小黄人大眼萌,0.2%,36.81,6,1.2%,6.6%
6921,魔镜,0.1%,20.14,11,0.3%,14.7%
6922,百团大战,0.1%,18.26,54,<0.1%,71.5%
6923,长江7号：超萌特攻队,0.1%,17.30,8,0.1%,14.6%
6924,暗杀,0.1%,14.28,14,0.1%,20.8%
6925,像素大战,<0.1%,7.16,9,0.1%,11.5%
6926,诡打墙,<0.1%,4.63,3,0.4%,7.3%
6927,犹太女孩在上海2：项链密码,<0.1%,4.20,445,<0.1%,100%
6928,天眼传奇,<0.1%,3.84,5,0.1%,5.4%
6929,墓穴迷城,<0.1%,3.41,18,<0.1%,47.3%
6930,为了这片土地,<0.1%,2.64,98,<0.1%,82.1%
6931,穿越硝烟的歌声,<0.1%,2.51,162,<0.1%,100%
6932,王化买父,<0.1%,2.42,37,<0.1%,100%
6933,妈妈，让我再爱你一次,<0.1%,1.98,4,0.1%,5.9%
6934,人皮拼图,<0.1%,1.73,2,0.2%,6.0%
6935,诱狼,<0.1%,1.70,55,<0.1%,60.8%
6936,通道转兵,<0.1%,1.48,75,<0.1%,87.0%
6937,李三娘,<0.1%,1.24,26,<0.1%,--
6938,喜马拉雅天梯,<0.1%,1.15,153,<0.1%,--
6939,家有虎妻,<0.1%,1.09,3,0.1%,3.6%
6940,夏洛特烦恼,60.0%,10881.12,55,35.8%,43.3%
6941,港囧,11.7%,2123.58,19,19.8%,19.6%
6942,九层妖塔,10.5%,1916.82,19,16.9%,19.9%
6943,头脑特工队,8.8%,1610.95,25,10.5%,23.7%
6944,解救吾先生,5.6%,1033.12,20,9.9%,23.8%
6945,巴啦啦小魔仙之魔箭公主,0.9%,174.09,22,1.2%,27.9%
6946,小黄人大眼萌,0.8%,153.49,16,1.6%,20.4%
6947,第三种爱情,0.3%,57.14,11,1.0%,20.4%
6948,上善若水,0.2%,41.62,143,<0.1%,--
6949,七彩田野,0.2%,40.27,140,<0.1%,--
6950,魔镜,<0.1%,17.74,9,0.3%,12.5%
6951,暗杀,<0.1%,16.91,18,0.1%,29.9%
6952,像素大战,<0.1%,9.55,12,0.1%,15.3%
6953,长江7号：超萌特攻队,<0.1%,5.86,7,0.2%,11.0%
6954,诡打墙,<0.1%,4.84,3,0.4%,7.7%
6955,极地大反攻,<0.1%,3.86,7,0.1%,10.2%
6956,墓穴迷城,<0.1%,3.44,19,<0.1%,55.8%
6957,王化买父,<0.1%,3.17,42,<0.1%,100%
6958,喜马拉雅天梯,<0.1%,3.01,151,<0.1%,100.0%
6959,百团大战,<0.1%,3.01,19,<0.1%,51.5%
6960,小门神,<0.1%,2.99,126,<0.1%,100%
6961,妈妈，让我再爱你一次,<0.1%,2.89,8,0.1%,12.9%
6962,天眼传奇,<0.1%,2.81,5,0.1%,5.5%
6963,穿越硝烟的歌声,<0.1%,2.24,164,<0.1%,--
6964,人皮拼图,<0.1%,1.86,2,0.2%,6.6%
6965,李三娘,<0.1%,1.55,28,<0.1%,--
6966,大变局之梦回甲午,<0.1%,1.45,73,<0.1%,100%
6967,修女艾达,<0.1%,1.11,99,<0.1%,--
6968,这里的黎明静悄悄,<0.1%,1.00,10,<0.1%,12.6%
6969,夏洛特烦恼,62.8%,4332.55,23,36.7%,18.5%
6970,港囧,12.0%,829.70,8,20.5%,8.0%
6971,九层妖塔,11.3%,779.41,8,17.8%,8.3%
6972,解救吾先生,6.7%,467.07,9,10.8%,10.6%
6973,头脑特工队,3.2%,223.77,5,8.3%,4.0%
6974,巴啦啦小魔仙之魔箭公主,1.1%,81.33,15,0.6%,20.0%
6975,七彩田野,0.6%,41.82,136,<0.1%,--
6976,上善若水,0.5%,39.49,138,<0.1%,--
6977,第三种爱情,0.4%,32.23,6,1.2%,9.0%
6978,魔镜,0.1%,13.28,6,0.4%,8.7%
6979,小黄人大眼萌,0.1%,8.63,2,0.8%,2.5%
6980,暗杀,0.1%,7.14,7,0.1%,11.0%
6981,狂野飞车,<0.1%,5.66,108,<0.1%,100%
6982,百团大战,<0.1%,4.66,19,<0.1%,36.8%
6983,喜马拉雅天梯,<0.1%,3.98,198,<0.1%,100%
6984,墓穴迷城,<0.1%,3.27,20,<0.1%,50.8%
6985,王化买父,<0.1%,2.66,34,<0.1%,100%
6986,诡打墙,<0.1%,2.57,2,0.5%,4.0%
6987,像素大战,<0.1%,2.07,3,0.1%,3.5%
6988,李三娘,<0.1%,2.01,29,<0.1%,--
6989,穿越硝烟的歌声,<0.1%,1.73,123,<0.1%,100%
6990,夏洛特烦恼,61.3%,4099.44,22,37.3%,17.5%
6991,港囧,11.8%,793.12,8,20.1%,8.0%
6992,九层妖塔,11.5%,772.40,8,17.7%,8.5%
6993,解救吾先生,7.2%,482.88,9,11.2%,10.8%
6994,头脑特工队,3.6%,245.81,6,8.1%,4.6%
6995,巴啦啦小魔仙之魔箭公主,1.1%,78.48,14,0.6%,18.2%
6996,七彩田野,0.6%,43.38,131,<0.1%,--
6997,上善若水,0.5%,38.52,131,<0.1%,--
6998,第三种爱情,0.5%,34.55,6,1.4%,9.0%
6999,魔镜,0.2%,14.04,6,0.5%,8.5%
7000,既然青春留不住,0.1%,12.48,133,<0.1%,100%
7001,百团大战,0.1%,12.37,36,<0.1%,51.9%
7002,暗杀,0.1%,9.68,9,0.2%,13.0%
7003,心迷宫,0.1%,9.53,47,<0.1%,43.8%
7004,狂野飞车,<0.1%,4.33,92,<0.1%,100%
7005,墓穴迷城,<0.1%,3.46,22,<0.1%,38.5%
7006,诡打墙,<0.1%,2.81,2,0.5%,4.5%
7007,为了这片土地,<0.1%,2.72,83,<0.1%,67.7%
7008,像素大战,<0.1%,2.65,4,0.1%,4.4%
7009,天眼传奇,<0.1%,2.52,3,<0.1%,3.7%
7010,王化买父,<0.1%,2.47,31,<0.1%,100%
7011,李三娘,<0.1%,2.16,28,<0.1%,--
7012,喜马拉雅天梯,<0.1%,1.18,103,<0.1%,88.5%
7013,夏洛特烦恼,60.5%,3671.19,20,37.6%,15.4%
7014,港囧,11.8%,716.34,7,20.0%,7.2%
7015,九层妖塔,11.7%,713.85,8,17.6%,7.9%
7016,解救吾先生,7.6%,464.40,9,11.3%,10.1%
7017,头脑特工队,3.8%,232.10,5,8.0%,4.4%
7018,巴啦啦小魔仙之魔箭公主,0.8%,50.26,11,0.6%,13.5%
7019,我的童年谁做主,0.6%,42.30,141,<0.1%,--
7020,爱在烂漫时,0.6%,40.24,136,<0.1%,--
7021,第三种爱情,0.5%,35.47,5,1.5%,8.5%
7022,魔镜,0.2%,13.39,6,0.5%,7.5%
7023,百团大战,0.1%,11.40,37,<0.1%,45.3%
7024,战狼,0.1%,10.40,296,<0.1%,--
7025,暗杀,0.1%,8.52,7,0.2%,11.0%
7026,心迷宫,0.1%,7.66,49,<0.1%,45.8%
7027,为了这片土地,0.1%,7.16,109,<0.1%,91.5%
7028,喜马拉雅天梯,0.1%,6.84,137,<0.1%,100%
7029,既然青春留不住,<0.1%,4.44,115,<0.1%,81.5%
7030,王化买父,<0.1%,2.84,32,<0.1%,100%
7031,诡打墙,<0.1%,2.52,2,0.5%,3.4%
7032,像素大战,<0.1%,2.33,4,0.1%,4.0%
7033,李三娘,<0.1%,2.24,25,<0.1%,100%
7034,墓穴迷城,<0.1%,2.04,12,<0.1%,31.1%
7035,龙在哪里？,<0.1%,1.88,157,<0.1%,--
7036,妈妈，让我再爱你一次,<0.1%,1.83,14,<0.1%,22.7%
7037,穿越硝烟的歌声,<0.1%,1.61,134,<0.1%,100%
7038,犹太女孩在上海2：项链密码,<0.1%,1.46,154,<0.1%,--
7039,人皮拼图,<0.1%,1.20,1,0.3%,4.0%
7040,战火中的芭蕾,<0.1%,1.08,217,<0.1%,94.3%
7041,夏洛特烦恼,55.0%,3364.93,18,37.0%,13.9%
7042,九层妖塔,11.1%,679.90,7,17.3%,7.3%
7043,港囧,10.9%,671.43,7,19.5%,6.7%
7044,蚁人,7.5%,464.48,42,1.9%,22.2%
7045,解救吾先生,7.3%,447.07,8,11.1%,9.5%
7046,头脑特工队,3.5%,215.43,5,7.8%,4.1%
7047,巴啦啦小魔仙之魔箭公主,0.7%,44.14,8,0.5%,10.0%
7048,爱在烂漫时,0.6%,41.70,139,<0.1%,--
7049,我的童年谁做主,0.6%,41.60,134,<0.1%,--
7050,第三种爱情,0.5%,35.48,5,1.5%,7.8%
7051,百团大战,0.3%,20.70,50,<0.1%,51.1%
7052,魔镜,0.2%,13.16,5,0.5%,7.1%
7053,为了这片土地,0.1%,9.17,133,<0.1%,100%
7054,暗杀,0.1%,8.80,7,0.2%,9.8%
7055,小王子,0.1%,7.96,14,0.1%,10.5%
7056,魔卡行动,0.1%,6.30,141,<0.1%,65.2%
7057,使命召唤,<0.1%,5.30,31,<0.1%,--
7058,喜马拉雅天梯,<0.1%,3.54,226,<0.1%,100%
7059,既然青春留不住,<0.1%,3.47,90,<0.1%,100%
7060,墓穴迷城,<0.1%,2.87,14,<0.1%,31.5%
7061,王化买父,<0.1%,2.80,32,<0.1%,100%
7062,诡打墙,<0.1%,2.59,2,0.5%,3.6%
7063,开罗宣言,<0.1%,2.09,233,<0.1%,--
7064,李三娘,<0.1%,2.04,24,<0.1%,100%
7065,笔仙魔咒,<0.1%,1.98,14,<0.1%,16.5%
7066,山河故人,<0.1%,1.97,81,<0.1%,60.7%
7067,天眼传奇,<0.1%,1.85,6,<0.1%,8.0%
7068,诱狼,<0.1%,1.82,32,<0.1%,97.8%
7069,猛龙特囧,<0.1%,1.75,61,<0.1%,42.3%
7070,穿越硝烟的歌声,<0.1%,1.65,138,<0.1%,100%
7071,蚁人,53.4%,7618.88,35,37.9%,25.3%
7072,夏洛特烦恼,25.7%,3678.43,33,20.9%,34.0%
7073,小王子,10.7%,1532.94,23,13.0%,23.3%
7074,港囧,2.5%,368.25,11,6.2%,16.1%
7075,九层妖塔,1.6%,232.27,10,4.3%,13.2%
7076,笔仙魔咒,1.3%,189.61,12,4.0%,17.4%
7077,心迷宫,0.8%,116.49,8,3.3%,9.4%
7078,解救吾先生,0.7%,112.82,10,2.2%,12.3%
7079,头脑特工队,0.4%,65.06,10,1.1%,11.2%
7080,魔卡行动,0.4%,64.67,4,3.9%,4.2%
7081,喜马拉雅天梯,0.4%,63.24,21,0.5%,22.3%
7082,巴啦啦小魔仙之魔箭公主,0.3%,51.29,41,<0.1%,96.4%
7083,我的童年谁做主,0.2%,41.42,139,<0.1%,--
7084,爱在烂漫时,0.2%,39.59,136,<0.1%,--
7085,百团大战,0.1%,25.54,53,0.1%,75.5%
7086,为了这片土地,<0.1%,12.92,131,<0.1%,100%
7087,零点杀机,<0.1%,11.90,3,1.1%,4.1%
7088,第三种爱情,<0.1%,3.98,5,0.1%,11.0%
7089,王化买父,<0.1%,3.18,35,<0.1%,100%
7090,诱狼,<0.1%,2.62,95,<0.1%,100%
7091,山河故人,<0.1%,2.27,85,<0.1%,47.0%
7092,开罗宣言,<0.1%,1.91,213,<0.1%,100%
7093,墓穴迷城,<0.1%,1.86,24,<0.1%,77.5%
7094,守信少年,<0.1%,1.80,240,<0.1%,--
7095,李三娘,<0.1%,1.51,31,<0.1%,100%
7096,既然青春留不住,<0.1%,1.47,49,<0.1%,100%
7097,犹太女孩在上海2：项链密码,<0.1%,1.29,215,<0.1%,100%
7098,家在水草丰茂的地方,<0.1%,1.20,121,<0.1%,100%
7099,穿越硝烟的歌声,<0.1%,1.19,82,<0.1%,82.7%
7100,极地大反攻,<0.1%,1.09,29,<0.1%,98.9%
7101,蚁人,48.4%,10788.74,48,36.8%,34.8%
7102,夏洛特烦恼,26.1%,5817.40,49,21.5%,50.1%
7103,小王子,15.0%,3360.28,38,15.8%,40.8%
7104,港囧,2.3%,533.67,18,5.3%,27.5%
7105,九层妖塔,1.5%,338.27,17,3.4%,24.8%
7106,既然青春留不住,1.2%,278.89,29,1.8%,31.8%
7107,头脑特工队,1.2%,271.13,26,1.7%,31.8%
7108,笔仙魔咒,0.9%,208.06,13,3.8%,20.0%
7109,心迷宫,0.6%,148.52,13,2.6%,14.9%
7110,解救吾先生,0.6%,139.72,15,1.6%,20.0%
7111,喜马拉雅天梯,0.3%,87.56,31,0.4%,33.2%
7112,魔卡行动,0.3%,79.07,6,2.7%,7.5%
7113,我的童年谁做主,0.1%,43.54,144,<0.1%,--
7114,巴啦啦小魔仙之魔箭公主,0.1%,43.22,22,0.2%,33.5%
7115,爱在烂漫时,0.1%,38.98,132,<0.1%,--
7116,我是证人,0.1%,31.60,198,<0.1%,100%
7117,零点杀机,<0.1%,11.05,4,0.7%,5.7%
7118,龙在哪里？,<0.1%,10.60,271,<0.1%,100%
7119,妈妈，让我再爱你一次,<0.1%,7.09,71,<0.1%,100%
7120,第三种爱情,<0.1%,4.89,8,0.1%,16.2%
7121,墓穴迷城,<0.1%,3.66,35,<0.1%,73.0%
7122,百团大战,<0.1%,3.13,23,<0.1%,49.3%
7123,王化买父,<0.1%,2.93,40,<0.1%,100%
7124,滚蛋吧！肿瘤君,<0.1%,2.70,675,<0.1%,72.5%
7125,魔镜,<0.1%,2.35,9,<0.1%,16.2%
7126,家有虎妻,<0.1%,2.33,36,<0.1%,100%
7127,李三娘,<0.1%,2.01,27,<0.1%,100%
7128,山河故人,<0.1%,1.78,79,<0.1%,64.9%
7129,幸存者,<0.1%,1.49,12,<0.1%,9.1%
7130,为了这片土地,<0.1%,1.44,160,<0.1%,100%
7131,穿越硝烟的歌声,<0.1%,1.38,93,<0.1%,100%
7132,这里的黎明静悄悄,<0.1%,1.01,20,<0.1%,22.9%
7133,情满人间,<0.1%,1.00,168,<0.1%,--
7134,蚁人,46.5%,8387.01,39,35.5%,28.1%
7135,夏洛特烦恼,26.5%,4790.85,39,22.3%,39.3%
7136,小王子,16.2%,2920.97,33,16.1%,34.8%
7137,港囧,2.2%,399.61,16,4.6%,24.8%
7138,幸存者,1.4%,265.08,10,5.4%,12.0%
7139,头脑特工队,1.4%,262.26,26,1.6%,31.4%
7140,九层妖塔,1.4%,257.43,15,3.0%,22.3%
7141,心迷宫,0.7%,142.75,14,2.2%,16.3%
7142,笔仙魔咒,0.7%,139.11,9,3.5%,14.1%
7143,解救吾先生,0.5%,93.76,13,1.2%,18.7%
7144,魔卡行动,0.5%,90.74,9,2.0%,12.1%
7145,喜马拉雅天梯,0.4%,90.04,33,0.4%,36.2%
7146,我的童年谁做主,0.2%,45.28,137,<0.1%,--
7147,爱在烂漫时,0.2%,42.33,134,<0.1%,--
7148,巴啦啦小魔仙之魔箭公主,0.1%,23.10,20,0.1%,28.3%
7149,妈妈，让我再爱你一次,<0.1%,8.63,72,<0.1%,100%
7150,家有虎妻,<0.1%,6.89,103,<0.1%,100%
7151,零点杀机,<0.1%,6.52,3,0.5%,4.9%
7152,探灵档案,<0.1%,5.26,151,<0.1%,--
7153,第三种爱情,<0.1%,4.40,8,0.1%,19.5%
7154,小门神,<0.1%,3.42,182,<0.1%,--
7155,王化买父,<0.1%,2.70,33,<0.1%,100%
7156,李三娘,<0.1%,2.40,36,<0.1%,100%
7157,山河故人,<0.1%,2.13,117,<0.1%,59.0%
7158,龙在哪里？,<0.1%,1.91,319,<0.1%,--
7159,长江7号：超萌特攻队,<0.1%,1.44,8,<0.1%,15.7%
7160,魔镜,<0.1%,1.18,6,<0.1%,11.1%
7161,百团大战,<0.1%,1.15,13,<0.1%,27.0%
7162,蚁人,47.3%,3204.24,16,35.4%,11.7%
7163,夏洛特烦恼,29.7%,2008.73,17,23.6%,16.7%
7164,小王子,9.6%,652.60,10,13.5%,9.5%
7165,港囧,2.8%,194.15,8,5.0%,11.4%
7166,幸存者,2.2%,153.25,5,6.5%,6.5%
7167,九层妖塔,1.6%,112.87,7,3.4%,8.9%
7168,笔仙魔咒,1.3%,88.39,6,3.6%,9.5%
7169,心迷宫,0.9%,61.51,6,2.3%,6.7%
7170,解救吾先生,0.8%,54.93,8,1.4%,10.3%
7171,喜马拉雅天梯,0.6%,46.34,16,0.5%,16.8%
7172,爱在烂漫时,0.6%,42.08,139,<0.1%,--
7173,我的童年谁做主,0.5%,39.86,132,<0.1%,--
7174,头脑特工队,0.3%,26.41,5,0.8%,5.3%
7175,巴啦啦小魔仙之魔箭公主,0.1%,13.48,25,<0.1%,52.8%
7176,既然青春留不住,0.1%,10.95,71,<0.1%,100%
7177,魔卡行动,0.1%,10.02,2,1.9%,1.6%
7178,百团大战,<0.1%,4.65,27,<0.1%,28.6%
7179,王化买父,<0.1%,3.65,40,<0.1%,100%
7180,零点杀机,<0.1%,3.61,2,0.5%,2.9%
7181,第三种爱情,<0.1%,2.89,5,0.1%,9.0%
7182,犹太女孩在上海2：项链密码,<0.1%,2.81,111,<0.1%,--
7183,为了这片土地,<0.1%,2.80,104,<0.1%,94.1%
7184,山河故人,<0.1%,2.79,160,<0.1%,100%
7185,家有虎妻,<0.1%,2.75,49,<0.1%,100%
7186,家在水草丰茂的地方,<0.1%,2.18,219,<0.1%,--
7187,妈妈，让我再爱你一次,<0.1%,2.13,65,<0.1%,100%
7188,李三娘,<0.1%,1.91,29,<0.1%,100%
7189,我是证人,<0.1%,1.67,82,<0.1%,45.3%
7190,极地大反攻,<0.1%,1.35,40,<0.1%,48.2%
7191,敢死队2,<0.1%,1.14,146,<0.1%,--
7192,蚁人,45.8%,2881.84,15,34.9%,10.8%
7193,夏洛特烦恼,29.6%,1860.82,16,24.3%,15.1%
7194,小王子,10.2%,641.28,10,13.2%,9.6%
7195,港囧,3.0%,192.68,8,5.1%,11.3%
7196,幸存者,2.4%,156.83,6,6.6%,6.8%
7197,九层妖塔,1.8%,113.48,7,3.4%,8.9%
7198,笔仙魔咒,1.3%,84.28,6,3.7%,9.1%
7199,心迷宫,1.0%,66.12,7,2.3%,7.4%
7200,解救吾先生,0.8%,51.94,8,1.4%,10.1%
7201,喜马拉雅天梯,0.7%,48.48,14,0.6%,15.2%
7202,我的童年谁做主,0.6%,41.97,144,<0.1%,--
7203,爱在烂漫时,0.6%,41.67,139,<0.1%,--
7204,头脑特工队,0.4%,29.55,6,0.8%,6.6%
7205,巴啦啦小魔仙之魔箭公主,0.1%,10.05,23,<0.1%,45.5%
7206,魔卡行动,0.1%,8.90,2,1.6%,1.7%
7207,我是证人,0.1%,8.62,183,<0.1%,73.1%
7208,百团大战,0.1%,7.95,38,<0.1%,40.5%
7209,山河故人,<0.1%,5.06,184,<0.1%,100%
7210,第三种爱情,<0.1%,3.42,5,0.1%,8.7%
7211,零点杀机,<0.1%,3.12,2,0.5%,2.8%
7212,为了这片土地,<0.1%,3.00,112,<0.1%,93.9%
7213,既然青春留不住,<0.1%,2.98,63,<0.1%,53.1%
7214,王化买父,<0.1%,2.96,38,<0.1%,100%
7215,妈妈，让我再爱你一次,<0.1%,1.88,79,<0.1%,100%
7216,家有虎妻,<0.1%,1.69,41,<0.1%,100%
7217,李三娘,<0.1%,1.38,24,<0.1%,100%
7218,敢死队2,<0.1%,1.34,167,<0.1%,--
7219,龙在哪里？,<0.1%,1.27,107,<0.1%,100.0%
7220,蚁人,44.5%,2503.46,13,34.6%,9.5%
7221,夏洛特烦恼,29.2%,1643.44,14,24.5%,12.9%
7222,小王子,10.4%,587.18,9,12.9%,8.9%
7223,港囧,3.1%,178.13,7,5.2%,10.2%
7224,幸存者,2.4%,136.70,5,6.5%,5.9%
7225,九层妖塔,1.8%,103.31,6,3.5%,7.9%
7226,心迷宫,1.5%,84.43,8,2.4%,9.3%
7227,笔仙魔咒,1.4%,80.06,6,3.7%,8.5%
7228,解救吾先生,0.9%,52.31,7,1.4%,9.8%
7229,喜马拉雅天梯,0.8%,48.44,15,0.6%,15.7%
7230,我的童年谁做主,0.7%,43.70,142,<0.1%,--
7231,爱在烂漫时,0.7%,43.36,141,<0.1%,--
7232,头脑特工队,0.5%,30.58,7,0.8%,6.7%
7233,我是证人,0.2%,15.55,179,<0.1%,100%
7234,百团大战,0.2%,12.00,43,<0.1%,69.4%
7235,小飞侠：幻梦启航,0.1%,8.48,7,0.2%,3.9%
7236,魔卡行动,0.1%,7.64,2,1.5%,1.5%
7237,为了这片土地,<0.1%,4.59,140,<0.1%,100%
7238,第三种爱情,<0.1%,3.64,5,0.1%,9.0%
7239,巴啦啦小魔仙之魔箭公主,<0.1%,3.55,15,<0.1%,24.4%
7240,既然青春留不住,<0.1%,3.29,46,<0.1%,69.1%
7241,零点杀机,<0.1%,3.22,2,0.5%,2.8%
7242,山河故人,<0.1%,3.08,116,<0.1%,60.5%
7243,李三娘,<0.1%,2.35,20,<0.1%,100%
7244,敢死队2,<0.1%,2.31,215,<0.1%,--
7245,情满人间,<0.1%,2.11,152,<0.1%,--
7246,王化买父,<0.1%,2.10,32,<0.1%,100%
7247,家有虎妻,<0.1%,1.74,57,<0.1%,100%
7248,龙在哪里？,<0.1%,1.49,71,<0.1%,100.0%
7249,国徽,<0.1%,1.00,143,<0.1%,--
7250,蚁人,42.5%,2274.94,14,29.2%,10.5%
7251,夏洛特烦恼,27.6%,1480.54,13,22.6%,13.1%
7252,小飞侠：幻梦启航,8.7%,468.95,5,19.0%,4.1%
7253,小王子,8.5%,458.64,10,9.7%,9.7%
7254,港囧,2.3%,128.44,7,3.8%,11.1%
7255,幸存者,1.5%,81.06,5,4.0%,6.3%
7256,九层妖塔,1.2%,68.12,6,2.3%,8.7%
7257,心迷宫,1.2%,67.90,9,1.7%,11.0%
7258,笔仙魔咒,1.1%,61.30,6,3.0%,8.5%
7259,喜马拉雅天梯,0.8%,45.38,16,0.5%,18.2%
7260,爱在烂漫时,0.8%,44.98,139,<0.1%,--
7261,我的童年谁做主,0.7%,40.23,144,<0.1%,--
7262,解救吾先生,0.6%,35.31,7,0.9%,10.9%
7263,头脑特工队,0.3%,17.53,6,0.5%,7.2%
7264,百团大战,0.2%,14.67,44,<0.1%,58.8%
7265,名侦探柯南：业火的向日葵,0.2%,12.07,26,<0.1%,17.8%
7266,既然青春留不住,<0.1%,5.10,26,<0.1%,27.5%
7267,前任2：备胎反击战,<0.1%,4.53,183,<0.1%,100%
7268,为了这片土地,<0.1%,4.21,128,<0.1%,100%
7269,魔卡行动,<0.1%,3.72,1,0.9%,1.6%
7270,巴啦啦小魔仙之魔箭公主,<0.1%,3.44,24,<0.1%,58.1%
7271,第三种爱情,<0.1%,2.78,5,0.1%,8.5%
7272,王化买父,<0.1%,2.64,37,<0.1%,100%
7273,山河故人,<0.1%,2.41,94,<0.1%,82.9%
7274,这里是新疆,<0.1%,2.25,81,<0.1%,--
7275,浪漫天降,<0.1%,2.07,18,<0.1%,31.7%
7276,李三娘,<0.1%,1.89,29,<0.1%,100%
7277,零点杀机,<0.1%,1.83,2,0.4%,2.7%
7278,敢死队2,<0.1%,1.75,163,<0.1%,--
7279,猛龙特囧,<0.1%,1.69,19,<0.1%,24.5%
7280,犹太女孩在上海2：项链密码,<0.1%,1.50,201,<0.1%,100%
7281,梦开始的地方,<0.1%,1.43,28,<0.1%,--
7282,穿越硝烟的歌声,<0.1%,1.29,93,<0.1%,100%
7283,情满人间,<0.1%,1.05,81,<0.1%,--
7284,蚁人,34.5%,3329.17,26,21.7%,18.3%
7285,夏洛特烦恼,18.4%,1772.73,23,14.7%,22.6%
7286,名侦探柯南：业火的向日葵,15.7%,1518.97,21,15.5%,19.3%
7287,既然青春留不住,9.6%,930.14,16,12.1%,16.6%
7288,小王子,5.8%,560.25,22,4.6%,21.8%
7289,小飞侠：幻梦启航,4.8%,469.35,8,10.8%,7.3%
7290,龙在哪里？,2.4%,235.88,10,4.4%,11.6%
7291,浪漫天降,2.3%,228.92,10,4.6%,10.9%
7292,猛龙特囧,1.1%,110.08,8,2.8%,10.1%
7293,探灵档案,0.7%,71.33,7,2.2%,7.3%
7294,港囧,0.5%,51.14,8,1.1%,16.2%
7295,我的童年谁做主,0.4%,41.22,138,<0.1%,--
7296,爱在烂漫时,0.4%,40.27,144,<0.1%,--
7297,喜马拉雅天梯,0.4%,39.65,29,0.2%,32.1%
7298,心迷宫,0.3%,36.68,17,0.4%,20.8%
7299,九层妖塔,0.2%,27.21,7,0.7%,13.4%
7300,笔仙魔咒,0.2%,22.53,6,0.9%,12.6%
7301,百团大战,0.2%,20.37,56,<0.1%,69.0%
7302,幸存者,0.2%,19.98,6,0.7%,10.5%
7303,头脑特工队,0.2%,19.60,17,0.1%,22.8%
7304,家在水草丰茂的地方,0.1%,15.60,12,0.2%,13.6%
7305,诱狼,0.1%,12.51,131,<0.1%,100%
7306,解救吾先生,0.1%,11.78,11,0.2%,23.4%
7307,为了这片土地,0.1%,9.97,152,<0.1%,100%
7308,前任2：备胎反击战,<0.1%,6.46,100,<0.1%,100%
7309,山河故人,<0.1%,3.33,155,<0.1%,97.1%
7310,王化买父,<0.1%,2.92,43,<0.1%,100%
7311,梦开始的地方,<0.1%,1.92,32,<0.1%,--
7312,极地大反攻,<0.1%,1.86,66,<0.1%,66.7%
7313,敢死队2,<0.1%,1.70,211,<0.1%,--
7314,李三娘,<0.1%,1.41,24,<0.1%,100%
7315,情满人间,<0.1%,1.35,226,<0.1%,--
7316,犹太女孩在上海2：项链密码,<0.1%,1.32,108,<0.1%,44.7%
7317,这里是新疆,<0.1%,1.24,41,<0.1%,--
7318,穿越硝烟的歌声,<0.1%,1.16,79,<0.1%,100%
7319,蚁人,36.1%,6008.57,43,22.1%,30.4%
7320,夏洛特烦恼,18.8%,3137.21,37,15.3%,36.6%
7321,名侦探柯南：业火的向日葵,15.0%,2507.99,31,16.4%,27.6%
7322,小王子,9.3%,1545.52,42,6.3%,43.3%
7323,既然青春留不住,6.2%,1045.24,18,11.7%,18.9%
7324,小飞侠：幻梦启航,4.2%,713.53,15,8.4%,14.6%
7325,龙在哪里？,3.9%,658.29,21,5.5%,23.9%
7326,浪漫天降,1.3%,226.73,12,3.4%,14.0%
7327,猛龙特囧,0.7%,126.90,11,2.2%,14.2%
7328,港囧,0.5%,83.48,14,1.0%,27.9%
7329,探灵档案,0.4%,76.17,8,1.9%,9.4%
7330,心迷宫,0.4%,68.48,26,0.5%,31.6%
7331,头脑特工队,0.4%,67.85,29,0.3%,35.7%
7332,喜马拉雅天梯,0.3%,62.41,37,0.2%,42.8%
7333,九层妖塔,0.2%,45.79,12,0.6%,25.3%
7334,爱在烂漫时,0.2%,41.82,138,<0.1%,--
7335,我的童年谁做主,0.2%,39.49,144,<0.1%,--
7336,笔仙魔咒,0.2%,35.05,10,0.9%,19.6%
7337,幸存者,0.1%,28.71,9,0.6%,16.9%
7338,解救吾先生,0.1%,19.49,16,0.1%,31.8%
7339,家在水草丰茂的地方,0.1%,18.04,16,0.1%,18.1%
7340,魔比斯环,<0.1%,12.75,4,0.6%,4.3%
7341,前任2：备胎反击战,<0.1%,5.40,111,<0.1%,100%
7342,百团大战,<0.1%,4.28,33,<0.1%,42.1%
7343,为了这片土地,<0.1%,3.73,156,<0.1%,100%
7344,湖杀令,<0.1%,3.16,139,<0.1%,94.1%
7345,兔子镇的火狐狸,<0.1%,3.00,209,<0.1%,100%
7346,王化买父,<0.1%,2.91,38,<0.1%,100%
7347,敢死队2,<0.1%,2.04,190,<0.1%,--
7348,李三娘,<0.1%,1.45,26,<0.1%,100%
7349,穿越硝烟的歌声,<0.1%,1.30,125,<0.1%,100%
7350,滚蛋吧！肿瘤君,<0.1%,1.20,600,<0.1%,64.5%
7351,第三种爱情,<0.1%,1.08,5,<0.1%,15.8%
7352,情满人间,<0.1%,1.08,70,<0.1%,--
7353,蚁人,35.5%,4671.11,33,22.7%,23.3%
7354,夏洛特烦恼,18.9%,2490.15,28,15.9%,27.8%
7355,名侦探柯南：业火的向日葵,13.1%,1731.28,22,16.3%,19.4%
7356,小王子,10.5%,1393.19,34,7.2%,34.5%
7357,既然青春留不住,6.4%,852.26,15,11.1%,16.6%
7358,龙在哪里？,4.5%,599.60,20,5.4%,22.2%
7359,小飞侠：幻梦启航,4.1%,540.61,12,7.6%,12.4%
7360,浪漫天降,1.0%,138.80,8,3.1%,10.2%
7361,猛龙特囧,0.8%,106.31,10,2.0%,12.9%
7362,港囧,0.5%,72.05,13,0.9%,24.1%
7363,头脑特工队,0.5%,71.71,27,0.3%,32.6%
7364,心迷宫,0.4%,61.60,22,0.5%,27.5%
7365,喜马拉雅天梯,0.4%,55.52,34,0.2%,39.2%
7366,山河故人,0.4%,54.60,61,0.1%,55.2%
7367,探灵档案,0.3%,46.89,6,1.7%,6.6%
7368,九层妖塔,0.3%,45.41,11,0.7%,22.8%
7369,爱在烂漫时,0.3%,42.94,135,<0.1%,--
7370,我的童年谁做主,0.2%,39.36,139,<0.1%,--
7371,笔仙魔咒,0.2%,27.62,8,0.9%,15.0%
7372,幸存者,0.1%,24.00,7,0.6%,13.2%
7373,解救吾先生,0.1%,18.05,14,0.2%,24.4%
7374,家在水草丰茂的地方,0.1%,14.47,13,0.1%,15.3%
7375,魔比斯环,<0.1%,11.30,5,0.4%,5.9%
7376,我是证人,<0.1%,7.43,199,<0.1%,100%
7377,前任2：备胎反击战,<0.1%,5.15,117,<0.1%,100%
7378,小门神,<0.1%,2.98,148,<0.1%,--
7379,为了这片土地,<0.1%,2.40,267,<0.1%,100%
7380,王化买父,<0.1%,2.37,33,<0.1%,100%
7381,李三娘,<0.1%,1.91,31,<0.1%,--
7382,穿越硝烟的歌声,<0.1%,1.85,149,<0.1%,100%
7383,湖杀令,<0.1%,1.76,165,<0.1%,93.4%
7384,敢死队2,<0.1%,1.70,211,<0.1%,--
7385,修女艾达,<0.1%,1.60,117,<0.1%,--
7386,巴啦啦小魔仙之魔箭公主,<0.1%,1.21,7,<0.1%,11.7%
7387,百团大战,<0.1%,1.02,15,<0.1%,27.7%
7388,妈妈，让我再爱你一次,<0.1%,1.02,17,<0.1%,16.1%
7389,蚁人,36.2%,1533.55,12,24.3%,8.0%
7390,夏洛特烦恼,23.3%,988.83,11,17.5%,10.9%
7391,名侦探柯南：业火的向日葵,9.5%,405.99,6,15.4%,5.2%
7392,既然青春留不住,9.2%,392.10,8,11.5%,8.1%
7393,小王子,5.9%,252.83,8,6.2%,7.4%
7394,小飞侠：幻梦启航,4.1%,177.64,5,7.8%,4.4%
7395,浪漫天降,1.4%,59.97,4,3.2%,4.7%
7396,猛龙特囧,1.3%,57.36,6,2.2%,7.2%
7397,龙在哪里？,1.1%,50.29,3,3.2%,3.4%
7398,青花运,0.9%,40.00,139,<0.1%,--
7399,探灵档案,0.7%,31.83,4,1.8%,4.7%
7400,心迷宫,0.6%,27.34,8,0.6%,9.6%
7401,二狗返乡记,0.6%,27.10,131,<0.1%,--
7402,港囧,0.6%,25.90,7,0.7%,12.0%
7403,九层妖塔,0.5%,21.57,5,0.9%,8.8%
7404,笔仙魔咒,0.4%,18.60,5,1.1%,9.3%
7405,喜马拉雅天梯,0.3%,16.33,11,0.2%,11.5%
7406,幸存者,0.3%,15.46,4,0.9%,6.5%
7407,解救吾先生,0.3%,14.03,9,0.3%,14.0%
7408,遥远的拥抱,0.2%,11.99,167,<0.1%,--
7409,头脑特工队,0.2%,9.32,6,0.2%,6.3%
7410,山河故人,0.2%,9.28,214,<0.1%,86.2%
7411,我是证人,0.1%,6.27,232,<0.1%,100%
7412,家在水草丰茂的地方,0.1%,5.27,6,0.1%,6.4%
7413,为了这片土地,0.1%,4.86,125,<0.1%,100%
7414,精灵旅社2,0.1%,4.41,9,<0.1%,5.6%
7415,王化买父,<0.1%,1.93,26,<0.1%,100%
7416,百团大战,<0.1%,1.92,16,<0.1%,27.4%
7417,前任2：备胎反击战,<0.1%,1.89,100,<0.1%,49.4%
7418,李三娘,<0.1%,1.67,28,<0.1%,100%
7419,敢死队2,<0.1%,1.56,194,<0.1%,--
7420,湖杀令,<0.1%,1.11,186,<0.1%,92.5%
7421,战狼,<0.1%,1.05,351,<0.1%,87.4%
7422,家有虎妻,<0.1%,1.00,70,<0.1%,37.2%
7423,极地大反攻,<0.1%,1.00,28,<0.1%,100%
7424,孤胆义侠,<0.1%,1.00,186,<0.1%,--
7425,蚁人,32.0%,1469.03,12,22.2%,8.5%
7426,夏洛特烦恼,20.4%,936.89,12,16.2%,11.6%
7427,精灵旅社2,17.7%,812.94,9,18.2%,6.4%
7428,名侦探柯南：业火的向日葵,6.7%,307.74,6,11.0%,5.8%
7429,既然青春留不住,6.6%,303.32,8,8.5%,9.3%
7430,小王子,4.1%,189.25,9,4.2%,8.1%
7431,小飞侠：幻梦启航,2.2%,100.76,4,4.5%,4.9%
7432,回到被爱的每一天,1.3%,60.17,4,3.4%,4.6%
7433,二狗返乡记,1.2%,56.97,144,<0.1%,--
7434,猛龙特囧,0.9%,42.64,6,1.5%,8.6%
7435,青花运,0.9%,41.40,139,<0.1%,--
7436,浪漫天降,0.7%,32.24,4,1.8%,4.6%
7437,探灵档案,0.6%,27.56,5,1.3%,5.5%
7438,龙在哪里？,0.5%,23.83,4,1.3%,4.7%
7439,港囧,0.5%,23.04,7,0.6%,12.1%
7440,心迷宫,0.4%,20.81,8,0.5%,10.6%
7441,九层妖塔,0.4%,18.84,5,0.7%,9.6%
7442,笔仙魔咒,0.3%,18.23,5,1.0%,9.5%
7443,喜马拉雅天梯,0.3%,14.51,12,0.2%,13.8%
7444,幸存者,0.2%,10.97,4,0.7%,6.9%
7445,头脑特工队,0.2%,9.63,13,0.1%,15.3%
7446,解救吾先生,0.1%,9.01,8,0.2%,12.0%
7447,百团大战,0.1%,8.15,39,<0.1%,63.0%
7448,遥远的拥抱,0.1%,6.99,175,<0.1%,--
7449,山河故人,0.1%,5.66,159,<0.1%,100%
7450,家在水草丰茂的地方,<0.1%,3.16,6,0.1%,5.5%
7451,精灵旅社,<0.1%,3.02,3,0.2%,2.9%
7452,为了这片土地,<0.1%,2.66,111,<0.1%,90.0%
7453,孤胆义侠,<0.1%,2.63,244,<0.1%,--
7454,李三娘,<0.1%,2.44,32,<0.1%,100%
7455,王化买父,<0.1%,1.78,26,<0.1%,100%
7456,战狼,<0.1%,1.77,356,<0.1%,--
7457,情满人间,<0.1%,1.46,113,<0.1%,--
7458,极地大反攻,<0.1%,1.29,38,<0.1%,100%
7459,蚁人,32.2%,1338.23,11,22.5%,7.6%
7460,夏洛特烦恼,20.7%,862.09,10,16.6%,10.0%
7461,精灵旅社2,17.3%,721.09,8,17.7%,6.0%
7462,既然青春留不住,6.6%,275.88,7,8.8%,7.9%
7463,名侦探柯南：业火的向日葵,6.0%,252.61,6,10.5%,4.9%
7464,小王子,4.0%,167.47,8,4.2%,7.1%
7465,小飞侠：幻梦启航,2.2%,91.94,4,4.4%,4.6%
7466,回到被爱的每一天,1.1%,46.81,4,3.2%,3.9%
7467,猛龙特囧,1.0%,43.45,6,1.5%,8.7%
7468,二狗返乡记,1.0%,41.68,136,<0.1%,--
7469,青花运,0.9%,39.68,135,<0.1%,--
7470,浪漫天降,0.7%,31.50,4,1.7%,4.5%
7471,龙在哪里？,0.6%,28.42,5,1.2%,6.2%
7472,港囧,0.6%,25.39,9,0.7%,14.0%
7473,探灵档案,0.5%,23.47,4,1.3%,4.6%
7474,我是证人,0.4%,18.84,170,<0.1%,100%
7475,心迷宫,0.4%,18.77,7,0.5%,8.9%
7476,笔仙魔咒,0.4%,18.60,5,1.1%,8.9%
7477,九层妖塔,0.4%,17.87,5,0.7%,8.7%
7478,喜马拉雅天梯,0.3%,13.70,11,0.2%,12.0%
7479,幸存者,0.2%,11.70,4,0.7%,6.6%
7480,解救吾先生,0.2%,8.58,7,0.2%,10.5%
7481,百团大战,0.1%,7.03,38,<0.1%,68.1%
7482,头脑特工队,0.1%,5.70,7,0.1%,7.6%
7483,为了这片土地,<0.1%,3.31,123,<0.1%,80.5%
7484,李三娘,<0.1%,2.96,29,<0.1%,100%
7485,我的处女地,<0.1%,2.96,16,<0.1%,100%
7486,孤胆义侠,<0.1%,2.63,244,<0.1%,--
7487,家在水草丰茂的地方,<0.1%,2.62,5,0.1%,4.1%
7488,天眼传奇,<0.1%,2.48,52,<0.1%,--
7489,精灵旅社,<0.1%,2.28,3,0.1%,2.7%
7490,王化买父,<0.1%,2.21,29,<0.1%,100%
7491,战狼,<0.1%,1.81,359,<0.1%,100%
7492,极地大反攻,<0.1%,1.70,48,<0.1%,75.5%
7493,黑猫警长之翡翠之星,<0.1%,1.42,128,<0.1%,100%
7494,修女艾达,<0.1%,1.23,132,<0.1%,--
7495,犹太女孩在上海2：项链密码,<0.1%,1.23,610,<0.1%,93.4%
7496,蚁人,31.8%,1218.91,10,22.7%,6.7%
7497,夏洛特烦恼,21.0%,807.54,10,17.1%,8.9%
7498,精灵旅社2,17.3%,663.53,8,16.7%,5.8%
7499,既然青春留不住,6.9%,264.48,7,9.1%,7.2%
7500,名侦探柯南：业火的向日葵,5.6%,217.71,5,10.0%,4.4%
7501,小王子,4.1%,157.70,7,4.3%,6.5%
7502,小飞侠：幻梦启航,2.0%,77.79,4,4.2%,4.0%
7503,二狗返乡记,1.1%,43.54,146,<0.1%,--
7504,猛龙特囧,1.0%,40.89,6,1.5%,8.0%
7505,青花运,1.0%,38.98,140,<0.1%,--
7506,回到被爱的每一天,0.8%,33.81,3,3.1%,2.7%
7507,我是证人,0.8%,31.01,25,0.1%,16.9%
7508,浪漫天降,0.7%,27.30,4,1.6%,4.2%
7509,龙在哪里？,0.6%,23.63,4,1.1%,5.0%
7510,探灵档案,0.5%,22.34,4,1.3%,4.4%
7511,港囧,0.5%,22.00,6,0.7%,9.7%
7512,心迷宫,0.5%,19.18,7,0.5%,8.4%
7513,笔仙魔咒,0.4%,17.10,4,1.1%,7.8%
7514,九层妖塔,0.4%,16.03,4,0.7%,7.7%
7515,幸存者,0.3%,12.57,4,0.7%,7.1%
7516,喜马拉雅天梯,0.3%,12.46,9,0.2%,10.4%
7517,解救吾先生,0.2%,8.65,7,0.2%,10.4%
7518,百团大战,0.1%,6.62,33,<0.1%,53.4%
7519,头脑特工队,0.1%,4.63,5,0.1%,6.4%
7520,我的处女地,0.1%,4.04,15,<0.1%,100%
7521,山河故人,<0.1%,3.58,33,<0.1%,31.8%
7522,幸福很囧,<0.1%,3.03,2,0.7%,1.5%
7523,家在水草丰茂的地方,<0.1%,2.78,5,0.1%,4.7%
7524,精灵旅社,<0.1%,2.64,3,0.1%,4.5%
7525,孤胆义侠,<0.1%,2.63,244,<0.1%,--
7526,为了这片土地,<0.1%,2.44,102,<0.1%,86.9%
7527,王化买父,<0.1%,2.31,31,<0.1%,100%
7528,李三娘,<0.1%,1.88,24,<0.1%,100%
7529,犹太女孩在上海2：项链密码,<0.1%,1.72,383,<0.1%,78.7%
7530,极地大反攻,<0.1%,1.28,50,<0.1%,100.0%
7531,天眼传奇,<0.1%,1.20,20,<0.1%,100%
7532,半夜叫你别回头,<0.1%,1.05,15,<0.1%,19.5%
7533,我是证人,39.0%,3257.00,26,24.4%,20.5%
7534,蚁人,18.6%,1559.13,17,15.7%,12.0%
7535,精灵旅社2,11.8%,989.31,16,11.2%,13.4%
7536,夏洛特烦恼,10.0%,838.12,16,10.4%,15.9%
7537,山河故人,7.0%,587.59,12,10.5%,12.5%
7538,名侦探柯南：业火的向日葵,2.3%,193.89,11,3.8%,10.7%
7539,半夜叫你别回头,1.9%,159.76,12,3.0%,15.7%
7540,小王子,1.9%,158.65,15,1.8%,15.1%
7541,既然青春留不住,1.7%,145.44,10,3.1%,11.6%
7542,十七岁,1.5%,125.75,6,5.4%,6.3%
7543,二狗返乡记,0.5%,45.16,143,<0.1%,--
7544,青花运,0.5%,41.88,135,<0.1%,--
7545,小飞侠：幻梦启航,0.4%,37.06,6,1.2%,7.7%
7546,兔子镇的火狐狸,0.2%,21.40,3,2.1%,2.6%
7547,猛龙特囧,0.2%,19.64,9,0.4%,13.3%
7548,龙在哪里？,0.1%,15.93,7,0.4%,10.8%
7549,百团大战,0.1%,13.42,47,<0.1%,55.8%
7550,前任2：备胎反击战,0.1%,12.70,139,<0.1%,91.7%
7551,魔比斯环,0.1%,11.77,2,1.7%,1.3%
7552,港囧,0.1%,10.26,7,0.2%,13.7%
7553,头脑特工队,0.1%,10.16,29,<0.1%,43.7%
7554,喜马拉雅天梯,0.1%,9.77,16,0.1%,20.8%
7555,九层妖塔,0.1%,8.36,6,0.3%,13.4%
7556,幸存者,<0.1%,6.52,5,0.2%,11.5%
7557,心迷宫,<0.1%,6.08,9,0.1%,11.9%
7558,囧贼,<0.1%,5.14,3,0.4%,6.7%
7559,探灵档案,<0.1%,4.73,4,0.2%,4.2%
7560,回到被爱的每一天,<0.1%,4.55,2,0.6%,2.5%
7561,我的处女地,<0.1%,4.15,17,<0.1%,100%
7562,笔仙魔咒,<0.1%,3.97,4,0.3%,9.1%
7563,解救吾先生,<0.1%,3.25,9,<0.1%,16.7%
7564,浪漫天降,<0.1%,3.20,3,0.2%,4.1%
7565,精灵旅社,<0.1%,2.96,6,0.1%,9.3%
7566,孤胆义侠,<0.1%,2.63,244,<0.1%,--
7567,为了这片土地,<0.1%,2.58,87,<0.1%,68.0%
7568,王化买父,<0.1%,2.35,29,<0.1%,100%
7569,极地大反攻,<0.1%,2.03,63,<0.1%,88.8%
7570,李三娘,<0.1%,1.73,26,<0.1%,100%
7571,战狼,<0.1%,1.61,406,<0.1%,100%
7572,修女艾达,<0.1%,1.32,94,<0.1%,--
7573,家在水草丰茂的地方,<0.1%,1.30,8,<0.1%,6.3%
7574,邓小平登黄山,<0.1%,1.29,68,<0.1%,85.2%
7575,犹太女孩在上海2：项链密码,<0.1%,1.20,402,<0.1%,100.0%
7576,开罗宣言,<0.1%,1.11,83,<0.1%,100%
7577,我是证人,33.9%,5016.21,36,25.8%,28.2%
7578,蚁人,20.6%,3051.43,32,15.4%,23.0%
7579,精灵旅社2,17.5%,2588.73,34,13.3%,29.0%
7580,夏洛特烦恼,10.2%,1514.72,27,9.9%,29.4%
7581,山河故人,3.9%,576.59,14,8.1%,14.4%
7582,名侦探柯南：业火的向日葵,3.0%,449.51,22,3.9%,25.6%
7583,小王子,2.9%,437.97,29,2.6%,30.1%
7584,半夜叫你别回头,1.6%,236.86,16,3.2%,21.1%
7585,既然青春留不住,1.2%,182.56,12,2.9%,15.1%
7586,十七岁,0.8%,129.61,7,4.2%,8.3%
7587,兔子镇的火狐狸,0.7%,104.49,8,2.8%,9.1%
7588,龙在哪里？,0.5%,82.53,20,0.7%,28.0%
7589,小飞侠：幻梦启航,0.4%,71.95,11,1.1%,15.5%
7590,青花运,0.2%,42.08,135,<0.1%,--
7591,二狗返乡记,0.2%,40.19,136,<0.1%,--
7592,猛龙特囧,0.1%,26.45,13,0.4%,19.5%
7593,魔比斯环,0.1%,22.64,3,1.4%,3.3%
7594,头脑特工队,0.1%,18.77,21,0.1%,27.1%
7595,港囧,0.1%,18.18,13,0.2%,23.1%
7596,喜马拉雅天梯,<0.1%,12.62,21,<0.1%,29.3%
7597,心迷宫,<0.1%,12.44,18,0.1%,27.4%
7598,前任2：备胎反击战,<0.1%,11.67,129,<0.1%,100%
7599,九层妖塔,<0.1%,11.62,10,0.2%,23.2%
7600,探灵档案,<0.1%,11.18,7,0.3%,8.5%
7601,浪漫天降,<0.1%,10.61,7,0.2%,11.3%
7602,笔仙魔咒,<0.1%,10.14,8,0.3%,16.8%
7603,精灵旅社,<0.1%,9.24,13,0.1%,24.8%
7604,幸存者,<0.1%,7.35,7,0.2%,18.3%
7605,我的处女地,<0.1%,7.19,28,<0.1%,--
7606,回到被爱的每一天,<0.1%,6.17,3,0.4%,4.0%
7607,囧贼,<0.1%,4.97,4,0.3%,6.5%
7608,王化买父,<0.1%,2.79,37,<0.1%,100%
7609,解救吾先生,<0.1%,2.66,11,<0.1%,18.7%
7610,百团大战,<0.1%,2.15,34,<0.1%,61.8%
7611,李三娘,<0.1%,1.91,24,<0.1%,100%
7612,孤胆义侠,<0.1%,1.71,160,<0.1%,--
7613,家在水草丰茂的地方,<0.1%,1.64,11,<0.1%,9.8%
7614,滚蛋吧！肿瘤君,<0.1%,1.50,323,<0.1%,69.3%
7615,天眼传奇,<0.1%,1.33,14,<0.1%,24.4%
7616,极地大反攻,<0.1%,1.29,41,<0.1%,51.7%
7617,穿越硝烟的歌声,<0.1%,1.25,112,<0.1%,59.5%
7618,为了这片土地,<0.1%,1.14,96,<0.1%,78.9%
7619,我是证人,33.5%,3774.96,26,26.5%,21.0%
7620,蚁人,19.5%,2201.14,23,15.8%,16.5%
7621,精灵旅社2,17.9%,2014.87,25,13.7%,22.0%
7622,夏洛特烦恼,10.0%,1127.45,20,10.3%,21.3%
7623,山河故人,4.4%,502.99,13,7.3%,14.3%
7624,小王子,3.4%,385.87,24,2.8%,24.4%
7625,名侦探柯南：业火的向日葵,2.9%,327.33,16,3.9%,18.4%
7626,既然青春留不住,1.1%,133.47,9,2.9%,11.0%
7627,半夜叫你别回头,1.0%,120.85,9,3.0%,12.0%
7628,兔子镇的火狐狸,0.8%,93.32,7,2.6%,8.7%
7629,龙在哪里？,0.8%,91.09,20,0.8%,29.5%
7630,十七岁,0.7%,82.00,5,3.6%,6.1%
7631,前任2：备胎反击战,0.6%,71.19,101,0.1%,81.7%
7632,小飞侠：幻梦启航,0.4%,52.48,8,1.0%,12.0%
7633,二狗返乡记,0.3%,41.97,139,<0.1%,--
7634,青花运,0.3%,41.46,142,<0.1%,--
7635,猛龙特囧,0.2%,23.65,11,0.4%,17.3%
7636,港囧,0.1%,19.30,16,0.2%,31.0%
7637,头脑特工队,0.1%,18.17,21,0.1%,26.9%
7638,魔比斯环,0.1%,15.52,3,1.1%,2.8%
7639,剩者为王,0.1%,11.98,153,<0.1%,--
7640,九层妖塔,<0.1%,9.90,10,0.2%,18.9%
7641,喜马拉雅天梯,<0.1%,9.56,17,<0.1%,21.6%
7642,心迷宫,<0.1%,9.42,13,0.1%,19.2%
7643,浪漫天降,<0.1%,7.40,5,0.2%,7.9%
7644,我的处女地,<0.1%,6.76,28,<0.1%,100%
7645,精灵旅社,<0.1%,5.89,8,0.1%,16.8%
7646,回到被爱的每一天,<0.1%,5.22,2,0.4%,3.5%
7647,幸存者,<0.1%,5.18,5,0.1%,15.2%
7648,笔仙魔咒,<0.1%,4.10,4,0.2%,9.2%
7649,囧贼,<0.1%,4.06,3,0.2%,5.8%
7650,探灵档案,<0.1%,3.49,3,0.2%,3.1%
7651,解救吾先生,<0.1%,3.08,11,<0.1%,19.1%
7652,李三娘,<0.1%,2.47,33,<0.1%,--
7653,王化买父,<0.1%,2.35,30,<0.1%,100%
7654,文雀,<0.1%,1.66,206,<0.1%,--
7655,家在水草丰茂的地方,<0.1%,1.42,11,<0.1%,11.7%
7656,穿越硝烟的歌声,<0.1%,1.35,126,<0.1%,85.0%
7657,我是证人,41.0%,1595.43,12,27.7%,9.3%
7658,蚁人,18.6%,726.44,8,17.2%,5.6%
7659,夏洛特烦恼,11.5%,450.13,8,10.9%,8.6%
7660,精灵旅社2,10.1%,395.54,6,12.2%,5.2%
7661,山河故人,4.4%,172.39,5,7.3%,5.2%
7662,半夜叫你别回头,2.0%,78.13,6,3.1%,8.2%
7663,小王子,1.6%,63.27,6,2.2%,5.1%
7664,名侦探柯南：业火的向日葵,1.5%,61.87,4,3.6%,3.9%
7665,既然青春留不住,1.5%,61.49,4,3.5%,4.6%
7666,青花运,1.1%,44.00,142,<0.1%,--
7667,二狗返乡记,1.1%,43.66,142,<0.1%,--
7668,绝命海拔,1.1%,43.43,17,0.4%,7.3%
7669,十七岁,0.6%,26.16,2,3.6%,2.1%
7670,前任2：备胎反击战,0.4%,17.59,193,<0.1%,100%
7671,小飞侠：幻梦启航,0.4%,16.29,3,1.1%,3.8%
7672,龙在哪里？,0.3%,11.99,7,0.4%,11.3%
7673,猛龙特囧,0.2%,11.56,6,0.4%,9.1%
7674,港囧,0.2%,9.24,7,0.3%,12.6%
7675,九层妖塔,0.1%,5.19,5,0.2%,8.2%
7676,心迷宫,0.1%,5.03,6,0.1%,7.7%
7677,喜马拉雅天梯,0.1%,4.57,8,0.1%,10.5%
7678,兔子镇的火狐狸,0.1%,4.48,1,1.3%,0.9%
7679,浪漫天降,0.1%,4.18,3,0.3%,4.1%
7680,我的处女地,0.1%,3.94,20,<0.1%,--
7681,幸存者,<0.1%,3.72,3,0.2%,5.9%
7682,回到被爱的每一天,<0.1%,3.04,2,0.4%,2.5%
7683,魔比斯环,<0.1%,2.40,1,0.8%,0.6%
7684,王化买父,<0.1%,2.36,27,<0.1%,100%
7685,探灵档案,<0.1%,2.35,3,0.2%,2.5%
7686,头脑特工队,<0.1%,2.08,4,<0.1%,4.6%
7687,笔仙魔咒,<0.1%,1.83,2,0.2%,4.3%
7688,文雀,<0.1%,1.67,207,<0.1%,--
7689,囧贼,<0.1%,1.60,2,0.3%,2.3%
7690,我的诗篇,<0.1%,1.59,58,<0.1%,100%
7691,解救吾先生,<0.1%,1.43,5,<0.1%,7.6%
7692,李三娘,<0.1%,1.39,22,<0.1%,--
7693,精灵旅社,<0.1%,1.19,3,<0.1%,4.8%
7694,家在水草丰茂的地方,<0.1%,1.05,7,<0.1%,6.3%
7695,敢死队2,<0.1%,1.05,112,<0.1%,--
7696,绝命海拔,35.4%,1651.43,12,25.1%,8.5%
7697,我是证人,27.1%,1268.18,11,24.2%,9.8%
7698,蚁人,10.6%,495.12,8,12.8%,6.9%
7699,夏洛特烦恼,7.7%,362.26,9,8.9%,9.8%
7700,精灵旅社2,6.9%,321.91,7,8.9%,6.5%
7701,山河故人,2.9%,138.46,7,4.4%,7.4%
7702,移动迷宫2,1.6%,75.95,22,0.6%,12.5%
7703,小王子,1.0%,49.34,7,1.4%,6.9%
7704,半夜叫你别回头,1.0%,49.27,5,2.4%,8.0%
7705,青花运,0.9%,45.00,143,<0.1%,--
7706,二狗返乡记,0.8%,40.06,140,<0.1%,--
7707,名侦探柯南：业火的向日葵,0.8%,39.35,4,2.2%,4.5%
7708,既然青春留不住,0.7%,32.71,4,2.1%,4.6%
7709,前任2：备胎反击战,0.2%,11.71,220,<0.1%,79.5%
7710,十七岁,0.2%,9.44,2,1.5%,2.4%
7711,猛龙特囧,0.1%,7.53,6,0.3%,8.1%
7712,龙在哪里？,0.1%,7.19,5,0.2%,11.2%
7713,小飞侠：幻梦启航,0.1%,6.50,3,0.5%,3.6%
7714,港囧,0.1%,5.91,6,0.2%,10.4%
7715,九层妖塔,0.1%,4.80,5,0.2%,9.4%
7716,喜马拉雅天梯,<0.1%,3.40,7,<0.1%,8.5%
7717,我的处女地,<0.1%,3.33,9,<0.1%,20.7%
7718,心迷宫,<0.1%,3.31,6,0.1%,7.9%
7719,头脑特工队,<0.1%,3.04,10,<0.1%,14.9%
7720,王化买父,<0.1%,2.85,34,<0.1%,100%
7721,李三娘,<0.1%,2.50,26,<0.1%,100%
7722,兔子镇的火狐狸,<0.1%,2.46,2,0.5%,1.6%
7723,笔仙魔咒,<0.1%,2.00,3,0.2%,6.7%
7724,文雀,<0.1%,1.65,153,<0.1%,--
7725,幸存者,<0.1%,1.55,2,0.1%,5.6%
7726,浪漫天降,<0.1%,1.38,2,0.1%,4.1%
7727,解救吾先生,<0.1%,1.22,5,<0.1%,8.5%
7728,精灵旅社,<0.1%,1.09,3,<0.1%,6.4%
7729,战狼,<0.1%,1.05,264,<0.1%,--
7730,囧贼,<0.1%,1.00,2,0.2%,2.8%
7731,移动迷宫2,44.7%,2500.61,18,28.1%,13.2%
7732,绝命海拔,17.8%,998.73,10,19.4%,7.7%
7733,我是证人,17.6%,988.38,11,19.7%,11.0%
7734,蚁人,4.8%,271.27,7,7.7%,7.2%
7735,夏洛特烦恼,4.4%,248.53,8,6.6%,10.1%
7736,精灵旅社2,3.4%,194.86,7,6.0%,6.4%
7737,山河故人,2.2%,127.68,10,2.7%,12.0%
7738,二狗返乡记,0.7%,41.52,147,<0.1%,--
7739,青花运,0.7%,40.27,146,<0.1%,--
7740,半夜叫你别回头,0.6%,36.08,5,1.9%,7.6%
7741,小王子,0.5%,29.29,7,0.7%,7.8%
7742,名侦探柯南：业火的向日葵,0.3%,17.94,4,1.2%,4.3%
7743,既然青春留不住,0.3%,17.10,3,1.2%,4.9%
7744,龙在哪里？,<0.1%,4.96,5,0.2%,13.2%
7745,十七岁,<0.1%,4.70,2,0.7%,2.8%
7746,前任2：备胎反击战,<0.1%,4.62,180,<0.1%,90.6%
7747,喜马拉雅天梯,<0.1%,4.04,12,<0.1%,13.6%
7748,猛龙特囧,<0.1%,3.95,5,0.2%,8.3%
7749,港囧,<0.1%,3.85,6,0.1%,14.4%
7750,史努比：花生大电影,<0.1%,3.77,126,<0.1%,100%
7751,我的处女地,<0.1%,3.25,13,<0.1%,43.2%
7752,九层妖塔,<0.1%,2.79,5,0.1%,8.8%
7753,头脑特工队,<0.1%,2.79,13,<0.1%,23.4%
7754,解救吾先生,<0.1%,2.56,28,<0.1%,84.3%
7755,为了这片土地,<0.1%,2.49,93,<0.1%,95.7%
7756,李三娘,<0.1%,2.31,21,<0.1%,100%
7757,王化买父,<0.1%,2.06,30,<0.1%,100%
7758,小飞侠：幻梦启航,<0.1%,1.91,2,0.2%,3.2%
7759,浪漫天降,<0.1%,1.84,3,0.1%,5.8%
7760,文雀,<0.1%,1.66,206,<0.1%,--
7761,心迷宫,<0.1%,1.53,5,<0.1%,6.4%
7762,兔子镇的火狐狸,<0.1%,1.44,2,0.2%,2.2%
7763,我的诗篇,<0.1%,1.36,131,<0.1%,100%
7764,笔仙魔咒,<0.1%,1.29,2,0.1%,6.8%
7765,精灵旅社,<0.1%,1.16,4,<0.1%,7.4%
7766,魔比斯环,<0.1%,1.16,2,0.1%,3.4%
7767,敢死队2,<0.1%,1.02,49,<0.1%,--
7768,移动迷宫2,40.4%,1972.13,14,28.7%,10.0%
7769,我是证人,18.5%,903.05,10,19.8%,10.1%
7770,绝命海拔,18.4%,898.58,9,18.9%,7.2%
7771,蚁人,5.3%,262.53,7,7.4%,7.1%
7772,夏洛特烦恼,5.0%,245.42,8,6.6%,9.9%
7773,精灵旅社2,3.6%,176.41,6,5.9%,5.9%
7774,山河故人,2.4%,119.83,9,2.6%,11.3%
7775,青花运,0.8%,41.82,142,<0.1%,--
7776,二狗返乡记,0.8%,39.22,143,<0.1%,--
7777,小王子,0.6%,31.25,8,0.7%,8.5%
7778,前任2：备胎反击战,0.6%,31.01,26,0.2%,19.3%
7779,半夜叫你别回头,0.5%,25.87,4,1.6%,6.8%
7780,雨夜惊魂,0.4%,21.14,6,0.8%,8.5%
7781,名侦探柯南：业火的向日葵,0.3%,17.99,4,1.1%,4.5%
7782,既然青春留不住,0.2%,12.91,3,1.2%,3.8%
7783,喜马拉雅天梯,0.1%,7.94,22,<0.1%,27.0%
7784,我的青春期,0.1%,6.15,166,<0.1%,--
7785,剩者为王,<0.1%,4.71,11,<0.1%,8.2%
7786,龙在哪里？,<0.1%,4.65,5,0.2%,12.4%
7787,十七岁,<0.1%,4.17,2,0.7%,2.7%
7788,猛龙特囧,<0.1%,3.85,5,0.1%,8.8%
7789,我的处女地,<0.1%,3.74,14,<0.1%,88.4%
7790,头脑特工队,<0.1%,3.35,21,<0.1%,36.8%
7791,港囧,<0.1%,3.12,4,0.1%,9.3%
7792,九层妖塔,<0.1%,2.45,4,0.1%,7.2%
7793,李三娘,<0.1%,2.28,21,<0.1%,100%
7794,兔子镇的火狐狸,<0.1%,2.16,3,0.2%,3.8%
7795,黑猫警长之翡翠之星,<0.1%,2.07,213,<0.1%,100%
7796,为了这片土地,<0.1%,1.98,132,<0.1%,100%
7797,浪漫天降,<0.1%,1.85,4,0.1%,8.3%
7798,心迷宫,<0.1%,1.77,5,<0.1%,6.8%
7799,王化买父,<0.1%,1.76,30,<0.1%,100%
7800,文雀,<0.1%,1.47,162,<0.1%,--
7801,百团大战,<0.1%,1.45,82,<0.1%,100%
7802,小飞侠：幻梦启航,<0.1%,1.41,2,0.2%,2.9%
7803,笔仙魔咒,<0.1%,1.13,2,0.1%,5.9%
7804,钢铁，是这样炼成的,<0.1%,1.07,19,<0.1%,77.8%
7805,解救吾先生,<0.1%,1.06,6,<0.1%,12.3%
7806,敢死队2,<0.1%,1.05,59,<0.1%,--
7807,前任2：备胎反击战,32.3%,2934.69,23,27.2%,19.5%
7808,移动迷宫2,25.7%,2334.97,22,19.9%,15.9%
7809,剩者为王,14.0%,1274.62,18,15.4%,18.2%
7810,绝命海拔,10.0%,908.79,16,9.1%,12.9%
7811,我是证人,7.3%,666.00,14,9.3%,16.7%
7812,史努比：花生大电影,2.9%,266.55,7,7.4%,6.8%
7813,蚁人,1.5%,139.12,13,1.8%,14.6%
7814,精灵旅社2,1.4%,130.01,13,1.8%,13.7%
7815,山河故人,1.1%,101.08,15,1.2%,19.5%
7816,夏洛特烦恼,1.1%,100.03,11,1.8%,17.3%
7817,青花运,0.4%,43.38,147,<0.1%,--
7818,二狗返乡记,0.4%,38.89,136,<0.1%,--
7819,雨夜惊魂,0.3%,34.09,7,1.1%,9.0%
7820,喜马拉雅天梯,0.2%,22.34,55,<0.1%,72.7%
7821,小王子,0.1%,17.77,15,0.2%,22.1%
7822,半夜叫你别回头,0.1%,11.67,4,0.7%,9.0%
7823,龙在哪里？,<0.1%,6.18,8,0.1%,41.0%
7824,名侦探柯南：业火的向日葵,<0.1%,5.92,5,0.3%,9.3%
7825,激战黎明,<0.1%,5.15,5,0.2%,4.9%
7826,为了这片土地,<0.1%,5.03,112,<0.1%,73.3%
7827,我的处女地,<0.1%,4.31,20,<0.1%,100%
7828,魔比斯环,<0.1%,3.23,12,<0.1%,37.4%
7829,既然青春留不住,<0.1%,3.05,3,0.1%,5.7%
7830,陪安东尼度过漫长岁月,<0.1%,2.34,66,<0.1%,54.9%
7831,王化买父,<0.1%,1.72,29,<0.1%,100%
7832,邓小平登黄山,<0.1%,1.51,95,<0.1%,79.8%
7833,港囧,<0.1%,1.47,6,<0.1%,12.1%
7834,百团大战,<0.1%,1.44,58,<0.1%,76.4%
7835,李三娘,<0.1%,1.38,25,<0.1%,100%
7836,笔仙魔咒,<0.1%,1.11,3,0.1%,11.3%
7837,敢死队2,<0.1%,1.07,45,<0.1%,--
7838,前任2：备胎反击战,28.3%,4270.88,33,25.8%,28.1%
7839,移动迷宫2,25.8%,3895.54,34,19.6%,25.4%
7840,绝命海拔,10.5%,1592.76,30,8.0%,24.3%
7841,剩者为王,10.0%,1521.55,20,15.7%,20.1%
7842,我是证人,8.3%,1260.05,27,8.6%,33.8%
7843,史努比：花生大电影,6.1%,921.10,18,9.5%,18.8%
7844,精灵旅社2,3.9%,600.67,32,3.2%,34.7%
7845,蚁人,1.7%,266.16,27,1.5%,30.7%
7846,夏洛特烦恼,1.3%,207.91,22,1.6%,35.6%
7847,山河故人,0.9%,148.27,20,1.3%,26.9%
7848,小王子,0.4%,69.43,28,0.4%,38.5%
7849,龙在哪里？,0.4%,66.48,27,0.2%,54.2%
7850,见习警员白忆男之初来乍到,0.2%,42.26,138,<0.1%,--
7851,雨夜惊魂,0.2%,39.33,8,1.1%,10.4%
7852,喜马拉雅天梯,0.2%,39.04,78,<0.1%,94.1%
7853,遥远的拥抱,0.2%,30.85,138,<0.1%,--
7854,名侦探柯南：业火的向日葵,0.1%,25.19,12,0.4%,26.5%
7855,半夜叫你别回头,0.1%,16.67,6,0.6%,14.0%
7856,既然青春留不住,<0.1%,9.08,9,0.1%,24.9%
7857,我的处女地,<0.1%,6.99,29,<0.1%,100%
7858,兔子镇的火狐狸,<0.1%,6.32,7,0.2%,14.4%
7859,激战黎明,<0.1%,5.69,8,0.1%,7.6%
7860,十七岁,<0.1%,3.80,3,0.1%,12.5%
7861,探灵档案,<0.1%,2.75,21,<0.1%,38.2%
7862,精灵旅社,<0.1%,2.46,10,<0.1%,24.2%
7863,小门神,<0.1%,2.37,181,<0.1%,100%
7864,陪安东尼度过漫长岁月,<0.1%,2.19,113,<0.1%,100%
7865,心迷宫,<0.1%,2.11,16,<0.1%,33.5%
7866,小飞侠：幻梦启航,<0.1%,1.89,4,<0.1%,12.3%
7867,笔仙魔咒,<0.1%,1.64,4,0.1%,19.1%
7868,港囧,<0.1%,1.63,7,<0.1%,20.5%
7869,九层妖塔,<0.1%,1.33,7,<0.1%,13.9%
7870,妈妈，让我再爱你一次,<0.1%,1.11,88,<0.1%,84.1%
7871,囧贼,<0.1%,1.08,3,<0.1%,15.5%
7872,王化买父,<0.1%,1.06,25,<0.1%,97.9%
7873,前任2：备胎反击战,29.6%,3642.22,28,25.8%,23.9%
7874,移动迷宫2,23.5%,2899.26,26,19.6%,19.0%
7875,绝命海拔,10.6%,1314.69,25,8.0%,20.3%
7876,剩者为王,9.3%,1149.85,16,15.0%,15.9%
7877,我是证人,7.4%,921.06,19,9.0%,23.2%
7878,史努比：花生大电影,6.6%,813.93,17,9.0%,17.7%
7879,精灵旅社2,4.9%,604.49,30,3.5%,31.8%
7880,蚁人,1.8%,221.95,21,1.6%,24.1%
7881,夏洛特烦恼,1.4%,180.62,18,1.8%,28.3%
7882,山河故人,1.1%,136.62,18,1.3%,23.7%
7883,龙在哪里？,0.7%,94.44,34,0.2%,78.4%
7884,小王子,0.5%,70.10,27,0.4%,34.0%
7885,喜马拉雅天梯,0.3%,44.65,75,<0.1%,92.9%
7886,见习警员白忆男之初来乍到,0.3%,42.02,141,<0.1%,--
7887,遥远的拥抱,0.2%,36.53,131,<0.1%,--
7888,雨夜惊魂,0.2%,25.82,6,1.0%,7.2%
7889,名侦探柯南：业火的向日葵,0.2%,25.53,12,0.4%,23.7%
7890,半夜叫你别回头,<0.1%,11.01,4,0.6%,8.9%
7891,我的处女地,<0.1%,6.93,27,<0.1%,100%
7892,兔子镇的火狐狸,<0.1%,6.78,7,0.1%,16.8%
7893,既然青春留不住,<0.1%,5.37,6,0.1%,15.4%
7894,激战黎明,<0.1%,4.33,8,0.1%,7.8%
7895,十七岁,<0.1%,3.96,4,0.1%,15.9%
7896,港囧,<0.1%,2.40,15,<0.1%,43.7%
7897,妈妈，让我再爱你一次,<0.1%,2.23,120,<0.1%,80.2%
7898,精灵旅社,<0.1%,2.06,9,<0.1%,24.1%
7899,坏蛋必须死,<0.1%,2.01,134,<0.1%,51.4%
7900,解救吾先生,<0.1%,1.99,61,<0.1%,100%
7901,小飞侠：幻梦启航,<0.1%,1.50,4,<0.1%,8.4%
7902,九层妖塔,<0.1%,1.50,8,<0.1%,16.8%
7903,幸存者,<0.1%,1.46,8,<0.1%,48.1%
7904,囧贼,<0.1%,1.24,3,<0.1%,17.7%
7905,笔仙魔咒,<0.1%,1.24,4,0.1%,17.1%
7906,心迷宫,<0.1%,1.06,10,<0.1%,25.2%
7907,前任2：备胎反击战,38.5%,1760.13,15,27.0%,12.2%
7908,移动迷宫2,21.8%,998.01,10,20.9%,6.9%
7909,绝命海拔,11.0%,504.96,10,9.2%,7.7%
7910,剩者为王,9.6%,442.39,7,14.4%,7.1%
7911,我是证人,7.2%,329.12,7,10.3%,7.8%
7912,精灵旅社2,1.6%,74.61,6,2.3%,6.1%
7913,夏洛特烦恼,1.6%,73.90,7,2.0%,10.7%
7914,蚁人,1.3%,61.23,6,1.8%,6.4%
7915,史努比：花生大电影,1.3%,60.13,3,5.7%,2.1%
7916,山河故人,1.1%,54.14,8,1.3%,9.8%
7917,喜马拉雅天梯,1.0%,45.72,69,0.1%,95.6%
7918,见习警员白忆男之初来乍到,0.9%,41.46,135,<0.1%,--
7919,遥远的拥抱,0.8%,37.59,135,<0.1%,--
7920,雨夜惊魂,0.4%,19.58,5,1.2%,5.4%
7921,小王子,0.2%,13.05,9,0.2%,10.5%
7922,半夜叫你别回头,0.1%,8.27,3,0.7%,6.3%
7923,既然青春留不住,0.1%,8.02,11,0.1%,21.8%
7924,我的处女地,0.1%,7.68,25,<0.1%,100%
7925,名侦探柯南：业火的向日葵,<0.1%,2.86,2,0.3%,3.9%
7926,为了这片土地,<0.1%,2.72,152,<0.1%,85.6%
7927,陪安东尼度过漫长岁月,<0.1%,2.11,73,<0.1%,94.7%
7928,龙在哪里？,<0.1%,1.66,2,0.1%,8.8%
7929,王化买父,<0.1%,1.42,20,<0.1%,100%
7930,激战黎明,<0.1%,1.35,5,<0.1%,5.6%
7931,敢死队2,<0.1%,1.17,41,<0.1%,--
7932,解救吾先生,<0.1%,1.11,29,<0.1%,41.5%
7933,一个勺子,<0.1%,1.06,213,<0.1%,100.0%
7934,港囧,<0.1%,1.00,4,<0.1%,9.3%
7935,前任2：备胎反击战,38.2%,1633.76,14,27.2%,11.3%
7936,移动迷宫2,21.4%,914.35,9,20.9%,6.4%
7937,绝命海拔,11.5%,494.35,9,9.5%,7.5%
7938,剩者为王,9.8%,422.45,7,13.9%,7.1%
7939,我是证人,7.1%,306.59,7,10.5%,7.2%
7940,夏洛特烦恼,1.7%,76.13,7,2.2%,10.1%
7941,精灵旅社2,1.6%,72.54,6,2.4%,5.8%
7942,蚁人,1.4%,60.44,6,1.9%,6.3%
7943,史努比：花生大电影,1.2%,52.00,2,5.2%,2.0%
7944,见习警员白忆男之初来乍到,1.0%,43.48,136,<0.1%,--
7945,山河故人,0.9%,42.26,6,1.3%,7.9%
7946,喜马拉雅天梯,0.9%,40.80,73,0.1%,100%
7947,遥远的拥抱,0.7%,32.97,124,<0.1%,--
7948,雨夜惊魂,0.4%,18.55,4,1.1%,5.2%
7949,半夜叫你别回头,0.2%,9.62,3,0.7%,6.8%
7950,小王子,0.1%,8.15,6,0.2%,6.9%
7951,我的处女地,0.1%,5.58,22,<0.1%,100%
7952,既然青春留不住,<0.1%,4.20,6,0.1%,11.7%
7953,名侦探柯南：业火的向日葵,<0.1%,2.86,3,0.3%,4.4%
7954,龙在哪里？,<0.1%,1.96,3,0.1%,9.0%
7955,陪安东尼度过漫长岁月,<0.1%,1.51,89,<0.1%,56.1%
7956,王化买父,<0.1%,1.49,20,<0.1%,100%
7957,小飞侠：幻梦启航,<0.1%,1.31,5,<0.1%,16.1%
7958,李三娘,<0.1%,1.21,17,<0.1%,100%
7959,为了这片土地,<0.1%,1.18,79,<0.1%,61.4%
7960,敢死队2,<0.1%,1.18,38,<0.1%,--
7961,港囧,<0.1%,1.14,4,<0.1%,10.3%
7962,我的青春期,<0.1%,1.09,8,<0.1%,7.5%
7963,九层妖塔,<0.1%,1.08,4,<0.1%,6.4%
7964,激战黎明,<0.1%,1.07,5,<0.1%,7.4%
7965,前任2：备胎反击战,38.8%,2554.71,21,25.9%,17.5%
7966,移动迷宫2,17.8%,1178.12,12,19.0%,8.9%
7967,我的青春期,10.8%,716.84,12,13.8%,12.7%
7968,剩者为王,9.3%,617.77,12,11.6%,12.2%
7969,绝命海拔,9.0%,598.87,13,8.1%,9.9%
7970,我是证人,5.5%,364.40,9,8.2%,10.6%
7971,夏洛特烦恼,1.2%,84.38,9,1.7%,13.4%
7972,精灵旅社2,1.2%,82.26,9,1.8%,8.5%
7973,蚁人,0.9%,63.29,8,1.5%,8.0%
7974,见习警员白忆男之初来乍到,0.6%,44.91,144,<0.1%,100%
7975,史努比：花生大电影,0.6%,40.74,3,3.2%,2.5%
7976,遥远的拥抱,0.6%,39.79,141,<0.1%,100%
7977,山河故人,0.5%,35.99,7,0.9%,8.9%
7978,喜马拉雅天梯,0.5%,35.94,80,<0.1%,100%
7979,十月初五的月光,0.4%,29.27,92,<0.1%,84.8%
7980,雨夜惊魂,0.3%,23.16,7,0.8%,8.1%
7981,半夜叫你别回头,0.1%,12.54,5,0.7%,10.2%
7982,小王子,0.1%,7.01,7,0.1%,7.8%
7983,我的处女地,<0.1%,5.65,21,<0.1%,--
7984,名侦探柯南：业火的向日葵,<0.1%,3.51,3,0.2%,6.7%
7985,小飞侠：幻梦启航,<0.1%,3.13,14,<0.1%,56.2%
7986,既然青春留不住,<0.1%,2.96,6,0.1%,12.5%
7987,陪安东尼度过漫长岁月,<0.1%,2.77,60,<0.1%,56.2%
7988,狼图腾,<0.1%,2.60,117,<0.1%,93.7%
7989,为了这片土地,<0.1%,2.52,121,<0.1%,100%
7990,犹太女孩在上海2：项链密码,<0.1%,2.40,300,<0.1%,57.6%
7991,魔卡行动,<0.1%,2.39,30,<0.1%,100%
7992,百团大战,<0.1%,2.26,116,<0.1%,95.4%
7993,龙在哪里？,<0.1%,2.16,3,0.1%,10.4%
7994,遭遇海明威,<0.1%,2.11,87,<0.1%,85.6%
7995,王化买父,<0.1%,1.95,22,<0.1%,93.2%
7996,李三娘,<0.1%,1.43,17,<0.1%,100%
7997,港囧,<0.1%,1.18,6,<0.1%,10.9%
7998,笔仙魔咒,<0.1%,1.14,3,0.1%,11.7%
7999,敢死队2,<0.1%,1.10,42,<0.1%,--
8000,战狼,<0.1%,1.08,361,<0.1%,--
8001,前任2：备胎反击战,31.8%,1392.31,12,25.5%,9.4%
8002,移动迷宫2,17.2%,755.84,8,18.9%,5.7%
8003,007：幽灵党,12.1%,530.67,49,2.0%,25.8%
8004,绝命海拔,10.1%,442.92,9,8.2%,7.1%
8005,剩者为王,7.9%,350.12,7,10.8%,7.3%
8006,我是证人,5.7%,252.08,7,8.2%,7.1%
8007,我的青春期,4.8%,210.35,4,13.1%,3.7%
8008,夏洛特烦恼,1.4%,64.60,7,1.7%,10.1%
8009,精灵旅社2,1.3%,59.73,6,1.8%,5.9%
8010,蚁人,1.0%,46.25,6,1.4%,5.6%
8011,见习警员白忆男之初来乍到,0.9%,40.28,133,<0.1%,100%
8012,喜马拉雅天梯,0.8%,35.35,77,<0.1%,81.6%
8013,山河故人,0.7%,32.87,7,0.9%,7.9%
8014,史努比：花生大电影,0.7%,32.84,2,3.1%,2.0%
8015,陪安东尼度过漫长岁月,0.4%,19.30,16,0.1%,14.3%
8016,雨夜惊魂,0.2%,13.02,4,0.8%,4.8%
8017,龙在哪里？,0.2%,10.50,15,0.1%,23.4%
8018,半夜叫你别回头,0.1%,6.81,3,0.7%,5.7%
8019,小王子,0.1%,6.21,6,0.1%,6.7%
8020,我的处女地,0.1%,5.16,21,<0.1%,100%
8021,百团大战,<0.1%,3.41,104,<0.1%,100%
8022,既然青春留不住,<0.1%,2.89,7,0.1%,12.5%
8023,名侦探柯南：业火的向日葵,<0.1%,2.54,3,0.2%,5.7%
8024,为了这片土地,<0.1%,2.04,98,<0.1%,100%
8025,李三娘,<0.1%,1.59,22,<0.1%,100%
8026,007：幽灵党,74.0%,9098.66,48,41.9%,34.7%
8027,陪安东尼度过漫长岁月,8.5%,1050.44,15,16.1%,15.3%
8028,前任2：备胎反击战,6.9%,850.73,18,10.8%,19.4%
8029,年少轻狂,2.7%,336.71,8,10.6%,8.8%
8030,移动迷宫2,2.5%,314.20,11,5.7%,10.8%
8031,剩者为王,0.7%,92.51,13,1.7%,16.0%
8032,绝命海拔,0.7%,90.15,10,1.6%,11.2%
8033,我是证人,0.5%,66.84,10,1.4%,14.4%
8034,我的青春期,0.4%,60.70,5,3.4%,4.8%
8035,精灵旅社2,0.4%,51.50,12,0.8%,13.6%
8036,史努比：花生大电影,0.3%,44.48,7,1.5%,8.8%
8037,见习警员白忆男之初来乍到,0.3%,41.21,136,<0.1%,100%
8038,喜马拉雅天梯,0.2%,28.44,95,<0.1%,100%
8039,夏洛特烦恼,0.1%,20.98,11,0.4%,18.8%
8040,山河故人,0.1%,17.34,11,0.3%,13.4%
8041,蚁人,<0.1%,10.90,7,0.2%,9.2%
8042,百团大战,<0.1%,8.15,105,<0.1%,100%
8043,半夜叫你别回头,<0.1%,6.42,3,0.5%,8.1%
8044,雨夜惊魂,<0.1%,6.19,5,0.3%,7.1%
8045,小王子,<0.1%,5.50,16,<0.1%,25.3%
8046,我的处女地,<0.1%,5.13,27,<0.1%,100%
8047,我的少女时代,<0.1%,5.09,187,<0.1%,100%
8048,龙在哪里？,<0.1%,4.81,8,0.1%,12.4%
8049,为了这片土地,<0.1%,3.92,109,<0.1%,76.7%
8050,名侦探柯南：业火的向日葵,<0.1%,3.20,4,0.1%,11.6%
8051,战狼,<0.1%,2.06,125,<0.1%,100%
8052,男二本色,<0.1%,1.88,2,0.3%,1.8%
8053,李三娘,<0.1%,1.62,19,<0.1%,100%
8054,激战黎明,<0.1%,1.27,66,<0.1%,41.5%
8055,遭遇海明威,<0.1%,1.08,91,<0.1%,62.7%
8056,007：幽灵党,68.3%,12164.23,58,43.4%,41.9%
8057,陪安东尼度过漫长岁月,9.2%,1643.09,23,14.8%,25.2%
8058,前任2：备胎反击战,8.3%,1479.17,30,10.3%,34.8%
8059,移动迷宫2,3.3%,588.96,22,4.8%,23.9%
8060,精灵旅社2,2.0%,372.15,31,2.3%,33.9%
8061,年少轻狂,2.0%,361.30,10,8.2%,11.7%
8062,史努比：花生大电影,1.9%,342.55,18,3.9%,22.6%
8063,绝命海拔,0.9%,168.33,21,1.3%,23.5%
8064,我是证人,0.7%,134.68,19,1.4%,31.3%
8065,我的青春期,0.4%,79.40,8,2.3%,9.0%
8066,剩者为王,0.4%,73.14,12,1.1%,15.1%
8067,昆塔：盒子总动员,0.3%,65.62,9,1.8%,9.6%
8068,夏洛特烦恼,0.2%,50.35,22,0.4%,37.8%
8069,见习警员白忆男之初来乍到,0.2%,40.42,139,<0.1%,100%
8070,小王子,0.1%,30.05,26,0.2%,32.4%
8071,山河故人,0.1%,26.96,17,0.2%,22.5%
8072,蚁人,0.1%,26.34,17,0.2%,22.3%
8073,喜马拉雅天梯,0.1%,17.98,83,<0.1%,100%
8074,龙在哪里？,<0.1%,11.87,14,0.1%,22.9%
8075,半夜叫你别回头,<0.1%,11.39,6,0.5%,15.6%
8076,名侦探柯南：业火的向日葵,<0.1%,9.52,8,0.2%,19.0%
8077,雨夜惊魂,<0.1%,9.01,7,0.3%,8.9%
8078,我的处女地,<0.1%,8.16,36,<0.1%,100%
8079,我的诗篇,<0.1%,2.40,300,<0.1%,75.3%
8080,李三娘,<0.1%,1.92,23,<0.1%,100%
8081,兔子镇的火狐狸,<0.1%,1.88,9,<0.1%,8.4%
8082,既然青春留不住,<0.1%,1.81,8,<0.1%,20.3%
8083,藏羚王,<0.1%,1.57,225,<0.1%,99.1%
8084,为了这片土地,<0.1%,1.55,130,<0.1%,89.1%
8085,1965,<0.1%,1.48,134,<0.1%,--
8086,笔仙魔咒,<0.1%,1.27,4,<0.1%,24.4%
8087,男二本色,<0.1%,1.27,2,0.1%,2.4%
8088,解救吾先生,<0.1%,1.19,160,<0.1%,100%
8089,007：幽灵党,65.1%,8998.59,43,43.6%,31.2%
8090,陪安东尼度过漫长岁月,9.5%,1315.72,19,14.4%,21.0%
8091,前任2：备胎反击战,9.2%,1282.81,25,11.1%,28.2%
8092,移动迷宫2,3.3%,469.47,18,4.8%,19.2%
8093,精灵旅社2,2.8%,390.78,30,2.5%,32.7%
8094,史努比：花生大电影,2.5%,345.63,18,3.9%,22.2%
8095,年少轻狂,1.9%,268.83,9,7.3%,9.9%
8096,绝命海拔,1.0%,151.49,19,1.3%,22.1%
8097,我是证人,0.7%,108.71,14,1.6%,21.9%
8098,昆塔：盒子总动员,0.4%,63.46,9,1.7%,10.2%
8099,剩者为王,0.4%,61.15,11,1.1%,13.8%
8100,我的青春期,0.4%,56.99,6,2.1%,7.1%
8101,夏洛特烦恼,0.3%,47.93,19,0.5%,29.7%
8102,见习警员白忆男之初来乍到,0.2%,40.33,145,<0.1%,100%
8103,小王子,0.2%,33.00,27,0.2%,32.9%
8104,山河故人,0.1%,22.23,14,0.2%,17.9%
8105,蚁人,0.1%,20.12,14,0.2%,18.4%
8106,喜马拉雅天梯,<0.1%,12.70,80,<0.1%,100%
8107,名侦探柯南：业火的向日葵,<0.1%,8.71,7,0.2%,16.6%
8108,半夜叫你别回头,<0.1%,8.63,4,0.5%,11.3%
8109,我的处女地,<0.1%,8.10,34,<0.1%,100%
8110,龙在哪里？,<0.1%,7.84,11,0.1%,17.3%
8111,雨夜惊魂,<0.1%,7.35,5,0.3%,6.4%
8112,十月初五的月光,<0.1%,5.52,179,<0.1%,100%
8113,魔卡行动,<0.1%,2.15,27,<0.1%,100%
8114,李三娘,<0.1%,2.02,28,<0.1%,100%
8115,兔子镇的火狐狸,<0.1%,1.79,10,<0.1%,8.6%
8116,港囧,<0.1%,1.77,28,<0.1%,65.1%
8117,1965,<0.1%,1.35,122,<0.1%,100%
8118,心迷宫,<0.1%,1.23,16,<0.1%,30.9%
8119,一个勺子,<0.1%,1.19,95,<0.1%,100%
8120,为了这片土地,<0.1%,1.15,78,<0.1%,77.9%
8121,既然青春留不住,<0.1%,1.15,6,<0.1%,13.6%
8122,男二本色,<0.1%,1.14,2,0.1%,2.7%
8123,007：幽灵党,63.5%,3334.85,18,42.9%,12.8%
8124,前任2：备胎反击战,12.4%,656.17,12,13.0%,13.2%
8125,陪安东尼度过漫长岁月,11.1%,583.81,9,15.4%,9.3%
8126,移动迷宫2,3.5%,184.42,7,5.9%,6.8%
8127,年少轻狂,2.0%,107.87,4,7.8%,4.1%
8128,绝命海拔,1.2%,67.99,8,1.8%,8.3%
8129,我是证人,0.8%,43.51,5,1.9%,7.0%
8130,见习警员白忆男之初来乍到,0.7%,41.19,146,<0.1%,100%
8131,精灵旅社2,0.6%,32.10,6,1.2%,6.0%
8132,剩者为王,0.6%,31.54,5,1.4%,6.2%
8133,我的青春期,0.4%,24.58,3,2.4%,3.0%
8134,夏洛特烦恼,0.4%,21.59,8,0.6%,11.9%
8135,史努比：花生大电影,0.2%,12.53,2,1.5%,2.2%
8136,山河故人,0.1%,8.67,6,0.3%,6.8%
8137,一个勺子,0.1%,8.59,140,<0.1%,--
8138,雨夜惊魂,0.1%,6.71,4,0.4%,5.3%
8139,半夜叫你别回头,0.1%,6.13,3,0.6%,7.0%
8140,我的处女地,<0.1%,5.23,22,<0.1%,100%
8141,喜马拉雅天梯,<0.1%,4.29,34,<0.1%,40.0%
8142,十月初五的月光,<0.1%,3.48,149,<0.1%,--
8143,犹太女孩在上海2：项链密码,<0.1%,2.80,280,<0.1%,100%
8144,百团大战,<0.1%,2.44,108,<0.1%,41.3%
8145,魔比斯环,<0.1%,2.02,30,<0.1%,100%
8146,昆塔：盒子总动员,<0.1%,1.85,1,0.7%,0.8%
8147,李三娘,<0.1%,1.84,24,<0.1%,100%
8148,小王子,<0.1%,1.65,6,<0.1%,5.3%
8149,战狼,<0.1%,1.06,355,<0.1%,88.4%
8150,007：幽灵党,60.8%,2885.51,16,42.5%,11.3%
8151,前任2：备胎反击战,13.8%,657.87,12,13.7%,12.6%
8152,陪安东尼度过漫长岁月,11.0%,524.10,8,15.3%,8.5%
8153,移动迷宫2,3.9%,189.14,7,6.2%,6.7%
8154,年少轻狂,1.9%,91.46,4,7.2%,3.9%
8155,绝命海拔,1.6%,78.50,9,1.9%,9.1%
8156,我是证人,0.9%,46.48,6,2.0%,7.2%
8157,见习警员白忆男之初来乍到,0.8%,39.91,141,<0.1%,100%
8158,剩者为王,0.7%,35.86,6,1.4%,6.7%
8159,精灵旅社2,0.7%,33.51,6,1.2%,6.3%
8160,我的青春期,0.5%,25.46,3,2.3%,3.1%
8161,夏洛特烦恼,0.5%,25.30,8,0.6%,11.9%
8162,史努比：花生大电影,0.3%,15.85,3,1.5%,2.8%
8163,山河故人,0.1%,8.99,6,0.3%,7.5%
8164,雨夜惊魂,0.1%,6.62,4,0.4%,4.9%
8165,我的处女地,0.1%,6.24,28,<0.1%,100%
8166,半夜叫你别回头,0.1%,6.08,3,0.6%,6.8%
8167,李三娘,<0.1%,1.98,25,<0.1%,100%
8168,昆塔：盒子总动员,<0.1%,1.82,1,0.6%,1.0%
8169,港囧,<0.1%,1.63,31,<0.1%,51.4%
8170,战狼,<0.1%,1.51,504,<0.1%,77.1%
8171,一刻十年,<0.1%,1.50,137,<0.1%,100.0%
8172,犹太女孩在上海2：项链密码,<0.1%,1.17,289,<0.1%,76.2%
8173,百团大战,<0.1%,1.03,61,<0.1%,100%
8174,名侦探柯南：业火的向日葵,<0.1%,1.00,2,0.2%,3.5%
8175,为了这片土地,<0.1%,1.00,67,<0.1%,67.4%
8176,007：幽灵党,58.1%,2578.19,15,41.9%,10.1%
8177,前任2：备胎反击战,14.8%,656.84,11,14.5%,11.8%
8178,陪安东尼度过漫长岁月,11.4%,507.57,8,15.3%,8.2%
8179,移动迷宫2,4.2%,187.75,7,6.2%,6.5%
8180,年少轻狂,1.8%,82.67,3,7.0%,3.6%
8181,绝命海拔,1.8%,80.00,8,2.0%,8.7%
8182,我是证人,1.0%,47.77,6,2.1%,7.2%
8183,见习警员白忆男之初来乍到,0.8%,38.30,139,<0.1%,100%
8184,精灵旅社2,0.8%,36.43,7,1.2%,6.7%
8185,剩者为王,0.6%,30.19,5,1.4%,6.1%
8186,我的青春期,0.5%,26.49,3,2.2%,3.0%
8187,夏洛特烦恼,0.5%,23.70,8,0.7%,10.8%
8188,史努比：花生大电影,0.3%,13.96,3,1.4%,2.6%
8189,山河故人,0.2%,9.13,6,0.3%,7.0%
8190,雨夜惊魂,0.1%,7.51,5,0.4%,5.6%
8191,我的少女时代,0.1%,7.49,28,<0.1%,19.5%
8192,十月初五的月光,0.1%,6.03,130,<0.1%,99.8%
8193,半夜叫你别回头,0.1%,6.01,3,0.6%,6.5%
8194,我的处女地,0.1%,5.87,25,<0.1%,100%
8195,喜马拉雅天梯,0.1%,5.24,36,<0.1%,44.6%
8196,为了这片土地,<0.1%,3.94,110,<0.1%,100%
8197,既然青春留不住,<0.1%,2.79,33,<0.1%,87.4%
8198,李三娘,<0.1%,2.37,31,<0.1%,100%
8199,昆塔：盒子总动员,<0.1%,1.99,2,0.5%,1.2%
8200,犹太女孩在上海2：项链密码,<0.1%,1.46,348,<0.1%,87.7%
8201,百团大战,<0.1%,1.36,82,<0.1%,83.5%
8202,007：幽灵党,37.0%,2092.37,14,34.8%,9.7%
8203,我的少女时代,36.6%,2068.97,24,22.3%,20.4%
8204,前任2：备胎反击战,8.0%,456.40,10,11.4%,10.6%
8205,陪安东尼度过漫长岁月,5.0%,282.88,7,10.2%,7.1%
8206,饥饿游戏3：嘲笑鸟（下）,2.4%,135.64,21,1.4%,11.5%
8207,移动迷宫2,2.1%,120.90,6,4.3%,6.1%
8208,绝命海拔,0.9%,53.20,8,1.3%,8.9%
8209,玩命速递：重启之战,0.8%,45.54,19,0.5%,13.5%
8210,十月初五的月光,0.8%,45.15,68,0.1%,53.7%
8211,年少轻狂,0.5%,29.21,3,3.5%,2.8%
8212,精灵旅社2,0.4%,27.01,7,0.9%,7.2%
8213,我是证人,0.4%,23.29,4,1.2%,6.2%
8214,夏洛特烦恼,0.3%,17.58,7,0.5%,11.1%
8215,剩者为王,0.2%,13.40,4,0.8%,5.4%
8216,史努比：花生大电影,0.1%,8.78,3,1.0%,2.6%
8217,我的青春期,0.1%,7.49,2,1.1%,2.6%
8218,山河故人,0.1%,6.92,8,0.1%,9.7%
8219,我的处女地,0.1%,5.64,30,<0.1%,100%
8220,半夜叫你别回头,<0.1%,5.62,3,0.6%,6.5%
8221,雨夜惊魂,<0.1%,4.78,4,0.3%,4.7%
8222,为了这片土地,<0.1%,4.56,170,<0.1%,100%
8223,李三娘,<0.1%,2.33,31,<0.1%,100%
8224,百团大战,<0.1%,1.78,72,<0.1%,43.5%
8225,名侦探柯南：业火的向日葵,<0.1%,1.29,2,0.1%,5.0%
8226,昆塔：盒子总动员,<0.1%,1.04,1,0.3%,1.2%
8227,我是谁,<0.1%,1.02,65,<0.1%,--
8228,饥饿游戏3：嘲笑鸟（下）,29.1%,3076.92,24,25.6%,17.0%
8229,玩命速递：重启之战,18.6%,1962.42,23,17.6%,20.8%
8230,我的少女时代,18.3%,1937.75,32,14.3%,28.6%
8231,007：幽灵党,17.9%,1891.05,25,14.8%,19.9%
8232,十月初五的月光,6.2%,655.29,24,5.8%,25.2%
8233,一个勺子,4.1%,440.28,10,10.1%,11.5%
8234,前任2：备胎反击战,1.0%,111.50,11,2.1%,16.6%
8235,灵臆事件,0.8%,89.58,11,2.0%,13.8%
8236,陪安东尼度过漫长岁月,0.5%,56.43,10,1.2%,13.3%
8237,精灵旅社2,0.2%,29.52,16,0.3%,18.0%
8238,藏羚王,0.1%,16.40,4,1.0%,5.9%
8239,移动迷宫2,0.1%,15.15,7,0.4%,9.6%
8240,史努比：花生大电影,0.1%,13.36,7,0.4%,9.4%
8241,绝命海拔,0.1%,12.13,12,0.1%,15.7%
8242,为了这片土地,<0.1%,10.17,200,<0.1%,100%
8243,百团大战,<0.1%,7.34,93,<0.1%,100%
8244,夏洛特烦恼,<0.1%,5.99,10,0.1%,17.1%
8245,我的处女地,<0.1%,5.21,28,<0.1%,100%
8246,火星救援,<0.1%,4.87,122,<0.1%,100%
8247,遭遇海明威,<0.1%,4.34,2,0.7%,1.6%
8248,我是证人,<0.1%,4.07,5,0.1%,10.5%
8249,年少轻狂,<0.1%,2.70,3,0.2%,5.7%
8250,剩者为王,<0.1%,2.50,6,0.1%,12.4%
8251,痞子·洛克,<0.1%,2.36,2,0.4%,3.8%
8252,龙在哪里？,<0.1%,2.05,6,<0.1%,7.9%
8253,半夜叫你别回头,<0.1%,2.02,3,0.2%,9.0%
8254,山河故人,<0.1%,1.83,7,<0.1%,8.9%
8255,昆塔：盒子总动员,<0.1%,1.67,4,0.1%,5.4%
8256,钢铁，是这样炼成的,<0.1%,1.63,182,<0.1%,--
8257,李三娘,<0.1%,1.57,32,<0.1%,100%
8258,激战黎明,<0.1%,1.54,115,<0.1%,91.6%
8259,我的青春期,<0.1%,1.36,3,0.1%,5.7%
8260,饥饿游戏3：嘲笑鸟（下）,25.6%,4142.68,31,24.0%,22.7%
8261,我的少女时代,21.1%,3415.31,45,17.1%,39.8%
8262,007：幽灵党,20.5%,3328.47,45,14.0%,36.4%
8263,玩命速递：重启之战,17.0%,2749.73,31,17.1%,29.3%
8264,十月初五的月光,5.5%,895.68,32,5.6%,31.3%
8265,一个勺子,2.9%,483.15,14,7.6%,16.3%
8266,精灵旅社2,1.3%,222.99,31,1.3%,33.5%
8267,前任2：备胎反击战,1.2%,195.70,20,2.0%,30.8%
8268,史努比：花生大电影,0.9%,156.04,18,1.7%,22.2%
8269,藏羚王,0.6%,102.03,10,2.4%,14.7%
8270,陪安东尼度过漫长岁月,0.5%,91.39,17,1.0%,25.4%
8271,灵臆事件,0.5%,90.32,11,1.8%,14.6%
8272,移动迷宫2,0.1%,31.18,13,0.4%,20.4%
8273,绝命海拔,0.1%,17.45,19,0.1%,24.0%
8274,昆塔：盒子总动员,<0.1%,15.38,10,0.4%,14.0%
8275,夏洛特烦恼,<0.1%,15.10,20,0.1%,36.2%
8276,我是证人,<0.1%,11.20,14,0.1%,33.9%
8277,我的处女地,<0.1%,7.06,37,<0.1%,100%
8278,坏蛋必须死,<0.1%,6.30,126,<0.1%,100%
8279,山河故人,<0.1%,5.95,23,<0.1%,26.0%
8280,龙在哪里？,<0.1%,5.52,12,<0.1%,14.1%
8281,年少轻狂,<0.1%,3.90,5,0.1%,8.8%
8282,遭遇海明威,<0.1%,3.69,2,0.4%,2.3%
8283,半夜叫你别回头,<0.1%,3.69,5,0.1%,17.3%
8284,剩者为王,<0.1%,3.28,9,<0.1%,21.5%
8285,我的青春期,<0.1%,3.08,6,0.1%,12.8%
8286,痞子·洛克,<0.1%,2.78,3,0.2%,8.1%
8287,名侦探柯南：业火的向日葵,<0.1%,2.52,7,<0.1%,15.1%
8288,小门神,<0.1%,2.07,175,<0.1%,100%
8289,我是谁,<0.1%,1.63,98,<0.1%,--
8290,李三娘,<0.1%,1.39,33,<0.1%,100%
8291,既然青春留不住,<0.1%,1.35,10,<0.1%,87.5%
8292,三少爷的剑,<0.1%,1.12,117,<0.1%,--
8293,我的少女时代,25.1%,3298.86,41,18.4%,35.5%
8294,饥饿游戏3：嘲笑鸟（下）,21.6%,2838.30,23,22.6%,16.8%
8295,007：幽灵党,19.4%,2555.85,34,14.4%,27.8%
8296,玩命速递：重启之战,17.2%,2265.59,25,17.5%,23.7%
8297,十月初五的月光,5.5%,731.98,27,5.4%,26.3%
8298,一个勺子,2.9%,390.95,12,7.0%,14.5%
8299,精灵旅社2,1.7%,227.60,29,1.5%,31.9%
8300,前任2：备胎反击战,1.2%,158.13,16,2.0%,24.7%
8301,史努比：花生大电影,1.1%,154.72,17,1.8%,21.3%
8302,藏羚王,1.0%,132.68,14,2.5%,19.4%
8303,陪安东尼度过漫长岁月,0.5%,68.69,13,1.0%,19.2%
8304,灵臆事件,0.4%,58.52,7,1.8%,9.6%
8305,移动迷宫2,0.1%,22.89,10,0.3%,15.2%
8306,绝命海拔,0.1%,17.30,21,0.1%,26.9%
8307,昆塔：盒子总动员,0.1%,14.09,9,0.4%,12.1%
8308,夏洛特烦恼,0.1%,13.77,15,0.1%,25.2%
8309,我的处女地,<0.1%,7.87,36,<0.1%,100%
8310,山河故人,<0.1%,5.99,21,<0.1%,24.7%
8311,我是证人,<0.1%,4.80,6,0.1%,13.3%
8312,年少轻狂,<0.1%,3.49,4,0.1%,8.3%
8313,坏蛋必须死,<0.1%,3.38,136,<0.1%,--
8314,龙在哪里？,<0.1%,3.28,9,<0.1%,10.2%
8315,剩者为王,<0.1%,3.13,7,<0.1%,16.6%
8316,半夜叫你别回头,<0.1%,3.02,4,0.1%,15.4%
8317,李三娘,<0.1%,2.53,34,<0.1%,100%
8318,名侦探柯南：业火的向日葵,<0.1%,2.44,7,<0.1%,17.3%
8319,既然青春留不住,<0.1%,2.17,51,<0.1%,100%
8320,遭遇海明威,<0.1%,2.01,2,0.3%,1.7%
8321,痞子·洛克,<0.1%,1.98,2,0.2%,5.2%
8322,我的青春期,<0.1%,1.83,4,0.1%,8.9%
8323,我是谁,<0.1%,1.55,95,<0.1%,100%
8324,我的少女时代,32.4%,1778.67,22,20.1%,18.8%
8325,玩命速递：重启之战,19.9%,1094.40,12,19.0%,11.6%
8326,饥饿游戏3：嘲笑鸟（下）,17.4%,957.35,9,22.3%,6.5%
8327,007：幽灵党,15.5%,852.95,12,15.2%,9.7%
8328,十月初五的月光,6.1%,336.38,14,5.5%,13.2%
8329,一个勺子,2.6%,143.37,5,6.9%,5.9%
8330,前任2：备胎反击战,1.2%,69.07,7,2.2%,10.2%
8331,灵臆事件,0.7%,40.57,5,1.9%,7.0%
8332,陪安东尼度过漫长岁月,0.4%,23.11,5,1.1%,6.3%
8333,精灵旅社2,0.2%,11.82,6,0.5%,5.8%
8334,移动迷宫2,0.1%,9.20,4,0.4%,5.8%
8335,绝命海拔,0.1%,6.71,8,0.1%,8.7%
8336,夏洛特烦恼,0.1%,6.23,7,0.1%,11.5%
8337,坏蛋必须死,<0.1%,5.32,119,<0.1%,100%
8338,史努比：花生大电影,<0.1%,4.79,2,0.5%,2.6%
8339,我的处女地,<0.1%,4.10,19,<0.1%,100%
8340,为了这片土地,<0.1%,4.00,446,<0.1%,98.8%
8341,藏羚王,<0.1%,3.58,2,0.9%,1.5%
8342,李三娘,<0.1%,2.98,33,<0.1%,100%
8343,山河故人,<0.1%,2.89,16,<0.1%,20.7%
8344,百团大战,<0.1%,2.69,229,<0.1%,89.8%
8345,我是证人,<0.1%,1.82,3,0.1%,5.5%
8346,半夜叫你别回头,<0.1%,1.80,3,0.2%,7.7%
8347,一刻十年,<0.1%,1.72,345,<0.1%,--
8348,我的青春期,<0.1%,1.55,3,0.1%,5.6%
8349,年少轻狂,<0.1%,1.53,2,0.2%,3.7%
8350,激战黎明,<0.1%,1.40,81,<0.1%,70.0%
8351,犹太女孩在上海2：项链密码,<0.1%,1.23,226,<0.1%,73.5%
8352,我的少女时代,33.2%,1887.49,22,20.8%,18.7%
8353,玩命速递：重启之战,18.3%,1041.63,12,18.5%,10.9%
8354,007：幽灵党,14.4%,818.28,12,14.6%,9.7%
8355,饥饿游戏3：嘲笑鸟（下）,14.3%,817.52,8,20.4%,6.1%
8356,火星救援,6.4%,365.49,18,3.4%,11.1%
8357,十月初五的月光,5.1%,289.77,13,5.1%,12.2%
8358,一个勺子,2.4%,140.13,6,6.1%,6.4%
8359,前任2：备胎反击战,1.1%,64.90,7,2.2%,10.1%
8360,灵臆事件,0.5%,33.52,5,1.7%,6.4%
8361,陪安东尼度过漫长岁月,0.3%,20.96,5,1.0%,6.4%
8362,精灵旅社2,0.1%,10.53,5,0.4%,5.5%
8363,移动迷宫2,0.1%,8.56,4,0.4%,5.8%
8364,绝命海拔,0.1%,7.69,10,0.1%,11.2%
8365,夏洛特烦恼,0.1%,6.30,7,0.1%,12.0%
8366,心迷宫,<0.1%,4.56,102,<0.1%,79.3%
8367,西藏天空,<0.1%,4.50,9,<0.1%,8.4%
8368,为了这片土地,<0.1%,4.22,282,<0.1%,87.8%
8369,史努比：花生大电影,<0.1%,4.15,3,0.4%,3.2%
8370,一刻十年,<0.1%,3.41,1,0.9%,1.1%
8371,藏羚王,<0.1%,3.33,2,0.7%,1.9%
8372,我的处女地,<0.1%,3.13,20,<0.1%,100%
8373,坏蛋必须死,<0.1%,2.91,66,<0.1%,43.5%
8374,山河故人,<0.1%,2.57,9,<0.1%,10.6%
8375,年少轻狂,<0.1%,2.43,3,0.2%,5.6%
8376,我是证人,<0.1%,1.96,3,0.1%,5.4%
8377,李三娘,<0.1%,1.75,29,<0.1%,100%
8378,半夜叫你别回头,<0.1%,1.74,3,0.2%,8.3%
8379,火星救援,61.1%,5239.64,29,36.5%,20.1%
8380,我的少女时代,18.3%,1575.82,23,17.4%,22.9%
8381,玩命速递：重启之战,6.0%,517.76,9,13.3%,9.4%
8382,007：幽灵党,4.4%,377.51,11,8.4%,11.6%
8383,饥饿游戏3：嘲笑鸟（下）,4.0%,347.60,7,10.7%,7.0%
8384,十月初五的月光,2.0%,178.65,13,3.2%,14.9%
8385,一个勺子,0.6%,55.63,5,3.2%,6.0%
8386,前任2：备胎反击战,0.3%,31.59,6,1.3%,10.4%
8387,灵臆事件,0.2%,19.82,5,1.2%,6.0%
8388,心迷宫,0.1%,10.96,147,<0.1%,100%
8389,坏蛋必须死,<0.1%,8.27,135,<0.1%,72.8%
8390,陪安东尼度过漫长岁月,<0.1%,7.85,4,0.5%,6.8%
8391,精灵旅社2,<0.1%,5.70,5,0.2%,6.4%
8392,为了这片土地,<0.1%,4.77,200,<0.1%,73.7%
8393,夏洛特烦恼,<0.1%,4.09,7,0.1%,11.8%
8394,山河故人,<0.1%,3.87,28,<0.1%,39.1%
8395,藏羚王,<0.1%,3.65,3,0.4%,4.5%
8396,西藏天空,<0.1%,3.58,14,<0.1%,16.0%
8397,绝命海拔,<0.1%,2.99,9,<0.1%,14.8%
8398,我的处女地,<0.1%,2.79,16,<0.1%,100%
8399,史努比：花生大电影,<0.1%,2.46,2,0.3%,2.7%
8400,李三娘,<0.1%,1.97,32,<0.1%,100%
8401,移动迷宫2,<0.1%,1.91,2,0.1%,4.8%
8402,守信少年,<0.1%,1.70,425,<0.1%,88.3%
8403,年少轻狂,<0.1%,1.65,2,0.1%,5.9%
8404,半夜叫你别回头,<0.1%,1.47,2,0.2%,5.6%
8405,我是证人,<0.1%,1.23,3,0.1%,6.9%
8406,昆塔：盒子总动员,<0.1%,1.04,5,<0.1%,5.3%
8407,妈妈，让我再爱你一次,<0.1%,1.04,695,<0.1%,79.5%
8408,火星救援,53.3%,3571.68,20,36.0%,13.7%
8409,我的少女时代,22.9%,1535.13,21,18.5%,20.6%
8410,玩命速递：重启之战,7.1%,476.72,8,13.3%,8.7%
8411,007：幽灵党,4.8%,325.95,9,8.4%,10.0%
8412,饥饿游戏3：嘲笑鸟（下）,4.3%,290.88,6,10.0%,6.3%
8413,十月初五的月光,2.2%,149.05,11,3.1%,12.7%
8414,一个勺子,0.7%,52.06,5,3.1%,5.9%
8415,前任2：备胎反击战,0.4%,30.56,6,1.3%,9.8%
8416,灵臆事件,0.2%,19.65,4,1.2%,5.8%
8417,消失的凶手,0.2%,13.60,14,0.1%,13.1%
8418,心迷宫,0.1%,11.72,138,<0.1%,100%
8419,战狼,0.1%,11.46,453,<0.1%,--
8420,为了这片土地,0.1%,9.02,201,<0.1%,87.7%
8421,西藏天空,0.1%,8.14,35,<0.1%,38.9%
8422,陪安东尼度过漫长岁月,<0.1%,5.84,3,0.4%,5.6%
8423,杜拉拉追婚记,<0.1%,5.57,210,<0.1%,88.8%
8424,精灵旅社2,<0.1%,4.40,5,0.2%,5.1%
8425,藏羚王,<0.1%,3.92,3,0.4%,3.9%
8426,夏洛特烦恼,<0.1%,3.63,6,0.1%,10.3%
8427,我的处女地,<0.1%,3.36,21,<0.1%,100%
8428,绝命海拔,<0.1%,3.28,8,<0.1%,13.4%
8429,史努比：花生大电影,<0.1%,3.21,3,0.3%,4.2%
8430,李三娘,<0.1%,2.78,41,<0.1%,100%
8431,坏蛋必须死,<0.1%,2.47,10,<0.1%,9.0%
8432,移动迷宫2,<0.1%,2.40,3,0.1%,5.3%
8433,山河故人,<0.1%,2.27,8,<0.1%,13.3%
8434,回到被爱的每一天,<0.1%,1.98,85,<0.1%,72.2%
8435,年少轻狂,<0.1%,1.77,3,0.1%,6.1%
8436,黑猫警长之翡翠之星,<0.1%,1.70,245,<0.1%,100%
8437,半夜叫你别回头,<0.1%,1.44,2,0.2%,5.6%
8438,火星救援,47.5%,5137.03,32,29.8%,21.6%
8439,我的少女时代,17.7%,1914.16,31,14.7%,29.1%
8440,消失的凶手,13.9%,1501.66,20,14.4%,21.5%
8441,坏蛋必须死,7.3%,788.72,13,13.9%,14.1%
8442,玩命速递：重启之战,3.6%,392.72,10,7.9%,11.2%
8443,007：幽灵党,2.7%,301.61,14,4.5%,15.9%
8444,饥饿游戏3：嘲笑鸟（下）,2.3%,257.78,10,4.8%,10.8%
8445,十月初五的月光,1.1%,124.99,16,1.7%,17.5%
8446,诡影迷情,0.5%,57.43,6,2.6%,7.2%
8447,一个勺子,0.2%,25.10,6,1.0%,9.5%
8448,摇滚水果,0.1%,18.34,8,0.5%,8.5%
8449,从天儿降,0.1%,15.60,449,<0.1%,59.3%
8450,前任2：备胎反击战,0.1%,15.26,6,0.6%,11.5%
8451,史努比：花生大电影,0.1%,12.95,7,0.4%,9.3%
8452,藏羚王,0.1%,11.64,6,0.5%,9.7%
8453,心迷宫,0.1%,11.52,165,<0.1%,100%
8454,为了这片土地,<0.1%,10.52,195,<0.1%,83.2%
8455,西藏天空,<0.1%,7.23,146,<0.1%,97.1%
8456,杜拉拉追婚记,<0.1%,7.05,236,<0.1%,88.5%
8457,灵臆事件,<0.1%,5.19,5,0.2%,7.4%
8458,我的处女地,<0.1%,4.98,28,<0.1%,100%
8459,百团大战,<0.1%,3.89,92,<0.1%,100%
8460,夏洛特烦恼,<0.1%,3.63,8,<0.1%,15.1%
8461,陪安东尼度过漫长岁月,<0.1%,3.44,4,0.2%,7.4%
8462,绝命海拔,<0.1%,3.21,19,<0.1%,30.8%
8463,李三娘,<0.1%,2.44,45,<0.1%,100%
8464,擦枪走火,<0.1%,2.22,148,<0.1%,100%
8465,守信少年,<0.1%,2.01,435,<0.1%,--
8466,移动迷宫2,<0.1%,1.96,4,0.1%,6.8%
8467,昆塔：盒子总动员,<0.1%,1.79,5,0.1%,6.8%
8468,年少轻狂,<0.1%,1.27,3,<0.1%,9.2%
8469,山河故人,<0.1%,1.12,7,<0.1%,10.8%
8470,回到被爱的每一天,<0.1%,1.04,64,<0.1%,33.8%
8471,火星救援,52.0%,9310.38,55,29.6%,37.3%
8472,我的少女时代,18.7%,3349.36,48,15.9%,44.4%
8473,消失的凶手,7.7%,1380.71,19,13.3%,19.4%
8474,坏蛋必须死,7.0%,1260.38,22,12.5%,24.9%
8475,玩命速递：重启之战,3.5%,639.54,17,7.5%,18.2%
8476,007：幽灵党,3.5%,636.18,28,4.5%,32.1%
8477,饥饿游戏3：嘲笑鸟（下）,2.7%,498.47,21,4.3%,21.9%
8478,十月初五的月光,1.0%,188.35,24,1.6%,26.1%
8479,史努比：花生大电影,0.8%,157.79,17,1.9%,20.4%
8480,藏羚王,0.4%,77.24,10,1.9%,16.6%
8481,诡影迷情,0.3%,64.70,7,2.3%,8.9%
8482,一个勺子,0.2%,37.70,10,0.8%,17.8%
8483,前任2：备胎反击战,0.1%,31.24,12,0.5%,23.6%
8484,昆塔：盒子总动员,0.1%,19.29,11,0.4%,15.7%
8485,摇滚水果,<0.1%,14.09,8,0.3%,9.5%
8486,不可思异,<0.1%,11.60,182,<0.1%,100.0%
8487,杜拉拉追婚记,<0.1%,10.96,208,<0.1%,100%
8488,灵臆事件,<0.1%,7.56,7,0.2%,11.3%
8489,陪安东尼度过漫长岁月,<0.1%,7.04,8,0.1%,16.8%
8490,夏洛特烦恼,<0.1%,6.80,15,<0.1%,24.7%
8491,移动迷宫2,<0.1%,4.14,8,<0.1%,18.4%
8492,心迷宫,<0.1%,4.10,137,<0.1%,100%
8493,小门神,<0.1%,4.06,176,<0.1%,100%
8494,绝命海拔,<0.1%,3.03,15,<0.1%,26.4%
8495,擦枪走火,<0.1%,2.30,129,<0.1%,100%
8496,我的处女地,<0.1%,2.27,20,<0.1%,100%
8497,山河故人,<0.1%,2.23,16,<0.1%,25.4%
8498,从天儿降,<0.1%,1.68,76,<0.1%,43.3%
8499,李三娘,<0.1%,1.40,36,<0.1%,100%
8500,我是证人,<0.1%,1.21,5,<0.1%,20.2%
8501,半夜叫你别回头,<0.1%,1.20,5,<0.1%,13.0%
8502,火星救援,50.9%,7341.66,44,29.8%,29.5%
8503,我的少女时代,19.4%,2806.24,38,16.9%,34.8%
8504,消失的凶手,7.7%,1115.00,15,12.8%,15.9%
8505,坏蛋必须死,7.1%,1027.37,18,12.5%,20.5%
8506,玩命速递：重启之战,3.7%,536.15,14,7.3%,15.6%
8507,007：幽灵党,3.6%,520.83,23,4.4%,26.3%
8508,饥饿游戏3：嘲笑鸟（下）,2.6%,376.85,16,4.1%,17.6%
8509,史努比：花生大电影,1.1%,167.25,17,2.0%,21.1%
8510,十月初五的月光,1.0%,149.39,20,1.5%,21.6%
8511,藏羚王,0.5%,80.03,11,1.9%,17.0%
8512,诡影迷情,0.2%,41.75,5,2.1%,6.5%
8513,一个勺子,0.2%,36.29,9,0.8%,16.4%
8514,前任2：备胎反击战,0.1%,26.22,11,0.5%,21.0%
8515,昆塔：盒子总动员,0.1%,19.01,11,0.4%,14.7%
8516,摇滚水果,<0.1%,11.89,8,0.3%,9.7%
8517,怦然星动,<0.1%,6.65,150,<0.1%,100%
8518,夏洛特烦恼,<0.1%,5.77,12,<0.1%,21.7%
8519,陪安东尼度过漫长岁月,<0.1%,5.63,6,0.1%,12.5%
8520,灵臆事件,<0.1%,5.25,5,0.2%,8.0%
8521,山河故人,<0.1%,4.96,45,<0.1%,82.0%
8522,移动迷宫2,<0.1%,3.62,7,<0.1%,13.4%
8523,绝命海拔,<0.1%,3.08,13,<0.1%,22.8%
8524,李三娘,<0.1%,2.12,44,<0.1%,100%
8525,为了这片土地,<0.1%,1.37,153,<0.1%,67.1%
8526,我的青春期,<0.1%,1.24,7,<0.1%,17.0%
8527,擦枪走火,<0.1%,1.19,73,<0.1%,80.8%
8528,痞子·洛克,<0.1%,1.09,3,0.1%,12.0%
8529,火星救援,41.9%,2526.93,17,30.5%,11.2%
8530,我的少女时代,22.9%,1381.00,20,17.8%,17.8%
8531,消失的凶手,13.0%,788.70,11,13.0%,10.9%
8532,坏蛋必须死,7.7%,469.47,9,13.4%,9.5%
8533,玩命速递：重启之战,4.4%,269.92,8,7.7%,8.3%
8534,007：幽灵党,2.9%,177.26,9,4.5%,10.0%
8535,饥饿游戏3：嘲笑鸟（下）,2.0%,125.28,6,4.1%,6.3%
8536,十月初五的月光,1.1%,69.13,10,1.6%,11.1%
8537,诡影迷情,0.5%,30.57,4,2.2%,5.2%
8538,一个勺子,0.3%,18.33,5,0.9%,8.3%
8539,前任2：备胎反击战,0.1%,11.31,5,0.5%,9.3%
8540,怦然星动,<0.1%,5.96,258,<0.1%,100%
8541,为了这片土地,<0.1%,5.36,199,<0.1%,96.0%
8542,灵臆事件,<0.1%,4.18,4,0.3%,6.5%
8543,史努比：花生大电影,<0.1%,3.91,3,0.4%,2.9%
8544,陪安东尼度过漫长岁月,<0.1%,2.88,4,0.1%,6.2%
8545,摇滚水果,<0.1%,2.72,4,0.2%,5.2%
8546,夏洛特烦恼,<0.1%,2.30,6,<0.1%,9.5%
8547,藏羚王,<0.1%,2.18,2,0.5%,1.9%
8548,火云端,<0.1%,1.87,2,0.2%,2.6%
8549,我的青春期,<0.1%,1.40,8,<0.1%,16.6%
8550,移动迷宫2,<0.1%,1.30,3,0.1%,4.8%
8551,绝命海拔,<0.1%,1.17,5,<0.1%,8.0%
8552,李三娘,<0.1%,1.17,28,<0.1%,--
8553,火星救援,40.5%,2240.14,15,29.2%,9.9%
8554,我的少女时代,22.3%,1234.91,17,17.7%,15.5%
8555,消失的凶手,11.6%,640.76,10,11.1%,9.8%
8556,坏蛋必须死,7.4%,412.99,9,11.9%,9.4%
8557,海绵宝宝,4.3%,240.27,6,9.0%,5.7%
8558,玩命速递：重启之战,4.1%,231.61,8,6.6%,8.4%
8559,007：幽灵党,2.6%,148.87,8,3.9%,9.7%
8560,饥饿游戏3：嘲笑鸟（下）,1.8%,104.30,6,3.3%,6.5%
8561,十月初五的月光,1.0%,57.47,9,1.4%,10.7%
8562,诡影迷情,0.4%,24.23,4,1.9%,5.0%
8563,一个勺子,0.2%,14.58,5,0.7%,8.3%
8564,从天儿降,0.1%,11.03,173,<0.1%,--
8565,前任2：备胎反击战,0.1%,8.56,4,0.5%,8.4%
8566,怦然星动,<0.1%,4.76,229,<0.1%,95.6%
8567,灵臆事件,<0.1%,4.25,5,0.2%,7.1%
8568,喜马拉雅天梯,<0.1%,3.94,57,<0.1%,96.8%
8569,百团大战,<0.1%,2.93,115,<0.1%,100%
8570,摇滚水果,<0.1%,2.70,7,<0.1%,11.0%
8571,为了这片土地,<0.1%,2.64,221,<0.1%,69.2%
8572,陪安东尼度过漫长岁月,<0.1%,2.05,3,0.1%,5.1%
8573,桑榆街9号,<0.1%,1.74,59,<0.1%,--
8574,李三娘,<0.1%,1.64,34,<0.1%,--
8575,绝命海拔,<0.1%,1.56,6,<0.1%,11.6%
8576,守信少年,<0.1%,1.40,700,<0.1%,84.6%
8577,移动迷宫2,<0.1%,1.35,3,<0.1%,7.4%
8578,史努比：花生大电影,<0.1%,1.09,3,0.1%,3.5%
8579,擦枪走火,<0.1%,1.02,59,<0.1%,70.5%
8580,火星救援,39.0%,1959.94,13,29.0%,8.8%
8581,我的少女时代,22.4%,1128.60,16,18.1%,13.9%
8582,消失的凶手,11.8%,594.00,9,10.9%,8.9%
8583,坏蛋必须死,7.7%,387.52,8,12.0%,8.8%
8584,玩命速递：重启之战,4.3%,220.37,7,6.7%,7.9%
8585,海绵宝宝,3.7%,186.87,5,8.7%,4.8%
8586,007：幽灵党,2.7%,135.97,8,3.9%,8.7%
8587,饥饿游戏3：嘲笑鸟（下）,2.0%,101.08,6,3.3%,6.4%
8588,十月初五的月光,1.0%,50.30,8,1.4%,9.2%
8589,怦然星动,0.4%,23.37,31,0.1%,27.7%
8590,诡影迷情,0.4%,21.67,3,1.9%,4.5%
8591,喜马拉雅天梯,0.3%,17.89,68,<0.1%,100%
8592,前任2：备胎反击战,0.3%,15.64,5,0.5%,9.7%
8593,一个勺子,0.3%,15.26,5,0.7%,8.2%
8594,杜拉拉追婚记,0.2%,11.50,144,<0.1%,100%
8595,灵臆事件,<0.1%,3.46,4,0.2%,5.6%
8596,年少轻狂,<0.1%,2.70,26,<0.1%,78.0%
8597,为了这片土地,<0.1%,2.55,213,<0.1%,67.1%
8598,昆塔：盒子总动员,<0.1%,2.16,18,<0.1%,26.5%
8599,擦枪走火,<0.1%,1.92,79,<0.1%,58.9%
8600,万万没想到,<0.1%,1.91,68,<0.1%,62.3%
8601,陪安东尼度过漫长岁月,<0.1%,1.90,3,0.1%,4.5%
8602,李三娘,<0.1%,1.69,33,<0.1%,100%
8603,史努比：花生大电影,<0.1%,1.51,4,<0.1%,7.2%
8604,师父,<0.1%,1.50,32,<0.1%,62.8%
8605,绝命海拔,<0.1%,1.37,5,<0.1%,9.1%
8606,山河故人,<0.1%,1.37,13,<0.1%,24.3%
8607,桑榆街9号,<0.1%,1.25,51,<0.1%,--
8608,摇滚水果,<0.1%,1.11,5,<0.1%,7.9%
8609,守信少年,<0.1%,1.00,500,<0.1%,60.4%
8610,百团大战,<0.1%,1.00,75,<0.1%,42.0%
8611,怦然星动,40.9%,2596.78,21,26.8%,18.0%
8612,火星救援,25.2%,1600.36,13,23.5%,8.5%
8613,我的少女时代,12.6%,800.95,13,14.9%,11.7%
8614,消失的凶手,6.0%,385.01,8,6.5%,8.5%
8615,坏蛋必须死,2.7%,171.36,5,7.8%,5.9%
8616,玩命速递：重启之战,2.2%,145.27,7,4.4%,7.9%
8617,海绵宝宝,1.9%,125.01,5,6.1%,4.4%
8618,007：幽灵党,1.4%,92.73,8,2.4%,10.0%
8619,饥饿游戏3：嘲笑鸟（下）,0.9%,60.62,6,1.7%,7.1%
8620,开罗宣言,0.9%,57.21,151,<0.1%,100%
8621,十月初五的月光,0.4%,27.25,6,0.9%,8.5%
8622,从天儿降,0.3%,25.01,17,0.1%,12.8%
8623,极盗者,0.3%,19.44,20,0.2%,13.0%
8624,喜马拉雅天梯,0.2%,17.52,76,<0.1%,100%
8625,不可思异,0.2%,17.48,16,0.2%,11.6%
8626,诡影迷情,0.2%,14.98,3,1.3%,4.9%
8627,西藏天空,0.1%,10.15,105,<0.1%,100%
8628,山河故人,0.1%,10.08,57,<0.1%,100%
8629,一个勺子,0.1%,9.16,5,0.4%,8.8%
8630,万万没想到,0.1%,7.98,115,<0.1%,99.1%
8631,杜拉拉追婚记,0.1%,7.57,16,<0.1%,11.5%
8632,前任2：备胎反击战,<0.1%,3.83,3,0.3%,5.3%
8633,灵臆事件,<0.1%,2.25,3,0.1%,5.1%
8634,百团大战,<0.1%,1.97,81,<0.1%,100%
8635,为了这片土地,<0.1%,1.78,199,<0.1%,70.4%
8636,李三娘,<0.1%,1.52,32,<0.1%,--
8637,桑榆街9号,<0.1%,1.30,59,<0.1%,--
8638,我的诗篇,<0.1%,1.08,217,<0.1%,--
8639,移动迷宫2,<0.1%,1.08,3,<0.1%,7.1%
8640,藏羚王,<0.1%,1.00,2,0.1%,3.9%
8641,怦然星动,18.1%,1952.49,24,16.0%,20.8%
8642,火星救援,17.6%,1896.77,29,9.9%,18.9%
8643,极盗者,17.5%,1883.19,25,14.1%,19.7%
8644,不可思异,15.2%,1636.66,19,16.6%,16.4%
8645,从天儿降,11.2%,1210.85,16,16.6%,15.1%
8646,杜拉拉追婚记,7.6%,817.45,12,12.8%,12.1%
8647,我的少女时代,5.4%,589.95,25,4.8%,24.8%
8648,海绵宝宝,1.9%,212.47,12,3.5%,13.1%
8649,消失的凶手,1.8%,195.33,18,0.7%,28.2%
8650,开罗宣言,0.3%,39.95,143,<0.1%,100%
8651,007：幽灵党,0.2%,31.47,12,0.4%,17.1%
8652,坏蛋必须死,0.2%,25.63,5,1.0%,7.0%
8653,玩命速递：重启之战,0.2%,22.23,6,0.6%,10.3%
8654,饥饿游戏3：嘲笑鸟（下）,0.1%,18.30,11,0.2%,21.8%
8655,喜马拉雅天梯,0.1%,15.74,69,<0.1%,100%
8656,西藏天空,0.1%,11.31,197,<0.1%,100%
8657,诡影迷情,0.1%,10.85,4,0.6%,8.7%
8658,山河故人,<0.1%,10.19,70,<0.1%,99.8%
8659,十月初五的月光,<0.1%,8.77,6,0.3%,12.1%
8660,小门神,<0.1%,6.56,196,<0.1%,100%
8661,一个勺子,<0.1%,5.56,9,0.1%,27.0%
8662,万万没想到,<0.1%,4.40,142,<0.1%,100%
8663,藏羚王,<0.1%,3.32,7,0.1%,22.3%
8664,为了这片土地,<0.1%,2.76,184,<0.1%,65.8%
8665,桑榆街9号,<0.1%,2.15,72,<0.1%,--
8666,师父,<0.1%,1.60,90,<0.1%,52.5%
8667,灵臆事件,<0.1%,1.58,5,<0.1%,7.8%
8668,李三娘,<0.1%,1.51,31,<0.1%,100%
8669,陪安东尼度过漫长岁月,<0.1%,1.49,6,<0.1%,9.3%
8670,百团大战,<0.1%,1.14,54,<0.1%,80.8%
8671,前任2：备胎反击战,<0.1%,1.10,4,<0.1%,9.2%
8672,火星救援,22.0%,3859.98,57,9.8%,36.6%
8673,怦然星动,17.6%,3090.72,33,17.1%,29.3%
8674,极盗者,17.0%,2995.30,36,14.3%,28.6%
8675,不可思异,12.0%,2105.37,25,15.2%,22.7%
8676,从天儿降,9.1%,1609.97,22,14.9%,21.6%
8677,海绵宝宝,7.2%,1279.86,30,7.8%,32.9%
8678,我的少女时代,5.8%,1025.18,40,4.9%,39.4%
8679,杜拉拉追婚记,5.6%,986.78,16,10.7%,17.0%
8680,消失的凶手,0.8%,146.35,20,0.5%,29.7%
8681,007：幽灵党,0.3%,60.08,21,0.4%,30.4%
8682,坏蛋必须死,0.2%,40.69,9,0.8%,13.6%
8683,饥饿游戏3：嘲笑鸟（下）,0.2%,35.19,23,0.1%,40.5%
8684,玩命速递：重启之战,0.1%,34.24,11,0.5%,16.3%
8685,开罗宣言,0.1%,33.65,121,<0.1%,100%
8686,喜马拉雅天梯,0.1%,17.56,70,<0.1%,100%
8687,诡影迷情,<0.1%,12.49,5,0.6%,8.6%
8688,山河故人,<0.1%,10.42,85,<0.1%,100%
8689,十月初五的月光,<0.1%,10.40,8,0.2%,17.7%
8690,西藏天空,<0.1%,10.04,203,<0.1%,100%
8691,藏羚王,<0.1%,7.30,6,0.2%,14.8%
8692,史努比：花生大电影,<0.1%,7.16,11,0.1%,15.2%
8693,小门神,<0.1%,6.08,195,<0.1%,100%
8694,万万没想到,<0.1%,4.81,128,<0.1%,80.7%
8695,霸王别姬(京剧),<0.1%,4.74,72,<0.1%,100%
8696,桑榆街9号,<0.1%,4.14,79,<0.1%,--
8697,一个勺子,<0.1%,3.55,8,<0.1%,21.7%
8698,灵臆事件,<0.1%,2.41,8,<0.1%,12.2%
8699,李三娘,<0.1%,2.01,36,<0.1%,100%
8700,年少轻狂,<0.1%,1.42,11,<0.1%,29.9%
8701,前任2：备胎反击战,<0.1%,1.36,5,<0.1%,6.6%
8702,师父,<0.1%,1.33,46,<0.1%,64.9%
8703,2015中国（广州）国际纪录片节,<0.1%,1.10,110,<0.1%,--
8704,昆塔：盒子总动员,<0.1%,1.07,7,<0.1%,11.2%
8705,火星救援,21.1%,3026.71,44,10.2%,28.1%
8706,极盗者,19.1%,2736.38,32,14.7%,25.7%
8707,怦然星动,15.4%,2208.59,24,17.3%,20.7%
8708,不可思异,11.5%,1656.13,20,14.5%,19.0%
8709,海绵宝宝,8.8%,1264.01,29,8.1%,31.4%
8710,从天儿降,7.8%,1118.01,17,13.9%,16.6%
8711,我的少女时代,5.7%,828.38,31,5.1%,30.6%
8712,杜拉拉追婚记,5.6%,815.04,16,9.0%,16.9%
8713,消失的凶手,0.8%,121.91,20,0.4%,29.2%
8714,师父,0.7%,107.71,12,1.6%,11.7%
8715,擦枪走火,0.6%,95.09,23,0.7%,25.4%
8716,007：幽灵党,0.3%,53.07,19,0.4%,25.6%
8717,饥饿游戏3：嘲笑鸟（下）,0.2%,29.62,21,0.1%,33.4%
8718,玩命速递：重启之战,0.2%,29.35,10,0.5%,14.6%
8719,坏蛋必须死,0.1%,25.98,7,0.6%,10.7%
8720,喜马拉雅天梯,<0.1%,11.92,74,<0.1%,100%
8721,山河故人,<0.1%,10.61,82,<0.1%,96.0%
8722,西藏天空,<0.1%,10.00,250,<0.1%,--
8723,十月初五的月光,<0.1%,9.23,7,0.2%,15.7%
8724,诡影迷情,<0.1%,8.90,3,0.6%,6.5%
8725,藏羚王,<0.1%,6.83,6,0.2%,13.5%
8726,万万没想到,<0.1%,4.13,107,<0.1%,100%
8727,一个勺子,<0.1%,3.55,7,<0.1%,22.5%
8728,桑榆街9号,<0.1%,3.15,75,<0.1%,--
8729,霸王别姬(京剧),<0.1%,2.57,37,<0.1%,40.7%
8730,年少轻狂,<0.1%,2.22,39,<0.1%,66.7%
8731,李三娘,<0.1%,2.06,33,<0.1%,100%
8732,咕噜咕噜美人鱼,<0.1%,1.91,119,<0.1%,100%
8733,灵臆事件,<0.1%,1.33,5,<0.1%,6.4%
8734,昆塔：盒子总动员,<0.1%,1.29,8,<0.1%,13.7%
8735,2015中国（广州）国际纪录片节,<0.1%,1.15,115,<0.1%,--
8736,火云端,<0.1%,1.02,29,<0.1%,100%
8737,极盗者,25.5%,1307.82,15,16.9%,11.8%
8738,火星救援,16.5%,847.13,13,11.4%,8.1%
8739,怦然星动,16.0%,818.47,9,18.4%,7.8%
8740,不可思异,14.8%,759.57,10,15.6%,9.0%
8741,杜拉拉追婚记,6.8%,347.87,7,9.6%,7.5%
8742,从天儿降,6.6%,341.07,6,13.9%,5.6%
8743,我的少女时代,6.5%,333.03,13,5.8%,12.0%
8744,海绵宝宝,1.2%,65.56,4,3.4%,4.3%
8745,消失的凶手,0.8%,42.39,9,0.5%,12.8%
8746,007：幽灵党,0.4%,20.45,8,0.4%,9.4%
8747,玩命速递：重启之战,0.3%,16.22,5,0.6%,7.3%
8748,饥饿游戏3：嘲笑鸟（下）,0.2%,11.45,8,0.2%,12.3%
8749,山河故人,0.2%,11.17,80,<0.1%,100%
8750,坏蛋必须死,0.1%,10.08,3,0.7%,4.2%
8751,西藏天空,0.1%,10.01,168,<0.1%,100%
8752,喜马拉雅天梯,0.1%,9.85,74,<0.1%,100%
8753,诡影迷情,0.1%,6.05,2,0.7%,4.0%
8754,十月初五的月光,<0.1%,4.45,4,0.2%,7.6%
8755,李三娘,<0.1%,3.87,37,<0.1%,100%
8756,为了这片土地,<0.1%,3.29,220,<0.1%,66.4%
8757,霸王别姬(京剧),<0.1%,2.78,33,<0.1%,21.4%
8758,一个勺子,<0.1%,2.61,5,0.1%,10.1%
8759,犹太女孩在上海2：项链密码,<0.1%,1.54,155,<0.1%,87.8%
8760,白蛇传,<0.1%,1.47,165,<0.1%,--
8761,百团大战,<0.1%,1.47,164,<0.1%,44.5%
8762,陪安东尼度过漫长岁月,<0.1%,1.15,20,<0.1%,31.5%
8763,灵臆事件,<0.1%,1.12,4,<0.1%,4.9%
8764,极盗者,27.9%,1423.13,16,17.9%,12.0%
8765,火星救援,17.0%,867.45,13,11.7%,8.1%
8766,怦然星动,14.3%,729.20,9,18.0%,7.4%
8767,不可思异,13.9%,708.38,9,15.3%,8.6%
8768,杜拉拉追婚记,6.6%,338.31,8,9.2%,7.8%
8769,我的少女时代,6.3%,324.69,12,6.0%,11.4%
8770,从天儿降,5.6%,288.17,5,13.0%,5.3%
8771,消失的凶手,1.4%,71.86,12,0.5%,16.0%
8772,海绵宝宝,1.3%,67.75,5,3.1%,4.9%
8773,007：幽灵党,0.4%,21.76,8,0.4%,9.9%
8774,山河故人,0.4%,21.12,117,<0.1%,100%
8775,玩命速递：重启之战,0.3%,18.75,6,0.6%,8.2%
8776,饥饿游戏3：嘲笑鸟（下）,0.2%,14.36,9,0.2%,12.5%
8777,西藏天空,0.2%,10.39,160,<0.1%,100%
8778,坏蛋必须死,0.1%,9.51,3,0.6%,4.7%
8779,诡影迷情,0.1%,5.26,2,0.6%,4.0%
8780,十月初五的月光,<0.1%,4.17,4,0.2%,7.0%
8781,正果,<0.1%,3.40,2,0.6%,1.4%
8782,为了这片土地,<0.1%,3.30,275,<0.1%,66.5%
8783,李三娘,<0.1%,3.27,34,<0.1%,100%
8784,喜马拉雅天梯,<0.1%,3.10,65,<0.1%,84.4%
8785,一个勺子,<0.1%,2.99,6,0.1%,14.2%
8786,霸王别姬(京剧),<0.1%,2.81,35,<0.1%,25.0%
8787,百团大战,<0.1%,2.43,171,<0.1%,77.9%
8788,擦枪走火,<0.1%,2.18,99,<0.1%,82.0%
8789,陪安东尼度过漫长岁月,<0.1%,1.63,6,<0.1%,9.9%
8790,电商时代,<0.1%,1.53,133,<0.1%,100%
8791,我是大明星,<0.1%,1.19,298,<0.1%,--
8792,极盗者,28.4%,1326.59,14,18.8%,10.6%
8793,火星救援,16.3%,760.46,11,11.8%,7.2%
8794,不可思异,13.3%,621.76,8,15.4%,7.5%
8795,怦然星动,13.0%,609.73,7,17.6%,6.2%
8796,我的少女时代,6.1%,287.06,11,6.1%,9.8%
8797,杜拉拉追婚记,6.1%,286.94,7,9.1%,6.7%
8798,从天儿降,5.1%,240.85,5,12.4%,4.7%
8799,消失的凶手,3.2%,150.42,17,0.5%,22.1%
8800,海绵宝宝,1.3%,62.98,5,3.0%,4.6%
8801,007：幽灵党,0.4%,21.74,7,0.5%,8.3%
8802,玩命速递：重启之战,0.4%,18.94,5,0.7%,6.9%
8803,万万没想到,0.3%,16.52,192,<0.1%,82.5%
8804,山河故人,0.3%,15.17,91,<0.1%,100%
8805,饥饿游戏3：嘲笑鸟（下）,0.2%,12.42,8,0.2%,10.5%
8806,西藏天空,0.2%,10.01,201,<0.1%,100%
8807,坏蛋必须死,0.1%,8.70,3,0.6%,4.3%
8808,诡影迷情,0.1%,4.88,2,0.6%,3.7%
8809,擦枪走火,0.1%,4.81,97,<0.1%,100.0%
8810,十月初五的月光,<0.1%,3.99,3,0.2%,6.6%
8811,李三娘,<0.1%,3.34,32,<0.1%,100%
8812,穿越硝烟的歌声,<0.1%,3.29,129,<0.1%,100%
8813,正果,<0.1%,2.71,1,0.6%,1.4%
8814,遭遇海明威,<0.1%,2.53,49,<0.1%,100%
8815,为了这片土地,<0.1%,2.34,196,<0.1%,68.9%
8816,一个勺子,<0.1%,2.13,4,0.1%,9.7%
8817,霸王别姬(京剧),<0.1%,1.99,26,<0.1%,22.8%
8818,开罗宣言,<0.1%,1.00,80,<0.1%,100%
8819,极盗者,26.9%,1299.57,14,18.7%,10.1%
8820,火星救援,14.9%,722.48,11,11.0%,7.2%
8821,不可思异,11.2%,544.17,8,13.7%,7.5%
8822,怦然星动,10.9%,526.46,7,15.3%,6.3%
8823,师父,9.2%,444.97,13,7.4%,12.4%
8824,我的少女时代,5.7%,276.10,12,5.3%,10.6%
8825,杜拉拉追婚记,4.9%,239.41,7,7.1%,6.9%
8826,消失的凶手,3.8%,187.19,24,0.4%,31.9%
8827,从天儿降,3.6%,175.93,5,9.3%,4.6%
8828,擦枪走火,1.1%,55.01,4,3.6%,3.4%
8829,海绵宝宝,1.1%,53.38,5,2.5%,4.6%
8830,007：幽灵党,0.3%,18.68,7,0.4%,8.5%
8831,玩命速递：重启之战,0.3%,17.15,6,0.6%,7.3%
8832,山河故人,0.3%,15.40,95,<0.1%,84.5%
8833,西藏天空,0.2%,10.02,169,<0.1%,100%
8834,饥饿游戏3：嘲笑鸟（下）,0.2%,9.93,7,0.2%,9.8%
8835,万万没想到,0.1%,7.68,129,<0.1%,75.4%
8836,坏蛋必须死,0.1%,5.91,3,0.4%,5.1%
8837,十月初五的月光,0.1%,5.12,5,0.2%,11.1%
8838,为了这片土地,<0.1%,4.39,210,<0.1%,100%
8839,诡影迷情,<0.1%,4.26,2,0.5%,3.9%
8840,李三娘,<0.1%,3.31,30,<0.1%,100%
8841,穿越硝烟的歌声,<0.1%,3.11,151,<0.1%,100%
8842,霸王别姬(京剧),<0.1%,2.47,38,<0.1%,30.9%
8843,唐人街探案,<0.1%,2.43,110,<0.1%,46.9%
8844,不能错过,<0.1%,2.25,1,0.8%,0.8%
8845,白蛇传,<0.1%,1.92,429,<0.1%,97.7%
8846,紫霞,<0.1%,1.66,119,<0.1%,100%
8847,百团大战,<0.1%,1.63,138,<0.1%,43.0%
8848,正果,<0.1%,1.61,1,0.4%,1.5%
8849,一个勺子,<0.1%,1.46,3,<0.1%,9.0%
8850,我的诗篇,<0.1%,1.40,94,<0.1%,98.5%
8851,开罗宣言,<0.1%,1.01,81,<0.1%,100%
8852,极盗者,26.8%,1754.60,21,15.8%,14.7%
8853,火星救援,16.3%,1066.57,20,8.9%,12.3%
8854,师父,13.4%,880.69,13,14.5%,11.4%
8855,怦然星动,8.6%,563.82,12,9.6%,11.0%
8856,不可思异,8.2%,537.75,12,8.6%,11.6%
8857,极速风流,5.6%,369.72,8,11.0%,6.1%
8858,我的少女时代,4.9%,322.57,20,3.4%,18.6%
8859,杜拉拉追婚记,3.0%,200.44,13,2.9%,13.2%
8860,从天儿降,1.8%,119.04,8,3.5%,8.3%
8861,海绵宝宝,1.7%,114.02,10,2.4%,11.3%
8862,擦枪走火,1.6%,110.25,5,4.5%,6.0%
8863,消失的凶手,1.4%,93.97,31,0.1%,43.9%
8864,最美的时候遇见你,0.6%,43.41,5,2.2%,5.3%
8865,全力扣杀,0.3%,24.97,2,2.9%,2.1%
8866,东北偏北,0.3%,24.47,3,1.7%,2.8%
8867,007：幽灵党,0.2%,15.37,11,0.2%,14.2%
8868,山河故人,0.2%,15.15,96,<0.1%,100%
8869,梦幻佳期,0.1%,12.57,3,1.1%,3.0%
8870,紫霞,0.1%,10.88,2,1.4%,1.9%
8871,西藏天空,0.1%,10.00,250,<0.1%,--
8872,玩命速递：重启之战,0.1%,9.80,6,0.2%,8.6%
8873,饥饿游戏3：嘲笑鸟（下）,0.1%,8.62,12,<0.1%,17.4%
8874,万万没想到,0.1%,8.45,75,<0.1%,84.2%
8875,电商时代,0.1%,8.15,1,1.9%,1.0%
8876,李三娘,<0.1%,4.76,39,<0.1%,100%
8877,藏羚王,<0.1%,3.81,14,<0.1%,24.0%
8878,诡影迷情,<0.1%,3.81,4,0.2%,6.3%
8879,坏蛋必须死,<0.1%,3.64,5,0.1%,9.9%
8880,为了这片土地,<0.1%,2.44,164,<0.1%,78.4%
8881,唐人街探案,<0.1%,1.91,72,<0.1%,37.3%
8882,正果,<0.1%,1.50,2,0.2%,2.9%
8883,不能错过,<0.1%,1.50,2,0.2%,2.6%
8884,百团大战,<0.1%,1.41,105,<0.1%,82.6%
8885,白蛇传,<0.1%,1.39,128,<0.1%,90.9%
8886,穿越硝烟的歌声,<0.1%,1.31,97,<0.1%,100%
8887,桑榆街9号,<0.1%,1.26,63,<0.1%,--
8888,十月初五的月光,<0.1%,1.22,3,<0.1%,7.4%
8889,小门神,<0.1%,1.03,22,<0.1%,26.9%
8890,万万没想到,37.2%,6178.71,66,18.8%,50.4%
8891,极盗者,17.0%,2832.30,34,14.0%,25.8%
8892,火星救援,13.2%,2205.09,42,8.0%,26.7%
8893,师父,6.0%,1002.90,18,10.9%,16.6%
8894,怦然星动,5.5%,913.92,23,7.4%,23.8%
8895,不可思异,3.9%,653.47,18,6.4%,18.9%
8896,海绵宝宝,3.4%,580.95,24,4.5%,25.0%
8897,我的少女时代,3.3%,563.45,38,2.8%,37.0%
8898,极速风流,2.7%,449.88,13,6.8%,11.8%
8899,杜拉拉追婚记,1.2%,208.28,19,1.8%,20.7%
8900,咕噜咕噜美人鱼,1.0%,181.38,13,3.0%,16.5%
8901,圣诞大赢家,0.9%,157.60,9,3.3%,9.5%
8902,从天儿降,0.8%,142.32,14,2.0%,17.4%
8903,擦枪走火,0.5%,85.06,6,2.5%,7.7%
8904,消失的凶手,0.3%,57.32,31,0.1%,52.4%
8905,最美的时候遇见你,0.1%,30.53,6,1.0%,8.6%
8906,007：幽灵党,0.1%,23.90,21,0.1%,25.1%
8907,全力扣杀,<0.1%,16.40,3,1.2%,3.2%
8908,山河故人,<0.1%,15.26,83,<0.1%,100%
8909,东北偏北,<0.1%,15.23,3,0.9%,3.1%
8910,饥饿游戏3：嘲笑鸟（下）,<0.1%,15.18,20,<0.1%,29.2%
8911,老炮儿,<0.1%,14.97,269,<0.1%,100%
8912,玩命速递：重启之战,<0.1%,13.09,10,0.2%,13.3%
8913,梦幻佳期,<0.1%,12.31,6,0.4%,8.1%
8914,西藏天空,<0.1%,10.01,202,<0.1%,--
8915,紫霞,<0.1%,7.23,2,0.6%,3.0%
8916,电商时代,<0.1%,6.77,3,0.7%,2.5%
8917,诡影迷情,<0.1%,6.30,6,0.2%,10.6%
8918,穿越硝烟的歌声,<0.1%,6.11,172,<0.1%,100%
8919,唐人街探案,<0.1%,5.31,144,<0.1%,72.1%
8920,小门神,<0.1%,4.55,72,<0.1%,100%
8921,坏蛋必须死,<0.1%,3.74,9,<0.1%,20.1%
8922,李三娘,<0.1%,2.75,31,<0.1%,100%
8923,桑榆街9号,<0.1%,1.97,72,<0.1%,--
8924,正果,<0.1%,1.66,3,0.1%,3.9%
8925,十月初五的月光,<0.1%,1.56,5,<0.1%,12.0%
8926,不能错过,<0.1%,1.43,4,<0.1%,9.8%
8927,灵臆事件,<0.1%,1.36,8,<0.1%,12.5%
8928,我的诗篇,<0.1%,1.33,91,<0.1%,79.0%
8929,2015中国（广州）国际纪录片节,<0.1%,1.01,101,<0.1%,--
8930,万万没想到,39.3%,5053.34,49,20.5%,37.5%
8931,极盗者,16.4%,2110.73,25,14.3%,18.9%
8932,火星救援,11.7%,1511.56,28,8.2%,18.0%
8933,师父,6.1%,785.38,15,10.2%,13.8%
8934,海绵宝宝,4.3%,560.99,22,4.6%,23.1%
8935,怦然星动,4.3%,557.36,14,7.7%,13.9%
8936,不可思异,3.7%,487.10,14,6.5%,14.0%
8937,我的少女时代,2.9%,383.61,24,3.1%,22.9%
8938,极速风流,2.4%,317.09,10,5.8%,9.7%
8939,咕噜咕噜美人鱼,1.5%,201.80,15,3.0%,18.0%
8940,杜拉拉追婚记,1.2%,160.84,15,1.8%,15.2%
8941,圣诞大赢家,1.0%,140.08,9,3.1%,9.3%
8942,从天儿降,0.7%,92.15,9,2.0%,11.2%
8943,寻龙诀,0.4%,59.37,141,<0.1%,--
8944,消失的凶手,0.4%,55.25,29,0.1%,47.7%
8945,擦枪走火,0.4%,53.85,5,2.2%,5.7%
8946,最美的时候遇见你,0.1%,18.93,5,0.9%,6.1%
8947,老炮儿,0.1%,15.45,213,<0.1%,100%
8948,山河故人,0.1%,15.24,87,<0.1%,93.9%
8949,梦幻佳期,0.1%,14.36,8,0.3%,11.2%
8950,饥饿游戏3：嘲笑鸟（下）,0.1%,13.12,16,0.1%,21.1%
8951,玩命速递：重启之战,<0.1%,11.68,8,0.2%,10.7%
8952,东北偏北,<0.1%,10.92,3,0.7%,2.6%
8953,西藏天空,<0.1%,10.00,250,<0.1%,--
8954,全力扣杀,<0.1%,9.54,2,0.9%,2.3%
8955,紫霞,<0.1%,7.23,3,0.5%,3.4%
8956,电商时代,<0.1%,6.40,3,0.5%,3.1%
8957,诡影迷情,<0.1%,4.30,4,0.2%,6.7%
8958,唐人街探案,<0.1%,3.96,208,<0.1%,95.1%
8959,穿越硝烟的歌声,<0.1%,2.53,133,<0.1%,--
8960,李三娘,<0.1%,2.37,24,<0.1%,100%
8961,遭遇海明威,<0.1%,2.15,55,<0.1%,100%
8962,藏羚王,<0.1%,1.86,8,<0.1%,15.7%
8963,坏蛋必须死,<0.1%,1.72,5,<0.1%,8.8%
8964,十月初五的月光,<0.1%,1.39,4,<0.1%,10.5%
8965,正果,<0.1%,1.20,2,0.1%,3.2%
8966,2015中国（广州）国际纪录片节,<0.1%,1.20,120,<0.1%,--
8967,一个勺子,<0.1%,1.19,6,<0.1%,18.2%
8968,昆塔：盒子总动员,<0.1%,1.14,31,<0.1%,39.8%
8969,桑榆街9号,<0.1%,1.03,59,<0.1%,--
8970,极盗者,27.4%,1082.16,11,19.1%,8.0%
8971,火星救援,13.7%,542.96,9,10.7%,5.9%
8972,师父,13.2%,522.93,9,13.7%,7.8%
8973,不可思异,9.5%,377.58,8,9.9%,7.5%
8974,怦然星动,9.1%,359.54,7,11.3%,6.4%
8975,我的少女时代,5.6%,223.15,11,4.6%,10.1%
8976,极速风流,5.3%,209.20,6,8.3%,5.2%
8977,杜拉拉追婚记,3.3%,130.29,8,3.2%,8.2%
8978,从天儿降,1.7%,67.55,5,3.4%,5.5%
8979,海绵宝宝,1.0%,39.85,5,1.7%,5.0%
8980,消失的凶手,0.9%,37.17,16,0.1%,25.8%
8981,擦枪走火,0.9%,36.02,3,3.2%,3.1%
8982,老炮儿,0.5%,23.05,173,<0.1%,69.7%
8983,咕噜咕噜美人鱼,0.4%,16.09,4,1.1%,4.4%
8984,寻龙诀,0.3%,15.70,91,<0.1%,90.0%
8985,山河故人,0.3%,15.11,109,<0.1%,100%
8986,最美的时候遇见你,0.3%,14.07,3,1.3%,3.3%
8987,西藏天空,0.2%,11.54,164,<0.1%,100%
8988,玩命速递：重启之战,0.2%,9.37,5,0.3%,5.9%
8989,全力扣杀,0.2%,8.45,2,1.4%,1.6%
8990,紫霞,0.2%,8.33,3,0.8%,3.2%
8991,东北偏北,0.2%,7.92,2,1.1%,1.5%
8992,圣诞大赢家,0.1%,6.55,2,1.2%,1.2%
8993,饥饿游戏3：嘲笑鸟（下）,0.1%,5.20,6,0.1%,7.6%
8994,诡影迷情,<0.1%,3.65,3,0.3%,5.1%
8995,唐人街探案,<0.1%,3.48,160,<0.1%,79.6%
8996,电商时代,<0.1%,2.59,2,0.4%,1.5%
8997,坏蛋必须死,<0.1%,2.38,4,0.1%,5.9%
8998,李三娘,<0.1%,2.23,23,<0.1%,100%
8999,万万没想到,<0.1%,2.15,17,<0.1%,40.7%
9000,梦幻佳期,<0.1%,2.10,2,0.4%,1.5%
9001,白蛇传,<0.1%,1.78,121,<0.1%,55.3%
9002,一个勺子,<0.1%,1.45,13,<0.1%,36.1%
9003,十月初五的月光,<0.1%,1.42,7,<0.1%,15.6%
9004,穿越硝烟的歌声,<0.1%,1.14,113,<0.1%,--
9005,不能错过,<0.1%,1.11,3,0.1%,7.0%
9006,守信少年,<0.1%,1.10,734,<0.1%,--
9007,极盗者,26.6%,1059.76,11,19.5%,7.7%
9008,火星救援,13.6%,541.35,9,10.8%,5.9%
9009,师父,12.3%,489.75,8,13.5%,7.5%
9010,不可思异,9.0%,360.11,8,10.0%,7.2%
9011,怦然星动,8.1%,325.02,7,11.3%,5.9%
9012,我的少女时代,5.3%,211.49,10,4.8%,9.2%
9013,极速风流,4.9%,196.47,6,7.9%,5.3%
9014,老炮儿,4.7%,187.85,129,0.2%,85.0%
9015,杜拉拉追婚记,3.0%,119.64,8,3.2%,7.8%
9016,从天儿降,1.5%,61.65,5,3.4%,5.2%
9017,消失的凶手,1.0%,40.13,16,0.1%,29.3%
9018,海绵宝宝,0.9%,39.29,6,1.6%,5.4%
9019,擦枪走火,0.8%,34.24,3,2.9%,3.6%
9020,没女神探,0.4%,17.27,5,0.8%,4.2%
9021,山河故人,0.3%,15.07,127,<0.1%,100%
9022,咕噜咕噜美人鱼,0.3%,13.71,4,1.0%,3.8%
9023,西藏天空,0.2%,11.32,141,<0.1%,100%
9024,最美的时候遇见你,0.2%,10.86,3,1.2%,2.9%
9025,恶棍天使,0.2%,10.09,188,<0.1%,100%
9026,玩命速递：重启之战,0.2%,9.57,5,0.4%,5.9%
9027,万万没想到,0.1%,7.49,52,<0.1%,71.9%
9028,东北偏北,0.1%,6.56,2,0.9%,1.5%
9029,全力扣杀,0.1%,6.30,2,1.1%,1.6%
9030,圣诞大赢家,0.1%,6.23,2,1.1%,1.4%
9031,饥饿游戏3：嘲笑鸟（下）,0.1%,5.28,7,0.1%,8.2%
9032,紫霞,0.1%,4.72,2,0.8%,2.0%
9033,寻龙诀,0.1%,4.09,136,<0.1%,69.0%
9034,诡影迷情,<0.1%,3.69,4,0.3%,5.3%
9035,穿越硝烟的歌声,<0.1%,3.26,106,<0.1%,100%
9036,白蛇传,<0.1%,2.08,98,<0.1%,55.6%
9037,坏蛋必须死,<0.1%,2.06,4,0.1%,5.6%
9038,电商时代,<0.1%,1.82,2,0.3%,1.6%
9039,李三娘,<0.1%,1.60,20,<0.1%,100%
9040,藏羚王,<0.1%,1.53,15,<0.1%,20.3%
9041,唐人街探案,<0.1%,1.39,84,<0.1%,36.7%
9042,梦幻佳期,<0.1%,1.09,1,0.3%,1.2%
9043,极盗者,28.3%,975.78,10,19.7%,7.0%
9044,火星救援,13.6%,471.44,8,10.8%,5.1%
9045,师父,13.1%,452.22,8,13.7%,6.8%
9046,不可思异,9.4%,323.79,7,10.3%,6.3%
9047,怦然星动,8.4%,289.20,6,11.3%,5.2%
9048,我的少女时代,5.7%,197.59,9,4.9%,8.3%
9049,极速风流,5.1%,178.36,6,7.7%,4.9%
9050,杜拉拉追婚记,3.2%,112.65,7,3.3%,7.2%
9051,从天儿降,1.6%,55.71,4,3.4%,4.7%
9052,消失的凶手,0.8%,29.81,12,0.1%,21.4%
9053,擦枪走火,0.8%,28.42,3,2.8%,2.9%
9054,海绵宝宝,0.5%,20.17,3,1.5%,2.8%
9055,山河故人,0.4%,15.02,137,<0.1%,100%
9056,西藏天空,0.4%,14.59,135,<0.1%,100%
9057,没女神探,0.4%,14.15,4,0.8%,3.5%
9058,恶棍天使,0.3%,11.14,181,<0.1%,87.7%
9059,最美的时候遇见你,0.2%,10.18,2,1.2%,2.9%
9060,玩命速递：重启之战,0.2%,9.61,5,0.4%,5.6%
9061,咕噜咕噜美人鱼,0.2%,9.48,3,1.0%,2.6%
9062,万万没想到,0.2%,7.54,75,<0.1%,82.8%
9063,唐人街探案,0.1%,6.30,159,<0.1%,88.7%
9064,全力扣杀,0.1%,5.79,2,1.0%,1.6%
9065,饥饿游戏3：嘲笑鸟（下）,0.1%,5.21,6,0.1%,7.1%
9066,东北偏北,0.1%,4.73,2,0.9%,1.2%
9067,寻龙诀,0.1%,4.57,46,<0.1%,100%
9068,老炮儿,0.1%,4.43,137,<0.1%,82.5%
9069,圣诞大赢家,0.1%,4.12,1,1.0%,0.9%
9070,十月初五的月光,<0.1%,3.31,23,<0.1%,48.8%
9071,诡影迷情,<0.1%,3.07,3,0.3%,4.2%
9072,紫霞,<0.1%,2.39,1,0.7%,1.0%
9073,穿越硝烟的歌声,<0.1%,2.13,143,<0.1%,--
9074,李三娘,<0.1%,1.96,21,<0.1%,100%
9075,电商时代,<0.1%,1.94,2,0.3%,1.7%
9076,藏羚王,<0.1%,1.54,14,<0.1%,18.6%
9077,不能错过,<0.1%,1.39,5,0.1%,10.0%
9078,白蛇传,<0.1%,1.37,75,<0.1%,55.1%
9079,坏蛋必须死,<0.1%,1.21,2,0.1%,3.1%
9080,一个勺子,<0.1%,1.10,4,<0.1%,9.2%
9081,寻龙诀,21.9%,855.49,68,2.1%,36.5%
9082,极盗者,21.6%,846.63,9,19.4%,6.0%
9083,火星救援,10.6%,415.49,7,10.5%,4.7%
9084,师父,9.4%,367.66,6,13.4%,5.5%
9085,不可思异,7.1%,279.53,6,10.1%,5.4%
9086,怦然星动,6.2%,245.54,5,11.1%,4.4%
9087,我的少女时代,4.4%,173.49,8,4.8%,7.3%
9088,极速风流,3.8%,150.72,5,7.4%,4.2%
9089,杜拉拉追婚记,2.4%,95.98,6,3.2%,6.1%
9090,万万没想到,2.2%,89.42,27,0.7%,19.6%
9091,从天儿降,1.2%,48.43,4,3.3%,4.1%
9092,擦枪走火,0.6%,26.47,3,2.7%,2.8%
9093,消失的凶手,0.5%,23.23,10,0.1%,21.8%
9094,海绵宝宝,0.4%,19.47,3,1.5%,2.8%
9095,西藏天空,0.3%,14.92,140,<0.1%,100%
9096,恶棍天使,0.2%,11.29,142,<0.1%,85.1%
9097,没女神探,0.2%,10.83,4,0.7%,3.1%
9098,山河故人,0.2%,10.00,126,<0.1%,100%
9099,咕噜咕噜美人鱼,0.2%,9.46,3,0.9%,2.8%
9100,最美的时候遇见你,0.2%,9.27,2,1.1%,2.8%
9101,玩命速递：重启之战,0.2%,8.70,4,0.4%,5.1%
9102,圣诞大赢家,0.1%,5.46,2,0.9%,1.5%
9103,饥饿游戏3：嘲笑鸟（下）,0.1%,4.67,5,0.1%,6.8%
9104,全力扣杀,0.1%,4.59,2,0.9%,1.5%
9105,东北偏北,0.1%,4.45,2,0.8%,1.3%
9106,唐人街探案,0.1%,4.44,238,<0.1%,100%
9107,诡影迷情,<0.1%,2.49,2,0.3%,3.6%
9108,电商时代,<0.1%,1.88,2,0.3%,1.7%
9109,紫霞,<0.1%,1.71,1,0.6%,0.8%
9110,坏蛋必须死,<0.1%,1.51,3,0.1%,3.9%
9111,李三娘,<0.1%,1.33,21,<0.1%,100%
9112,一个勺子,<0.1%,1.25,8,<0.1%,19.6%
9113,穿越硝烟的歌声,<0.1%,1.22,141,<0.1%,--
9114,寻龙诀,74.1%,16130.07,59,46.4%,44.8%
9115,万万没想到,22.9%,4993.35,29,37.4%,27.6%
9116,极盗者,0.7%,155.89,8,3.4%,9.5%
9117,火星救援,0.3%,79.79,11,1.1%,13.0%
9118,师父,0.2%,50.03,5,2.0%,6.0%
9119,我的少女时代,0.1%,23.79,10,0.4%,13.3%
9120,海绵宝宝,<0.1%,19.89,6,0.7%,7.6%
9121,诡娃娃,<0.1%,19.59,4,1.2%,6.4%
9122,怦然星动,<0.1%,18.29,3,1.2%,4.7%
9123,咕噜咕噜美人鱼,<0.1%,14.95,5,0.6%,7.7%
9124,不可思异,<0.1%,14.71,3,1.2%,4.3%
9125,极速风流,<0.1%,13.07,4,0.7%,5.4%
9126,唐人街探案,<0.1%,7.02,153,<0.1%,81.8%
9127,杜拉拉追婚记,<0.1%,6.29,4,0.3%,5.8%
9128,圣诞大赢家,<0.1%,4.99,2,0.5%,2.8%
9129,藏羚王,<0.1%,4.23,42,<0.1%,100%
9130,穿越硝烟的歌声,<0.1%,3.68,94,<0.1%,100%
9131,从天儿降,<0.1%,3.40,3,0.2%,5.0%
9132,老炮儿,<0.1%,3.37,104,<0.1%,100.0%
9133,擦枪走火,<0.1%,2.86,3,0.2%,4.4%
9134,消失的凶手,<0.1%,2.21,10,<0.1%,23.4%
9135,西藏天空,<0.1%,2.03,98,<0.1%,100%
9136,李三娘,<0.1%,1.94,22,<0.1%,100%
9137,电商时代,<0.1%,1.54,13,<0.1%,15.6%
9138,恶棍天使,<0.1%,1.53,50,<0.1%,77.5%
9139,山河故人,<0.1%,1.44,145,<0.1%,100%
9140,百团大战,<0.1%,1.36,103,<0.1%,100%
9141,最美的时候遇见你,<0.1%,1.35,2,0.2%,4.1%
9142,没女神探,<0.1%,1.23,3,<0.1%,3.5%
9143,一切都好,<0.1%,1.17,234,<0.1%,--
9144,寻龙诀,76.2%,22623.51,73,49.1%,56.9%
9145,万万没想到,19.6%,5825.68,33,34.9%,33.2%
9146,极盗者,0.8%,240.09,16,2.4%,20.3%
9147,海绵宝宝,0.7%,223.12,17,2.5%,20.8%
9148,火星救援,0.5%,151.49,26,0.8%,32.0%
9149,咕噜咕噜美人鱼,0.3%,115.75,13,1.9%,19.4%
9150,师父,0.2%,80.66,9,1.4%,14.0%
9151,圣诞大赢家,0.1%,52.61,7,1.4%,11.1%
9152,怦然星动,0.1%,33.95,7,0.9%,12.3%
9153,极速风流,<0.1%,26.38,8,0.5%,14.1%
9154,诡娃娃,<0.1%,24.73,5,1.0%,9.0%
9155,十月初五的月光,<0.1%,20.52,33,<0.1%,100%
9156,老炮儿,<0.1%,19.87,189,<0.1%,100%
9157,不可思异,<0.1%,19.57,5,0.7%,10.6%
9158,恶棍天使,<0.1%,14.78,189,<0.1%,100%
9159,杜拉拉追婚记,<0.1%,12.89,9,0.2%,15.1%
9160,电商时代,<0.1%,7.82,57,<0.1%,86.6%
9161,我的诗篇,<0.1%,3.98,234,<0.1%,--
9162,从天儿降,<0.1%,3.76,5,0.1%,9.0%
9163,消失的凶手,<0.1%,2.42,13,<0.1%,29.9%
9164,李三娘,<0.1%,2.39,26,<0.1%,100%
9165,最美的时候遇见你,<0.1%,2.04,3,0.1%,10.7%
9166,擦枪走火,<0.1%,1.93,3,0.1%,5.5%
9167,没女神探,<0.1%,1.81,5,<0.1%,6.0%
9168,穿越硝烟的歌声,<0.1%,1.60,108,<0.1%,--
9169,饥饿游戏3：嘲笑鸟（下）,<0.1%,1.37,10,<0.1%,14.3%
9170,小门神,<0.1%,1.27,36,<0.1%,100%
9171,玩命速递：重启之战,<0.1%,1.22,5,<0.1%,7.6%
9172,传奇状元伦文叙,<0.1%,1.05,65,<0.1%,--
9173,东北偏北,<0.1%,1.03,3,<0.1%,14.4%
9174,寻龙诀,79.0%,20363.66,64,50.8%,49.9%
9175,万万没想到,16.2%,4178.48,25,33.5%,25.5%
9176,海绵宝宝,0.9%,244.13,18,2.6%,21.5%
9177,极盗者,0.8%,213.41,14,2.3%,18.6%
9178,火星救援,0.5%,139.33,24,0.8%,29.2%
9179,咕噜咕噜美人鱼,0.5%,130.21,14,2.0%,21.1%
9180,师父,0.3%,78.27,10,1.3%,14.8%
9181,圣诞大赢家,0.2%,54.34,8,1.4%,12.1%
9182,十月初五的月光,0.1%,32.51,68,<0.1%,100%
9183,小门神,0.1%,26.90,126,<0.1%,100%
9184,怦然星动,<0.1%,23.78,5,0.8%,9.3%
9185,极速风流,<0.1%,23.52,8,0.5%,13.8%
9186,诡娃娃,<0.1%,18.47,4,1.1%,6.8%
9187,不可思异,<0.1%,14.34,4,0.7%,8.6%
9188,恶棍天使,<0.1%,14.14,185,<0.1%,100%
9189,杜拉拉追婚记,<0.1%,9.35,7,0.2%,12.7%
9190,穿越硝烟的歌声,<0.1%,4.18,194,<0.1%,100%
9191,分手再说我爱你,<0.1%,3.60,175,<0.1%,85.4%
9192,唐人街探案,<0.1%,3.52,217,<0.1%,87.9%
9193,老炮儿,<0.1%,3.44,110,<0.1%,91.8%
9194,从天儿降,<0.1%,2.82,3,0.1%,6.9%
9195,李三娘,<0.1%,2.38,19,<0.1%,100%
9196,消失的凶手,<0.1%,2.11,10,<0.1%,28.6%
9197,一切都好,<0.1%,1.96,152,<0.1%,--
9198,擦枪走火,<0.1%,1.80,3,0.1%,4.7%
9199,没女神探,<0.1%,1.65,5,<0.1%,7.2%
9200,电商时代,<0.1%,1.32,30,<0.1%,41.7%
9201,东北偏北,<0.1%,1.22,4,<0.1%,22.6%
9202,最美的时候遇见你,<0.1%,1.16,2,0.1%,5.1%
9203,寻龙诀,82.2%,9769.55,34,51.2%,25.9%
9204,万万没想到,13.3%,1587.51,11,33.7%,10.7%
9205,极盗者,0.9%,116.78,6,3.5%,7.3%
9206,火星救援,0.4%,52.71,8,1.0%,9.2%
9207,师父,0.3%,45.13,5,1.9%,6.5%
9208,十月初五的月光,0.2%,30.00,188,<0.1%,--
9209,恶棍天使,0.1%,20.47,135,<0.1%,100%
9210,诡娃娃,0.1%,17.84,3,1.4%,5.1%
9211,海绵宝宝,0.1%,15.35,4,0.7%,5.3%
9212,极速风流,0.1%,12.52,4,0.6%,6.0%
9213,怦然星动,0.1%,11.94,2,1.1%,3.5%
9214,咕噜咕噜美人鱼,<0.1%,10.59,4,0.7%,4.8%
9215,不可思异,<0.1%,9.06,2,1.0%,4.0%
9216,杜拉拉追婚记,<0.1%,5.50,4,0.2%,5.3%
9217,分手再说我爱你,<0.1%,3.48,175,<0.1%,100%
9218,唐人街探案,<0.1%,3.09,107,<0.1%,56.9%
9219,老炮儿,<0.1%,2.78,40,<0.1%,41.6%
9220,消失的凶手,<0.1%,2.64,10,<0.1%,18.2%
9221,李三娘,<0.1%,2.20,18,<0.1%,100%
9222,圣诞大赢家,<0.1%,2.17,1,0.5%,1.3%
9223,从天儿降,<0.1%,1.29,2,0.2%,2.3%
9224,寻龙诀,81.5%,8383.30,29,52.2%,22.0%
9225,万万没想到,13.3%,1372.07,10,32.7%,9.9%
9226,极盗者,1.2%,124.59,7,3.5%,7.8%
9227,火星救援,0.5%,51.66,8,1.0%,9.2%
9228,师父,0.4%,46.22,5,1.9%,6.6%
9229,十月初五的月光,0.2%,30.00,200,<0.1%,--
9230,诡娃娃,0.1%,17.49,3,1.4%,5.0%
9231,怦然星动,0.1%,12.17,3,1.1%,3.7%
9232,极速风流,0.1%,11.97,4,0.6%,6.1%
9233,海绵宝宝,0.1%,11.70,4,0.7%,4.1%
9234,恶棍天使,0.1%,11.08,192,<0.1%,--
9235,不可思异,<0.1%,10.01,3,1.0%,4.6%
9236,咕噜咕噜美人鱼,<0.1%,9.72,4,0.6%,4.7%
9237,唐人街探案,<0.1%,7.46,130,<0.1%,74.4%
9238,杜拉拉追婚记,<0.1%,5.14,4,0.2%,5.2%
9239,穿越硝烟的歌声,<0.1%,3.89,152,<0.1%,100%
9240,消失的凶手,<0.1%,3.36,16,<0.1%,22.0%
9241,李三娘,<0.1%,2.93,20,<0.1%,100%
9242,圣诞大赢家,<0.1%,2.06,1,0.4%,1.5%
9243,西藏天空,<0.1%,1.89,96,<0.1%,100%
9244,喜马拉雅天梯,<0.1%,1.50,200,<0.1%,--
9245,从天儿降,<0.1%,1.47,2,0.2%,3.0%
9246,寻龙诀,75.2%,7336.01,25,51.3%,19.2%
9247,万万没想到,12.3%,1200.89,8,31.4%,8.7%
9248,恶棍天使,5.1%,500.38,66,1.5%,44.4%
9249,老炮儿,1.8%,179.12,31,1.0%,21.6%
9250,极盗者,1.3%,127.02,7,3.5%,7.8%
9251,火星救援,0.5%,53.73,8,1.0%,9.6%
9252,师父,0.5%,49.16,5,1.9%,6.9%
9253,十月初五的月光,0.3%,30.00,215,<0.1%,--
9254,诡娃娃,0.1%,14.86,3,1.4%,4.3%
9255,极速风流,0.1%,13.88,4,0.6%,6.9%
9256,怦然星动,0.1%,10.94,2,1.0%,3.3%
9257,咕噜咕噜美人鱼,0.1%,9.89,4,0.6%,5.1%
9258,不可思异,<0.1%,8.58,2,0.9%,3.9%
9259,海绵宝宝,<0.1%,8.36,3,0.6%,3.4%
9260,杜拉拉追婚记,<0.1%,6.55,4,0.2%,6.2%
9261,唐人街探案,<0.1%,6.20,91,<0.1%,68.0%
9262,小门神,<0.1%,3.45,100,<0.1%,100%
9263,穿越硝烟的歌声,<0.1%,3.17,146,<0.1%,--
9264,圣诞大赢家,<0.1%,3.15,2,0.4%,2.5%
9265,探秘者,<0.1%,3.09,314,<0.1%,86.1%
9266,消失的凶手,<0.1%,2.72,11,<0.1%,18.3%
9267,西藏天空,<0.1%,2.69,75,<0.1%,100%
9268,分手再说我爱你,<0.1%,2.63,39,<0.1%,46.6%
9269,受降前夕,<0.1%,2.61,86,<0.1%,100%
9270,李三娘,<0.1%,2.51,16,<0.1%,100%
9271,我的诗篇,<0.1%,1.69,100,<0.1%,81.5%
9272,从天儿降,<0.1%,1.30,2,0.2%,2.8%
9273,传奇状元伦文叙,<0.1%,1.00,125,<0.1%,--
9274,恶棍天使,52.5%,15242.52,71,42.7%,62.7%
9275,寻龙诀,25.7%,7475.78,48,24.2%,38.2%
9276,老炮儿,18.9%,5500.97,47,22.5%,47.0%
9277,万万没想到,1.1%,332.17,10,6.2%,12.9%
9278,分手再说我爱你,0.4%,116.95,17,1.2%,20.6%
9279,一切都好,0.3%,97.82,86,0.1%,85.7%
9280,十月初五的月光,0.1%,30.00,215,<0.1%,100%
9281,极盗者,<0.1%,12.32,8,0.2%,12.9%
9282,火星救援,<0.1%,8.36,16,<0.1%,19.1%
9283,诡娃娃,<0.1%,6.05,4,0.4%,7.9%
9284,圣诞大赢家,<0.1%,6.02,6,0.2%,9.5%
9285,师父,<0.1%,5.53,6,0.1%,11.2%
9286,海绵宝宝,<0.1%,5.38,7,0.1%,10.5%
9287,唐人街探案,<0.1%,4.91,87,<0.1%,71.0%
9288,咕噜咕噜美人鱼,<0.1%,4.86,6,0.2%,8.3%
9289,穿越硝烟的歌声,<0.1%,4.19,141,<0.1%,--
9290,一念天堂,<0.1%,2.76,345,<0.1%,--
9291,小门神,<0.1%,2.72,110,<0.1%,--
9292,李三娘,<0.1%,2.56,19,<0.1%,100%
9293,极速风流,<0.1%,1.91,3,0.1%,9.1%
9294,最美的时候遇见你,<0.1%,1.07,2,0.1%,5.6%
9295,恶棍天使,48.1%,14184.52,65,43.6%,55.7%
9296,寻龙诀,29.6%,8726.80,56,24.7%,46.3%
9297,老炮儿,19.5%,5767.09,50,22.2%,52.4%
9298,万万没想到,1.1%,348.38,13,5.1%,16.3%
9299,分手再说我爱你,0.4%,146.26,23,1.2%,26.5%
9300,十月初五的月光,0.1%,30.75,204,<0.1%,--
9301,极盗者,<0.1%,21.40,15,0.2%,22.8%
9302,圣诞大赢家,<0.1%,17.90,10,0.3%,17.7%
9303,咕噜咕噜美人鱼,<0.1%,14.45,12,0.3%,19.5%
9304,海绵宝宝,<0.1%,12.15,10,0.2%,14.4%
9305,诡娃娃,<0.1%,8.76,5,0.4%,10.6%
9306,师父,<0.1%,7.50,8,0.1%,15.5%
9307,极速风流,<0.1%,2.78,3,0.1%,11.4%
9308,最美的时候遇见你,<0.1%,1.20,2,0.1%,7.0%
9309,穿越硝烟的歌声,<0.1%,1.11,113,<0.1%,100%
9310,不可思异,<0.1%,1.08,2,0.1%,5.2%
9311,怦然星动,<0.1%,1.08,3,<0.1%,4.1%
9312,恶棍天使,38.3%,12480.87,65,38.0%,54.4%
9313,寻龙诀,32.6%,10625.92,70,23.7%,58.5%
9314,老炮儿,20.9%,6827.38,63,20.4%,67.5%
9315,唐人街探案,4.0%,1306.69,51,4.9%,53.3%
9316,小门神,1.5%,507.06,21,4.4%,22.4%
9317,万万没想到,0.9%,294.81,17,3.5%,23.0%
9318,分手再说我爱你,0.4%,137.54,28,0.9%,32.5%
9319,海绵宝宝,0.1%,49.42,16,0.5%,21.7%
9320,咕噜咕噜美人鱼,0.1%,48.84,18,0.6%,29.2%
9321,极盗者,<0.1%,24.08,20,0.1%,29.3%
9322,没女神探,<0.1%,20.20,55,<0.1%,100%
9323,圣诞大赢家,<0.1%,18.80,8,0.5%,16.3%
9324,师父,<0.1%,8.33,12,0.1%,25.0%
9325,诡娃娃,<0.1%,7.35,5,0.3%,9.9%
9326,穿越硝烟的歌声,<0.1%,6.19,129,<0.1%,100%
9327,皇帝的新装之圣诞大明星,<0.1%,4.94,5,0.2%,8.2%
9328,极速风流,<0.1%,3.50,4,0.1%,17.1%
9329,一切都好,<0.1%,3.08,150,<0.1%,95.6%
9330,不可思异,<0.1%,2.09,6,<0.1%,17.5%
9331,从天儿降,<0.1%,1.09,7,<0.1%,9.0%
9332,我的诗篇,<0.1%,1.07,102,<0.1%,100%
9333,李三娘,<0.1%,1.03,16,<0.1%,100%
9334,寻龙诀,33.6%,9060.97,56,25.9%,47.0%
9335,恶棍天使,31.4%,8460.89,46,36.6%,39.5%
9336,老炮儿,26.1%,7035.98,60,22.2%,63.4%
9337,唐人街探案,5.5%,1494.06,56,5.2%,57.5%
9338,万万没想到,0.9%,250.34,14,3.7%,18.5%
9339,分手再说我爱你,0.5%,142.67,28,1.0%,31.0%
9340,海绵宝宝,0.4%,109.01,20,1.0%,25.1%
9341,咕噜咕噜美人鱼,0.3%,83.37,20,1.0%,28.0%
9342,没女神探,0.1%,30.18,66,<0.1%,100%
9343,极盗者,<0.1%,24.10,18,0.1%,27.6%
9344,圣诞大赢家,<0.1%,21.47,7,0.6%,12.7%
9345,皇帝的新装之圣诞大明星,<0.1%,13.63,7,0.4%,12.0%
9346,师父,<0.1%,8.88,12,0.1%,25.5%
9347,诡娃娃,<0.1%,5.56,4,0.3%,7.0%
9348,一切都好,<0.1%,2.53,80,<0.1%,--
9349,极速风流,<0.1%,2.37,3,0.1%,11.9%
9350,受降前夕,<0.1%,2.07,80,<0.1%,100%
9351,穿越硝烟的歌声,<0.1%,2.05,342,<0.1%,100.0%
9352,小门神,<0.1%,1.67,3,0.1%,8.0%
9353,我的诗篇,<0.1%,1.06,97,<0.1%,--
9354,老炮儿,39.8%,5015.10,39,26.9%,38.1%
9355,寻龙诀,31.7%,4001.68,25,29.0%,20.5%
9356,恶棍天使,24.6%,3110.98,20,34.9%,17.5%
9357,万万没想到,0.8%,105.16,6,4.4%,7.3%
9358,分手再说我爱你,0.8%,103.66,17,1.3%,20.3%
9359,没女神探,0.2%,35.07,81,<0.1%,99.2%
9360,一切都好,0.1%,16.71,105,<0.1%,100%
9361,极盗者,0.1%,15.57,9,0.3%,12.0%
9362,唐人街探案,<0.1%,6.41,45,<0.1%,77.2%
9363,师父,<0.1%,5.94,6,0.1%,10.6%
9364,诡娃娃,<0.1%,5.36,3,0.5%,4.9%
9365,咕噜咕噜美人鱼,<0.1%,4.19,4,0.3%,4.9%
9366,海绵宝宝,<0.1%,4.04,4,0.2%,5.6%
9367,极速风流,<0.1%,2.76,3,0.2%,9.1%
9368,消失的凶手,<0.1%,2.50,30,<0.1%,50.3%
9369,山河故人,<0.1%,2.46,164,<0.1%,--
9370,胜利大阅兵,<0.1%,2.15,9,<0.1%,13.4%
9371,穿越硝烟的歌声,<0.1%,2.10,115,<0.1%,100%
9372,杜拉拉追婚记,<0.1%,2.09,9,<0.1%,14.2%
9373,我的诗篇,<0.1%,1.18,296,<0.1%,--
9374,老炮儿,43.6%,5101.93,37,29.5%,33.9%
9375,寻龙诀,30.7%,3600.93,23,29.3%,18.3%
9376,恶棍天使,20.2%,2370.62,17,31.8%,15.7%
9377,一切都好,1.4%,165.23,117,0.1%,100%
9378,万万没想到,0.8%,103.77,6,4.3%,7.5%
9379,分手再说我爱你,0.8%,100.43,16,1.3%,18.9%
9380,没女神探,0.2%,35.07,82,<0.1%,83.4%
9381,极盗者,0.1%,16.64,9,0.3%,13.3%
9382,唐人街探案,<0.1%,10.29,81,<0.1%,73.6%
9383,咕噜咕噜美人鱼,<0.1%,7.78,6,0.3%,7.9%
9384,海绵宝宝,<0.1%,7.28,8,0.2%,9.8%
9385,师父,<0.1%,5.74,6,0.1%,10.4%
9386,诡娃娃,<0.1%,5.51,3,0.5%,5.0%
9387,胜利大阅兵,<0.1%,4.75,16,<0.1%,24.7%
9388,杜拉拉追婚记,<0.1%,4.43,19,<0.1%,30.8%
9389,圣诞大赢家,<0.1%,3.52,5,0.1%,10.0%
9390,从天儿降,<0.1%,2.75,12,<0.1%,18.2%
9391,穿越硝烟的歌声,<0.1%,2.35,170,<0.1%,99.2%
9392,极速风流,<0.1%,1.80,3,0.1%,7.3%
9393,不可思异,<0.1%,1.17,3,0.1%,6.1%
9394,一念天堂,<0.1%,1.06,47,<0.1%,88.4%
9395,李三娘,<0.1%,1.01,16,<0.1%,100%
9396,老炮儿,38.9%,4607.63,33,29.4%,30.0%
9397,寻龙诀,26.3%,3122.32,21,26.3%,17.4%
9398,唐人街探案,16.9%,2002.49,41,10.1%,36.2%
9399,恶棍天使,13.4%,1587.93,14,25.6%,13.7%
9400,一切都好,1.5%,181.94,131,0.1%,100%
9401,分手再说我爱你,0.6%,78.58,14,1.2%,15.7%
9402,万万没想到,0.6%,72.05,5,3.6%,6.0%
9403,一念天堂,0.3%,39.99,26,0.3%,17.0%
9404,没女神探,0.2%,30.06,78,<0.1%,100%
9405,极盗者,0.1%,18.54,12,0.2%,15.7%
9406,咕噜咕噜美人鱼,<0.1%,10.64,9,0.3%,11.6%
9407,诡娃娃,<0.1%,8.14,5,0.5%,8.5%
9408,师父,<0.1%,5.79,6,0.1%,10.1%
9409,胜利大阅兵,<0.1%,5.75,31,<0.1%,45.6%
9410,海绵宝宝,<0.1%,5.67,7,0.1%,9.1%
9411,圣诞大赢家,<0.1%,5.23,7,0.1%,14.1%
9412,白蛇传,<0.1%,3.30,176,<0.1%,100%
9413,极速风流,<0.1%,3.24,3,0.1%,9.0%
9414,消失的凶手,<0.1%,3.22,30,<0.1%,52.9%
9415,西藏天空,<0.1%,2.13,153,<0.1%,--
9416,穿越硝烟的歌声,<0.1%,2.06,190,<0.1%,97.0%
9417,舌尖上的新年,<0.1%,1.96,245,<0.1%,--
9418,百团大战,<0.1%,1.54,180,<0.1%,100%
9419,从天儿降,<0.1%,1.50,11,<0.1%,12.3%
9420,李三娘,<0.1%,1.35,14,<0.1%,--
9421,唐人街探案,35.4%,9186.56,61,28.7%,53.5%
9422,老炮儿,25.0%,6489.95,63,19.3%,56.2%
9423,寻龙诀,19.2%,5002.09,52,15.2%,42.3%
9424,一念天堂,12.0%,3128.23,33,20.4%,31.8%
9425,恶棍天使,6.1%,1600.00,29,10.8%,35.7%
9426,一切都好,0.7%,205.71,74,0.2%,78.0%
9427,索命暹罗之按摩师,0.3%,79.81,15,1.3%,20.7%
9428,分手再说我爱你,0.2%,71.07,32,0.4%,32.9%
9429,万万没想到,0.1%,37.28,10,0.7%,14.1%
9430,咕噜咕噜美人鱼,<0.1%,23.68,19,0.2%,33.0%
9431,诡娃娃,<0.1%,18.50,24,0.2%,51.6%
9432,海绵宝宝,<0.1%,17.65,30,0.1%,34.8%
9433,极盗者,<0.1%,15.31,26,<0.1%,38.8%
9434,探秘者,<0.1%,11.87,4,0.6%,5.0%
9435,圣诞大赢家,<0.1%,10.10,19,0.1%,41.8%
9436,西藏天空,<0.1%,3.78,152,<0.1%,--
9437,小门神,<0.1%,3.54,15,<0.1%,21.6%
9438,胜利大阅兵,<0.1%,3.38,20,<0.1%,27.5%
9439,消失爱人,<0.1%,2.97,83,<0.1%,76.9%
9440,消失的凶手,<0.1%,2.73,46,<0.1%,53.9%
9441,白蛇传,<0.1%,2.72,190,<0.1%,--
9442,守信少年,<0.1%,2.23,203,<0.1%,--
9443,十月初五的月光,<0.1%,1.87,142,<0.1%,100%
9444,李三娘,<0.1%,1.71,19,<0.1%,100%
9445,极速风流,<0.1%,1.62,4,0.1%,11.8%
9446,师父,<0.1%,1.25,5,<0.1%,8.8%
9447,最美的时候遇见你,<0.1%,1.01,3,<0.1%,12.4%
9448,唐人街探案,32.5%,11414.40,72,27.2%,61.6%
9449,老炮儿,24.5%,8592.53,83,17.7%,72.4%
9450,寻龙诀,20.8%,7311.86,80,13.2%,64.1%
9451,小门神,8.0%,2806.61,43,11.4%,45.4%
9452,一念天堂,6.1%,2170.17,34,12.5%,33.1%
9453,恶棍天使,4.7%,1650.96,44,6.7%,60.5%
9454,一切都好,2.4%,842.19,21,7.4%,23.8%
9455,分手再说我爱你,0.2%,73.51,42,0.3%,46.3%
9456,索命暹罗之按摩师,0.1%,36.42,10,0.8%,15.1%
9457,万万没想到,<0.1%,31.22,16,0.3%,26.3%
9458,咕噜咕噜美人鱼,<0.1%,21.51,18,0.2%,35.5%
9459,皇帝的新装之圣诞大明星,<0.1%,21.09,9,0.4%,13.5%
9460,诡娃娃,<0.1%,13.44,23,0.1%,55.2%
9461,极盗者,<0.1%,8.98,26,<0.1%,41.7%
9462,熊出没之熊心归来,<0.1%,6.46,75,<0.1%,100%
9463,果宝特攻之水果大逃亡,<0.1%,4.74,93,<0.1%,100%
9464,舌尖上的新年,<0.1%,3.46,126,<0.1%,100%
9465,探秘者,<0.1%,2.72,4,0.1%,6.7%
9466,胜利大阅兵,<0.1%,2.44,25,<0.1%,48.7%
9467,圣诞大赢家,<0.1%,2.21,5,0.1%,15.3%
9468,冰美人,<0.1%,1.40,3,0.1%,3.9%
9469,师父,<0.1%,1.39,9,<0.1%,16.1%
9470,极速风流,<0.1%,1.01,3,<0.1%,15.9%
9471,唐人街探案,32.3%,9852.51,66,26.2%,54.1%
9472,老炮儿,28.0%,8542.57,72,20.5%,63.3%
9473,寻龙诀,21.7%,6620.65,63,15.6%,52.2%
9474,小门神,6.6%,2032.13,30,11.8%,32.3%
9475,恶棍天使,4.4%,1367.32,33,7.6%,47.5%
9476,一念天堂,4.3%,1334.60,28,9.3%,29.5%
9477,一切都好,1.6%,495.18,17,5.3%,19.8%
9478,分手再说我爱你,0.2%,70.37,39,0.3%,42.6%
9479,万万没想到,<0.1%,27.88,13,0.4%,22.3%
9480,索命暹罗之按摩师,<0.1%,27.55,8,0.8%,11.8%
9481,咕噜咕噜美人鱼,<0.1%,23.48,17,0.3%,33.4%
9482,皇帝的新装之圣诞大明星,<0.1%,11.85,6,0.4%,9.9%
9483,极盗者,<0.1%,11.29,24,<0.1%,40.5%
9484,诡娃娃,<0.1%,7.55,13,0.1%,33.3%
9485,果宝特攻之水果大逃亡,<0.1%,2.93,68,<0.1%,100%
9486,师父,<0.1%,2.40,12,<0.1%,25.1%
9487,圣诞大赢家,<0.1%,2.28,5,<0.1%,18.5%
9488,探秘者,<0.1%,1.49,3,0.1%,5.6%
9489,舌尖上的新年,<0.1%,1.35,180,<0.1%,100%
9490,李三娘,<0.1%,1.24,21,<0.1%,100%
9491,消失爱人,<0.1%,1.20,66,<0.1%,98.9%
9492,唐人街探案,35.5%,7336.46,49,26.6%,40.5%
9493,老炮儿,26.3%,5437.79,46,20.8%,40.2%
9494,寻龙诀,19.9%,4118.80,38,16.5%,31.4%
9495,小门神,6.7%,1386.12,22,11.3%,23.0%
9496,恶棍天使,4.1%,859.31,21,7.9%,29.2%
9497,一念天堂,3.8%,795.71,19,8.2%,21.3%
9498,一切都好,2.2%,465.48,16,4.6%,20.1%
9499,神探夏洛克：可恶的新娘,0.3%,78.97,40,0.3%,26.9%
9500,分手再说我爱你,0.2%,47.13,25,0.3%,26.7%
9501,咕噜咕噜美人鱼,<0.1%,19.27,15,0.2%,27.7%
9502,索命暹罗之按摩师,<0.1%,18.48,6,0.8%,8.1%
9503,万万没想到,<0.1%,18.39,8,0.4%,14.0%
9504,极盗者,<0.1%,11.29,21,<0.1%,32.1%
9505,皇帝的新装之圣诞大明星,<0.1%,8.47,5,0.3%,8.2%
9506,诡娃娃,<0.1%,7.90,14,0.1%,35.0%
9507,舌尖上的新年,<0.1%,4.34,106,<0.1%,100%
9508,果宝特攻之水果大逃亡,<0.1%,2.44,58,<0.1%,100%
9509,胜利大阅兵,<0.1%,2.17,40,<0.1%,77.6%
9510,师父,<0.1%,2.05,9,<0.1%,21.2%
9511,探秘者,<0.1%,1.35,3,0.1%,5.6%
9512,李三娘,<0.1%,1.18,20,<0.1%,100%
9513,圣诞大赢家,<0.1%,1.06,3,<0.1%,9.5%
9514,神探夏洛克：可恶的新娘,31.4%,3463.78,33,23.7%,27.9%
9515,唐人街探案,30.0%,3301.01,28,23.3%,24.1%
9516,老炮儿,19.7%,2173.21,24,18.4%,21.3%
9517,寻龙诀,13.4%,1475.66,18,14.6%,15.0%
9518,恶棍天使,2.0%,227.54,8,5.7%,12.6%
9519,一念天堂,1.6%,182.33,8,5.4%,8.9%
9520,小门神,0.7%,83.21,5,3.6%,4.9%
9521,一切都好,0.2%,24.05,3,2.1%,3.1%
9522,分手再说我爱你,0.2%,23.39,17,0.2%,20.1%
9523,诡娃娃,0.1%,13.96,19,0.2%,32.8%
9524,索命暹罗之按摩师,0.1%,12.36,4,0.8%,6.5%
9525,万万没想到,<0.1%,3.98,3,0.3%,5.4%
9526,舌尖上的新年,<0.1%,1.65,104,<0.1%,100%
9527,极盗者,<0.1%,1.51,8,<0.1%,13.7%
9528,咕噜咕噜美人鱼,<0.1%,1.21,3,0.1%,5.5%
9529,李三娘,<0.1%,1.17,19,<0.1%,100%
9530,不是钱的事,<0.1%,1.04,141,<0.1%,100%
9531,唐人街探案,33.0%,3126.94,27,23.5%,23.5%
9532,神探夏洛克：可恶的新娘,26.3%,2487.11,22,25.9%,17.3%
9533,老炮儿,20.5%,1944.58,22,18.0%,20.5%
9534,寻龙诀,14.4%,1367.82,17,14.4%,14.5%
9535,恶棍天使,2.2%,214.10,8,5.7%,12.1%
9536,一念天堂,1.4%,139.81,7,4.7%,8.6%
9537,小门神,0.8%,77.29,5,3.0%,5.6%
9538,诡娃娃,0.2%,22.46,27,0.2%,50.4%
9539,分手再说我爱你,0.2%,21.97,15,0.2%,17.1%
9540,一切都好,0.2%,19.70,3,1.7%,3.2%
9541,索命暹罗之按摩师,0.1%,13.12,4,0.9%,6.4%
9542,万万没想到,<0.1%,3.86,3,0.3%,5.8%
9543,消失爱人,<0.1%,2.64,104,<0.1%,100%
9544,白蛇传,<0.1%,1.45,84,<0.1%,100%
9545,整形师·脸,<0.1%,1.32,110,<0.1%,--
9546,咕噜咕噜美人鱼,<0.1%,1.21,3,0.1%,5.3%
9547,唐人街探案,35.3%,2909.28,24,24.1%,20.8%
9548,神探夏洛克：可恶的新娘,22.1%,1819.28,16,25.6%,12.4%
9549,老炮儿,21.3%,1758.54,20,18.3%,18.7%
9550,寻龙诀,15.2%,1254.57,16,14.5%,13.2%
9551,恶棍天使,2.3%,190.91,7,5.7%,10.7%
9552,一念天堂,1.6%,133.56,7,4.4%,8.5%
9553,小门神,0.8%,74.05,5,2.9%,5.5%
9554,分手再说我爱你,0.2%,22.47,14,0.3%,16.0%
9555,诡娃娃,0.1%,15.82,23,0.2%,50.0%
9556,索命暹罗之按摩师,0.1%,14.06,4,0.9%,6.6%
9557,一切都好,0.1%,13.74,3,1.4%,2.9%
9558,消失爱人,<0.1%,5.89,105,<0.1%,100%
9559,万万没想到,<0.1%,2.58,2,0.3%,3.5%
9560,紫霞,<0.1%,1.70,90,<0.1%,100%
9561,圣诞大赢家,<0.1%,1.26,8,<0.1%,40.3%
9562,咕噜咕噜美人鱼,<0.1%,1.00,3,0.1%,4.4%
9563,唐人街探案,35.7%,2727.35,22,24.6%,18.6%
9564,老炮儿,23.5%,1798.12,20,18.3%,18.9%
9565,神探夏洛克：可恶的新娘,18.5%,1418.47,13,23.7%,10.3%
9566,寻龙诀,15.6%,1190.47,15,14.4%,12.6%
9567,恶棍天使,2.2%,174.34,7,5.4%,10.3%
9568,一念天堂,1.4%,107.65,7,3.7%,8.6%
9569,小门神,0.9%,70.42,6,2.7%,5.8%
9570,舌尖上的新年,0.5%,40.66,3,2.6%,3.2%
9571,荒村怨灵,0.3%,29.14,10,0.7%,12.9%
9572,分手再说我爱你,0.2%,20.86,14,0.3%,14.5%
9573,一切都好,0.1%,13.02,3,1.0%,3.7%
9574,诡娃娃,0.1%,11.52,22,0.1%,52.7%
9575,索命暹罗之按摩师,0.1%,9.56,4,0.7%,5.8%
9576,消失爱人,<0.1%,4.12,81,<0.1%,100%
9577,万万没想到,<0.1%,2.48,3,0.2%,4.4%
9578,星探,<0.1%,2.16,144,<0.1%,--
9579,咕噜咕噜美人鱼,<0.1%,1.32,3,0.1%,5.4%
9580,唐人街探案,30.1%,3405.37,27,24.5%,22.2%
9581,老炮儿,19.4%,2200.36,24,18.0%,22.7%
9582,神探夏洛克：可恶的新娘,17.0%,1923.57,18,21.8%,14.6%
9583,星球大战：原力觉醒,14.0%,1585.00,77,3.1%,42.7%
9584,寻龙诀,13.7%,1547.71,19,14.0%,16.4%
9585,恶棍天使,1.7%,194.15,8,5.0%,12.1%
9586,小门神,1.1%,127.42,8,3.2%,9.3%
9587,一念天堂,1.0%,114.06,8,3.3%,9.9%
9588,荒村怨灵,0.6%,73.25,9,2.0%,14.0%
9589,舌尖上的新年,0.3%,36.59,4,1.9%,3.6%
9590,分手再说我爱你,0.2%,24.85,16,0.3%,16.1%
9591,一切都好,0.1%,12.39,3,0.8%,4.2%
9592,诡娃娃,<0.1%,9.88,36,<0.1%,67.6%
9593,索命暹罗之按摩师,<0.1%,7.59,5,0.4%,7.2%
9594,消失爱人,<0.1%,5.63,87,<0.1%,83.7%
9595,星探,<0.1%,3.24,216,<0.1%,--
9596,万万没想到,<0.1%,2.87,3,0.2%,5.5%
9597,咕噜咕噜美人鱼,<0.1%,2.15,5,0.1%,7.9%
9598,李三娘,<0.1%,2.08,28,<0.1%,--
9599,我的诗篇,<0.1%,1.73,87,<0.1%,100%
9600,恋爱教父之三个“坏”家伙,<0.1%,1.06,119,<0.1%,100%
9601,白蛇传,<0.1%,1.06,45,<0.1%,46.1%
9602,星球大战：原力觉醒,70.9%,19615.64,62,50.9%,45.8%
9603,唐人街探案,10.0%,2770.33,41,12.7%,48.4%
9604,老炮儿,5.6%,1566.60,36,8.3%,45.7%
9605,神探夏洛克：可恶的新娘,4.7%,1324.24,33,7.8%,36.9%
9606,熊出没之熊心归来,4.3%,1212.31,36,6.4%,40.6%
9607,寻龙诀,2.6%,745.54,28,4.7%,37.5%
9608,小门神,0.7%,202.22,12,3.3%,14.6%
9609,恶棍天使,0.2%,68.61,10,1.4%,22.9%
9610,荒村怨灵,0.1%,51.61,9,1.3%,15.3%
9611,舌尖上的新年,<0.1%,25.52,9,0.5%,9.1%
9612,一念天堂,<0.1%,21.33,8,0.6%,14.6%
9613,分手再说我爱你,<0.1%,11.37,21,0.1%,28.6%
9614,咕噜咕噜美人鱼,<0.1%,6.87,8,0.2%,14.8%
9615,消失爱人,<0.1%,6.41,111,<0.1%,100%
9616,恋爱教父之三个“坏”家伙,<0.1%,5.06,194,<0.1%,100%
9617,1965,<0.1%,4.05,191,<0.1%,--
9618,索命暹罗之按摩师,<0.1%,3.83,4,0.2%,8.1%
9619,诡娃娃,<0.1%,3.73,18,<0.1%,51.3%
9620,一切都好,<0.1%,3.14,5,0.1%,9.3%
9621,我的诗篇,<0.1%,2.96,97,<0.1%,100%
9622,万万没想到,<0.1%,2.24,4,0.1%,8.3%
9623,星探,<0.1%,2.16,216,<0.1%,--
9624,不是钱的事,<0.1%,1.30,9,<0.1%,9.4%
9625,皇帝的新装之圣诞大明星,<0.1%,1.19,2,0.1%,4.7%
9626,星球大战：原力觉醒,63.8%,13565.55,44,49.1%,32.4%
9627,唐人街探案,12.6%,2680.18,37,13.6%,43.0%
9628,老炮儿,6.9%,1471.13,32,8.9%,39.6%
9629,熊出没之熊心归来,6.2%,1332.81,39,6.5%,44.1%
9630,神探夏洛克：可恶的新娘,4.9%,1041.51,26,7.9%,28.5%
9631,寻龙诀,3.4%,736.39,26,5.2%,34.8%
9632,小门神,0.9%,207.86,13,3.1%,15.8%
9633,恶棍天使,0.2%,61.47,9,1.4%,20.8%
9634,荒村怨灵,0.1%,34.02,6,1.3%,10.0%
9635,舌尖上的新年,0.1%,24.78,9,0.4%,9.7%
9636,一念天堂,<0.1%,19.55,8,0.5%,15.1%
9637,一切都好,<0.1%,14.70,22,0.1%,43.0%
9638,分手再说我爱你,<0.1%,11.46,19,0.1%,26.0%
9639,消失爱人,<0.1%,10.78,139,<0.1%,--
9640,咕噜咕噜美人鱼,<0.1%,7.46,8,0.2%,14.7%
9641,索命暹罗之按摩师,<0.1%,3.25,3,0.2%,6.6%
9642,极速风流,<0.1%,3.13,9,<0.1%,28.9%
9643,我的诗篇,<0.1%,2.74,108,<0.1%,100%
9644,1965,<0.1%,2.44,144,<0.1%,--
9645,星探,<0.1%,2.16,216,<0.1%,--
9646,恋爱教父之三个“坏”家伙,<0.1%,1.70,92,<0.1%,63.6%
9647,万万没想到,<0.1%,1.47,3,0.1%,5.9%
9648,紫霞,<0.1%,1.38,67,<0.1%,100%
9649,李三娘,<0.1%,1.02,27,<0.1%,--
9650,星球大战：原力觉醒,59.3%,3479.68,18,47.2%,9.2%
9651,唐人街探案,18.6%,1092.71,19,16.6%,14.9%
9652,老炮儿,10.4%,611.54,16,11.5%,13.8%
9653,神探夏洛克：可恶的新娘,5.0%,294.73,9,10.1%,7.2%
9654,寻龙诀,4.6%,274.85,12,6.6%,10.8%
9655,恶棍天使,0.4%,25.58,5,1.6%,7.4%
9656,荒村怨灵,0.4%,24.97,5,1.7%,6.3%
9657,小门神,0.3%,21.91,5,1.7%,3.6%
9658,一念天堂,0.2%,11.76,5,0.8%,6.3%
9659,舌尖上的新年,0.1%,7.68,4,0.4%,3.0%
9660,分手再说我爱你,<0.1%,3.13,16,<0.1%,6.5%
9661,通灵神探,<0.1%,2.89,100,<0.1%,89.5%
9662,索命暹罗之按摩师,<0.1%,2.00,3,0.3%,4.1%
9663,消失爱人,<0.1%,1.90,57,<0.1%,48.6%
9664,一切都好,<0.1%,1.06,2,0.1%,2.1%
9665,星球大战：原力觉醒,54.7%,4014.77,16,45.3%,11.5%
9666,唐人街探案,20.7%,1521.76,18,17.6%,19.5%
9667,老炮儿,11.1%,819.75,15,11.9%,17.5%
9668,寻龙诀,5.7%,425.06,13,7.4%,15.3%
9669,神探夏洛克：可恶的新娘,4.9%,362.80,9,9.5%,9.3%
9670,消失爱人,0.7%,53.44,111,<0.1%,100%
9671,恶棍天使,0.5%,37.72,5,1.7%,10.6%
9672,荒村怨灵,0.4%,32.46,5,1.7%,8.1%
9673,小门神,0.4%,31.09,4,1.7%,5.1%
9674,一念天堂,0.1%,12.73,5,0.7%,7.1%
9675,分手再说我爱你,<0.1%,7.13,10,0.1%,12.7%
9676,舌尖上的新年,<0.1%,5.75,3,0.4%,2.7%
9677,索命暹罗之按摩师,<0.1%,2.56,3,0.3%,4.9%
9678,星探,<0.1%,2.38,159,<0.1%,--
9679,一切都好,<0.1%,2.01,3,0.2%,4.3%
9680,星球大战：原力觉醒,51.2%,3367.86,14,43.8%,10.1%
9681,唐人街探案,22.6%,1489.92,17,18.4%,17.8%
9682,老炮儿,11.8%,781.85,14,12.4%,15.7%
9683,寻龙诀,6.3%,417.29,12,7.7%,13.9%
9684,神探夏洛克：可恶的新娘,5.5%,365.09,9,9.2%,9.6%
9685,恶棍天使,0.5%,38.63,5,1.8%,10.3%
9686,小门神,0.4%,31.65,4,1.8%,5.1%
9687,荒村怨灵,0.4%,29.54,5,1.7%,7.3%
9688,一念天堂,0.2%,13.83,5,0.7%,7.5%
9689,分手再说我爱你,0.1%,8.49,10,0.1%,13.0%
9690,通灵神探,0.1%,7.84,15,0.1%,12.7%
9691,舌尖上的新年,<0.1%,5.66,3,0.4%,3.3%
9692,一切都好,<0.1%,4.11,7,0.2%,13.8%
9693,熊出没之熊心归来,<0.1%,2.54,44,<0.1%,--
9694,索命暹罗之按摩师,<0.1%,2.23,2,0.3%,4.1%
9695,消失爱人,<0.1%,1.71,90,<0.1%,80.4%
9696,皇帝的新装之圣诞大明星,<0.1%,1.58,8,<0.1%,15.0%
9697,恋爱教父之三个“坏”家伙,<0.1%,1.46,50,<0.1%,82.5%
9698,万万没想到,<0.1%,1.29,3,0.1%,5.9%
9699,星球大战：原力觉醒,41.5%,3005.71,15,35.3%,10.2%
9700,通灵神探,19.0%,1377.53,16,19.9%,15.5%
9701,唐人街探案,18.5%,1344.15,17,16.0%,17.2%
9702,老炮儿,9.5%,693.68,14,10.0%,16.3%
9703,寻龙诀,5.0%,363.19,13,6.2%,14.7%
9704,神探夏洛克：可恶的新娘,3.8%,282.00,10,5.9%,10.6%
9705,小门神,0.4%,30.24,5,1.4%,6.2%
9706,最后的巫师猎人,0.4%,29.43,26,0.2%,19.5%
9707,恶棍天使,0.3%,27.65,5,1.2%,11.6%
9708,极限挑战之皇家宝藏,0.3%,25.21,18,0.2%,12.6%
9709,荒村怨灵,0.2%,19.37,4,1.2%,6.6%
9710,消失爱人,0.1%,12.99,25,0.1%,22.6%
9711,一念天堂,0.1%,8.66,5,0.4%,8.7%
9712,分手再说我爱你,<0.1%,5.22,11,0.1%,13.3%
9713,舌尖上的新年,<0.1%,4.23,4,0.2%,4.0%
9714,果宝特攻之水果大逃亡,<0.1%,2.80,175,<0.1%,--
9715,一切都好,<0.1%,1.86,3,0.1%,7.1%
9716,恋爱教父之三个“坏”家伙,<0.1%,1.80,28,<0.1%,22.5%
9717,索命暹罗之按摩师,<0.1%,1.52,2,0.2%,3.8%
9718,万万没想到,<0.1%,1.00,4,<0.1%,11.7%
9719,星球大战：原力觉醒,27.9%,3593.74,26,20.2%,17.9%
9720,极限挑战之皇家宝藏,22.2%,2855.38,24,21.6%,20.4%
9721,消失爱人,14.3%,1845.41,22,15.7%,22.3%
9722,最后的巫师猎人,13.8%,1782.91,27,13.9%,26.7%
9723,唐人街探案,6.2%,801.78,25,5.5%,28.3%
9724,通灵神探,4.6%,590.80,14,8.6%,13.9%
9725,熊出没之熊心归来,4.3%,564.53,20,5.1%,20.6%
9726,老炮儿,2.5%,332.08,22,2.6%,29.1%
9727,寻龙诀,1.1%,143.77,18,1.4%,26.5%
9728,国酒,1.0%,132.71,61,0.2%,100%
9729,神探夏洛克：可恶的新娘,0.8%,113.93,23,0.7%,30.3%
9730,恋爱教父之三个“坏”家伙,0.1%,24.35,3,1.8%,2.6%
9731,小门神,0.1%,16.75,8,0.3%,15.0%
9732,荒村怨灵,<0.1%,8.70,4,0.5%,8.0%
9733,恶棍天使,<0.1%,5.78,5,0.2%,16.0%
9734,一切都好,<0.1%,4.06,14,<0.1%,30.8%
9735,舌尖上的新年,<0.1%,3.70,14,<0.1%,18.6%
9736,整形师·脸,<0.1%,3.50,30,<0.1%,--
9737,索命暹罗之按摩师,<0.1%,2.34,3,0.2%,6.6%
9738,一念天堂,<0.1%,1.48,4,<0.1%,13.6%
9739,分手再说我爱你,<0.1%,1.19,11,<0.1%,11.9%
9740,李三娘,<0.1%,1.14,22,<0.1%,100%
9741,熊出没之熊心归来,27.4%,5665.28,50,18.9%,49.9%
9742,星球大战：原力觉醒,27.1%,5612.58,42,17.9%,28.7%
9743,极限挑战之皇家宝藏,13.9%,2879.99,26,18.8%,22.1%
9744,最后的巫师猎人,11.2%,2330.48,33,13.1%,32.5%
9745,消失爱人,5.8%,1210.20,16,12.9%,15.8%
9746,唐人街探案,5.7%,1196.18,40,4.7%,46.5%
9747,通灵神探,2.7%,573.41,17,6.0%,18.5%
9748,老炮儿,2.5%,528.74,36,2.3%,48.3%
9749,寻龙诀,1.3%,272.38,34,1.3%,45.3%
9750,神探夏洛克：可恶的新娘,0.8%,183.89,39,0.6%,50.8%
9751,国酒,0.6%,125.00,80,0.1%,100%
9752,荒村怨灵,<0.1%,15.15,6,0.5%,12.9%
9753,恋爱教父之三个“坏”家伙,<0.1%,14.12,3,0.8%,3.1%
9754,小门神,<0.1%,11.92,10,0.2%,17.7%
9755,恶棍天使,<0.1%,6.14,5,0.2%,21.7%
9756,舌尖上的新年,<0.1%,3.52,16,<0.1%,18.6%
9757,索命暹罗之按摩师,<0.1%,3.26,4,0.1%,9.2%
9758,咕噜咕噜美人鱼,<0.1%,3.18,10,<0.1%,29.1%
9759,一念天堂,<0.1%,2.73,8,<0.1%,33.2%
9760,一切都好,<0.1%,2.71,19,<0.1%,100%
9761,李三娘,<0.1%,1.91,25,<0.1%,100%
9762,我的诗篇,<0.1%,1.71,66,<0.1%,100%
9763,万万没想到,<0.1%,1.56,15,<0.1%,32.6%
9764,整形师·脸,<0.1%,1.48,13,<0.1%,--
9765,果宝特攻之水果大逃亡,<0.1%,1.39,2,0.1%,8.0%
9766,白蛇传,<0.1%,1.06,213,<0.1%,100.0%
9767,熊出没之熊心归来,26.6%,4340.69,35,21.0%,33.6%
9768,星球大战：原力觉醒,25.6%,4170.94,33,17.7%,22.0%
9769,最后的巫师猎人,12.7%,2069.04,28,13.7%,26.7%
9770,极限挑战之皇家宝藏,12.2%,1998.77,20,17.3%,17.4%
9771,唐人街探案,7.2%,1175.91,34,5.5%,37.0%
9772,消失爱人,6.1%,995.64,16,11.2%,15.6%
9773,老炮儿,3.1%,514.26,31,2.7%,37.8%
9774,通灵神探,2.2%,363.07,13,5.3%,13.6%
9775,寻龙诀,1.6%,274.29,29,1.6%,35.3%
9776,神探夏洛克：可恶的新娘,1.0%,169.29,32,0.7%,38.4%
9777,国酒,0.7%,128.30,87,0.1%,100%
9778,荒村怨灵,<0.1%,13.98,6,0.5%,11.8%
9779,恋爱教父之三个“坏”家伙,<0.1%,11.42,3,0.7%,2.8%
9780,小门神,<0.1%,9.83,9,0.1%,15.7%
9781,恶棍天使,<0.1%,6.69,6,0.2%,22.0%
9782,一切都好,<0.1%,2.26,30,<0.1%,100%
9783,黑盒子,<0.1%,2.07,345,<0.1%,--
9784,舌尖上的新年,<0.1%,1.68,12,<0.1%,14.5%
9785,一念天堂,<0.1%,1.65,5,<0.1%,20.6%
9786,万万没想到,<0.1%,1.51,15,<0.1%,32.4%
9787,索命暹罗之按摩师,<0.1%,1.49,2,0.2%,4.6%
9788,分手再说我爱你,<0.1%,1.42,12,<0.1%,21.8%
9789,整形师·脸,<0.1%,1.39,17,<0.1%,--
9790,果宝特攻之水果大逃亡,<0.1%,1.13,3,<0.1%,11.5%
9791,星球大战：原力觉醒,23.9%,1618.94,14,19.4%,9.2%
9792,最后的巫师猎人,17.4%,1178.29,16,16.1%,14.2%
9793,熊出没之熊心归来,14.4%,978.33,13,14.0%,12.4%
9794,极限挑战之皇家宝藏,13.4%,906.38,11,17.1%,9.4%
9795,唐人街探案,10.1%,683.57,18,7.1%,18.4%
9796,消失爱人,7.7%,526.78,10,11.3%,9.7%
9797,老炮儿,4.6%,316.02,17,3.6%,19.9%
9798,寻龙诀,2.2%,155.02,15,2.0%,17.4%
9799,通灵神探,2.0%,140.64,6,5.1%,6.2%
9800,国酒,1.8%,123.84,90,0.1%,100%
9801,神探夏洛克：可恶的新娘,1.1%,75.23,13,1.0%,15.2%
9802,荒村怨灵,0.1%,12.47,5,0.6%,10.2%
9803,恋爱教父之三个“坏”家伙,0.1%,6.95,2,0.7%,2.5%
9804,小门神,<0.1%,5.51,9,0.1%,16.4%
9805,恶棍天使,<0.1%,5.41,4,0.2%,10.9%
9806,功夫熊猫3,<0.1%,4.95,225,<0.1%,68.7%
9807,白蛇传,<0.1%,2.97,156,<0.1%,100%
9808,恶人报喜,<0.1%,2.50,94,<0.1%,63.5%
9809,真相禁区,<0.1%,2.03,170,<0.1%,--
9810,分手再说我爱你,<0.1%,1.21,6,<0.1%,8.2%
9811,舌尖上的新年,<0.1%,1.15,9,<0.1%,14.6%
9812,索命暹罗之按摩师,<0.1%,1.12,2,0.2%,3.9%
9813,星球大战：原力觉醒,25.0%,1686.34,15,19.4%,9.8%
9814,最后的巫师猎人,17.5%,1180.29,15,16.6%,13.8%
9815,熊出没之熊心归来,15.5%,1045.77,14,14.2%,13.4%
9816,极限挑战之皇家宝藏,12.1%,814.95,10,16.2%,9.6%
9817,唐人街探案,10.9%,734.66,18,7.7%,18.2%
9818,消失爱人,6.1%,413.20,8,10.7%,8.3%
9819,老炮儿,4.5%,305.04,15,3.9%,17.7%
9820,寻龙诀,2.3%,157.71,15,2.2%,16.3%
9821,国酒,1.9%,130.92,90,0.1%,100%
9822,通灵神探,1.8%,124.20,6,4.7%,6.1%
9823,神探夏洛克：可恶的新娘,1.1%,76.53,13,1.0%,15.2%
9824,小门神,0.1%,9.95,13,0.1%,22.6%
9825,荒村怨灵,0.1%,8.99,3,0.7%,6.3%
9826,恋爱教父之三个“坏”家伙,0.1%,8.03,3,0.6%,3.6%
9827,恶棍天使,<0.1%,6.54,5,0.3%,12.1%
9828,真相禁区,<0.1%,2.80,82,<0.1%,36.5%
9829,白蛇传,<0.1%,2.49,135,<0.1%,100%
9830,百团大战,<0.1%,2.10,355,<0.1%,--
9831,舌尖上的新年,<0.1%,1.83,8,<0.1%,11.2%
9832,一家老小向前冲,<0.1%,1.82,52,<0.1%,44.1%
9833,恶人报喜,<0.1%,1.26,91,<0.1%,42.4%
9834,分手再说我爱你,<0.1%,1.22,8,<0.1%,10.4%
9835,爱在深秋,<0.1%,1.15,82,<0.1%,52.7%
9836,索命暹罗之按摩师,<0.1%,1.14,2,0.2%,4.2%
9837,一念天堂,<0.1%,1.00,3,<0.1%,7.9%
9838,星球大战：原力觉醒,25.3%,1626.31,14,19.4%,9.6%
9839,最后的巫师猎人,17.5%,1121.98,14,17.0%,12.5%
9840,熊出没之熊心归来,15.7%,1006.81,13,14.6%,12.7%
9841,极限挑战之皇家宝藏,11.5%,742.76,10,15.6%,9.2%
9842,唐人街探案,11.4%,733.33,17,8.1%,17.0%
9843,消失爱人,5.7%,366.14,8,10.2%,7.8%
9844,老炮儿,4.5%,290.72,14,4.1%,15.4%
9845,寻龙诀,2.3%,149.99,15,2.1%,15.4%
9846,通灵神探,1.7%,113.63,6,4.3%,6.1%
9847,国酒,1.4%,89.92,77,0.1%,100%
9848,神探夏洛克：可恶的新娘,1.2%,76.93,13,1.1%,14.4%
9849,西游记之孙悟空三打白骨精,0.4%,28.53,157,<0.1%,--
9850,荒村怨灵,0.1%,9.62,3,0.7%,6.3%
9851,恋爱教父之三个“坏”家伙,0.1%,8.07,3,0.6%,4.3%
9852,恶棍天使,0.1%,6.41,4,0.3%,10.7%
9853,小门神,<0.1%,5.90,7,0.1%,11.2%
9854,舌尖上的新年,<0.1%,4.04,19,<0.1%,27.8%
9855,一念天堂,<0.1%,3.38,20,<0.1%,50.0%
9856,功夫熊猫3,<0.1%,2.50,44,<0.1%,100%
9857,真相禁区,<0.1%,1.50,42,<0.1%,45.8%
9858,恶人报喜,<0.1%,1.29,56,<0.1%,41.3%
9859,分手再说我爱你,<0.1%,1.24,8,<0.1%,12.4%
9860,索命暹罗之按摩师,<0.1%,1.15,2,0.2%,4.2%
9861,爱在深秋,<0.1%,1.11,72,<0.1%,76.9%
9862,星球大战：原力觉醒,25.5%,1583.51,14,19.3%,9.5%
9863,最后的巫师猎人,17.2%,1069.65,14,17.0%,11.8%
9864,熊出没之熊心归来,15.9%,989.69,13,15.2%,12.0%
9865,唐人街探案,12.0%,748.34,17,8.4%,16.7%
9866,极限挑战之皇家宝藏,11.1%,689.55,10,15.0%,9.0%
9867,消失爱人,5.6%,346.96,8,9.7%,7.7%
9868,老炮儿,4.6%,290.55,13,4.2%,15.1%
9869,寻龙诀,2.5%,157.17,15,2.3%,15.2%
9870,通灵神探,1.6%,103.60,6,4.1%,5.9%
9871,神探夏洛克：可恶的新娘,1.1%,72.88,12,1.1%,13.3%
9872,国酒,1.0%,63.76,62,0.1%,84.5%
9873,云中行走,0.1%,12.23,8,0.2%,4.5%
9874,荒村怨灵,0.1%,9.86,3,0.7%,6.3%
9875,恋爱教父之三个“坏”家伙,0.1%,7.75,3,0.5%,4.5%
9876,恶棍天使,0.1%,6.93,5,0.3%,12.1%
9877,小门神,<0.1%,4.54,5,0.2%,7.4%
9878,真相禁区,<0.1%,4.08,11,<0.1%,9.7%
9879,恶人报喜,<0.1%,3.67,158,<0.1%,94.8%
9880,一切都好,<0.1%,2.72,14,<0.1%,76.5%
9881,一念天堂,<0.1%,2.07,6,<0.1%,13.5%
9882,探秘者,<0.1%,1.53,27,<0.1%,30.1%
9883,分手再说我爱你,<0.1%,1.22,8,<0.1%,11.4%
9884,猿创世界之熊孩子部落,<0.1%,1.15,288,<0.1%,98.9%
9885,李三娘,<0.1%,1.10,18,<0.1%,100%
9886,索命暹罗之按摩师,<0.1%,1.05,2,0.2%,3.6%
9887,星球大战：原力觉醒,19.5%,1433.96,18,12.7%,13.2%
9888,云中行走,17.7%,1303.29,11,20.7%,7.7%
9889,真相禁区,15.0%,1108.85,14,16.0%,14.2%
9890,熊出没之熊心归来,13.1%,963.43,14,12.9%,13.7%
9891,最后的巫师猎人,11.0%,811.42,16,10.1%,15.0%
9892,唐人街探案,7.7%,573.32,21,4.7%,21.9%
9893,极限挑战之皇家宝藏,4.3%,318.44,11,5.6%,12.1%
9894,老炮儿,2.6%,191.84,17,2.0%,20.3%
9895,消失爱人,1.5%,112.83,8,2.6%,9.8%
9896,寻龙诀,1.3%,101.31,18,1.1%,19.6%
9897,黑盒子,1.1%,85.97,7,2.9%,--
9898,恶人报喜,1.1%,81.63,23,0.6%,19.4%
9899,一家老小向前冲,0.9%,69.84,5,2.8%,6.3%
9900,神探夏洛克：可恶的新娘,0.7%,55.36,19,0.4%,23.6%
9901,爱在深秋,0.5%,40.86,9,0.8%,11.9%
9902,国酒,0.5%,38.41,56,<0.1%,82.7%
9903,通灵神探,0.2%,20.79,6,0.6%,8.1%
9904,谎言大爆炸,0.2%,15.00,4,0.8%,5.1%
9905,恋爱教父之三个“坏”家伙,<0.1%,4.18,11,<0.1%,29.7%
9906,小门神,<0.1%,3.72,7,0.1%,12.3%
9907,恶棍天使,<0.1%,2.77,4,0.1%,11.7%
9908,再见我们的十年,<0.1%,2.69,2,0.4%,100%
9909,功夫熊猫3,<0.1%,1.62,29,<0.1%,100%
9910,请把你的窗户打开,<0.1%,1.27,3,<0.1%,7.1%
9911,白蛇传,<0.1%,1.07,109,<0.1%,100%
9912,荒村怨灵,<0.1%,1.07,2,0.1%,6.3%
9913,功夫熊猫3,30.9%,4259.50,52,12.5%,39.1%
9914,星球大战：原力觉醒,14.1%,1938.90,25,11.3%,18.9%
9915,熊出没之熊心归来,12.5%,1718.55,27,11.1%,25.2%
9916,云中行走,11.5%,1585.98,16,15.9%,11.8%
9917,最后的巫师猎人,7.4%,1017.87,22,8.4%,21.5%
9918,真相禁区,5.6%,770.46,12,13.0%,11.4%
9919,唐人街探案,5.5%,759.58,29,4.3%,30.2%
9920,恶人报喜,2.9%,401.93,16,4.6%,16.4%
9921,极限挑战之皇家宝藏,2.0%,281.63,13,3.9%,15.0%
9922,老炮儿,1.9%,266.07,24,1.7%,30.5%
9923,果宝特攻之水果大逃亡,1.3%,190.12,12,2.6%,12.9%
9924,寻龙诀,1.0%,141.83,24,1.0%,26.7%
9925,消失爱人,0.7%,98.78,11,1.6%,13.1%
9926,神探夏洛克：可恶的新娘,0.5%,70.04,26,0.4%,28.3%
9927,黑盒子,0.4%,55.82,5,2.2%,--
9928,一家老小向前冲,0.3%,52.03,6,1.5%,7.8%
9929,爱在深秋,0.3%,48.14,18,0.4%,25.9%
9930,通灵神探,0.1%,20.05,9,0.3%,12.6%
9931,国酒,0.1%,19.83,57,<0.1%,83.9%
9932,猿创世界之熊孩子部落,0.1%,19.41,4,0.9%,4.4%
9933,谎言大爆炸,<0.1%,8.92,5,0.3%,7.1%
9934,恶棍天使,<0.1%,2.67,5,0.1%,12.8%
9935,小门神,<0.1%,2.39,6,<0.1%,10.2%
9936,鼠来宝4：萌在囧途,<0.1%,2.07,345,<0.1%,--
9937,再见我们的十年,<0.1%,1.48,2,0.1%,--
9938,李三娘,<0.1%,1.48,39,<0.1%,100%
9939,恋爱教父之三个“坏”家伙,<0.1%,1.45,6,<0.1%,15.0%
9940,一切都好,<0.1%,1.05,10,<0.1%,38.3%
9941,荒村怨灵,<0.1%,1.03,2,0.1%,6.3%
9942,熊出没之熊心归来,19.7%,1956.69,23,14.9%,21.3%
9943,星球大战：原力觉醒,19.6%,1948.19,22,13.3%,15.9%
9944,云中行走,15.7%,1556.98,15,16.3%,11.2%
9945,最后的巫师猎人,11.1%,1106.18,21,10.1%,19.4%
9946,唐人街探案,8.9%,880.73,27,5.5%,26.8%
9947,真相禁区,7.1%,708.11,11,13.3%,10.3%
9948,恶人报喜,3.2%,323.43,12,5.2%,12.2%
9949,极限挑战之皇家宝藏,3.0%,301.55,13,4.3%,14.7%
9950,老炮儿,2.9%,295.94,25,2.2%,27.9%
9951,果宝特攻之水果大逃亡,2.7%,271.32,13,3.6%,14.1%
9952,寻龙诀,1.7%,170.44,23,1.4%,23.9%
9953,消失爱人,0.9%,97.83,10,1.9%,11.7%
9954,神探夏洛克：可恶的新娘,0.7%,69.30,21,0.5%,22.5%
9955,一家老小向前冲,0.4%,45.81,6,1.4%,7.5%
9956,黑盒子,0.4%,45.16,5,2.2%,--
9957,猿创世界之熊孩子部落,0.2%,27.08,5,1.0%,6.6%
9958,国酒,0.2%,23.72,65,<0.1%,95.2%
9959,通灵神探,0.2%,22.24,9,0.4%,11.6%
9960,谎言大爆炸,<0.1%,8.52,6,0.3%,8.7%
9961,爱在深秋,<0.1%,6.54,4,0.3%,5.2%
9962,再见我们的十年,<0.1%,4.79,5,0.1%,--
9963,西游记之孙悟空三打白骨精,<0.1%,3.76,359,<0.1%,--
9964,小门神,<0.1%,3.46,6,0.1%,10.4%
9965,恶棍天使,<0.1%,2.58,6,<0.1%,12.7%
9966,一念天堂,<0.1%,2.08,24,<0.1%,86.5%
9967,李三娘,<0.1%,1.55,37,<0.1%,100%
9968,功夫熊猫3,<0.1%,1.12,4,<0.1%,12.2%
9969,我的诗篇,<0.1%,1.10,103,<0.1%,100%
9970,荒村怨灵,<0.1%,1.10,2,0.1%,7.4%
9971,胜利大阅兵,<0.1%,1.06,268,<0.1%,34.3%
9972,请把你的窗户打开,<0.1%,1.03,6,<0.1%,14.6%
9973,星球大战：原力觉醒,18.5%,964.86,12,14.0%,8.3%
9974,云中行走,16.1%,837.83,9,16.1%,6.8%
9975,熊出没之熊心归来,16.0%,833.78,12,14.0%,10.7%
9976,最后的巫师猎人,12.0%,625.38,12,11.1%,10.8%
9977,唐人街探案,10.4%,542.13,16,6.4%,15.3%
9978,真相禁区,7.5%,393.19,7,12.6%,6.7%
9979,恶人报喜,4.3%,227.14,9,5.4%,8.9%
9980,极限挑战之皇家宝藏,3.3%,173.35,8,4.5%,8.9%
9981,老炮儿,2.5%,132.66,15,2.0%,16.6%
9982,寻龙诀,2.1%,110.82,15,1.6%,15.1%
9983,果宝特攻之水果大逃亡,2.0%,105.33,7,3.0%,7.4%
9984,消失爱人,1.3%,68.96,7,2.0%,8.2%
9985,黑盒子,0.7%,37.19,4,2.0%,--
9986,高跟鞋先生,0.6%,34.53,113,<0.1%,100%
9987,神探夏洛克：可恶的新娘,0.6%,32.55,10,0.5%,11.8%
9988,国酒,0.3%,16.14,51,<0.1%,87.8%
9989,一家老小向前冲,0.2%,14.50,3,1.1%,3.9%
9990,通灵神探,0.2%,12.80,5,0.5%,6.5%
9991,猿创世界之熊孩子部落,0.1%,8.29,3,0.7%,3.4%
9992,谎言大爆炸,<0.1%,3.46,3,0.3%,4.2%
9993,恋爱教父之三个“坏”家伙,<0.1%,3.05,13,<0.1%,36.8%
9994,小门神,<0.1%,2.65,5,<0.1%,8.2%
9995,爱在深秋,<0.1%,1.95,2,0.3%,1.8%
9996,恶棍天使,<0.1%,1.94,5,<0.1%,9.2%
9997,一切都好,<0.1%,1.86,17,<0.1%,35.8%
9998,李三娘,<0.1%,1.30,28,<0.1%,100%
9999,荒村怨灵,<0.1%,1.10,2,0.1%,6.9%
10000,胜利大阅兵,<0.1%,1.05,176,<0.1%,31.7%
10001,星球大战：原力觉醒,17.3%,946.92,12,13.6%,8.2%
10002,熊出没之熊心归来,13.7%,748.40,12,11.9%,11.2%
10003,云中行走,13.5%,740.86,9,14.4%,6.7%
10004,鼠来宝4：萌在囧途,13.3%,726.81,14,11.7%,13.4%
10005,最后的巫师猎人,10.8%,589.55,12,10.6%,10.7%
10006,唐人街探案,9.7%,531.80,16,6.3%,15.0%
10007,真相禁区,5.6%,309.98,7,10.1%,6.7%
10008,恶人报喜,3.7%,204.61,9,4.5%,9.5%
10009,极限挑战之皇家宝藏,2.6%,143.99,8,3.7%,9.2%
10010,老炮儿,2.5%,141.03,15,2.1%,16.9%
10011,寻龙诀,2.0%,114.42,15,1.6%,15.2%
10012,果宝特攻之水果大逃亡,1.2%,68.44,7,1.9%,7.2%
10013,消失爱人,1.0%,56.47,7,1.6%,8.3%
10014,黑盒子,0.5%,32.19,4,1.7%,--
10015,神探夏洛克：可恶的新娘,0.5%,29.05,10,0.5%,11.4%
10016,通灵神探,0.2%,11.76,5,0.4%,7.2%
10017,一家老小向前冲,0.1%,10.44,4,0.7%,4.7%
10018,国酒,0.1%,10.30,51,<0.1%,100%
10019,谎言大爆炸,0.1%,5.99,6,0.2%,11.6%
10020,猿创世界之熊孩子部落,0.1%,5.71,3,0.3%,4.4%
10021,小小校长,0.1%,5.64,9,0.1%,15.7%
10022,恋爱教父之三个“坏”家伙,<0.1%,3.35,17,<0.1%,40.5%
10023,高跟鞋先生,<0.1%,2.13,120,<0.1%,82.7%
10024,舌尖上的新年,<0.1%,1.79,16,<0.1%,42.8%
10025,恶棍天使,<0.1%,1.59,5,<0.1%,10.7%
10026,小门神,<0.1%,1.58,5,<0.1%,7.3%
10027,李三娘,<0.1%,1.48,28,<0.1%,100%
10028,胜利大阅兵,<0.1%,1.06,178,<0.1%,32.0%
10029,荒村怨灵,<0.1%,1.00,3,0.1%,6.5%
10030,星球大战：原力觉醒,17.2%,898.19,11,13.7%,7.7%
10031,鼠来宝4：萌在囧途,14.6%,762.49,14,12.5%,13.0%
10032,云中行走,13.3%,695.63,9,13.9%,6.5%
10033,熊出没之熊心归来,12.6%,655.56,11,12.2%,9.6%
10034,最后的巫师猎人,10.8%,565.37,11,10.6%,10.1%
10035,唐人街探案,9.9%,517.44,15,6.5%,14.1%
10036,真相禁区,5.2%,272.04,6,9.4%,6.3%
10037,恶人报喜,4.0%,212.99,10,4.5%,9.9%
10038,老炮儿,2.7%,143.11,15,2.3%,16.0%
10039,极限挑战之皇家宝藏,2.4%,127.87,7,3.6%,8.4%
10040,寻龙诀,2.1%,111.21,14,1.7%,13.9%
10041,果宝特攻之水果大逃亡,1.0%,54.46,6,1.8%,6.1%
10042,消失爱人,1.0%,53.09,7,1.6%,8.1%
10043,黑盒子,0.6%,32.05,4,1.7%,--
10044,神探夏洛克：可恶的新娘,0.5%,27.83,10,0.5%,10.5%
10045,国酒,0.2%,13.08,59,<0.1%,100%
10046,通灵神探,0.2%,12.27,6,0.4%,8.6%
10047,一家老小向前冲,0.1%,8.92,3,0.7%,4.3%
10048,谎言大爆炸,0.1%,5.53,6,0.1%,13.2%
10049,猿创世界之熊孩子部落,<0.1%,5.04,3,0.3%,4.5%
10050,恋爱教父之三个“坏”家伙,<0.1%,3.26,17,<0.1%,36.7%
10051,高跟鞋先生,<0.1%,2.55,44,<0.1%,42.2%
10052,一切都好,<0.1%,2.05,13,<0.1%,18.5%
10053,恶棍天使,<0.1%,1.66,5,<0.1%,8.3%
10054,李三娘,<0.1%,1.43,30,<0.1%,100%
10055,荒村怨灵,<0.1%,1.00,3,0.1%,7.3%
10056,星球大战：原力觉醒,17.1%,854.00,11,13.7%,7.4%
10057,鼠来宝4：萌在囧途,14.6%,727.66,13,12.7%,12.0%
10058,云中行走,12.4%,617.52,8,13.6%,5.8%
10059,熊出没之熊心归来,11.9%,592.35,9,12.3%,8.6%
10060,最后的巫师猎人,10.2%,507.19,10,10.6%,9.0%
10061,唐人街探案,10.1%,502.42,14,6.6%,13.3%
10062,真相禁区,4.7%,236.06,6,9.0%,5.8%
10063,恶人报喜,3.6%,181.83,9,4.3%,8.6%
10064,功夫熊猫3,2.8%,141.59,34,0.5%,15.6%
10065,老炮儿,2.7%,135.52,13,2.3%,14.4%
10066,极限挑战之皇家宝藏,2.3%,115.48,7,3.4%,7.8%
10067,寻龙诀,2.2%,109.62,13,1.7%,13.5%
10068,果宝特攻之水果大逃亡,0.9%,47.23,5,1.7%,5.6%
10069,消失爱人,0.9%,46.96,6,1.5%,7.3%
10070,神探夏洛克：可恶的新娘,0.6%,30.83,10,0.5%,11.3%
10071,黑盒子,0.6%,30.24,4,1.6%,--
10072,国酒,0.5%,29.75,72,<0.1%,94.4%
10073,我的“狐朋狗友”,0.1%,9.56,5,0.4%,5.0%
10074,一切都好,0.1%,8.92,43,<0.1%,36.6%
10075,通灵神探,0.1%,8.80,5,0.4%,6.1%
10076,一家老小向前冲,0.1%,7.93,3,0.6%,4.2%
10077,猿创世界之熊孩子部落,0.1%,6.95,4,0.3%,6.0%
10078,恋爱教父之三个“坏”家伙,<0.1%,3.19,17,<0.1%,50.5%
10079,蒸发太平洋,<0.1%,2.03,5,<0.1%,5.6%
10080,恶棍天使,<0.1%,1.55,4,<0.1%,6.9%
10081,李三娘,<0.1%,1.50,27,<0.1%,100%
10082,西游记之孙悟空三打白骨精,<0.1%,1.29,217,<0.1%,--
10083,高跟鞋先生,<0.1%,1.28,51,<0.1%,31.1%
10084,探秘者,<0.1%,1.14,73,<0.1%,90.0%
10085,功夫熊猫3,77.3%,10707.82,34,45.7%,24.0%
10086,蒸发太平洋,5.6%,787.48,8,15.6%,7.9%
10087,星球大战：原力觉醒,2.6%,370.18,12,4.8%,12.7%
10088,鼠来宝4：萌在囧途,2.2%,316.28,12,5.0%,13.6%
10089,唐人街探案,2.0%,279.83,16,2.7%,19.7%
10090,熊出没之熊心归来,1.9%,263.23,12,3.9%,13.2%
10091,最后的巫师猎人,1.7%,239.42,11,3.7%,13.1%
10092,云中行走,1.6%,234.22,9,3.8%,9.0%
10093,致我们终将到来的爱情,1.3%,180.76,8,4.5%,10.7%
10094,恶人报喜,0.8%,122.23,16,1.3%,19.7%
10095,老炮儿,0.5%,73.69,15,0.9%,20.8%
10096,真相禁区,0.4%,67.12,5,2.4%,7.0%
10097,寻龙诀,0.3%,53.09,15,0.6%,18.5%
10098,极限挑战之皇家宝藏,0.1%,26.79,7,0.7%,11.6%
10099,国酒,0.1%,23.15,87,<0.1%,83.0%
10100,我的“狐朋狗友”,0.1%,20.71,5,0.9%,5.8%
10101,黑盒子,0.1%,19.83,5,0.7%,--
10102,神探夏洛克：可恶的新娘,<0.1%,10.94,12,0.1%,17.7%
10103,消失爱人,<0.1%,8.98,5,0.3%,9.2%
10104,果宝特攻之水果大逃亡,<0.1%,7.25,5,0.2%,7.0%
10105,奔爱,<0.1%,7.01,245,<0.1%,--
10106,一家老小向前冲,<0.1%,3.57,4,0.1%,6.7%
10107,高跟鞋先生,<0.1%,2.69,72,<0.1%,67.6%
10108,通灵神探,<0.1%,2.56,4,0.1%,9.1%
10109,守信少年,<0.1%,1.92,313,<0.1%,100%
10110,猿创世界之熊孩子部落,<0.1%,1.89,4,<0.1%,7.9%
10111,探秘者,<0.1%,1.60,104,<0.1%,100%
10112,舌尖上的新年,<0.1%,1.04,10,<0.1%,23.2%
10113,胜利大阅兵,<0.1%,1.02,512,<0.1%,65.6%
10114,非同小可,<0.1%,1.01,4,<0.1%,4.4%
10115,功夫熊猫3,74.6%,12697.90,37,46.5%,26.3%
10116,蒸发太平洋,4.4%,754.47,8,13.9%,8.3%
10117,鼠来宝4：萌在囧途,3.3%,566.63,19,5.4%,21.2%
10118,星球大战：原力觉醒,3.2%,557.42,16,4.8%,18.2%
10119,熊出没之熊心归来,2.9%,501.62,18,4.4%,20.8%
10120,唐人街探案,2.3%,394.41,21,2.8%,25.0%
10121,云中行走,1.8%,322.91,13,3.4%,13.5%
10122,最后的巫师猎人,1.8%,314.24,15,3.5%,17.1%
10123,高跟鞋先生,1.0%,171.37,17,1.7%,16.4%
10124,致我们终将到来的爱情,0.9%,168.93,8,3.9%,10.9%
10125,恶人报喜,0.8%,149.97,17,1.4%,20.9%
10126,老炮儿,0.6%,112.09,21,1.0%,28.2%
10127,寻龙诀,0.5%,89.13,21,0.7%,25.9%
10128,真相禁区,0.4%,69.43,6,2.1%,8.5%
10129,极限挑战之皇家宝藏,0.1%,30.66,8,0.6%,13.7%
10130,黑盒子,0.1%,19.17,5,0.7%,--
10131,神探夏洛克：可恶的新娘,0.1%,18.64,17,0.1%,27.3%
10132,国酒,<0.1%,16.84,92,<0.1%,81.8%
10133,果宝特攻之水果大逃亡,<0.1%,15.16,9,0.2%,13.3%
10134,我的“狐朋狗友”,<0.1%,12.21,4,0.6%,5.5%
10135,消失爱人,<0.1%,8.34,5,0.2%,9.7%
10136,通灵神探,<0.1%,3.30,5,0.1%,11.5%
10137,一家老小向前冲,<0.1%,2.67,4,0.1%,7.3%
10138,猿创世界之熊孩子部落,<0.1%,2.50,5,<0.1%,11.8%
10139,李三娘,<0.1%,1.29,33,<0.1%,100%
10140,一切都好,<0.1%,1.08,12,<0.1%,18.3%
10141,非同小可,<0.1%,1.03,3,<0.1%,4.1%
10142,功夫熊猫3,72.5%,10396.06,31,46.5%,21.7%
10143,鼠来宝4：萌在囧途,4.1%,593.49,17,6.2%,19.0%
10144,蒸发太平洋,4.1%,588.07,7,13.0%,7.0%
10145,星球大战：原力觉醒,3.6%,529.16,15,5.1%,16.4%
10146,熊出没之熊心归来,3.4%,487.89,16,5.0%,17.7%
10147,唐人街探案,2.7%,395.33,20,3.1%,23.1%
10148,最后的巫师猎人,2.1%,302.94,13,3.8%,15.4%
10149,云中行走,1.9%,285.16,12,3.4%,12.0%
10150,恶人报喜,1.2%,172.67,18,1.6%,20.9%
10151,致我们终将到来的爱情,1.1%,167.21,8,3.9%,10.6%
10152,老炮儿,0.7%,112.59,20,1.1%,25.9%
10153,寻龙诀,0.6%,90.81,19,0.8%,23.0%
10154,真相禁区,0.4%,60.95,5,2.1%,7.6%
10155,极限挑战之皇家宝藏,0.1%,25.80,7,0.6%,11.4%
10156,神探夏洛克：可恶的新娘,0.1%,19.82,17,0.1%,27.6%
10157,黑盒子,0.1%,17.59,5,0.7%,--
10158,年兽大作战,0.1%,15.21,103,<0.1%,100%
10159,果宝特攻之水果大逃亡,0.1%,14.79,9,0.2%,11.9%
10160,我的“狐朋狗友”,<0.1%,11.88,4,0.5%,6.2%
10161,消失爱人,<0.1%,8.29,6,0.2%,10.4%
10162,国酒,<0.1%,7.76,93,<0.1%,71.3%
10163,西游记之孙悟空三打白骨精,<0.1%,4.00,388,<0.1%,100.0%
10164,猿创世界之熊孩子部落,<0.1%,3.32,6,<0.1%,12.0%
10165,通灵神探,<0.1%,2.94,5,0.1%,10.8%
10166,高跟鞋先生,<0.1%,2.15,17,<0.1%,31.1%
10167,一切都好,<0.1%,2.13,33,<0.1%,60.2%
10168,一家老小向前冲,<0.1%,2.02,3,0.1%,6.0%
10169,小门神,<0.1%,1.55,21,<0.1%,19.1%
10170,李三娘,<0.1%,1.21,34,<0.1%,100%
10171,过年好,<0.1%,1.11,7,<0.1%,10.5%
10172,我的诗篇,<0.1%,1.06,97,<0.1%,100%
10173,恶棍天使,<0.1%,1.04,5,<0.1%,12.2%
10174,功夫熊猫3,64.5%,5189.68,18,42.0%,12.9%
10175,过年好,12.3%,996.74,12,16.7%,11.7%
10176,鼠来宝4：萌在囧途,3.5%,288.50,10,5.4%,11.1%
10177,星球大战：原力觉醒,3.4%,275.06,10,4.5%,10.3%
10178,蒸发太平洋,3.1%,256.31,5,9.5%,4.4%
10179,熊出没之熊心归来,2.8%,228.18,9,4.3%,10.2%
10180,唐人街探案,1.9%,156.81,15,1.9%,17.8%
10181,最后的巫师猎人,1.9%,152.83,9,2.9%,10.5%
10182,云中行走,1.6%,130.69,7,2.6%,7.4%
10183,恶人报喜,1.2%,99.81,13,1.3%,13.9%
10184,寻龙诀,0.6%,56.15,14,0.8%,16.7%
10185,老炮儿,0.6%,54.44,12,0.9%,16.3%
10186,致我们终将到来的爱情,0.6%,50.65,4,2.7%,4.9%
10187,真相禁区,0.3%,24.55,4,1.2%,5.5%
10188,年兽大作战,0.2%,19.87,149,<0.1%,100%
10189,黑盒子,0.1%,11.41,4,0.5%,--
10190,极限挑战之皇家宝藏,0.1%,11.36,5,0.3%,9.4%
10191,神探夏洛克：可恶的新娘,0.1%,10.70,13,0.1%,18.9%
10192,果宝特攻之水果大逃亡,<0.1%,4.90,4,0.2%,5.9%
10193,消失爱人,<0.1%,4.55,4,0.1%,8.9%
10194,国酒,<0.1%,4.11,71,<0.1%,100%
10195,我的“狐朋狗友”,<0.1%,3.16,2,0.2%,3.2%
10196,通灵神探,<0.1%,1.42,3,<0.1%,7.4%
10197,李三娘,<0.1%,1.37,28,<0.1%,100%
10198,功夫熊猫3,64.3%,5100.57,18,41.7%,12.8%
10199,过年好,10.2%,811.59,10,16.4%,10.0%
10200,鼠来宝4：萌在囧途,4.2%,335.37,12,5.7%,12.4%
10201,星球大战：原力觉醒,3.9%,316.24,10,4.8%,11.3%
10202,熊出没之熊心归来,3.2%,256.61,10,4.6%,10.9%
10203,蒸发太平洋,3.0%,242.73,5,8.7%,4.8%
10204,唐人街探案,2.3%,189.42,16,2.3%,18.9%
10205,最后的巫师猎人,2.1%,166.55,10,3.0%,11.4%
10206,云中行走,1.6%,130.22,7,2.6%,7.6%
10207,恶人报喜,1.3%,103.57,12,1.4%,13.3%
10208,寻龙诀,0.8%,68.88,15,0.9%,18.4%
10209,老炮儿,0.8%,64.56,13,1.0%,17.2%
10210,致我们终将到来的爱情,0.6%,48.30,4,2.5%,5.2%
10211,真相禁区,0.3%,25.24,4,1.2%,6.0%
10212,极限挑战之皇家宝藏,0.1%,11.95,6,0.3%,9.8%
10213,黑盒子,0.1%,11.70,4,0.5%,--
10214,神探夏洛克：可恶的新娘,0.1%,8.94,10,0.1%,14.9%
10215,果宝特攻之水果大逃亡,<0.1%,5.58,5,0.2%,6.4%
10216,消失爱人,<0.1%,5.41,5,0.1%,10.5%
10217,国酒,<0.1%,3.82,77,<0.1%,100%
10218,我的“狐朋狗友”,<0.1%,3.52,3,0.2%,5.4%
10219,通灵神探,<0.1%,2.94,6,<0.1%,14.0%
10220,高跟鞋先生,<0.1%,1.93,69,<0.1%,100%
10221,功夫熊猫3,63.0%,4759.49,17,41.5%,12.0%
10222,过年好,9.7%,736.50,9,16.0%,9.2%
10223,鼠来宝4：萌在囧途,4.7%,357.16,12,6.0%,12.5%
10224,星球大战：原力觉醒,4.3%,325.90,10,4.9%,11.1%
10225,熊出没之熊心归来,3.3%,256.05,9,4.8%,10.4%
10226,蒸发太平洋,2.9%,220.78,5,8.2%,4.6%
10227,唐人街探案,2.7%,207.59,16,2.5%,18.7%
10228,最后的巫师猎人,2.2%,171.41,10,3.1%,11.0%
10229,云中行走,1.8%,135.91,8,2.6%,7.7%
10230,恶人报喜,1.3%,102.62,12,1.5%,12.7%
10231,寻龙诀,0.8%,67.76,14,0.9%,16.2%
10232,老炮儿,0.8%,66.11,13,1.0%,16.3%
10233,致我们终将到来的爱情,0.6%,48.65,4,2.4%,5.5%
10234,真相禁区,0.3%,25.35,4,1.2%,6.0%
10235,黑盒子,0.1%,12.34,4,0.6%,--
10236,极限挑战之皇家宝藏,0.1%,9.85,5,0.3%,7.8%
10237,国酒,0.1%,9.22,109,<0.1%,100%
10238,神探夏洛克：可恶的新娘,0.1%,8.55,10,0.1%,14.2%
10239,消失爱人,0.1%,7.79,10,0.2%,21.3%
10240,果宝特攻之水果大逃亡,<0.1%,5.94,5,0.2%,5.9%
10241,我的“狐朋狗友”,<0.1%,3.11,3,0.2%,5.3%
10242,通灵神探,<0.1%,2.77,6,<0.1%,13.9%
10243,李三娘,<0.1%,1.18,28,<0.1%,100%
10244,功夫熊猫3,62.1%,4571.81,17,41.5%,11.5%
10245,过年好,9.2%,676.71,9,15.4%,8.8%
10246,鼠来宝4：萌在囧途,5.0%,369.66,12,6.2%,12.2%
10247,星球大战：原力觉醒,4.6%,339.48,11,5.0%,11.2%
10248,熊出没之熊心归来,3.6%,268.98,10,5.0%,10.3%
10249,唐人街探案,2.9%,219.34,16,2.7%,18.0%
10250,蒸发太平洋,2.8%,207.10,4,7.9%,4.5%
10251,最后的巫师猎人,2.5%,185.48,10,3.3%,11.1%
10252,云中行走,1.8%,138.42,8,2.6%,7.7%
10253,恶人报喜,1.3%,102.81,12,1.5%,12.3%
10254,老炮儿,1.0%,76.51,13,1.1%,16.9%
10255,寻龙诀,0.9%,67.39,13,1.0%,15.3%
10256,致我们终将到来的爱情,0.6%,45.51,4,2.3%,5.4%
10257,真相禁区,0.3%,27.28,4,1.2%,6.5%
10258,黑盒子,0.1%,12.48,4,0.6%,--
10259,极限挑战之皇家宝藏,0.1%,11.00,5,0.4%,8.5%
10260,国酒,<0.1%,6.41,91,<0.1%,96.6%
10261,果宝特攻之水果大逃亡,<0.1%,5.92,5,0.2%,5.5%
10262,消失爱人,<0.1%,5.26,5,0.2%,9.3%
10263,我的“狐朋狗友”,<0.1%,2.08,2,0.2%,3.8%
10264,通灵神探,<0.1%,1.99,4,<0.1%,8.4%
10265,高跟鞋先生,<0.1%,1.49,80,<0.1%,100%
10266,李三娘,<0.1%,1.39,35,<0.1%,100%
10267,功夫熊猫3,62.0%,4520.91,16,41.5%,11.3%
10268,过年好,8.7%,635.45,8,15.0%,8.4%
10269,鼠来宝4：萌在囧途,5.3%,390.97,12,6.5%,12.1%
10270,星球大战：原力觉醒,4.9%,358.63,11,5.1%,11.2%
10271,熊出没之熊心归来,3.7%,273.71,9,5.1%,10.2%
10272,唐人街探案,3.0%,224.79,16,2.8%,17.3%
10273,蒸发太平洋,2.6%,195.43,4,7.6%,4.4%
10274,最后的巫师猎人,2.6%,190.52,10,3.4%,11.1%
10275,云中行走,1.8%,137.78,8,2.6%,7.6%
10276,恶人报喜,1.3%,99.72,11,1.6%,11.3%
10277,老炮儿,1.0%,77.65,13,1.2%,16.4%
10278,寻龙诀,0.9%,66.55,12,1.0%,13.7%
10279,致我们终将到来的爱情,0.5%,42.07,4,2.2%,5.1%
10280,真相禁区,0.3%,24.98,4,1.2%,5.8%
10281,黑盒子,0.1%,12.37,4,0.6%,--
10282,极限挑战之皇家宝藏,0.1%,11.83,5,0.4%,8.3%
10283,果宝特攻之水果大逃亡,<0.1%,7.24,5,0.2%,6.5%
10284,消失爱人,<0.1%,5.34,5,0.2%,9.0%
10285,通灵神探,<0.1%,2.57,5,0.1%,9.1%
10286,我的“狐朋狗友”,<0.1%,2.31,2,0.2%,3.5%
10287,国酒,<0.1%,2.00,54,<0.1%,38.9%
10288,李三娘,<0.1%,1.14,41,<0.1%,100%
10289,高跟鞋先生,<0.1%,1.01,43,<0.1%,46.4%
10290,功夫熊猫3,61.3%,4148.57,15,41.6%,10.1%
10291,过年好,8.5%,579.76,8,14.8%,7.7%
10292,鼠来宝4：萌在囧途,5.8%,393.88,11,6.6%,11.6%
10293,星球大战：原力觉醒,5.2%,352.44,10,5.2%,10.7%
10294,熊出没之熊心归来,3.9%,270.61,9,5.2%,9.7%
10295,唐人街探案,3.1%,215.16,14,2.9%,15.7%
10296,最后的巫师猎人,2.6%,176.25,9,3.4%,10.1%
10297,蒸发太平洋,2.5%,174.34,4,7.4%,4.0%
10298,云中行走,1.8%,125.71,7,2.6%,6.9%
10299,恶人报喜,1.3%,89.11,9,1.7%,9.4%
10300,老炮儿,1.1%,77.19,13,1.2%,15.8%
10301,寻龙诀,0.9%,64.24,11,1.1%,12.7%
10302,致我们终将到来的爱情,0.5%,34.09,3,2.2%,4.2%
10303,真相禁区,0.3%,22.32,4,1.2%,5.1%
10304,极限挑战之皇家宝藏,0.1%,10.87,5,0.4%,7.9%
10305,黑盒子,0.1%,10.08,4,0.6%,--
10306,果宝特攻之水果大逃亡,<0.1%,6.21,5,0.2%,5.5%
10307,消失爱人,<0.1%,4.39,5,0.1%,7.6%
10308,通灵神探,<0.1%,2.27,4,<0.1%,8.9%
10309,我的“狐朋狗友”,<0.1%,1.51,2,0.1%,2.6%
10310,李三娘,<0.1%,1.09,41,<0.1%,100%
10311,功夫熊猫3,40.2%,1507.33,12,39.6%,8.1%
10312,澳门风云3,16.9%,636.19,85,2.2%,67.7%
10313,美人鱼,13.0%,488.51,78,1.8%,59.3%
10314,西游记之孙悟空三打白骨精,5.2%,196.30,45,1.2%,36.1%
10315,过年好,5.1%,193.88,6,13.5%,6.0%
10316,鼠来宝4：萌在囧途,4.1%,156.94,9,7.2%,8.6%
10317,熊出没之熊心归来,3.2%,123.01,8,5.7%,8.0%
10318,星球大战：原力觉醒,3.1%,117.02,8,4.8%,7.7%
10319,唐人街探案,1.8%,70.53,11,2.8%,11.0%
10320,最后的巫师猎人,1.3%,49.54,6,2.9%,6.5%
10321,蒸发太平洋,1.2%,47.79,3,6.3%,2.6%
10322,恶人报喜,1.1%,44.63,7,2.3%,6.6%
10323,云中行走,0.8%,30.52,4,2.3%,3.9%
10324,老炮儿,0.5%,22.18,9,1.1%,10.0%
10325,寻龙诀,0.5%,19.78,8,1.0%,8.6%
10326,致我们终将到来的爱情,0.2%,10.41,3,1.6%,3.9%
10327,黑盒子,0.1%,6.84,6,0.3%,--
10328,真相禁区,0.1%,5.80,3,0.7%,5.2%
10329,果宝特攻之水果大逃亡,0.1%,3.80,5,0.2%,5.6%
10330,极限挑战之皇家宝藏,<0.1%,3.23,4,0.3%,5.5%
10331,消失爱人,<0.1%,1.57,7,0.1%,12.7%
10332,一家老小向前冲,<0.1%,1.16,9,<0.1%,24.9%
10333,美人鱼,42.0%,27172.33,96,33.7%,79.0%
10334,澳门风云3,27.2%,17605.25,81,26.4%,79.5%
10335,西游记之孙悟空三打白骨精,25.7%,16632.99,77,25.6%,67.5%
10336,功夫熊猫3,3.0%,1943.05,54,4.1%,56.9%
10337,年兽大作战,1.4%,910.59,22,6.3%,28.8%
10338,过年好,0.3%,212.75,14,2.4%,19.0%
10339,熊出没之熊心归来,<0.1%,36.20,34,0.1%,60.0%
10340,鼠来宝4：萌在囧途,<0.1%,10.59,15,<0.1%,39.9%
10341,黑盒子,<0.1%,5.97,7,0.1%,--
10342,老炮儿,<0.1%,5.48,20,<0.1%,30.7%
10343,星球大战：原力觉醒,<0.1%,4.86,20,<0.1%,41.1%
10344,唐人街探案,<0.1%,3.09,9,<0.1%,19.9%
10345,寻龙诀,<0.1%,3.02,15,<0.1%,26.5%
10346,真相禁区,<0.1%,2.87,4,0.1%,15.3%
10347,最后的巫师猎人,<0.1%,2.19,11,<0.1%,33.2%
10348,云中行走,<0.1%,2.09,10,<0.1%,21.4%
10349,恶人报喜,<0.1%,1.35,13,<0.1%,45.4%
10350,蒸发太平洋,<0.1%,1.33,2,<0.1%,2.4%
10351,致我们终将到来的爱情,<0.1%,1.02,9,<0.1%,31.4%
10352,美人鱼,46.2%,24335.69,83,35.2%,68.6%
10353,澳门风云3,25.5%,13462.58,60,27.5%,59.9%
10354,西游记之孙悟空三打白骨精,22.4%,11836.29,57,24.9%,50.3%
10355,功夫熊猫3,3.8%,2009.08,50,4.7%,53.7%
10356,年兽大作战,1.3%,735.96,23,4.7%,29.8%
10357,过年好,0.2%,143.45,15,1.5%,22.8%
10358,熊出没之熊心归来,<0.1%,51.22,37,0.1%,58.4%
10359,鼠来宝4：萌在囧途,<0.1%,17.15,21,0.1%,50.3%
10360,老炮儿,<0.1%,7.43,22,<0.1%,44.8%
10361,寻龙诀,<0.1%,3.49,16,<0.1%,22.1%
10362,唐人街探案,<0.1%,3.27,11,<0.1%,18.4%
10363,真相禁区,<0.1%,3.25,5,<0.1%,21.5%
10364,黑盒子,<0.1%,3.13,4,0.1%,--
10365,云中行走,<0.1%,2.80,13,<0.1%,23.3%
10366,最后的巫师猎人,<0.1%,2.28,11,<0.1%,31.8%
10367,蒸发太平洋,<0.1%,1.19,2,<0.1%,2.6%
10368,美人鱼,49.0%,24968.82,81,36.6%,67.1%
10369,澳门风云3,23.4%,11919.90,54,27.3%,53.4%
10370,西游记之孙悟空三打白骨精,21.3%,10870.73,55,24.0%,49.0%
10371,功夫熊猫3,4.3%,2192.14,50,5.2%,54.6%
10372,年兽大作战,1.3%,697.63,24,4.2%,31.4%
10373,过年好,0.1%,93.18,13,1.2%,20.3%
10374,熊出没之熊心归来,0.1%,77.11,42,0.2%,63.5%
10375,鼠来宝4：萌在囧途,<0.1%,18.51,20,0.1%,38.5%
10376,黑盒子,<0.1%,10.25,9,0.1%,--
10377,老炮儿,<0.1%,9.41,25,<0.1%,37.5%
10378,云中行走,<0.1%,4.46,24,<0.1%,39.2%
10379,唐人街探案,<0.1%,3.49,14,<0.1%,25.8%
10380,寻龙诀,<0.1%,3.07,14,<0.1%,20.7%
10381,恶人报喜,<0.1%,2.72,21,<0.1%,36.3%
10382,最后的巫师猎人,<0.1%,2.57,11,<0.1%,30.7%
10383,真相禁区,<0.1%,2.26,3,0.1%,16.3%
10384,国酒,<0.1%,1.23,73,<0.1%,100%
10385,美人鱼,52.4%,24903.17,78,38.5%,63.2%
10386,澳门风云3,21.0%,10020.27,47,27.0%,47.0%
10387,西游记之孙悟空三打白骨精,20.4%,9699.47,52,23.0%,47.6%
10388,功夫熊猫3,4.8%,2307.38,46,6.2%,50.7%
10389,年兽大作战,0.7%,342.39,19,2.7%,25.4%
10390,熊出没之熊心归来,0.2%,95.82,40,0.3%,55.6%
10391,过年好,0.1%,73.43,12,1.0%,22.3%
10392,鼠来宝4：萌在囧途,<0.1%,25.26,21,0.1%,39.2%
10393,老炮儿,<0.1%,10.66,25,<0.1%,39.1%
10394,云中行走,<0.1%,4.75,25,<0.1%,36.0%
10395,最后的巫师猎人,<0.1%,4.45,15,<0.1%,45.7%
10396,真相禁区,<0.1%,3.81,5,0.1%,22.9%
10397,寻龙诀,<0.1%,3.75,17,<0.1%,21.9%
10398,唐人街探案,<0.1%,3.53,12,<0.1%,23.3%
10399,恶人报喜,<0.1%,3.13,17,<0.1%,40.4%
10400,黑盒子,<0.1%,2.83,4,0.1%,--
10401,爱在深秋,<0.1%,1.50,500,<0.1%,82.5%
10402,麦兜当当伴我心,<0.1%,1.14,229,<0.1%,--
10403,美人鱼,54.0%,24547.26,75,39.4%,60.2%
10404,西游记之孙悟空三打白骨精,20.0%,9113.88,49,22.5%,46.0%
10405,澳门风云3,19.2%,8751.03,43,25.8%,43.9%
10406,功夫熊猫3,5.4%,2484.72,45,7.0%,48.6%
10407,年兽大作战,0.6%,288.52,17,2.5%,24.0%
10408,熊出没之熊心归来,0.2%,119.47,41,0.4%,54.7%
10409,过年好,0.1%,72.02,13,0.9%,23.8%
10410,鼠来宝4：萌在囧途,<0.1%,28.94,22,0.1%,38.5%
10411,老炮儿,<0.1%,11.34,27,<0.1%,40.0%
10412,云中行走,<0.1%,5.08,21,<0.1%,32.2%
10413,寻龙诀,<0.1%,3.71,14,<0.1%,20.9%
10414,唐人街探案,<0.1%,3.57,11,<0.1%,19.1%
10415,黑盒子,<0.1%,3.15,5,0.1%,--
10416,恶人报喜,<0.1%,2.97,24,<0.1%,37.3%
10417,最后的巫师猎人,<0.1%,2.50,10,<0.1%,26.3%
10418,真相禁区,<0.1%,2.05,3,0.1%,13.9%
10419,高跟鞋先生,<0.1%,1.66,46,<0.1%,49.3%
10420,爱在深秋,<0.1%,1.51,169,<0.1%,72.9%
10421,蒸发太平洋,<0.1%,1.45,4,<0.1%,7.0%
10422,美人鱼,55.2%,24028.96,73,39.9%,57.8%
10423,西游记之孙悟空三打白骨精,19.6%,8523.40,47,22.4%,43.6%
10424,澳门风云3,18.0%,7831.34,40,24.8%,41.8%
10425,功夫熊猫3,5.8%,2556.91,43,7.5%,46.6%
10426,年兽大作战,0.4%,213.37,14,2.3%,19.1%
10427,熊出没之熊心归来,0.2%,122.23,36,0.5%,46.9%
10428,过年好,0.1%,59.00,11,0.9%,20.0%
10429,鼠来宝4：萌在囧途,<0.1%,35.68,25,0.2%,44.1%
10430,奔爱,<0.1%,12.89,15,0.1%,10.5%
10431,老炮儿,<0.1%,11.52,28,<0.1%,45.7%
10432,高跟鞋先生,<0.1%,11.13,31,<0.1%,28.0%
10433,最后的巫师猎人,<0.1%,9.88,24,<0.1%,68.3%
10434,云中行走,<0.1%,7.47,31,<0.1%,41.1%
10435,寻龙诀,<0.1%,4.56,16,<0.1%,26.7%
10436,唐人街探案,<0.1%,3.55,11,<0.1%,19.5%
10437,黑盒子,<0.1%,3.55,5,0.1%,--
10438,真相禁区,<0.1%,3.42,5,0.1%,20.9%
10439,谋杀似水年华,<0.1%,3.31,9,<0.1%,7.6%
10440,蒸发太平洋,<0.1%,2.17,5,<0.1%,9.3%
10441,恶人报喜,<0.1%,1.84,10,<0.1%,29.4%
10442,美人鱼,52.3%,31546.10,107,35.2%,82.3%
10443,西游记之孙悟空三打白骨精,16.5%,10007.42,73,16.2%,67.1%
10444,澳门风云3,14.8%,8931.90,67,16.5%,68.9%
10445,奔爱,5.9%,3608.13,44,11.2%,48.0%
10446,高跟鞋先生,4.9%,2957.41,52,9.0%,62.1%
10447,功夫熊猫3,3.4%,2062.90,56,4.5%,57.9%
10448,谋杀似水年华,1.5%,932.71,29,4.9%,37.2%
10449,熊出没之熊心归来,0.1%,85.37,47,0.2%,57.3%
10450,年兽大作战,0.1%,64.07,16,0.6%,21.0%
10451,过年好,<0.1%,34.24,13,0.4%,28.8%
10452,鼠来宝4：萌在囧途,<0.1%,18.52,32,<0.1%,55.4%
10453,黑盒子,<0.1%,9.10,11,0.1%,--
10454,真相禁区,<0.1%,8.01,11,<0.1%,49.1%
10455,蒸发太平洋,<0.1%,6.10,20,<0.1%,35.1%
10456,老炮儿,<0.1%,5.91,38,<0.1%,54.9%
10457,云中行走,<0.1%,2.71,22,<0.1%,38.9%
10458,最后的巫师猎人,<0.1%,2.59,27,<0.1%,87.0%
10459,寻龙诀,<0.1%,1.93,30,<0.1%,49.3%
10460,爱在深秋,<0.1%,1.54,105,<0.1%,86.3%
10461,国酒,<0.1%,1.03,65,<0.1%,100%
10462,美人鱼,56.9%,17452.01,61,37.5%,46.7%
10463,西游记之孙悟空三打白骨精,17.2%,5280.43,39,17.9%,35.7%
10464,澳门风云3,15.1%,4643.64,36,17.5%,38.2%
10465,功夫熊猫3,4.8%,1487.28,34,6.1%,35.6%
10466,高跟鞋先生,3.4%,1057.58,23,7.6%,28.0%
10467,奔爱,1.3%,404.19,8,7.4%,9.1%
10468,谋杀似水年华,0.4%,140.79,7,3.3%,8.8%
10469,熊出没之熊心归来,0.2%,79.33,31,0.4%,41.3%
10470,年兽大作战,0.1%,40.60,10,0.6%,13.2%
10471,过年好,<0.1%,16.11,7,0.4%,14.7%
10472,鼠来宝4：萌在囧途,<0.1%,14.08,20,0.1%,32.2%
10473,老炮儿,<0.1%,4.55,19,<0.1%,31.2%
10474,黑盒子,<0.1%,3.27,5,0.1%,--
10475,蒸发太平洋,<0.1%,2.10,5,<0.1%,8.0%
10476,寻龙诀,<0.1%,1.65,17,<0.1%,25.6%
10477,一家老小向前冲,<0.1%,1.61,12,<0.1%,35.0%
10478,云中行走,<0.1%,1.39,13,<0.1%,21.8%
10479,真相禁区,<0.1%,1.26,2,<0.1%,10.5%
10480,美人鱼,56.2%,14796.69,51,38.4%,39.1%
10481,西游记之孙悟空三打白骨精,17.4%,4597.38,33,18.4%,30.9%
10482,澳门风云3,15.0%,3954.07,30,18.0%,32.5%
10483,功夫熊猫3,5.5%,1455.67,28,7.3%,29.8%
10484,高跟鞋先生,3.7%,994.53,23,7.6%,27.5%
10485,奔爱,0.8%,215.04,7,4.9%,7.7%
10486,谋杀似水年华,0.3%,99.11,7,2.5%,8.4%
10487,熊出没之熊心归来,0.2%,67.46,26,0.4%,36.7%
10488,年兽大作战,0.1%,35.75,8,0.7%,10.3%
10489,鼠来宝4：萌在囧途,<0.1%,17.46,18,0.1%,28.1%
10490,过年好,<0.1%,10.75,5,0.4%,9.8%
10491,老炮儿,<0.1%,4.94,17,<0.1%,23.4%
10492,云中行走,<0.1%,3.00,20,<0.1%,35.4%
10493,黑盒子,<0.1%,2.91,4,0.1%,--
10494,寻龙诀,<0.1%,1.71,15,<0.1%,25.8%
10495,真相禁区,<0.1%,1.67,3,0.1%,13.7%
10496,恶人报喜,<0.1%,1.27,28,<0.1%,93.3%
10497,唐人街探案,<0.1%,1.08,10,<0.1%,19.1%
10498,蒸发太平洋,<0.1%,1.05,2,<0.1%,3.9%
10499,美人鱼,55.5%,12550.64,43,38.8%,32.9%
10500,西游记之孙悟空三打白骨精,17.5%,3972.59,29,18.6%,26.6%
10501,澳门风云3,15.0%,3394.29,26,18.2%,27.7%
10502,功夫熊猫3,5.7%,1305.99,24,7.9%,25.3%
10503,高跟鞋先生,4.0%,922.17,21,7.7%,25.5%
10504,奔爱,0.7%,177.49,7,3.8%,8.3%
10505,谋杀似水年华,0.3%,75.34,6,2.1%,7.9%
10506,熊出没之熊心归来,0.2%,63.97,23,0.4%,31.4%
10507,年兽大作战,0.1%,30.20,7,0.8%,8.9%
10508,火影忍者剧场版：博人传,<0.1%,19.61,33,<0.1%,23.9%
10509,鼠来宝4：萌在囧途,<0.1%,17.52,15,0.1%,23.3%
10510,过年好,<0.1%,8.45,4,0.4%,8.4%
10511,卧虎藏龙：青冥宝剑,<0.1%,7.48,551,<0.1%,100%
10512,云中行走,<0.1%,3.47,20,<0.1%,30.5%
10513,老炮儿,<0.1%,3.46,15,<0.1%,22.0%
10514,唐人街探案,<0.1%,3.42,39,<0.1%,71.7%
10515,黑盒子,<0.1%,2.74,4,0.1%,--
10516,寻龙诀,<0.1%,1.95,12,<0.1%,18.3%
10517,白蛇传,<0.1%,1.75,125,<0.1%,100%
10518,一家老小向前冲,<0.1%,1.59,13,<0.1%,42.9%
10519,爱在深秋,<0.1%,1.53,128,<0.1%,42.2%
10520,真相禁区,<0.1%,1.00,2,0.1%,10.0%
10521,美人鱼,51.1%,10774.22,40,36.0%,29.2%
10522,西游记之孙悟空三打白骨精,16.0%,3378.56,26,16.8%,24.4%
10523,澳门风云3,13.4%,2837.68,24,15.6%,26.7%
10524,火影忍者剧场版：博人传,9.0%,1914.90,23,14.1%,24.6%
10525,功夫熊猫3,4.8%,1013.53,23,6.3%,23.6%
10526,高跟鞋先生,3.3%,709.57,21,5.6%,27.0%
10527,奔爱,0.6%,132.73,11,1.6%,14.7%
10528,熊出没之熊心归来,0.2%,52.88,21,0.4%,29.3%
10529,卧虎藏龙：青冥宝剑,0.2%,43.50,26,0.2%,4.1%
10530,谋杀似水年华,0.1%,34.35,6,0.9%,8.9%
10531,鼠来宝4：萌在囧途,<0.1%,15.50,20,0.1%,30.8%
10532,年兽大作战,<0.1%,15.09,6,0.4%,8.8%
10533,过年好,<0.1%,9.05,5,0.3%,12.3%
10534,老炮儿,<0.1%,3.17,16,<0.1%,25.7%
10535,黑盒子,<0.1%,2.86,4,0.1%,--
10536,云中行走,<0.1%,2.16,18,<0.1%,39.6%
10537,致我们终将到来的爱情,<0.1%,1.05,26,<0.1%,100%
10538,美人鱼,44.3%,10244.99,44,29.7%,32.8%
10539,西游记之孙悟空三打白骨精,11.0%,2540.15,29,11.4%,29.4%
10540,澳门风云3,8.8%,2039.09,26,10.4%,30.4%
10541,卧虎藏龙：青冥宝剑,8.5%,1963.28,30,8.8%,9.0%
10542,火影忍者剧场版：博人传,5.4%,1254.32,21,9.9%,22.3%
10543,功夫熊猫3,3.6%,831.35,26,4.3%,27.2%
10544,高跟鞋先生,2.0%,470.72,25,3.1%,32.4%
10545,恭喜发财之谈钱说爱,0.4%,99.37,11,1.6%,13.0%
10546,奔爱,0.3%,70.54,19,0.4%,26.9%
10547,夺命枪火,0.1%,41.31,6,1.2%,6.6%
10548,熊出没之熊心归来,0.1%,35.69,22,0.2%,30.0%
10549,青蛙王国之冰冻大冒险,0.1%,30.36,7,0.7%,2.3%
10550,致命怪谈,<0.1%,19.96,9,0.4%,15.0%
10551,鼠来宝4：萌在囧途,<0.1%,8.34,20,<0.1%,28.9%
10552,谋杀似水年华,<0.1%,7.39,5,0.2%,9.2%
10553,年兽大作战,<0.1%,5.85,6,0.1%,8.3%
10554,真相禁区,<0.1%,3.61,8,<0.1%,33.5%
10555,过年好,<0.1%,3.06,3,0.1%,10.4%
10556,云中行走,<0.1%,1.92,25,<0.1%,85.5%
10557,白蛇传,<0.1%,1.73,166,<0.1%,--
10558,恶人报喜,<0.1%,1.48,63,<0.1%,58.6%
10559,黑盒子,<0.1%,1.42,3,<0.1%,--
10560,老炮儿,<0.1%,1.34,15,<0.1%,28.7%
10561,美人鱼,48.2%,13900.18,57,30.4%,41.4%
10562,西游记之孙悟空三打白骨精,11.7%,3388.57,37,11.5%,37.7%
10563,澳门风云3,8.1%,2358.90,29,10.4%,35.0%
10564,卧虎藏龙：青冥宝剑,6.1%,1768.61,28,8.0%,8.7%
10565,火影忍者剧场版：博人传,5.4%,1580.71,26,9.4%,27.6%
10566,功夫熊猫3,5.0%,1456.91,38,5.0%,38.9%
10567,高跟鞋先生,2.0%,577.84,28,3.3%,37.6%
10568,托马斯和朋友们：多多岛之迷失宝藏,1.5%,448.89,25,2.8%,26.3%
10569,恭喜发财之谈钱说爱,0.2%,71.76,10,1.1%,13.1%
10570,熊出没之熊心归来,0.2%,61.84,30,0.3%,41.1%
10571,夺命枪火,0.1%,29.40,6,0.7%,7.9%
10572,青蛙王国之冰冻大冒险,0.1%,29.21,9,0.5%,3.1%
10573,奔爱,<0.1%,24.63,11,0.3%,19.7%
10574,致命怪谈,<0.1%,17.40,7,0.4%,12.7%
10575,鼠来宝4：萌在囧途,<0.1%,12.52,25,<0.1%,33.8%
10576,谋杀似水年华,<0.1%,7.98,6,0.1%,14.2%
10577,年兽大作战,<0.1%,7.31,7,0.1%,12.3%
10578,云中行走,<0.1%,4.00,38,<0.1%,66.2%
10579,过年好,<0.1%,3.46,4,0.1%,13.8%
10580,老炮儿,<0.1%,2.35,36,<0.1%,37.7%
10581,麦兜当当伴我心,<0.1%,2.16,542,<0.1%,--
10582,蒸发太平洋,<0.1%,1.83,9,<0.1%,22.8%
10583,黑盒子,<0.1%,1.77,4,<0.1%,--
10584,一家老小向前冲,<0.1%,1.57,32,<0.1%,55.1%
10585,恶人报喜,<0.1%,1.51,96,<0.1%,81.9%
10586,美人鱼,47.9%,12311.32,50,31.1%,36.1%
10587,西游记之孙悟空三打白骨精,12.5%,3209.95,34,11.9%,34.7%
10588,澳门风云3,8.5%,2185.96,27,10.5%,32.6%
10589,功夫熊猫3,5.9%,1516.03,36,5.5%,37.6%
10590,火影忍者剧场版：博人传,5.4%,1391.10,24,9.1%,25.5%
10591,卧虎藏龙：青冥宝剑,5.2%,1350.07,24,7.3%,7.3%
10592,高跟鞋先生,2.2%,585.32,26,3.5%,34.8%
10593,托马斯和朋友们：多多岛之迷失宝藏,1.7%,452.08,24,3.0%,25.5%
10594,熊出没之熊心归来,0.2%,69.69,32,0.3%,42.0%
10595,恭喜发财之谈钱说爱,0.1%,45.46,8,0.9%,10.1%
10596,夺命枪火,0.1%,26.48,6,0.6%,8.3%
10597,青蛙王国之冰冻大冒险,<0.1%,23.60,8,0.5%,2.9%
10598,致命怪谈,<0.1%,14.41,6,0.4%,11.0%
10599,鼠来宝4：萌在囧途,<0.1%,13.30,26,<0.1%,36.6%
10600,奔爱,<0.1%,12.07,6,0.2%,11.7%
10601,年兽大作战,<0.1%,7.73,7,0.1%,11.7%
10602,谋杀似水年华,<0.1%,7.11,6,0.1%,12.9%
10603,过年好,<0.1%,4.00,5,0.1%,15.1%
10604,唐人街探案,<0.1%,2.79,49,<0.1%,100%
10605,老炮儿,<0.1%,2.40,48,<0.1%,37.5%
10606,云中行走,<0.1%,2.29,21,<0.1%,31.4%
10607,恶人报喜,<0.1%,1.61,55,<0.1%,69.8%
10608,黑盒子,<0.1%,1.56,4,<0.1%,--
10609,一家老小向前冲,<0.1%,1.51,37,<0.1%,64.7%
10610,美人鱼,48.5%,8504.41,35,31.9%,25.6%
10611,西游记之孙悟空三打白骨精,13.7%,2410.79,25,12.8%,25.1%
10612,澳门风云3,9.9%,1737.44,22,11.0%,26.3%
10613,卧虎藏龙：青冥宝剑,4.9%,861.02,17,7.0%,5.3%
10614,功夫熊猫3,4.8%,841.40,22,5.6%,22.1%
10615,火影忍者剧场版：博人传,3.9%,696.84,14,8.6%,14.1%
10616,高跟鞋先生,2.9%,520.45,22,3.9%,28.6%
10617,托马斯和朋友们：多多岛之迷失宝藏,0.7%,134.15,10,2.4%,10.2%
10618,熊出没之熊心归来,0.2%,46.07,22,0.3%,29.6%
10619,恭喜发财之谈钱说爱,0.1%,29.36,6,0.8%,8.5%
10620,夺命枪火,0.1%,17.62,5,0.6%,6.1%
10621,致命怪谈,<0.1%,15.42,7,0.4%,11.4%
10622,奔爱,<0.1%,15.34,8,0.2%,15.1%
10623,青蛙王国之冰冻大冒险,<0.1%,9.15,5,0.3%,1.7%
10624,谋杀似水年华,<0.1%,6.64,5,0.2%,9.9%
10625,鼠来宝4：萌在囧途,<0.1%,4.88,12,<0.1%,16.0%
10626,过年好,<0.1%,2.99,4,0.1%,11.3%
10627,年兽大作战,<0.1%,2.09,4,0.1%,6.2%
10628,一家老小向前冲,<0.1%,1.89,23,<0.1%,85.6%
10629,爱在深秋,<0.1%,1.65,184,<0.1%,90.9%
10630,恶人报喜,<0.1%,1.08,34,<0.1%,100%
10631,美人鱼,47.2%,5366.73,23,32.2%,16.4%
10632,西游记之孙悟空三打白骨精,14.0%,1599.49,17,13.6%,15.7%
10633,澳门风云3,10.4%,1186.87,15,11.6%,17.4%
10634,火影忍者剧场版：博人传,4.6%,531.79,12,8.0%,11.9%
10635,卧虎藏龙：青冥宝剑,4.5%,517.26,11,6.6%,3.5%
10636,功夫熊猫3,4.5%,514.50,14,5.6%,13.7%
10637,高跟鞋先生,3.8%,441.37,17,4.5%,21.6%
10638,托马斯和朋友们：多多岛之迷失宝藏,0.6%,72.39,7,2.1%,6.5%
10639,奔爱,0.1%,20.09,10,0.3%,18.2%
10640,熊出没之熊心归来,0.1%,20.01,11,0.3%,13.8%
10641,夺命枪火,0.1%,13.65,4,0.6%,4.8%
10642,致命怪谈,0.1%,12.60,6,0.4%,9.1%
10643,恭喜发财之谈钱说爱,<0.1%,10.28,3,0.7%,3.4%
10644,谋杀似水年华,<0.1%,5.27,4,0.2%,8.4%
10645,鼠来宝4：萌在囧途,<0.1%,4.05,11,<0.1%,15.8%
10646,青蛙王国之冰冻大冒险,<0.1%,3.53,3,0.2%,0.8%
10647,过年好,<0.1%,2.03,3,0.1%,7.5%
10648,圣斗士星矢：圣域传说,<0.1%,1.20,115,<0.1%,--
10649,末日迷踪,<0.1%,1.04,104,<0.1%,--
10650,美人鱼,46.8%,4563.13,20,32.4%,13.7%
10651,西游记之孙悟空三打白骨精,14.1%,1379.09,14,13.9%,13.0%
10652,澳门风云3,11.0%,1075.09,14,11.9%,15.1%
10653,卧虎藏龙：青冥宝剑,4.5%,439.91,10,6.3%,3.0%
10654,火影忍者剧场版：博人传,4.4%,437.06,10,7.8%,9.8%
10655,高跟鞋先生,4.4%,428.35,16,4.9%,18.5%
10656,功夫熊猫3,4.2%,410.71,11,5.6%,10.6%
10657,托马斯和朋友们：多多岛之迷失宝藏,0.5%,49.17,5,1.9%,4.7%
10658,夺命枪火,0.1%,14.87,4,0.6%,5.1%
10659,奔爱,0.1%,14.49,7,0.3%,14.4%
10660,致命怪谈,0.1%,11.41,5,0.4%,7.9%
10661,熊出没之熊心归来,<0.1%,8.72,6,0.2%,6.9%
10662,恭喜发财之谈钱说爱,<0.1%,6.88,2,0.6%,2.6%
10663,谋杀似水年华,<0.1%,5.84,4,0.2%,7.5%
10664,过年好,<0.1%,4.60,9,0.1%,26.0%
10665,鼠来宝4：萌在囧途,<0.1%,2.86,7,<0.1%,8.5%
10666,青蛙王国之冰冻大冒险,<0.1%,2.17,2,0.2%,0.6%
10667,美人鱼,45.5%,3898.02,17,32.2%,11.7%
10668,西游记之孙悟空三打白骨精,14.4%,1235.62,13,13.9%,11.5%
10669,澳门风云3,11.2%,960.21,12,11.9%,13.4%
10670,高跟鞋先生,4.7%,406.85,14,5.0%,16.9%
10671,功夫熊猫3,4.3%,373.64,10,5.5%,9.7%
10672,卧虎藏龙：青冥宝剑,4.3%,369.16,9,6.0%,2.6%
10673,火影忍者剧场版：博人传,4.2%,365.15,9,7.4%,8.6%
10674,诡娃,0.7%,66.28,11,1.2%,13.6%
10675,托马斯和朋友们：多多岛之迷失宝藏,0.4%,39.84,5,1.7%,4.2%
10676,夺命枪火,0.1%,13.84,5,0.5%,5.7%
10677,当我们年轻的时候,<0.1%,7.77,2,0.7%,3.2%
10678,奔爱,<0.1%,7.69,4,0.2%,7.7%
10679,熊出没之熊心归来,<0.1%,6.77,6,0.2%,6.2%
10680,致命怪谈,<0.1%,4.83,4,0.3%,6.4%
10681,谋杀似水年华,<0.1%,4.68,4,0.2%,6.5%
10682,圣斗士星矢：圣域传说,<0.1%,4.21,9,<0.1%,7.5%
10683,恭喜发财之谈钱说爱,<0.1%,4.14,2,0.4%,2.2%
10684,末日迷踪,<0.1%,3.39,9,<0.1%,7.6%
10685,鼠来宝4：萌在囧途,<0.1%,2.64,7,<0.1%,7.9%
10686,过年好,<0.1%,1.98,3,0.1%,8.7%
10687,青蛙王国之冰冻大冒险,<0.1%,1.97,2,0.1%,0.6%
10688,美人鱼,42.5%,4787.71,23,28.9%,15.4%
10689,西游记之孙悟空三打白骨精,13.0%,1465.21,18,11.4%,15.8%
10690,澳门风云3,8.3%,944.25,15,8.9%,17.4%
10691,圣斗士星矢：圣域传说,8.2%,927.17,13,13.5%,12.1%
10692,末日迷踪,6.7%,758.48,13,10.0%,13.1%
10693,功夫熊猫3,3.6%,415.21,15,3.8%,14.4%
10694,卧虎藏龙：青冥宝剑,3.3%,372.74,12,4.1%,3.8%
10695,高跟鞋先生,3.1%,357.01,19,3.3%,22.5%
10696,火影忍者剧场版：博人传,2.7%,307.37,14,3.6%,14.1%
10697,诡娃,0.7%,82.32,9,1.9%,12.5%
10698,托马斯和朋友们：多多岛之迷失宝藏,0.3%,34.57,8,0.7%,7.8%
10699,熊出没之熊心归来,<0.1%,6.54,8,0.1%,9.1%
10700,奔爱,<0.1%,4.85,6,0.1%,15.6%
10701,夺命枪火,<0.1%,4.67,5,0.1%,9.0%
10702,当我们年轻的时候,<0.1%,3.94,3,0.3%,4.5%
10703,青蛙王国之冰冻大冒险,<0.1%,2.86,9,<0.1%,3.1%
10704,致命怪谈,<0.1%,2.06,4,0.1%,8.2%
10705,霹雳囧花,<0.1%,1.91,4,<0.1%,4.0%
10706,谋杀似水年华,<0.1%,1.65,3,0.1%,6.9%
10707,恭喜发财之谈钱说爱,<0.1%,1.30,3,0.1%,4.1%
10708,白蛇传,<0.1%,1.05,76,<0.1%,100%
10709,美人鱼,43.2%,7570.04,34,28.9%,23.1%
10710,西游记之孙悟空三打白骨精,13.5%,2371.03,27,11.4%,24.6%
10711,澳门风云3,7.5%,1329.52,21,8.9%,23.6%
10712,圣斗士星矢：圣域传说,6.6%,1157.44,16,12.4%,15.3%
10713,功夫熊猫3,6.5%,1141.64,31,4.9%,30.4%
10714,末日迷踪,5.2%,927.31,17,9.3%,16.8%
10715,火影忍者剧场版：博人传,3.2%,574.49,23,3.9%,23.9%
10716,卧虎藏龙：青冥宝剑,3.0%,532.10,18,3.9%,5.5%
10717,高跟鞋先生,2.9%,522.88,25,3.6%,29.2%
10718,托马斯和朋友们：多多岛之迷失宝藏,1.1%,202.82,22,1.5%,22.1%
10719,诡娃,0.4%,86.27,9,1.8%,13.3%
10720,熊出没之熊心归来,0.1%,29.18,17,0.2%,20.3%
10721,当我们年轻的时候,<0.1%,4.02,3,0.2%,6.1%
10722,青蛙王国之冰冻大冒险,<0.1%,3.72,6,0.1%,2.2%
10723,夺命枪火,<0.1%,3.59,4,0.1%,7.5%
10724,致命怪谈,<0.1%,2.55,6,<0.1%,12.7%
10725,奔爱,<0.1%,2.35,4,<0.1%,11.7%
10726,蒸发太平洋,<0.1%,2.03,5,<0.1%,7.5%
10727,谋杀似水年华,<0.1%,1.90,4,<0.1%,9.3%
10728,恭喜发财之谈钱说爱,<0.1%,1.65,4,<0.1%,6.1%
10729,霹雳囧花,<0.1%,1.64,4,<0.1%,4.1%
10730,开罗宣言,<0.1%,1.12,113,<0.1%,100.0%
10731,美人鱼,42.4%,6026.26,27,29.2%,18.3%
10732,西游记之孙悟空三打白骨精,13.4%,1909.90,22,11.7%,19.3%
10733,澳门风云3,7.8%,1117.46,17,9.1%,19.3%
10734,功夫熊猫3,7.7%,1100.21,29,5.3%,27.5%
10735,圣斗士星矢：圣域传说,5.9%,849.19,13,11.2%,12.3%
10736,末日迷踪,4.8%,686.81,13,8.8%,12.9%
10737,火影忍者剧场版：博人传,3.3%,474.89,19,4.1%,19.0%
10738,高跟鞋先生,3.2%,462.65,21,3.8%,23.9%
10739,卧虎藏龙：青冥宝剑,2.9%,416.99,14,3.9%,4.3%
10740,托马斯和朋友们：多多岛之迷失宝藏,1.4%,202.40,21,1.6%,21.0%
10741,诡娃,0.3%,56.68,6,1.8%,8.9%
10742,熊出没之熊心归来,0.2%,36.15,20,0.3%,23.3%
10743,青蛙王国之冰冻大冒险,<0.1%,4.36,7,0.1%,2.6%
10744,夺命枪火,<0.1%,3.85,5,0.1%,9.5%
10745,当我们年轻的时候,<0.1%,3.13,3,0.2%,5.5%
10746,过年好,<0.1%,2.42,19,<0.1%,68.6%
10747,奔爱,<0.1%,1.70,4,<0.1%,7.3%
10748,谋杀似水年华,<0.1%,1.68,3,<0.1%,7.5%
10749,致命怪谈,<0.1%,1.65,4,<0.1%,7.6%
10750,恭喜发财之谈钱说爱,<0.1%,1.41,4,<0.1%,6.7%
10751,霹雳囧花,<0.1%,1.34,4,<0.1%,4.2%
10752,年兽大作战,<0.1%,1.22,5,<0.1%,12.6%
10753,美人鱼,42.1%,2415.79,12,29.9%,7.9%
10754,西游记之孙悟空三打白骨精,13.8%,794.65,9,12.6%,8.1%
10755,澳门风云3,10.1%,582.98,9,9.9%,10.0%
10756,末日迷踪,5.7%,328.73,7,9.1%,6.6%
10757,高跟鞋先生,4.5%,260.67,11,4.5%,12.6%
10758,圣斗士星矢：圣域传说,3.9%,227.93,5,9.2%,4.2%
10759,功夫熊猫3,3.9%,227.24,9,4.2%,7.8%
10760,卧虎藏龙：青冥宝剑,3.3%,195.06,7,4.1%,2.1%
10761,火影忍者剧场版：博人传,2.7%,160.45,7,4.1%,6.8%
10762,诡娃,0.7%,40.92,5,1.9%,6.7%
10763,托马斯和朋友们：多多岛之迷失宝藏,0.3%,20.50,4,0.9%,4.1%
10764,叶问3,0.2%,12.57,210,<0.1%,79.4%
10765,过年好,0.1%,8.01,11,<0.1%,48.2%
10766,熊出没之熊心归来,<0.1%,4.56,5,0.1%,5.8%
10767,夺命枪火,<0.1%,1.66,2,0.1%,3.1%
10768,致命怪谈,<0.1%,1.44,3,0.1%,5.5%
10769,奔爱,<0.1%,1.29,2,0.1%,4.8%
10770,当我们年轻的时候,<0.1%,1.24,2,0.2%,2.8%
10771,谋杀似水年华,<0.1%,1.06,2,0.1%,3.8%
10772,昆塔：盒子总动员,<0.1%,1.02,31,<0.1%,--
10773,美人鱼,42.3%,2098.32,10,30.1%,6.9%
10774,西游记之孙悟空三打白骨精,14.3%,708.70,8,12.8%,7.0%
10775,澳门风云3,10.8%,535.62,8,10.1%,8.9%
10776,末日迷踪,5.5%,277.16,6,8.9%,5.7%
10777,高跟鞋先生,4.8%,237.70,10,4.8%,10.6%
10778,功夫熊猫3,3.5%,176.56,7,4.3%,6.1%
10779,卧虎藏龙：青冥宝剑,3.4%,168.63,6,4.2%,1.8%
10780,圣斗士星矢：圣域传说,3.3%,163.95,4,8.3%,3.4%
10781,火影忍者剧场版：博人传,2.6%,132.17,6,4.2%,5.5%
10782,诡娃,0.7%,35.61,4,1.8%,5.9%
10783,托马斯和朋友们：多多岛之迷失宝藏,0.1%,9.29,2,0.8%,2.0%
10784,叶问3,0.1%,5.13,101,<0.1%,100%
10785,熊出没之熊心归来,<0.1%,1.86,3,0.1%,2.3%
10786,夺命枪火,<0.1%,1.74,2,0.1%,3.1%
10787,致命怪谈,<0.1%,1.39,3,0.1%,5.1%
10788,战狼,<0.1%,1.36,341,<0.1%,100%
10789,谋杀似水年华,<0.1%,1.21,2,0.1%,3.6%
10790,奔爱,<0.1%,1.07,2,0.1%,4.4%
10791,美人鱼,41.2%,1839.80,9,30.1%,6.0%
10792,西游记之孙悟空三打白骨精,14.5%,650.24,8,13.0%,6.4%
10793,澳门风云3,11.2%,503.13,8,10.3%,8.3%
10794,末日迷踪,5.5%,249.51,5,8.8%,5.2%
10795,高跟鞋先生,5.1%,229.54,9,5.0%,10.2%
10796,功夫熊猫3,3.7%,166.01,7,4.4%,5.8%
10797,卧虎藏龙：青冥宝剑,3.5%,158.20,6,4.2%,1.7%
10798,圣斗士星矢：圣域传说,2.9%,132.74,4,7.8%,2.9%
10799,火影忍者剧场版：博人传,2.5%,114.50,5,4.2%,4.7%
10800,诡娃,0.7%,33.10,4,1.8%,5.4%
10801,托马斯和朋友们：多多岛之迷失宝藏,0.1%,7.63,2,0.8%,1.7%
10802,叶问3,<0.1%,3.29,63,<0.1%,74.9%
10803,夺命枪火,<0.1%,1.46,2,0.1%,2.1%
10804,谋杀似水年华,<0.1%,1.26,2,0.1%,3.0%
10805,奔爱,<0.1%,1.20,2,0.1%,4.5%
10806,致命怪谈,<0.1%,1.19,2,0.1%,4.0%
10807,熊出没之熊心归来,<0.1%,1.06,2,0.1%,1.4%
10808,美人鱼,34.8%,1640.31,8,29.7%,5.4%
10809,叶问3,14.3%,672.34,62,1.2%,38.9%
10810,西游记之孙悟空三打白骨精,12.4%,583.99,7,12.9%,5.8%
10811,澳门风云3,9.8%,462.51,7,10.3%,7.6%
10812,末日迷踪,4.6%,218.75,5,8.6%,4.6%
10813,高跟鞋先生,4.5%,215.66,9,5.1%,9.2%
10814,功夫熊猫3,3.2%,153.82,6,4.4%,5.4%
10815,卧虎藏龙：青冥宝剑,2.8%,135.36,5,4.2%,1.5%
10816,圣斗士星矢：圣域传说,2.5%,118.92,3,7.3%,2.8%
10817,火影忍者剧场版：博人传,2.2%,103.48,5,4.1%,4.4%
10818,诡娃,0.6%,29.26,4,1.8%,5.1%
10819,疯狂动物城,0.3%,16.36,12,0.1%,5.1%
10820,托马斯和朋友们：多多岛之迷失宝藏,0.1%,7.49,2,0.7%,1.8%
10821,熊出没之熊心归来,<0.1%,1.46,2,0.1%,1.9%
10822,夺命枪火,<0.1%,1.44,2,0.1%,2.7%
10823,谋杀似水年华,<0.1%,1.25,2,0.1%,3.4%
10824,致命怪谈,<0.1%,1.25,3,0.1%,4.2%
10825,奔爱,<0.1%,1.07,2,0.1%,4.3%
10826,谍影特工,<0.1%,1.04,4,<0.1%,3.7%
10827,叶问3,72.9%,14088.43,43,40.5%,31.6%
10828,疯狂动物城,11.6%,2242.60,22,14.6%,17.8%
10829,美人鱼,8.1%,1573.05,16,13.8%,15.7%
10830,谍影特工,2.1%,421.34,9,9.2%,9.6%
10831,地心营救,2.0%,402.35,8,9.4%,8.6%
10832,西游记之孙悟空三打白骨精,0.9%,186.98,9,3.2%,9.3%
10833,澳门风云3,0.4%,95.23,8,1.9%,10.4%
10834,高跟鞋先生,0.2%,54.96,11,1.0%,13.8%
10835,功夫熊猫3,0.2%,41.90,10,0.7%,11.2%
10836,火影忍者剧场版：博人传,0.1%,31.10,10,0.5%,12.0%
10837,圣斗士星矢：圣域传说,0.1%,27.33,7,0.8%,7.6%
10838,诡娃,<0.1%,13.76,5,0.6%,8.5%
10839,末日迷踪,<0.1%,13.68,4,0.6%,5.3%
10840,卧虎藏龙：青冥宝剑,<0.1%,11.74,4,0.5%,1.3%
10841,托马斯和朋友们：多多岛之迷失宝藏,<0.1%,2.20,4,0.1%,4.3%
10842,白毛女,<0.1%,1.99,276,<0.1%,--
10843,当我们年轻的时候,<0.1%,1.36,5,<0.1%,15.6%
10844,你是不是我的爱人,<0.1%,1.06,2,<0.1%,3.9%
10845,叶问3,61.3%,17566.25,52,41.3%,37.0%
10846,疯狂动物城,21.0%,6035.88,46,18.1%,38.8%
10847,美人鱼,9.7%,2788.83,29,13.3%,28.5%
10848,谍影特工,2.2%,638.67,14,7.9%,16.3%
10849,地心营救,1.9%,564.12,12,7.8%,14.5%
10850,西游记之孙悟空三打白骨精,1.1%,317.29,16,2.7%,18.6%
10851,功夫熊猫3,0.5%,154.67,23,1.1%,26.2%
10852,澳门风云3,0.5%,144.02,12,1.7%,17.8%
10853,高跟鞋先生,0.2%,80.55,17,0.9%,21.9%
10854,火影忍者剧场版：博人传,0.2%,73.45,20,0.5%,24.6%
10855,圣斗士星矢：圣域传说,0.2%,66.14,14,0.8%,17.3%
10856,托马斯和朋友们：多多岛之迷失宝藏,0.1%,29.31,20,0.2%,20.4%
10857,诡娃,<0.1%,21.45,7,0.6%,12.7%
10858,末日迷踪,<0.1%,16.68,6,0.4%,9.6%
10859,卧虎藏龙：青冥宝剑,<0.1%,16.45,6,0.4%,2.4%
10860,熊出没之熊心归来,<0.1%,10.61,17,0.1%,24.1%
10861,我的诗篇,<0.1%,1.55,132,<0.1%,100%
10862,当我们年轻的时候,<0.1%,1.45,5,<0.1%,18.3%
10863,致命怪谈,<0.1%,1.23,4,<0.1%,10.5%
10864,你是不是我的爱人,<0.1%,1.03,3,<0.1%,9.0%
10865,叶问3,51.3%,11892.00,36,41.1%,26.1%
10866,疯狂动物城,31.1%,7222.42,51,19.7%,42.5%
10867,美人鱼,9.6%,2229.93,23,13.6%,22.6%
10868,谍影特工,2.2%,512.07,12,7.3%,14.3%
10869,地心营救,1.8%,426.61,11,6.9%,12.5%
10870,西游记之孙悟空三打白骨精,1.0%,241.85,13,2.6%,15.1%
10871,功夫熊猫3,0.6%,150.67,21,1.2%,23.7%
10872,澳门风云3,0.5%,116.52,10,1.7%,14.8%
10873,高跟鞋先生,0.2%,64.04,13,1.0%,17.7%
10874,火影忍者剧场版：博人传,0.2%,62.02,16,0.6%,19.8%
10875,圣斗士星矢：圣域传说,0.2%,58.44,13,0.7%,15.9%
10876,托马斯和朋友们：多多岛之迷失宝藏,0.1%,31.10,20,0.2%,21.5%
10877,诡娃,<0.1%,14.33,5,0.6%,8.5%
10878,末日迷踪,<0.1%,12.04,5,0.4%,7.6%
10879,卧虎藏龙：青冥宝剑,<0.1%,10.39,5,0.3%,2.1%
10880,熊出没之熊心归来,<0.1%,9.62,15,0.1%,20.4%
10881,箭士柳白猿,<0.1%,3.01,139,<0.1%,--
10882,致命怪谈,<0.1%,1.03,3,<0.1%,8.9%
10883,叶问3,47.2%,4892.14,18,38.8%,12.7%
10884,疯狂动物城,35.1%,3633.27,29,18.9%,22.7%
10885,美人鱼,8.6%,890.53,10,13.9%,9.5%
10886,谍影特工,2.2%,230.98,6,7.4%,6.8%
10887,地心营救,1.7%,185.71,6,6.5%,6.2%
10888,爱情麻辣烫之情定终身,1.7%,178.37,10,3.5%,9.8%
10889,西游记之孙悟空三打白骨精,0.8%,87.03,5,2.8%,5.5%
10890,澳门风云3,0.5%,54.67,5,1.7%,7.3%
10891,高跟鞋先生,0.3%,32.25,7,1.0%,8.8%
10892,功夫熊猫3,0.1%,18.28,4,0.8%,4.7%
10893,火影忍者剧场版：博人传,0.1%,15.23,6,0.5%,6.0%
10894,诡娃,<0.1%,9.18,3,0.6%,5.5%
10895,圣斗士星矢：圣域传说,<0.1%,8.62,3,0.5%,3.4%
10896,卧虎藏龙：青冥宝剑,<0.1%,7.27,3,0.4%,1.5%
10897,末日迷踪,<0.1%,6.53,3,0.4%,3.7%
10898,再见我们的十年,<0.1%,2.31,220,<0.1%,--
10899,奔爱,<0.1%,1.14,6,<0.1%,14.9%
10900,疯狂动物城,40.5%,6874.81,48,21.3%,36.2%
10901,叶问3,37.7%,6408.91,26,35.4%,18.7%
10902,美人鱼,10.9%,1853.82,21,12.9%,21.7%
10903,爱情麻辣烫之情定终身,3.9%,666.84,12,10.6%,12.8%
10904,谍影特工,2.1%,372.09,12,5.6%,14.3%
10905,地心营救,1.7%,301.03,12,4.7%,14.0%
10906,西游记之孙悟空三打白骨精,0.8%,141.84,11,2.0%,12.7%
10907,澳门风云3,0.4%,73.75,10,1.3%,14.8%
10908,高跟鞋先生,0.3%,54.95,13,0.8%,18.5%
10909,功夫熊猫3,0.2%,34.54,9,0.6%,10.5%
10910,我不是王毛,0.1%,29.52,8,0.7%,8.4%
10911,火影忍者剧场版：博人传,<0.1%,11.76,7,0.3%,7.5%
10912,诡娃,<0.1%,10.72,4,0.6%,7.3%
10913,末日迷踪,<0.1%,10.46,6,0.3%,9.1%
10914,卧虎藏龙：青冥宝剑,<0.1%,10.29,6,0.3%,2.9%
10915,圣斗士星矢：圣域传说,<0.1%,9.29,4,0.4%,5.2%
10916,当我们年轻的时候,<0.1%,3.17,9,<0.1%,27.0%
10917,奔爱,<0.1%,2.05,11,<0.1%,36.0%
10918,托马斯和朋友们：多多岛之迷失宝藏,<0.1%,1.29,3,<0.1%,3.4%
10919,你是不是我的爱人,<0.1%,1.25,7,<0.1%,20.0%
10920,疯狂动物城,48.7%,4441.51,28,24.3%,20.6%
10921,叶问3,34.4%,3138.01,13,34.5%,9.7%
10922,美人鱼,7.7%,709.85,9,12.8%,8.4%
10923,爱情麻辣烫之情定终身,2.6%,240.19,5,9.4%,5.4%
10924,谍影特工,2.2%,200.45,7,5.9%,7.4%
10925,地心营救,1.4%,131.07,5,4.8%,6.1%
10926,西游记之孙悟空三打白骨精,0.6%,57.04,5,1.9%,6.3%
10927,澳门风云3,0.3%,30.46,5,1.0%,7.7%
10928,高跟鞋先生,0.2%,22.45,6,0.8%,7.7%
10929,功夫熊猫3,0.1%,15.48,4,0.6%,4.7%
10930,火影忍者剧场版：博人传,<0.1%,8.34,5,0.3%,5.2%
10931,诡娃,<0.1%,7.82,3,0.6%,5.0%
10932,圣斗士星矢：圣域传说,<0.1%,6.62,3,0.4%,3.3%
10933,卧虎藏龙：青冥宝剑,<0.1%,3.80,2,0.3%,1.1%
10934,末日迷踪,<0.1%,3.45,2,0.3%,2.9%
10935,谋杀似水年华,<0.1%,1.86,26,<0.1%,100%
10936,再见我们的十年,<0.1%,1.02,171,<0.1%,--
10937,疯狂动物城,51.2%,4303.01,26,25.7%,18.5%
10938,叶问3,31.1%,2612.73,12,32.7%,8.6%
10939,美人鱼,7.6%,643.47,8,12.4%,7.8%
10940,爱情麻辣烫之情定终身,2.1%,177.45,5,7.6%,5.0%
10941,谍影特工,2.0%,171.11,6,5.2%,6.9%
10942,地心营救,1.3%,113.36,5,4.0%,6.2%
10943,神战：权力之眼,1.3%,111.20,23,0.7%,11.6%
10944,哪一天我们会飞,1.2%,107.42,5,4.1%,5.6%
10945,西游记之孙悟空三打白骨精,0.6%,51.03,5,1.8%,5.9%
10946,澳门风云3,0.3%,26.63,5,0.9%,7.7%
10947,高跟鞋先生,0.1%,15.19,5,0.7%,6.5%
10948,功夫熊猫3,0.1%,11.60,4,0.6%,4.3%
10949,诡娃,<0.1%,6.76,3,0.6%,4.6%
10950,火影忍者剧场版：博人传,<0.1%,6.13,4,0.2%,4.7%
10951,圣斗士星矢：圣域传说,<0.1%,4.05,2,0.3%,2.5%
10952,卧虎藏龙：青冥宝剑,<0.1%,3.24,2,0.2%,1.1%
10953,箭士柳白猿,<0.1%,3.09,17,<0.1%,23.4%
10954,末日迷踪,<0.1%,3.03,2,0.3%,3.1%
10955,再见我们的十年,<0.1%,2.57,246,<0.1%,--
10956,我不是王毛,<0.1%,2.32,39,<0.1%,20.2%
10957,床下有人3,<0.1%,1.89,9,<0.1%,9.8%
10958,恐怖禁忌之红旗袍,<0.1%,1.72,345,<0.1%,--
10959,洛杉矶捣蛋计划,<0.1%,1.13,72,<0.1%,36.6%
10960,疯狂动物城,47.9%,7132.89,46,24.0%,34.6%
10961,神战：权力之眼,27.2%,4050.96,24,26.9%,17.8%
10962,叶问3,16.5%,2464.60,18,20.3%,15.9%
10963,美人鱼,3.7%,553.83,12,7.0%,13.3%
10964,床下有人3,1.0%,160.74,11,3.0%,13.8%
10965,哪一天我们会飞,0.5%,86.76,9,1.7%,10.9%
10966,爱情麻辣烫之情定终身,0.5%,80.88,7,2.4%,8.4%
10967,箭士柳白猿,0.4%,70.68,4,4.0%,3.5%
10968,谍影特工,0.3%,52.00,7,1.4%,8.3%
10969,我不是王毛,0.3%,47.18,4,2.0%,5.2%
10970,同城邂逅,0.2%,33.95,4,1.5%,5.3%
10971,地心营救,0.1%,29.26,5,1.0%,7.8%
10972,西游记之孙悟空三打白骨精,0.1%,21.00,7,0.5%,11.0%
10973,我和我们——我在周恩来班的故事,<0.1%,13.39,108,<0.1%,--
10974,水墨大别山,<0.1%,12.97,116,<0.1%,--
10975,澳门风云3,<0.1%,10.65,6,0.3%,10.4%
10976,开罗宣言,<0.1%,8.76,3,0.8%,2.4%
10977,功夫熊猫3,<0.1%,8.52,6,0.2%,8.5%
10978,高跟鞋先生,<0.1%,7.68,7,0.2%,10.3%
10979,火影忍者剧场版：博人传,<0.1%,7.38,9,0.1%,10.4%
10980,灯塔下的恋人,<0.1%,4.59,3,0.3%,3.6%
10981,笨贼别跑,<0.1%,3.62,2,0.4%,3.2%
10982,洛杉矶捣蛋计划,<0.1%,1.89,90,<0.1%,60.1%
10983,末日迷踪,<0.1%,1.81,4,<0.1%,5.1%
10984,托马斯和朋友们：多多岛之迷失宝藏,<0.1%,1.54,6,<0.1%,6.2%
10985,圣斗士星矢：圣域传说,<0.1%,1.33,3,0.1%,3.9%
10986,再见我们的十年,<0.1%,1.31,219,<0.1%,--
10987,诡娃,<0.1%,1.06,2,0.1%,4.3%
10988,疯狂动物城,60.8%,16667.68,77,31.6%,57.5%
10989,神战：权力之眼,18.3%,5039.87,30,24.9%,22.7%
10990,叶问3,13.3%,3659.61,27,18.5%,26.0%
10991,美人鱼,3.9%,1070.10,22,6.8%,26.2%
10992,床下有人3,0.6%,188.05,12,2.9%,16.4%
10993,爱情麻辣烫之情定终身,0.4%,114.21,10,2.0%,13.5%
10994,哪一天我们会飞,0.4%,111.67,13,1.4%,15.6%
10995,箭士柳白猿,0.3%,89.93,5,2.8%,5.8%
10996,谍影特工,0.2%,82.10,11,1.2%,15.1%
10997,地心营救,0.2%,55.05,10,0.8%,15.2%
10998,我不是王毛,0.1%,53.56,6,1.5%,8.0%
10999,功夫熊猫3,0.1%,50.54,18,0.5%,21.9%
11000,西游记之孙悟空三打白骨精,0.1%,39.97,14,0.4%,21.8%
11001,同城邂逅,0.1%,32.20,5,1.1%,7.5%
11002,水墨大别山,<0.1%,20.67,130,<0.1%,--
11003,我和我们——我在周恩来班的故事,<0.1%,19.99,122,<0.1%,--
11004,澳门风云3,<0.1%,18.54,10,0.3%,18.0%
11005,托马斯和朋友们：多多岛之迷失宝藏,<0.1%,16.05,21,0.1%,23.2%
11006,高跟鞋先生,<0.1%,13.41,11,0.2%,18.0%
11007,火影忍者剧场版：博人传,<0.1%,10.87,12,0.1%,16.0%
11008,开罗宣言,<0.1%,7.15,3,0.5%,3.3%
11009,末日迷踪,<0.1%,6.07,11,<0.1%,19.9%
11010,圣斗士星矢：圣域传说,<0.1%,5.05,5,0.1%,10.0%
11011,灯塔下的恋人,<0.1%,4.60,4,0.2%,4.6%
11012,笨贼别跑,<0.1%,3.86,3,0.2%,5.2%
11013,熊出没之熊心归来,<0.1%,3.79,10,<0.1%,12.7%
11014,诡娃,<0.1%,2.28,4,0.1%,10.1%
11015,卧虎藏龙：青冥宝剑,<0.1%,2.15,5,<0.1%,3.8%
11016,夺命枪火,<0.1%,2.06,16,<0.1%,31.2%
11017,疯狂动物城,64.5%,14947.04,62,35.5%,45.4%
11018,神战：权力之眼,16.4%,3818.24,25,23.2%,19.1%
11019,叶问3,11.8%,2750.28,21,17.7%,21.1%
11020,美人鱼,3.8%,894.67,19,6.9%,21.7%
11021,床下有人3,0.5%,126.11,9,2.8%,11.3%
11022,爱情麻辣烫之情定终身,0.4%,94.64,9,2.0%,11.4%
11023,箭士柳白猿,0.3%,75.98,6,2.2%,6.0%
11024,谍影特工,0.3%,75.46,11,1.1%,14.5%
11025,哪一天我们会飞,0.3%,74.30,10,1.3%,11.1%
11026,功夫熊猫3,0.2%,51.20,18,0.5%,21.9%
11027,我不是王毛,0.1%,41.84,6,1.2%,7.7%
11028,地心营救,0.1%,36.85,8,0.7%,12.4%
11029,西游记之孙悟空三打白骨精,0.1%,31.84,11,0.5%,16.8%
11030,同城邂逅,<0.1%,22.89,4,0.9%,6.1%
11031,澳门风云3,<0.1%,16.53,9,0.3%,15.8%
11032,托马斯和朋友们：多多岛之迷失宝藏,<0.1%,16.04,22,0.1%,23.2%
11033,我和我们——我在周恩来班的故事,<0.1%,15.94,108,<0.1%,--
11034,水墨大别山,<0.1%,15.85,114,<0.1%,--
11035,火影忍者剧场版：博人传,<0.1%,9.39,12,0.1%,15.0%
11036,高跟鞋先生,<0.1%,8.62,8,0.2%,12.7%
11037,开罗宣言,<0.1%,6.10,3,0.4%,3.5%
11038,灯塔下的恋人,<0.1%,4.72,5,0.1%,5.5%
11039,圣斗士星矢：圣域传说,<0.1%,4.55,6,0.1%,9.7%
11040,熊出没之熊心归来,<0.1%,3.66,10,<0.1%,14.2%
11041,笨贼别跑,<0.1%,2.93,2,0.2%,4.6%
11042,夺命枪火,<0.1%,2.08,15,<0.1%,31.5%
11043,洛杉矶捣蛋计划,<0.1%,1.92,118,<0.1%,64.4%
11044,诡娃,<0.1%,1.88,3,0.1%,7.9%
11045,谋杀似水年华,<0.1%,1.81,39,<0.1%,100%
11046,末日迷踪,<0.1%,1.42,4,<0.1%,5.3%
11047,卧虎藏龙：青冥宝剑,<0.1%,1.31,4,<0.1%,2.8%
11048,疯狂动物城,53.6%,4312.48,21,33.1%,14.9%
11049,神战：权力之眼,21.7%,1746.85,12,23.5%,9.4%
11050,叶问3,14.9%,1199.89,10,18.5%,9.6%
11051,美人鱼,4.3%,351.66,8,7.4%,8.4%
11052,床下有人3,1.1%,94.16,7,3.0%,8.4%
11053,爱情麻辣烫之情定终身,0.6%,54.24,5,2.2%,6.4%
11054,箭士柳白猿,0.5%,43.42,3,2.1%,3.4%
11055,哪一天我们会飞,0.4%,38.79,5,1.5%,5.4%
11056,谍影特工,0.4%,38.32,5,1.4%,6.5%
11057,我和我们——我在周恩来班的故事,0.2%,19.32,118,<0.1%,--
11058,水墨大别山,0.2%,18.98,119,<0.1%,--
11059,我不是王毛,0.2%,18.00,3,1.2%,3.6%
11060,地心营救,0.2%,17.56,4,0.8%,5.3%
11061,西游记之孙悟空三打白骨精,0.1%,16.00,6,0.5%,7.6%
11062,功夫熊猫3,0.1%,11.46,6,0.3%,7.3%
11063,同城邂逅,0.1%,9.59,2,0.9%,2.6%
11064,澳门风云3,0.1%,9.20,5,0.4%,7.7%
11065,高跟鞋先生,<0.1%,3.15,5,0.1%,7.1%
11066,开罗宣言,<0.1%,2.65,2,0.3%,1.5%
11067,寻找心中的你,<0.1%,2.64,8,<0.1%,7.7%
11068,火影忍者剧场版：博人传,<0.1%,2.49,4,0.1%,4.7%
11069,灯塔下的恋人,<0.1%,2.27,3,0.1%,3.8%
11070,再见我们的十年,<0.1%,1.78,239,<0.1%,--
11071,末日迷踪,<0.1%,1.07,3,<0.1%,4.7%
11072,笨贼别跑,<0.1%,1.05,1,0.2%,1.6%
11073,诡娃,<0.1%,1.01,2,0.1%,4.2%
11074,疯狂动物城,53.8%,3804.68,19,33.8%,12.9%
11075,神战：权力之眼,21.2%,1502.07,11,22.9%,8.6%
11076,叶问3,14.4%,1020.70,9,18.5%,8.4%
11077,美人鱼,4.8%,342.17,7,7.6%,8.0%
11078,床下有人3,1.1%,83.81,6,3.0%,7.6%
11079,谍影特工,0.5%,41.69,6,1.4%,7.0%
11080,箭士柳白猿,0.5%,39.98,3,1.9%,3.5%
11081,爱情麻辣烫之情定终身,0.5%,38.74,4,2.2%,4.5%
11082,哪一天我们会飞,0.3%,24.53,4,1.4%,3.7%
11083,功夫熊猫3,0.2%,20.43,8,0.4%,9.1%
11084,我和我们——我在周恩来班的故事,0.2%,19.88,125,<0.1%,--
11085,水墨大别山,0.2%,19.02,117,<0.1%,--
11086,地心营救,0.2%,18.23,4,0.9%,5.5%
11087,我不是王毛,0.2%,17.06,3,1.1%,3.9%
11088,西游记之孙悟空三打白骨精,0.2%,16.68,6,0.5%,7.6%
11089,澳门风云3,0.1%,8.78,5,0.4%,7.1%
11090,同城邂逅,<0.1%,6.93,2,0.8%,2.4%
11091,开罗宣言,<0.1%,2.76,2,0.3%,2.0%
11092,再见我们的十年,<0.1%,2.75,205,<0.1%,--
11093,高跟鞋先生,<0.1%,2.53,5,0.1%,6.3%
11094,火影忍者剧场版：博人传,<0.1%,2.45,4,0.1%,4.6%
11095,洛杉矶捣蛋计划,<0.1%,2.35,50,<0.1%,35.9%
11096,灯塔下的恋人,<0.1%,1.67,3,0.1%,2.8%
11097,决不饶恕,<0.1%,1.61,2,0.1%,2.2%
11098,诡娃,<0.1%,1.00,2,0.1%,4.2%
11099,疯狂动物城,52.2%,3342.54,17,33.9%,11.3%
11100,神战：权力之眼,22.5%,1442.50,11,22.8%,8.3%
11101,叶问3,13.5%,866.92,7,18.4%,7.1%
11102,美人鱼,4.9%,316.39,7,7.7%,7.3%
11103,床下有人3,1.3%,85.10,6,3.1%,7.4%
11104,功夫熊猫3,1.0%,65.18,20,0.5%,22.7%
11105,谍影特工,0.6%,39.54,5,1.5%,6.3%
11106,爱情麻辣烫之情定终身,0.5%,37.40,4,2.2%,4.2%
11107,箭士柳白猿,0.4%,30.26,3,1.8%,2.9%
11108,西游记之孙悟空三打白骨精,0.3%,21.23,7,0.6%,9.2%
11109,水墨大别山,0.3%,20.75,130,<0.1%,--
11110,我和我们——我在周恩来班的故事,0.3%,20.40,125,<0.1%,--
11111,哪一天我们会飞,0.3%,19.43,3,1.3%,3.4%
11112,地心营救,0.2%,17.75,4,0.9%,5.3%
11113,我不是王毛,0.2%,15.72,3,1.1%,3.7%
11114,澳门风云3,0.1%,9.77,5,0.4%,7.4%
11115,同城邂逅,0.1%,6.62,2,0.8%,2.4%
11116,女汉子真爱公式,<0.1%,3.61,66,<0.1%,94.5%
11117,高跟鞋先生,<0.1%,2.79,5,0.1%,5.7%
11118,火影忍者剧场版：博人传,<0.1%,2.31,4,0.1%,4.2%
11119,再见我们的十年,<0.1%,1.90,318,<0.1%,--
11120,洛杉矶捣蛋计划,<0.1%,1.79,90,<0.1%,59.1%
11121,开罗宣言,<0.1%,1.77,2,0.3%,1.4%
11122,卧虎藏龙：青冥宝剑,<0.1%,1.41,6,<0.1%,4.9%
11123,灯塔下的恋人,<0.1%,1.13,2,0.1%,2.1%
11124,疯狂动物城,48.7%,2887.37,14,33.5%,9.7%
11125,神战：权力之眼,21.0%,1246.72,9,22.5%,7.1%
11126,叶问3,14.2%,844.71,7,18.0%,6.8%
11127,美人鱼,5.0%,297.59,6,7.6%,6.8%
11128,荒野猎人,3.0%,182.05,27,1.1%,13.9%
11129,功夫熊猫3,1.9%,114.93,32,0.5%,34.6%
11130,床下有人3,1.1%,66.00,5,2.6%,6.9%
11131,谍影特工,0.6%,41.27,5,1.5%,6.2%
11132,爱情麻辣烫之情定终身,0.5%,34.39,3,2.2%,3.9%
11133,恐怖禁忌之红旗袍,0.5%,31.12,8,0.8%,9.5%
11134,箭士柳白猿,0.3%,23.42,3,1.6%,2.6%
11135,西游记之孙悟空三打白骨精,0.3%,21.43,7,0.5%,9.8%
11136,哪一天我们会飞,0.3%,17.87,3,1.2%,3.1%
11137,水墨大别山,0.2%,16.42,111,<0.1%,--
11138,我和我们——我在周恩来班的故事,0.2%,16.20,113,<0.1%,--
11139,地心营救,0.2%,15.82,3,0.9%,4.6%
11140,我不是王毛,0.2%,14.50,3,1.0%,3.5%
11141,澳门风云3,0.1%,9.16,5,0.4%,6.6%
11142,同城邂逅,<0.1%,5.49,2,0.7%,2.2%
11143,火影忍者剧场版：博人传,<0.1%,2.45,4,0.1%,4.4%
11144,高跟鞋先生,<0.1%,2.24,4,0.1%,4.8%
11145,开罗宣言,<0.1%,2.07,2,0.3%,1.8%
11146,洛杉矶捣蛋计划,<0.1%,1.96,26,<0.1%,23.3%
11147,女汉子真爱公式,<0.1%,1.94,13,<0.1%,14.0%
11148,再见我们的十年,<0.1%,1.76,250,<0.1%,--
11149,灯塔下的恋人,<0.1%,1.10,2,0.1%,2.3%
11150,荒野猎人,46.3%,6383.00,39,31.6%,27.5%
11151,疯狂动物城,34.2%,4725.31,34,23.8%,26.1%
11152,女汉子真爱公式,7.0%,972.03,19,10.9%,20.8%
11153,神战：权力之眼,4.2%,582.30,12,8.2%,12.6%
11154,叶问3,3.1%,434.53,10,6.3%,12.2%
11155,洛杉矶捣蛋计划,1.7%,235.53,10,5.2%,11.2%
11156,美人鱼,0.7%,103.43,9,2.0%,11.5%
11157,功夫熊猫3,0.6%,91.18,47,0.3%,50.8%
11158,飞鹰艾迪,0.5%,71.23,3,5.8%,2.4%
11159,恐怖禁忌之红旗袍,0.4%,68.14,9,1.8%,12.5%
11160,我和我们——我在周恩来班的故事,0.1%,16.46,106,<0.1%,--
11161,水墨大别山,0.1%,16.39,114,<0.1%,--
11162,床下有人3,0.1%,14.97,6,0.5%,10.5%
11163,寻找心中的你,<0.1%,12.50,3,1.1%,2.9%
11164,西游记之孙悟空三打白骨精,<0.1%,11.92,21,0.1%,43.1%
11165,开罗宣言,<0.1%,3.86,17,<0.1%,39.4%
11166,谍影特工,<0.1%,3.37,4,0.1%,6.8%
11167,哪一天我们会飞,<0.1%,2.66,5,<0.1%,9.4%
11168,箭士柳白猿,<0.1%,2.49,3,0.1%,4.9%
11169,我不是王毛,<0.1%,1.46,3,<0.1%,6.5%
11170,地心营救,<0.1%,1.44,3,0.1%,5.8%
11171,爱情麻辣烫之情定终身,<0.1%,1.34,2,0.1%,3.4%
11172,再见我们的十年,<0.1%,1.26,281,<0.1%,--
11173,澳门风云3,<0.1%,1.20,4,<0.1%,7.6%
11174,疯狂动物城,47.6%,10873.85,61,28.6%,48.4%
11175,荒野猎人,36.3%,8283.75,48,30.8%,34.0%
11176,女汉子真爱公式,5.4%,1243.92,22,11.3%,24.4%
11177,神战：权力之眼,4.0%,934.88,21,7.2%,23.0%
11178,叶问3,2.6%,594.88,16,5.3%,19.9%
11179,洛杉矶捣蛋计划,0.9%,219.06,10,4.3%,11.7%
11180,美人鱼,0.9%,208.05,16,1.9%,23.0%
11181,功夫熊猫3,0.4%,113.70,49,0.3%,61.6%
11182,飞鹰艾迪,0.4%,100.54,5,3.6%,5.4%
11183,恐怖禁忌之红旗袍,0.3%,70.78,10,1.7%,13.2%
11184,太空熊猫英雄归来,0.1%,45.44,6,1.5%,5.9%
11185,床下有人3,<0.1%,22.00,9,0.5%,16.6%
11186,我和我们——我在周恩来班的故事,<0.1%,15.46,114,<0.1%,--
11187,水墨大别山,<0.1%,15.44,121,<0.1%,--
11188,西游记之孙悟空三打白骨精,<0.1%,14.54,26,0.1%,50.2%
11189,寻找心中的你,<0.1%,12.14,3,0.7%,5.0%
11190,地心营救,<0.1%,6.59,10,0.1%,24.2%
11191,箭士柳白猿,<0.1%,3.71,6,<0.1%,10.2%
11192,谍影特工,<0.1%,3.56,5,0.1%,9.3%
11193,我不是王毛,<0.1%,3.35,6,<0.1%,14.9%
11194,托马斯和朋友们：多多岛之迷失宝藏,<0.1%,3.06,11,<0.1%,14.6%
11195,哪一天我们会飞,<0.1%,2.56,7,<0.1%,15.3%
11196,澳门风云3,<0.1%,1.93,7,<0.1%,14.4%
11197,我的诗篇,<0.1%,1.76,94,<0.1%,100%
11198,爱情麻辣烫之情定终身,<0.1%,1.76,3,0.1%,5.5%
11199,卧虎藏龙：青冥宝剑,<0.1%,1.08,4,<0.1%,4.4%
11200,疯狂动物城,48.4%,8589.16,45,30.6%,35.6%
11201,荒野猎人,34.0%,6030.45,36,30.0%,25.6%
11202,女汉子真爱公式,6.0%,1073.82,18,11.5%,20.7%
11203,神战：权力之眼,4.3%,776.91,18,7.1%,19.6%
11204,叶问3,2.9%,514.73,14,5.3%,17.2%
11205,美人鱼,1.1%,209.50,15,2.2%,20.5%
11206,洛杉矶捣蛋计划,0.8%,144.29,7,4.0%,8.7%
11207,飞鹰艾迪,0.5%,99.93,6,2.9%,6.8%
11208,功夫熊猫3,0.5%,94.45,45,0.3%,54.1%
11209,恐怖禁忌之红旗袍,0.2%,46.63,7,1.6%,8.9%
11210,太空熊猫英雄归来,0.2%,39.76,6,1.2%,7.0%
11211,我和我们——我在周恩来班的故事,<0.1%,15.63,103,<0.1%,--
11212,床下有人3,<0.1%,15.58,6,0.5%,10.5%
11213,水墨大别山,<0.1%,15.50,114,<0.1%,--
11214,西游记之孙悟空三打白骨精,<0.1%,14.93,24,0.1%,54.2%
11215,寻找心中的你,<0.1%,8.60,3,0.5%,4.6%
11216,地心营救,<0.1%,6.27,10,<0.1%,26.9%
11217,托马斯和朋友们：多多岛之迷失宝藏,<0.1%,3.96,15,<0.1%,18.6%
11218,谍影特工,<0.1%,3.48,4,0.1%,7.5%
11219,我不是王毛,<0.1%,3.43,7,<0.1%,19.5%
11220,箭士柳白猿,<0.1%,3.24,6,<0.1%,9.6%
11221,哪一天我们会飞,<0.1%,2.17,5,<0.1%,12.2%
11222,爱情麻辣烫之情定终身,<0.1%,1.85,3,0.1%,5.1%
11223,澳门风云3,<0.1%,1.53,6,<0.1%,13.7%
11224,卧虎藏龙：青冥宝剑,<0.1%,1.09,10,<0.1%,13.4%
11225,荒野猎人,41.4%,2440.18,16,30.0%,11.2%
11226,疯狂动物城,31.1%,1831.21,12,28.3%,8.8%
11227,女汉子真爱公式,8.9%,526.35,9,12.4%,10.0%
11228,神战：权力之眼,6.8%,403.18,9,8.3%,9.3%
11229,叶问3,4.2%,248.84,7,6.0%,7.9%
11230,功夫熊猫3,1.5%,91.55,45,0.3%,48.9%
11231,美人鱼,1.4%,83.77,6,2.4%,7.9%
11232,洛杉矶捣蛋计划,1.0%,63.75,4,4.2%,3.9%
11233,飞鹰艾迪,0.7%,42.98,3,3.0%,3.1%
11234,水墨大别山,0.6%,36.39,150,<0.1%,--
11235,我和我们——我在周恩来班的故事,0.6%,36.12,142,<0.1%,--
11236,恐怖禁忌之红旗袍,0.5%,34.75,5,1.7%,6.7%
11237,床下有人3,0.1%,10.99,5,0.5%,7.0%
11238,西游记之孙悟空三打白骨精,0.1%,7.05,10,0.1%,18.7%
11239,再见我们的十年,<0.1%,4.12,344,<0.1%,--
11240,寻找心中的你,<0.1%,4.10,2,0.5%,2.3%
11241,谍影特工,<0.1%,2.31,3,0.1%,5.1%
11242,我们毕业啦,<0.1%,2.15,90,<0.1%,--
11243,箭士柳白猿,<0.1%,1.61,3,0.1%,5.3%
11244,地心营救,<0.1%,1.18,2,0.1%,4.7%
11245,爱情麻辣烫之情定终身,<0.1%,1.15,2,0.1%,3.3%
11246,哪一天我们会飞,<0.1%,1.14,3,<0.1%,4.6%
11247,开罗宣言,<0.1%,1.13,16,<0.1%,36.7%
11248,高跟鞋先生,<0.1%,1.02,6,<0.1%,8.7%
11249,荒野猎人,40.2%,2217.99,15,29.8%,10.5%
11250,疯狂动物城,30.9%,1702.86,11,28.4%,8.2%
11251,女汉子真爱公式,9.3%,516.26,9,12.6%,9.8%
11252,神战：权力之眼,7.4%,411.66,9,8.6%,9.1%
11253,叶问3,4.4%,244.66,7,5.9%,7.9%
11254,美人鱼,1.6%,88.57,6,2.5%,7.8%
11255,功夫熊猫3,1.2%,70.48,42,0.3%,41.2%
11256,洛杉矶捣蛋计划,1.1%,61.91,4,4.0%,4.1%
11257,飞鹰艾迪,0.7%,43.24,3,2.8%,3.3%
11258,我和我们——我在周恩来班的故事,0.6%,35.72,147,<0.1%,--
11259,水墨大别山,0.6%,34.50,149,<0.1%,--
11260,恐怖禁忌之红旗袍,0.6%,34.42,5,1.7%,6.8%
11261,床下有人3,0.2%,11.36,5,0.6%,7.0%
11262,西游记之孙悟空三打白骨精,0.2%,11.17,15,0.1%,29.2%
11263,寻找心中的你,<0.1%,3.66,2,0.5%,2.3%
11264,火锅英雄,<0.1%,3.58,219,<0.1%,100%
11265,谍影特工,<0.1%,3.07,4,0.1%,6.5%
11266,箭士柳白猿,<0.1%,2.02,4,0.1%,6.2%
11267,回乡逗儿,<0.1%,1.80,122,<0.1%,100%
11268,爱情麻辣烫之情定终身,<0.1%,1.37,2,0.1%,3.9%
11269,地心营救,<0.1%,1.12,3,0.1%,5.3%
11270,哪一天我们会飞,<0.1%,1.01,2,<0.1%,5.0%
11271,荒野猎人,38.2%,1893.16,13,29.8%,8.8%
11272,疯狂动物城,30.6%,1516.93,10,28.1%,7.4%
11273,女汉子真爱公式,10.1%,502.26,9,12.8%,9.2%
11274,神战：权力之眼,8.1%,400.77,8,8.8%,8.5%
11275,叶问3,4.8%,241.28,7,6.0%,7.4%
11276,美人鱼,1.7%,88.22,6,2.6%,7.3%
11277,洛杉矶捣蛋计划,1.1%,57.77,4,3.9%,3.9%
11278,功夫熊猫3,1.0%,53.35,34,0.2%,40.8%
11279,飞鹰艾迪,0.8%,43.38,3,2.7%,3.5%
11280,我和我们——我在周恩来班的故事,0.7%,34.62,142,<0.1%,--
11281,水墨大别山,0.6%,34.48,149,<0.1%,100%
11282,恐怖禁忌之红旗袍,0.6%,32.24,5,1.7%,6.1%
11283,床下有人3,0.2%,11.70,4,0.6%,6.6%
11284,西游记之孙悟空三打白骨精,0.1%,6.75,8,0.1%,13.6%
11285,寻找心中的你,<0.1%,3.38,2,0.4%,2.1%
11286,谍影特工,<0.1%,3.27,4,0.2%,6.8%
11287,我不是王毛,<0.1%,2.90,15,<0.1%,31.9%
11288,高跟鞋先生,<0.1%,2.48,12,<0.1%,15.4%
11289,箭士柳白猿,<0.1%,1.68,3,0.1%,4.9%
11290,地心营救,<0.1%,1.43,3,0.1%,4.9%
11291,回乡逗儿,<0.1%,1.10,73,<0.1%,50.7%
11292,不速之客,<0.1%,1.08,95,<0.1%,76.6%
11293,哪一天我们会飞,<0.1%,1.04,3,<0.1%,4.5%
11294,爱情麻辣烫之情定终身,<0.1%,1.03,2,0.1%,3.0%
11295,荒野猎人,30.2%,1583.51,11,29.0%,7.4%
11296,疯狂动物城,26.8%,1407.84,9,27.3%,6.8%
11297,蝙蝠侠大战超人：正义黎明,16.6%,872.38,57,2.3%,29.6%
11298,女汉子真爱公式,8.6%,453.30,8,12.7%,8.1%
11299,神战：权力之眼,7.0%,367.87,8,8.7%,7.5%
11300,叶问3,3.3%,177.98,5,5.8%,5.6%
11301,美人鱼,1.6%,83.80,6,2.6%,6.7%
11302,功夫熊猫3,0.9%,52.17,36,0.2%,45.6%
11303,洛杉矶捣蛋计划,0.9%,50.59,3,3.7%,3.5%
11304,飞鹰艾迪,0.8%,44.68,4,2.5%,3.8%
11305,水墨大别山,0.6%,35.51,156,<0.1%,100%
11306,我和我们——我在周恩来班的故事,0.6%,34.42,146,<0.1%,--
11307,恐怖禁忌之红旗袍,0.5%,27.75,4,1.7%,5.2%
11308,床下有人3,0.1%,10.38,4,0.6%,6.0%
11309,西游记之孙悟空三打白骨精,0.1%,7.36,9,0.1%,15.7%
11310,寻找心中的你,<0.1%,3.44,2,0.4%,2.0%
11311,谍影特工,<0.1%,3.26,5,0.2%,8.1%
11312,不速之客,<0.1%,1.87,121,<0.1%,80.5%
11313,箭士柳白猿,<0.1%,1.71,3,0.1%,4.6%
11314,开罗宣言,<0.1%,1.44,8,<0.1%,20.6%
11315,地心营救,<0.1%,1.33,3,0.1%,4.1%
11316,再见我们的十年,<0.1%,1.16,194,<0.1%,--
11317,爱情麻辣烫之情定终身,<0.1%,1.04,2,0.1%,2.5%
11318,蝙蝠侠大战超人：正义黎明,75.1%,12059.62,45,46.0%,31.1%
11319,疯狂动物城,12.0%,1936.00,23,15.3%,22.8%
11320,荒野猎人,6.5%,1051.59,18,11.7%,18.1%
11321,缘份,1.5%,252.51,12,4.5%,15.0%
11322,女汉子真爱公式,0.8%,128.62,8,3.4%,10.3%
11323,恐怖将映,0.7%,124.23,11,2.5%,12.9%
11324,半熟少女,0.4%,68.71,4,3.9%,4.9%
11325,飞鹰艾迪,0.3%,63.28,25,0.5%,31.1%
11326,神战：权力之眼,0.3%,61.01,7,1.6%,8.6%
11327,喜乐长安,0.3%,59.53,4,3.3%,4.4%
11328,叶问3,0.2%,41.20,6,1.2%,7.6%
11329,功夫熊猫3,0.2%,33.07,48,0.1%,69.2%
11330,水墨大别山,0.1%,31.64,156,<0.1%,100%
11331,我和我们——我在周恩来班的故事,0.1%,31.58,152,<0.1%,--
11332,美人鱼,0.1%,30.79,7,0.7%,10.6%
11333,白毛女,<0.1%,14.92,2,2.1%,1.4%
11334,回乡逗儿,<0.1%,11.35,8,0.3%,8.9%
11335,火锅英雄,<0.1%,4.88,168,<0.1%,73.4%
11336,西游记之孙悟空三打白骨精,<0.1%,4.82,17,<0.1%,27.3%
11337,洛杉矶捣蛋计划,<0.1%,4.37,3,0.4%,4.0%
11338,恐怖禁忌之红旗袍,<0.1%,4.17,3,0.3%,6.5%
11339,开罗宣言,<0.1%,3.08,27,<0.1%,35.6%
11340,哪一天我们会飞,<0.1%,3.04,26,<0.1%,78.5%
11341,床下有人3,<0.1%,3.02,4,0.1%,8.2%
11342,一夜危机,<0.1%,1.49,1,0.3%,1.2%
11343,高跟鞋先生,<0.1%,1.22,15,<0.1%,22.8%
11344,再见我们的十年,<0.1%,1.04,174,<0.1%,--
11345,蝙蝠侠大战超人：正义黎明,64.9%,14620.60,51,45.8%,35.6%
11346,疯狂动物城,22.1%,4985.56,46,19.0%,45.0%
11347,荒野猎人,7.6%,1729.99,29,10.9%,31.2%
11348,缘份,1.1%,264.13,13,4.3%,16.1%
11349,女汉子真爱公式,0.8%,199.67,13,3.1%,17.3%
11350,恐怖将映,0.5%,120.76,12,2.3%,13.5%
11351,神战：权力之眼,0.4%,99.59,12,1.4%,15.6%
11352,叶问3,0.3%,73.74,10,1.1%,14.6%
11353,飞鹰艾迪,0.2%,65.08,27,0.4%,33.3%
11354,半熟少女,0.2%,60.46,5,3.0%,5.8%
11355,美人鱼,0.2%,54.77,12,0.7%,17.1%
11356,功夫熊猫3,0.2%,49.79,45,0.2%,58.5%
11357,喜乐长安,0.1%,42.11,4,2.1%,4.9%
11358,水墨大别山,0.1%,30.29,138,<0.1%,100%
11359,我和我们——我在周恩来班的故事,0.1%,29.59,137,<0.1%,--
11360,太空熊猫英雄归来,0.1%,25.01,6,0.8%,6.7%
11361,白毛女,<0.1%,11.18,2,1.4%,1.9%
11362,回乡逗儿,<0.1%,10.64,9,0.2%,10.9%
11363,摩尔庄园3：魔幻列车大冒险,<0.1%,8.95,3,0.6%,3.3%
11364,睡在我上铺的兄弟,<0.1%,8.92,94,<0.1%,100%
11365,洛杉矶捣蛋计划,<0.1%,8.84,5,0.3%,8.8%
11366,恐怖禁忌之红旗袍,<0.1%,6.21,5,0.3%,9.9%
11367,床下有人3,<0.1%,3.48,6,0.1%,11.6%
11368,西游记之孙悟空三打白骨精,<0.1%,3.41,16,<0.1%,28.0%
11369,谍影特工,<0.1%,2.21,7,<0.1%,14.7%
11370,地心营救,<0.1%,1.37,5,<0.1%,9.3%
11371,一夜危机,<0.1%,1.16,1,0.2%,1.6%
11372,蝙蝠侠大战超人：正义黎明,59.0%,9693.02,35,44.8%,24.1%
11373,疯狂动物城,26.0%,4283.32,37,20.4%,35.7%
11374,荒野猎人,8.6%,1420.06,24,11.1%,24.9%
11375,缘份,1.3%,228.69,11,4.2%,13.7%
11376,女汉子真爱公式,1.0%,179.38,11,3.3%,15.0%
11377,神战：权力之眼,0.5%,91.84,11,1.4%,14.1%
11378,恐怖将映,0.5%,82.93,8,2.2%,9.5%
11379,叶问3,0.3%,65.42,9,1.1%,12.5%
11380,飞鹰艾迪,0.3%,63.03,27,0.4%,32.1%
11381,美人鱼,0.3%,58.28,11,0.8%,16.0%
11382,功夫熊猫3,0.2%,44.43,42,0.2%,60.1%
11383,半熟少女,0.2%,39.10,3,2.7%,4.2%
11384,喜乐长安,0.1%,28.04,4,1.8%,3.9%
11385,太空熊猫英雄归来,0.1%,24.83,6,0.7%,6.7%
11386,火锅英雄,<0.1%,14.84,159,<0.1%,--
11387,白毛女,<0.1%,12.23,2,1.3%,2.0%
11388,我和我们——我在周恩来班的故事,<0.1%,11.70,87,<0.1%,--
11389,水墨大别山,<0.1%,11.63,97,<0.1%,100%
11390,睡在我上铺的兄弟,<0.1%,9.75,86,<0.1%,100%
11391,摩尔庄园3：魔幻列车大冒险,<0.1%,8.31,3,0.6%,3.2%
11392,洛杉矶捣蛋计划,<0.1%,8.16,5,0.3%,9.1%
11393,回乡逗儿,<0.1%,7.54,7,0.2%,8.9%
11394,不速之客,<0.1%,6.73,161,<0.1%,--
11395,恐怖禁忌之红旗袍,<0.1%,4.12,4,0.3%,7.3%
11396,西游记之孙悟空三打白骨精,<0.1%,3.33,14,<0.1%,25.8%
11397,床下有人3,<0.1%,3.10,4,0.1%,8.0%
11398,我不是王毛,<0.1%,2.03,40,<0.1%,100%
11399,谍影特工,<0.1%,1.84,7,<0.1%,13.0%
11400,地心营救,<0.1%,1.25,5,<0.1%,6.9%
11401,箭士柳白猿,<0.1%,1.17,8,<0.1%,16.4%
11402,蝙蝠侠大战超人：正义黎明,58.9%,3073.12,13,43.3%,8.3%
11403,疯狂动物城,18.8%,982.76,10,19.0%,9.5%
11404,荒野猎人,11.6%,608.53,10,12.7%,10.1%
11405,缘份,2.4%,127.08,6,4.9%,7.0%
11406,女汉子真爱公式,2.0%,107.59,6,4.3%,7.2%
11407,恐怖将映,1.1%,62.15,6,2.4%,6.7%
11408,神战：权力之眼,0.9%,51.70,6,1.8%,6.8%
11409,叶问3,0.7%,39.66,6,1.2%,7.4%
11410,美人鱼,0.5%,29.36,5,1.0%,6.8%
11411,功夫熊猫3,0.5%,27.05,51,0.1%,75.2%
11412,半熟少女,0.3%,16.87,2,2.8%,1.8%
11413,西游记之孙悟空三打白骨精,0.3%,16.49,36,<0.1%,57.2%
11414,水墨大别山,0.2%,12.85,170,<0.1%,100%
11415,我和我们——我在周恩来班的故事,0.2%,12.69,168,<0.1%,--
11416,白毛女,0.2%,11.98,2,1.6%,1.7%
11417,喜乐长安,0.1%,9.18,2,1.7%,1.3%
11418,火锅英雄,<0.1%,3.69,166,<0.1%,71.2%
11419,飞鹰艾迪,<0.1%,3.64,4,0.2%,4.4%
11420,回乡逗儿,<0.1%,3.32,4,0.2%,4.1%
11421,洛杉矶捣蛋计划,<0.1%,3.01,2,0.4%,3.1%
11422,恐怖禁忌之红旗袍,<0.1%,2.69,3,0.3%,4.6%
11423,床下有人3,<0.1%,2.22,3,0.1%,6.3%
11424,蝙蝠侠大战超人：正义黎明,55.1%,2633.61,11,42.0%,7.4%
11425,疯狂动物城,20.3%,970.50,10,19.4%,9.0%
11426,荒野猎人,12.7%,607.72,10,13.0%,9.8%
11427,缘份,2.5%,120.43,6,5.1%,6.3%
11428,女汉子真爱公式,2.4%,115.52,6,4.9%,6.9%
11429,恐怖将映,1.2%,59.26,6,2.4%,6.5%
11430,神战：权力之眼,1.2%,58.31,6,2.0%,7.0%
11431,叶问3,0.8%,40.20,5,1.3%,6.9%
11432,美人鱼,0.6%,30.76,5,1.1%,6.7%
11433,西游记之孙悟空三打白骨精,0.5%,27.83,53,<0.1%,88.7%
11434,功夫熊猫3,0.5%,25.56,49,0.1%,76.9%
11435,半熟少女,0.3%,14.84,2,2.5%,1.7%
11436,我和我们——我在周恩来班的故事,0.2%,10.19,197,<0.1%,--
11437,水墨大别山,0.2%,9.78,175,<0.1%,100%
11438,白毛女,0.1%,8.69,2,1.5%,1.2%
11439,喜乐长安,0.1%,7.60,2,1.5%,1.3%
11440,火锅英雄,0.1%,6.70,297,<0.1%,100%
11441,飞鹰艾迪,<0.1%,4.61,4,0.2%,5.0%
11442,洛杉矶捣蛋计划,<0.1%,4.13,3,0.4%,4.1%
11443,回乡逗儿,<0.1%,2.64,3,0.2%,3.7%
11444,恐怖禁忌之红旗袍,<0.1%,2.52,3,0.3%,4.2%
11445,床下有人3,<0.1%,1.96,3,0.1%,5.3%
11446,轩辕大帝,<0.1%,1.89,40,<0.1%,56.4%
11447,地心营救,<0.1%,1.15,6,<0.1%,9.3%
11448,蝙蝠侠大战超人：正义黎明,51.5%,2230.39,10,41.0%,6.4%
11449,疯狂动物城,21.3%,923.30,9,19.7%,8.4%
11450,荒野猎人,13.7%,595.47,10,13.3%,9.2%
11451,女汉子真爱公式,2.9%,125.94,6,5.2%,6.8%
11452,缘份,2.6%,114.09,5,5.1%,5.9%
11453,神战：权力之眼,1.4%,61.83,6,2.0%,6.8%
11454,恐怖将映,1.2%,52.89,5,2.5%,5.7%
11455,叶问3,1.0%,47.46,6,1.3%,7.6%
11456,西游记之孙悟空三打白骨精,0.8%,36.44,63,0.1%,100%
11457,美人鱼,0.7%,32.10,5,1.2%,6.4%
11458,功夫熊猫3,0.6%,27.63,47,0.1%,76.0%
11459,半熟少女,0.3%,13.68,2,2.4%,1.7%
11460,白毛女,0.2%,11.64,2,1.5%,1.8%
11461,我和我们——我在周恩来班的故事,0.2%,10.26,184,<0.1%,--
11462,水墨大别山,0.2%,9.99,193,<0.1%,100%
11463,喜乐长安,0.1%,7.71,2,1.4%,1.5%
11464,飞鹰艾迪,0.1%,4.74,4,0.2%,4.5%
11465,洛杉矶捣蛋计划,0.1%,4.44,2,0.4%,3.6%
11466,恐怖禁忌之红旗袍,<0.1%,2.76,2,0.3%,4.0%
11467,回乡逗儿,<0.1%,1.92,3,0.1%,3.1%
11468,床下有人3,<0.1%,1.81,3,0.2%,4.5%
11469,轩辕大帝,<0.1%,1.75,38,<0.1%,68.8%
11470,再见我们的十年,<0.1%,1.68,266,<0.1%,--
11471,谍影特工,<0.1%,1.14,3,<0.1%,5.3%
11472,蝙蝠侠大战超人：正义黎明,45.4%,1929.76,9,39.7%,5.7%
11473,疯狂动物城,21.4%,910.65,9,19.6%,8.2%
11474,荒野猎人,13.5%,576.11,9,13.2%,8.8%
11475,女汉子真爱公式,2.9%,123.24,6,5.2%,6.4%
11476,我的特工爷爷,2.8%,119.25,35,0.6%,23.8%
11477,缘份,2.7%,115.02,5,5.0%,5.8%
11478,神战：权力之眼,1.6%,69.18,6,2.1%,7.3%
11479,恐怖将映,1.1%,49.86,5,2.4%,5.5%
11480,火锅英雄,1.1%,48.96,14,0.6%,10.0%
11481,叶问3,0.8%,36.07,5,1.4%,6.0%
11482,美人鱼,0.8%,35.30,5,1.2%,6.5%
11483,西游记之孙悟空三打白骨精,0.8%,35.23,60,0.1%,98.6%
11484,功夫熊猫3,0.7%,33.00,50,0.1%,76.6%
11485,睡在我上铺的兄弟,0.4%,19.44,11,0.4%,8.3%
11486,半熟少女,0.2%,11.82,2,2.2%,1.5%
11487,白毛女,0.2%,11.10,2,1.4%,1.8%
11488,飞鹰艾迪,0.1%,6.77,5,0.2%,5.5%
11489,喜乐长安,0.1%,6.52,2,1.3%,1.3%
11490,洛杉矶捣蛋计划,<0.1%,4.09,2,0.4%,3.3%
11491,灵偶契约,<0.1%,2.78,12,<0.1%,11.3%
11492,恐怖禁忌之红旗袍,<0.1%,2.61,3,0.3%,4.3%
11493,轩辕大帝,<0.1%,2.47,41,<0.1%,46.6%
11494,回乡逗儿,<0.1%,2.13,3,0.1%,3.5%
11495,哪一天我们会飞,<0.1%,1.96,24,<0.1%,45.2%
11496,床下有人3,<0.1%,1.74,3,0.1%,4.4%
11497,谍影特工,<0.1%,1.10,3,<0.1%,5.8%
11498,我的特工爷爷,36.5%,5284.81,33,25.7%,24.7%
11499,火锅英雄,24.2%,3512.75,24,23.0%,18.7%
11500,睡在我上铺的兄弟,16.0%,2316.53,19,21.1%,17.6%
11501,蝙蝠侠大战超人：正义黎明,11.9%,1734.69,20,11.3%,13.8%
11502,疯狂动物城,6.5%,940.75,21,6.8%,20.3%
11503,灵偶契约,1.3%,194.20,10,3.6%,11.5%
11504,荒野猎人,1.1%,172.37,16,1.5%,19.3%
11505,不速之客,0.6%,88.00,6,2.6%,6.2%
11506,缘份,0.4%,59.21,13,0.7%,17.4%
11507,水墨大别山,0.2%,40.15,132,<0.1%,100%
11508,我和我们——我在周恩来班的故事,0.2%,39.69,151,<0.1%,--
11509,轩辕大帝,0.1%,20.03,5,0.7%,6.5%
11510,功夫熊猫3,<0.1%,13.30,47,<0.1%,80.1%
11511,神战：权力之眼,<0.1%,8.51,6,0.2%,8.0%
11512,美人鱼,<0.1%,8.11,6,0.2%,9.6%
11513,白毛女,<0.1%,6.84,3,0.4%,2.7%
11514,叶问3,<0.1%,6.73,5,0.1%,7.0%
11515,女汉子真爱公式,<0.1%,4.13,3,0.2%,5.7%
11516,恐怖将映,<0.1%,3.88,4,0.2%,7.8%
11517,开罗宣言,<0.1%,1.96,39,<0.1%,47.8%
11518,喜乐长安,<0.1%,1.83,7,<0.1%,11.4%
11519,我的特工爷爷,27.6%,5595.44,32,25.8%,23.7%
11520,火锅英雄,24.2%,4906.23,33,22.3%,26.3%
11521,疯狂动物城,15.8%,3204.32,48,9.6%,44.2%
11522,蝙蝠侠大战超人：正义黎明,15.7%,3189.81,39,10.2%,27.4%
11523,睡在我上铺的兄弟,11.4%,2314.68,20,19.2%,18.1%
11524,荒野猎人,1.6%,329.31,31,1.4%,38.2%
11525,灵偶契约,1.1%,229.24,13,2.9%,16.1%
11526,太空熊猫英雄归来,0.5%,110.14,7,2.4%,8.0%
11527,不速之客,0.4%,85.66,7,1.8%,8.0%
11528,我和我们——我在周恩来班的故事,0.1%,37.20,146,<0.1%,--
11529,水墨大别山,0.1%,37.01,139,<0.1%,100%
11530,摩尔庄园3：魔幻列车大冒险,0.1%,33.95,6,1.1%,7.0%
11531,缘份,0.1%,27.40,11,0.4%,17.3%
11532,美人鱼,0.1%,21.02,12,0.2%,18.4%
11533,神战：权力之眼,0.1%,20.67,13,0.2%,18.6%
11534,功夫熊猫3,<0.1%,15.75,51,<0.1%,62.3%
11535,轩辕大帝,<0.1%,14.42,5,0.4%,9.3%
11536,叶问3,<0.1%,8.88,7,0.1%,9.5%
11537,女汉子真爱公式,<0.1%,7.06,7,0.1%,13.6%
11538,恐怖将映,<0.1%,6.03,6,0.2%,12.6%
11539,回马亭,<0.1%,2.43,6,<0.1%,--
11540,白毛女,<0.1%,2.08,3,0.1%,3.7%
11541,恐怖禁忌之红旗袍,<0.1%,1.42,4,<0.1%,9.8%
11542,飞鹰艾迪,<0.1%,1.20,12,<0.1%,27.7%
11543,我的特工爷爷,26.0%,5833.22,35,25.3%,25.6%
11544,火锅英雄,25.0%,5608.54,37,22.5%,29.8%
11545,疯狂动物城,18.6%,4179.00,51,11.9%,44.6%
11546,蝙蝠侠大战超人：正义黎明,15.1%,3396.55,41,10.5%,29.0%
11547,睡在我上铺的兄弟,9.9%,2231.95,22,17.0%,20.5%
11548,荒野猎人,1.7%,401.71,34,1.6%,41.3%
11549,灵偶契约,1.1%,252.26,15,2.9%,17.7%
11550,太空熊猫英雄归来,0.5%,121.69,9,2.3%,9.9%
11551,不速之客,0.3%,89.19,8,1.6%,9.1%
11552,摩尔庄园3：魔幻列车大冒险,0.1%,38.75,8,0.9%,9.3%
11553,我和我们——我在周恩来班的故事,0.1%,38.70,125,<0.1%,--
11554,水墨大别山,0.1%,38.18,137,<0.1%,100%
11555,美人鱼,0.1%,34.89,17,0.2%,25.6%
11556,神战：权力之眼,0.1%,31.00,17,0.2%,23.7%
11557,缘份,0.1%,24.47,10,0.4%,15.2%
11558,功夫熊猫3,<0.1%,16.99,50,<0.1%,63.5%
11559,轩辕大帝,<0.1%,14.74,7,0.3%,11.9%
11560,叶问3,<0.1%,10.93,10,0.1%,12.6%
11561,女汉子真爱公式,<0.1%,8.59,9,0.1%,16.6%
11562,恐怖将映,<0.1%,6.73,7,0.1%,15.0%
11563,西游记之孙悟空三打白骨精,<0.1%,2.64,47,<0.1%,88.6%
11564,回马亭,<0.1%,2.11,6,<0.1%,--
11565,飞鹰艾迪,<0.1%,1.84,15,<0.1%,29.3%
11566,恐怖禁忌之红旗袍,<0.1%,1.78,5,<0.1%,13.0%
11567,白毛女,<0.1%,1.71,3,0.1%,4.0%
11568,洛杉矶捣蛋计划,<0.1%,1.12,3,<0.1%,9.5%
11569,火锅英雄,27.1%,4315.29,28,23.0%,22.7%
11570,我的特工爷爷,25.2%,4011.70,25,24.7%,18.5%
11571,疯狂动物城,18.9%,3012.55,36,12.6%,29.3%
11572,蝙蝠侠大战超人：正义黎明,13.3%,2119.84,26,11.0%,18.0%
11573,睡在我上铺的兄弟,9.6%,1537.72,17,15.8%,15.7%
11574,荒野猎人,1.9%,314.93,25,1.8%,28.0%
11575,灵偶契约,1.1%,177.87,11,3.0%,12.6%
11576,太空熊猫英雄归来,0.7%,119.89,9,2.1%,10.8%
11577,不速之客,0.3%,51.67,5,1.5%,5.7%
11578,美人鱼,0.2%,39.54,15,0.3%,20.1%
11579,水墨大别山,0.2%,34.98,131,<0.1%,100%
11580,摩尔庄园3：魔幻列车大冒险,0.2%,34.33,8,0.8%,9.4%
11581,我和我们——我在周恩来班的故事,0.2%,33.12,141,<0.1%,--
11582,神战：权力之眼,0.1%,28.88,13,0.2%,16.7%
11583,缘份,0.1%,16.38,7,0.4%,11.0%
11584,功夫熊猫3,<0.1%,13.29,42,<0.1%,49.3%
11585,轩辕大帝,<0.1%,12.70,6,0.3%,11.1%
11586,女汉子真爱公式,<0.1%,7.45,7,0.1%,12.4%
11587,叶问3,<0.1%,6.94,7,0.1%,8.7%
11588,恐怖将映,<0.1%,5.66,5,0.2%,12.0%
11589,飞鹰艾迪,<0.1%,1.95,11,<0.1%,20.6%
11590,白毛女,<0.1%,1.86,3,0.1%,4.1%
11591,半熟少女,<0.1%,1.84,2,0.1%,3.8%
11592,回马亭,<0.1%,1.78,6,<0.1%,--
11593,恐怖禁忌之红旗袍,<0.1%,1.29,4,<0.1%,8.6%
11594,洛杉矶捣蛋计划,<0.1%,1.22,3,<0.1%,7.8%
11595,火锅英雄,34.8%,1992.80,14,24.4%,10.7%
11596,我的特工爷爷,30.2%,1732.52,12,25.3%,8.7%
11597,睡在我上铺的兄弟,10.8%,620.79,7,16.0%,6.9%
11598,蝙蝠侠大战超人：正义黎明,9.8%,561.67,7,11.5%,5.0%
11599,疯狂动物城,7.8%,449.35,8,10.3%,5.9%
11600,灵偶契约,1.9%,112.42,7,3.4%,7.7%
11601,荒野猎人,1.8%,103.60,8,2.0%,9.0%
11602,水墨大别山,0.4%,28.16,131,<0.1%,100%
11603,我和我们——我在周恩来班的故事,0.4%,26.58,128,<0.1%,--
11604,不速之客,0.3%,21.34,2,1.6%,2.4%
11605,功夫熊猫3,0.2%,12.97,44,<0.1%,67.8%
11606,神战：权力之眼,0.2%,11.65,5,0.3%,6.1%
11607,美人鱼,0.1%,10.57,5,0.3%,5.5%
11608,轩辕大帝,0.1%,6.99,4,0.3%,6.4%
11609,缘份,0.1%,6.77,3,0.4%,4.9%
11610,白毛女,0.1%,6.75,3,0.3%,3.2%
11611,太空熊猫英雄归来,<0.1%,3.60,1,1.1%,0.6%
11612,女汉子真爱公式,<0.1%,3.56,3,0.2%,4.7%
11613,恐怖将映,<0.1%,2.51,3,0.2%,5.7%
11614,再见我们的十年,<0.1%,1.71,85,<0.1%,--
11615,火锅英雄,36.3%,1844.56,13,24.9%,9.6%
11616,我的特工爷爷,29.4%,1491.49,10,25.1%,7.6%
11617,睡在我上铺的兄弟,10.5%,534.67,7,15.7%,6.1%
11618,蝙蝠侠大战超人：正义黎明,9.4%,479.79,6,11.4%,4.3%
11619,疯狂动物城,7.9%,401.39,7,10.3%,5.4%
11620,灵偶契约,2.2%,112.51,7,3.5%,7.5%
11621,荒野猎人,2.0%,101.65,8,2.2%,8.2%
11622,功夫熊猫3,0.4%,24.87,56,<0.1%,72.7%
11623,不速之客,0.2%,14.07,2,1.6%,1.6%
11624,神战：权力之眼,0.2%,12.37,5,0.3%,5.6%
11625,轩辕大帝,0.2%,11.96,7,0.3%,11.1%
11626,美人鱼,0.2%,11.09,4,0.4%,5.1%
11627,白毛女,0.1%,7.59,4,0.4%,3.5%
11628,缘份,0.1%,6.20,3,0.4%,4.2%
11629,女汉子真爱公式,<0.1%,3.31,3,0.2%,4.3%
11630,恐怖将映,<0.1%,2.99,3,0.2%,5.9%
11631,洛杉矶捣蛋计划,<0.1%,2.76,14,<0.1%,41.5%
11632,太空熊猫英雄归来,<0.1%,2.68,1,0.9%,0.5%
11633,火锅英雄,36.8%,1747.84,12,25.1%,8.9%
11634,我的特工爷爷,27.2%,1293.88,9,24.9%,6.6%
11635,睡在我上铺的兄弟,10.4%,494.70,6,15.4%,5.8%
11636,蝙蝠侠大战超人：正义黎明,9.1%,434.13,6,11.2%,4.0%
11637,疯狂动物城,8.0%,382.51,7,10.3%,5.1%
11638,灵偶契约,2.2%,105.76,6,3.5%,6.8%
11639,荒野猎人,2.0%,97.18,7,2.2%,7.7%
11640,伦敦陷落,1.6%,76.91,23,0.6%,13.9%
11641,功夫熊猫3,0.5%,24.25,56,<0.1%,93.0%
11642,轩辕大帝,0.4%,20.83,12,0.3%,20.9%
11643,神战：权力之眼,0.2%,12.35,5,0.4%,5.4%
11644,美人鱼,0.2%,10.77,4,0.4%,4.6%
11645,不速之客,0.1%,9.20,2,1.5%,1.2%
11646,白毛女,0.1%,6.75,4,0.4%,3.4%
11647,缘份,0.1%,6.13,3,0.4%,4.0%
11648,我的老婆是明星,<0.1%,3.61,80,<0.1%,60.7%
11649,女汉子真爱公式,<0.1%,3.33,3,0.2%,4.0%
11650,恐怖将映,<0.1%,2.47,3,0.2%,4.7%
11651,太空熊猫英雄归来,<0.1%,2.31,1,0.8%,0.5%
11652,根据地,<0.1%,1.00,80,<0.1%,100%
11653,伦敦陷落,49.9%,4735.45,25,31.0%,17.7%
11654,火锅英雄,19.9%,1890.94,16,19.2%,12.7%
11655,我的特工爷爷,11.7%,1116.46,11,16.9%,9.3%
11656,疯狂动物城,6.6%,632.59,12,8.1%,10.4%
11657,睡在我上铺的兄弟,4.3%,407.91,9,8.6%,9.0%
11658,蝙蝠侠大战超人：正义黎明,4.2%,403.25,9,6.3%,6.3%
11659,荒野猎人,0.7%,74.85,10,1.1%,11.3%
11660,灵偶契约,0.7%,72.37,9,1.4%,11.4%
11661,我的老婆是明星,0.2%,24.80,3,1.8%,3.0%
11662,午夜寻访录,0.2%,21.96,4,1.0%,4.9%
11663,隔壁惊魂,0.1%,18.95,6,0.7%,7.5%
11664,功夫熊猫3,0.1%,18.53,59,<0.1%,100%
11665,轩辕大帝,0.1%,14.36,20,0.1%,37.4%
11666,白毛女,0.1%,9.91,15,0.1%,23.9%
11667,美人鱼,<0.1%,8.07,5,0.2%,5.7%
11668,神战：权力之眼,<0.1%,6.64,5,0.2%,5.1%
11669,太空熊猫英雄归来,<0.1%,5.88,2,0.5%,2.3%
11670,不速之客,<0.1%,3.19,2,0.3%,2.3%
11671,开罗宣言,<0.1%,2.28,63,<0.1%,65.7%
11672,缘份,<0.1%,2.07,3,0.1%,4.4%
11673,恐怖将映,<0.1%,1.76,3,0.1%,7.7%
11674,女汉子真爱公式,<0.1%,1.71,3,0.1%,4.4%
11675,摩尔庄园3：魔幻列车大冒险,<0.1%,1.06,2,0.1%,2.1%
11676,伦敦陷落,41.2%,6049.92,29,31.0%,19.9%
11677,火锅英雄,20.8%,3050.85,25,18.5%,20.6%
11678,疯狂动物城,13.3%,1964.07,26,11.2%,22.0%
11679,我的特工爷爷,11.4%,1677.08,16,15.9%,14.8%
11680,蝙蝠侠大战超人：正义黎明,5.6%,825.79,18,6.0%,13.4%
11681,睡在我上铺的兄弟,4.3%,633.67,14,7.7%,15.4%
11682,荒野猎人,0.9%,140.49,18,1.1%,21.3%
11683,灵偶契约,0.7%,106.48,14,1.4%,17.2%
11684,太空熊猫英雄归来,0.2%,43.37,6,1.2%,7.8%
11685,我的老婆是明星,0.2%,35.13,5,1.3%,6.0%
11686,午夜寻访录,0.1%,24.83,5,0.9%,6.3%
11687,隔壁惊魂,0.1%,22.57,7,0.6%,9.5%
11688,神战：权力之眼,0.1%,14.72,8,0.2%,10.3%
11689,功夫熊猫3,<0.1%,14.19,42,<0.1%,53.6%
11690,美人鱼,<0.1%,12.54,9,0.1%,12.1%
11691,摩尔庄园3：魔幻列车大冒险,<0.1%,10.87,5,0.4%,6.4%
11692,轩辕大帝,<0.1%,4.02,8,<0.1%,17.2%
11693,纽约纽约,<0.1%,3.93,141,<0.1%,--
11694,不速之客,<0.1%,3.66,3,0.2%,3.4%
11695,缘份,<0.1%,3.26,4,0.1%,7.9%
11696,女汉子真爱公式,<0.1%,3.10,5,0.1%,9.2%
11697,恐怖将映,<0.1%,2.61,5,0.1%,12.4%
11698,伦敦陷落,42.2%,5080.53,25,30.7%,16.7%
11699,火锅英雄,19.6%,2356.58,19,18.7%,15.7%
11700,疯狂动物城,13.8%,1668.94,22,11.6%,18.3%
11701,我的特工爷爷,11.5%,1383.05,14,15.7%,12.5%
11702,蝙蝠侠大战超人：正义黎明,5.2%,626.73,14,6.0%,10.3%
11703,睡在我上铺的兄弟,4.1%,500.27,11,7.7%,12.2%
11704,荒野猎人,0.9%,119.09,15,1.1%,17.7%
11705,灵偶契约,0.6%,79.48,10,1.4%,12.2%
11706,太空熊猫英雄归来,0.4%,48.10,6,1.2%,8.3%
11707,我的老婆是明星,0.2%,27.37,4,1.2%,5.2%
11708,美人鱼,0.1%,16.91,12,0.2%,15.5%
11709,午夜寻访录,0.1%,16.54,4,0.8%,4.5%
11710,隔壁惊魂,0.1%,15.46,5,0.6%,6.9%
11711,神战：权力之眼,0.1%,14.18,8,0.2%,8.6%
11712,功夫熊猫3,0.1%,12.17,35,<0.1%,46.1%
11713,摩尔庄园3：魔幻列车大冒险,<0.1%,11.54,6,0.4%,6.9%
11714,纽约纽约,<0.1%,7.55,187,<0.1%,81.2%
11715,冰河追凶,<0.1%,5.88,174,<0.1%,78.5%
11716,刑警兄弟,<0.1%,4.87,145,<0.1%,100%
11717,洛杉矶捣蛋计划,<0.1%,3.02,21,<0.1%,66.1%
11718,轩辕大帝,<0.1%,2.96,5,0.1%,10.0%
11719,女汉子真爱公式,<0.1%,2.95,5,0.1%,8.4%
11720,缘份,<0.1%,2.85,4,0.1%,6.9%
11721,不速之客,<0.1%,2.27,2,0.2%,2.4%
11722,恐怖将映,<0.1%,2.18,4,0.1%,9.5%
11723,白毛女,<0.1%,1.16,4,<0.1%,6.0%
11724,伦敦陷落,49.2%,2449.97,14,30.9%,9.0%
11725,火锅英雄,19.9%,991.88,9,19.9%,6.7%
11726,我的特工爷爷,12.6%,628.65,7,16.4%,5.9%
11727,疯狂动物城,6.3%,316.50,6,9.2%,4.8%
11728,睡在我上铺的兄弟,4.0%,199.20,5,8.2%,4.8%
11729,蝙蝠侠大战超人：正义黎明,3.9%,197.44,5,6.3%,3.3%
11730,灵偶契约,0.9%,47.22,6,1.7%,6.7%
11731,荒野猎人,0.8%,44.31,6,1.2%,6.5%
11732,我的老婆是明星,0.2%,13.63,2,1.2%,2.6%
11733,隔壁惊魂,0.2%,11.50,4,0.6%,5.2%
11734,功夫熊猫3,0.2%,11.35,42,<0.1%,63.4%
11735,午夜寻访录,0.2%,9.97,3,0.8%,2.9%
11736,白毛女,0.1%,6.28,13,<0.1%,11.9%
11737,美人鱼,0.1%,6.13,5,0.2%,5.7%
11738,摩尔庄园3：魔幻列车大冒险,0.1%,6.10,3,0.1%,4.8%
11739,冰河追凶,0.1%,5.18,165,<0.1%,--
11740,纽约纽约,<0.1%,4.39,130,<0.1%,71.1%
11741,神战：权力之眼,<0.1%,3.94,3,0.1%,3.5%
11742,不速之客,<0.1%,2.54,2,0.2%,1.7%
11743,轩辕大帝,<0.1%,2.40,4,0.1%,8.8%
11744,太空熊猫英雄归来,<0.1%,1.91,1,0.5%,0.7%
11745,女汉子真爱公式,<0.1%,1.50,2,0.1%,3.7%
11746,再见我们的十年,<0.1%,1.37,79,<0.1%,--
11747,缘份,<0.1%,1.33,2,0.1%,2.8%
11748,奇幻森林,<0.1%,1.30,73,<0.1%,52.7%
11749,刑警兄弟,<0.1%,1.24,61,<0.1%,32.3%
11750,恐怖将映,<0.1%,1.14,2,0.1%,5.0%
11751,伦敦陷落,48.5%,2266.19,13,31.0%,8.3%
11752,火锅英雄,20.2%,946.14,8,20.0%,6.5%
11753,我的特工爷爷,12.7%,596.34,7,16.4%,5.7%
11754,疯狂动物城,6.2%,292.84,6,9.1%,4.6%
11755,睡在我上铺的兄弟,4.2%,197.06,5,8.3%,4.8%
11756,蝙蝠侠大战超人：正义黎明,3.9%,185.69,5,6.3%,3.2%
11757,灵偶契约,1.0%,46.97,6,1.8%,6.5%
11758,荒野猎人,0.9%,45.51,6,1.2%,6.6%
11759,功夫熊猫3,0.2%,12.83,42,<0.1%,54.6%
11760,我的老婆是明星,0.2%,11.47,2,1.2%,2.2%
11761,隔壁惊魂,0.2%,11.10,4,0.6%,5.0%
11762,午夜寻访录,0.2%,9.42,3,0.7%,2.9%
11763,美人鱼,0.1%,7.14,5,0.2%,6.3%
11764,白毛女,0.1%,6.22,11,0.1%,11.7%
11765,纽约纽约,0.1%,5.21,127,<0.1%,100%
11766,轩辕大帝,<0.1%,4.40,7,0.1%,14.8%
11767,冰河追凶,<0.1%,1.87,90,<0.1%,50.5%
11768,缘份,<0.1%,1.61,3,0.1%,4.0%
11769,女汉子真爱公式,<0.1%,1.60,2,0.1%,3.7%
11770,不朽的时光,<0.1%,1.38,345,<0.1%,--
11771,不速之客,<0.1%,1.26,1,0.2%,1.3%
11772,再见我们的十年,<0.1%,1.16,146,<0.1%,--
11773,太空熊猫英雄归来,<0.1%,1.12,1,0.4%,0.6%
11774,恐怖将映,<0.1%,1.02,2,0.1%,4.2%
11775,伦敦陷落,47.3%,2019.83,11,31.2%,7.4%
11776,火锅英雄,20.4%,874.00,8,20.1%,6.0%
11777,我的特工爷爷,13.0%,555.39,6,16.3%,5.2%
11778,疯狂动物城,6.7%,286.16,6,9.0%,4.5%
11779,睡在我上铺的兄弟,4.5%,192.48,5,8.3%,4.6%
11780,蝙蝠侠大战超人：正义黎明,4.0%,170.87,4,6.2%,3.0%
11781,灵偶契约,1.0%,46.15,5,1.8%,6.2%
11782,荒野猎人,1.0%,44.64,6,1.3%,6.4%
11783,功夫熊猫3,0.2%,12.63,40,<0.1%,53.9%
11784,我的老婆是明星,0.2%,10.81,2,1.2%,2.1%
11785,隔壁惊魂,0.2%,10.04,4,0.6%,4.4%
11786,午夜寻访录,0.2%,8.92,3,0.7%,2.7%
11787,美人鱼,0.1%,6.18,4,0.2%,4.8%
11788,白毛女,0.1%,5.41,10,<0.1%,10.1%
11789,喜乐长安,<0.1%,2.49,51,<0.1%,99.7%
11790,轩辕大帝,<0.1%,2.48,4,0.1%,8.0%
11791,冰河追凶,<0.1%,2.32,89,<0.1%,51.5%
11792,垫底辣妹,<0.1%,2.13,10,<0.1%,7.8%
11793,女汉子真爱公式,<0.1%,1.55,2,0.1%,3.7%
11794,不速之客,<0.1%,1.47,2,0.2%,1.7%
11795,高跟鞋先生,<0.1%,1.28,19,<0.1%,24.7%
11796,缘份,<0.1%,1.22,2,0.1%,2.7%
11797,恐怖将映,<0.1%,1.21,2,0.1%,4.0%
11798,刑警兄弟,<0.1%,1.12,51,<0.1%,47.4%
11799,太空熊猫英雄归来,<0.1%,1.11,1,0.4%,0.6%
11800,飞鹰艾迪,<0.1%,1.01,8,<0.1%,12.0%
11801,伦敦陷落,40.0%,1826.75,11,28.8%,7.1%
11802,火锅英雄,17.3%,791.04,8,17.9%,6.0%
11803,垫底辣妹,13.5%,617.97,10,13.0%,8.3%
11804,我的特工爷爷,9.9%,455.13,6,13.8%,5.2%
11805,疯狂动物城,5.5%,252.16,6,7.3%,4.8%
11806,奇幻森林,4.1%,188.32,28,1.0%,13.5%
11807,蝙蝠侠大战超人：正义黎明,3.1%,141.44,4,4.9%,2.9%
11808,睡在我上铺的兄弟,3.0%,139.46,4,6.2%,4.5%
11809,灵偶契约,0.7%,35.00,5,1.4%,6.2%
11810,荒野猎人,0.7%,33.73,6,0.9%,6.5%
11811,功夫熊猫3,0.2%,11.49,46,<0.1%,67.9%
11812,白毛女,0.2%,9.64,20,<0.1%,22.4%
11813,隔壁惊魂,0.1%,7.42,4,0.5%,4.6%
11814,冰河追凶,0.1%,6.86,12,<0.1%,9.4%
11815,午夜寻访录,0.1%,5.82,2,0.5%,2.6%
11816,我的老婆是明星,0.1%,5.74,2,0.7%,2.0%
11817,美人鱼,0.1%,4.84,4,0.2%,5.0%
11818,轩辕大帝,<0.1%,3.79,6,0.1%,15.8%
11819,废柴特工,<0.1%,2.31,5,<0.1%,3.8%
11820,根据地,<0.1%,2.05,78,<0.1%,93.7%
11821,纽约纽约,<0.1%,1.34,5,<0.1%,4.2%
11822,女汉子真爱公式,<0.1%,1.27,2,0.1%,3.7%
11823,缘份,<0.1%,1.08,2,0.1%,3.2%
11824,不速之客,<0.1%,1.05,2,0.1%,2.0%
11825,恐怖将映,<0.1%,1.00,2,0.1%,4.1%
11826,奇幻森林,66.0%,7803.71,35,33.7%,22.0%
11827,伦敦陷落,10.9%,1292.67,18,11.9%,15.2%
11828,冰河追凶,7.6%,902.60,11,15.5%,9.4%
11829,垫底辣妹,3.8%,452.83,16,5.0%,15.6%
11830,废柴特工,3.6%,430.96,7,11.1%,6.2%
11831,纽约纽约,2.2%,264.73,5,8.8%,5.3%
11832,火锅英雄,2.2%,262.18,11,3.8%,11.2%
11833,疯狂动物城,1.0%,126.22,11,1.8%,11.1%
11834,猫脸老太太,0.6%,81.25,8,2.1%,10.1%
11835,我的特工爷爷,0.6%,75.75,6,2.0%,7.3%
11836,蝙蝠侠大战超人：正义黎明,0.2%,28.99,7,0.5%,7.3%
11837,睡在我上铺的兄弟,0.1%,22.84,6,0.6%,8.0%
11838,不朽的时光,0.1%,15.46,5,0.5%,5.4%
11839,白毛女,0.1%,13.32,31,<0.1%,34.4%
11840,荒野猎人,<0.1%,10.00,8,0.1%,9.7%
11841,功夫熊猫3,<0.1%,7.06,47,<0.1%,82.0%
11842,灵偶契约,<0.1%,6.82,7,0.1%,11.1%
11843,谁的青春不迷茫,<0.1%,5.39,269,<0.1%,100%
11844,轩辕大帝,<0.1%,2.63,15,<0.1%,52.8%
11845,摩尔庄园3：魔幻列车大冒险,<0.1%,1.52,10,<0.1%,18.5%
11846,美人鱼,<0.1%,1.49,4,<0.1%,6.3%
11847,太空熊猫英雄归来,<0.1%,1.39,2,0.1%,2.8%
11848,根据地,<0.1%,1.19,80,<0.1%,60.2%
11849,再见我们的十年,<0.1%,1.16,290,<0.1%,--
11850,刑警兄弟,<0.1%,1.03,46,<0.1%,37.5%
11851,奇幻森林,69.1%,13061.24,50,36.8%,32.1%
11852,伦敦陷落,11.1%,2102.78,26,12.6%,22.5%
11853,冰河追凶,5.3%,1004.27,13,13.8%,11.5%
11854,疯狂动物城,3.0%,574.91,27,3.3%,26.0%
11855,垫底辣妹,3.0%,569.17,19,5.2%,18.4%
11856,废柴特工,2.5%,486.35,9,9.2%,8.5%
11857,火锅英雄,2.3%,438.66,18,3.5%,20.0%
11858,纽约纽约,1.0%,205.85,5,6.3%,5.6%
11859,我的特工爷爷,0.6%,124.97,11,1.7%,14.1%
11860,猫脸老太太,0.5%,101.74,10,1.9%,12.7%
11861,蝙蝠侠大战超人：正义黎明,0.3%,59.59,14,0.5%,17.6%
11862,马小乐之玩具也疯狂,0.2%,38.19,5,1.4%,5.1%
11863,睡在我上铺的兄弟,0.1%,37.63,11,0.6%,14.8%
11864,荒野猎人,0.1%,20.92,16,0.1%,21.0%
11865,不朽的时光,<0.1%,15.82,7,0.4%,8.4%
11866,灵偶契约,<0.1%,11.80,11,0.1%,16.0%
11867,太空熊猫英雄归来,<0.1%,6.49,4,0.3%,5.0%
11868,刑警兄弟,<0.1%,5.15,134,<0.1%,73.5%
11869,功夫熊猫3,<0.1%,5.13,29,<0.1%,40.9%
11870,美人鱼,<0.1%,3.66,8,<0.1%,11.8%
11871,白毛女,<0.1%,3.28,12,<0.1%,16.9%
11872,我的老婆是明星,<0.1%,1.51,3,0.1%,5.8%
11873,午夜寻访录,<0.1%,1.38,4,<0.1%,9.0%
11874,女汉子真爱公式,<0.1%,1.18,5,<0.1%,7.9%
11875,隔壁惊魂,<0.1%,1.13,5,<0.1%,7.6%
11876,摩尔庄园3：魔幻列车大冒险,<0.1%,1.10,3,<0.1%,4.0%
11877,奇幻森林,68.9%,10758.27,41,37.8%,26.1%
11878,伦敦陷落,10.7%,1682.07,19,13.2%,17.2%
11879,冰河追凶,5.0%,794.81,11,13.1%,9.8%
11880,疯狂动物城,3.6%,574.21,23,3.8%,22.5%
11881,垫底辣妹,3.1%,494.93,16,5.3%,15.6%
11882,废柴特工,2.4%,376.50,7,8.3%,7.4%
11883,火锅英雄,2.3%,372.95,14,3.8%,15.8%
11884,纽约纽约,1.0%,159.83,5,5.4%,5.2%
11885,我的特工爷爷,0.7%,115.00,9,1.8%,12.5%
11886,猫脸老太太,0.4%,75.27,7,2.0%,9.3%
11887,蝙蝠侠大战超人：正义黎明,0.3%,47.60,10,0.5%,13.2%
11888,马小乐之玩具也疯狂,0.2%,41.85,6,1.3%,6.3%
11889,睡在我上铺的兄弟,0.2%,36.80,9,0.6%,13.3%
11890,荒野猎人,<0.1%,14.93,12,0.1%,15.2%
11891,不朽的时光,<0.1%,10.41,5,0.3%,5.8%
11892,灵偶契约,<0.1%,8.53,7,0.2%,9.9%
11893,太空熊猫英雄归来,<0.1%,6.81,4,0.3%,5.7%
11894,功夫熊猫3,<0.1%,6.47,33,<0.1%,49.4%
11895,美人鱼,<0.1%,5.44,9,<0.1%,13.8%
11896,刑警兄弟,<0.1%,4.68,102,<0.1%,75.8%
11897,白毛女,<0.1%,3.39,13,<0.1%,20.2%
11898,喜乐长安,<0.1%,1.81,60,<0.1%,100%
11899,我的老婆是明星,<0.1%,1.51,2,0.1%,5.8%
11900,摩尔庄园3：魔幻列车大冒险,<0.1%,1.49,4,<0.1%,5.2%
11901,女汉子真爱公式,<0.1%,1.06,5,<0.1%,6.9%
11902,隔壁惊魂,<0.1%,1.01,4,<0.1%,6.9%
11903,奇幻森林,66.6%,3702.58,16,37.6%,10.0%
11904,伦敦陷落,11.3%,630.96,8,14.3%,6.2%
11905,冰河追凶,6.7%,374.23,6,13.6%,4.9%
11906,垫底辣妹,3.8%,212.03,7,6.1%,6.4%
11907,火锅英雄,3.1%,172.48,6,4.5%,6.4%
11908,废柴特工,3.0%,170.22,4,8.6%,3.5%
11909,纽约纽约,1.3%,75.99,3,5.4%,2.7%
11910,我的特工爷爷,1.0%,56.10,5,2.1%,5.5%
11911,猫脸老太太,0.9%,53.67,5,2.1%,6.7%
11912,睡在我上铺的兄弟,0.3%,21.87,5,0.7%,6.3%
11913,蝙蝠侠大战超人：正义黎明,0.3%,18.66,4,0.6%,4.5%
11914,国家利益,0.2%,16.24,2,1.6%,1.8%
11915,谁的青春不迷茫,0.2%,11.54,59,<0.1%,100%
11916,白毛女,0.1%,8.79,24,<0.1%,30.3%
11917,功夫熊猫3,0.1%,5.84,27,<0.1%,33.8%
11918,灵偶契约,0.1%,5.68,5,0.2%,6.3%
11919,不朽的时光,<0.1%,4.34,3,0.3%,3.1%
11920,美人鱼,<0.1%,2.98,5,0.1%,6.6%
11921,奇幻森林,64.8%,3410.78,15,37.7%,9.3%
11922,伦敦陷落,12.1%,639.93,8,14.6%,6.2%
11923,冰河追凶,6.9%,364.26,6,13.3%,5.0%
11924,垫底辣妹,3.9%,207.68,7,6.2%,6.1%
11925,火锅英雄,3.2%,172.98,6,4.8%,6.3%
11926,废柴特工,3.1%,163.12,4,8.3%,3.6%
11927,纽约纽约,1.2%,67.93,3,5.0%,2.7%
11928,我的特工爷爷,1.0%,55.97,4,2.3%,5.2%
11929,猫脸老太太,0.9%,52.55,5,2.2%,6.4%
11930,睡在我上铺的兄弟,0.6%,35.47,8,0.8%,10.1%
11931,蝙蝠侠大战超人：正义黎明,0.3%,19.22,4,0.7%,4.9%
11932,国家利益,0.2%,15.44,2,1.6%,1.8%
11933,白毛女,0.1%,9.09,23,<0.1%,29.3%
11934,灵偶契约,0.1%,5.56,4,0.2%,6.0%
11935,谁的青春不迷茫,0.1%,5.33,222,<0.1%,100%
11936,功夫熊猫3,<0.1%,4.62,22,<0.1%,31.4%
11937,我的新野蛮女友,<0.1%,4.60,113,<0.1%,--
11938,不朽的时光,<0.1%,4.03,3,0.3%,2.6%
11939,美人鱼,<0.1%,2.70,4,0.1%,4.3%
11940,再见我们的十年,<0.1%,2.27,308,<0.1%,--
11941,女神时代,<0.1%,2.08,321,<0.1%,100.0%
11942,奇幻森林,63.0%,3035.79,13,37.9%,8.3%
11943,伦敦陷落,12.8%,621.06,7,14.7%,6.0%
11944,冰河追凶,7.2%,346.72,5,13.2%,4.8%
11945,垫底辣妹,4.1%,198.83,7,6.3%,5.8%
11946,火锅英雄,3.5%,170.70,6,4.9%,6.0%
11947,废柴特工,3.1%,149.52,4,8.1%,3.3%
11948,纽约纽约,1.3%,63.79,3,4.8%,2.6%
11949,我的特工爷爷,1.2%,58.32,5,2.3%,5.2%
11950,猫脸老太太,1.0%,50.78,5,2.2%,6.1%
11951,睡在我上铺的兄弟,0.7%,34.31,7,0.8%,9.4%
11952,蝙蝠侠大战超人：正义黎明,0.3%,16.90,4,0.7%,4.2%
11953,国家利益,0.2%,12.92,2,1.4%,1.7%
11954,白毛女,0.2%,10.51,28,<0.1%,36.7%
11955,功夫熊猫3,0.1%,7.74,30,<0.1%,41.5%
11956,灵偶契约,0.1%,5.57,4,0.2%,5.7%
11957,我的新野蛮女友,0.1%,5.33,232,<0.1%,100%
11958,不朽的时光,<0.1%,3.43,2,0.3%,2.2%
11959,谁的青春不迷茫,<0.1%,2.84,54,<0.1%,45.7%
11960,美人鱼,<0.1%,2.73,4,0.1%,4.3%
11961,缘份,<0.1%,2.48,7,<0.1%,20.1%
11962,不速之客,<0.1%,2.24,39,<0.1%,69.4%
11963,情花谷,<0.1%,1.40,8,<0.1%,11.0%
11964,再见我们的十年,<0.1%,1.11,279,<0.1%,--
11965,奇幻森林,62.5%,2916.51,13,37.5%,8.0%
11966,伦敦陷落,12.4%,578.49,7,14.8%,5.5%
11967,冰河追凶,6.7%,313.94,5,13.1%,4.3%
11968,垫底辣妹,4.2%,197.70,6,6.3%,5.7%
11969,火锅英雄,3.5%,163.94,6,5.0%,5.7%
11970,废柴特工,2.8%,133.44,3,7.9%,3.0%
11971,纽约纽约,1.2%,60.61,3,4.6%,2.5%
11972,猎神：冬日之战,1.2%,57.63,17,0.5%,9.2%
11973,我的特工爷爷,1.1%,55.07,4,2.3%,4.8%
11974,猫脸老太太,1.0%,50.88,5,2.2%,6.0%
11975,睡在我上铺的兄弟,0.5%,23.68,5,0.8%,6.6%
11976,谁的青春不迷茫,0.4%,21.41,18,0.2%,13.1%
11977,蝙蝠侠大战超人：正义黎明,0.3%,17.17,4,0.7%,4.2%
11978,我的新野蛮女友,0.3%,15.48,16,0.1%,12.8%
11979,国家利益,0.2%,11.35,2,1.3%,1.6%
11980,白毛女,0.2%,9.94,23,<0.1%,30.7%
11981,灵偶契约,0.1%,5.82,5,0.2%,5.9%
11982,功夫熊猫3,0.1%,5.05,24,<0.1%,31.8%
11983,刑警兄弟,<0.1%,4.62,18,<0.1%,15.6%
11984,不朽的时光,<0.1%,2.89,2,0.3%,1.9%
11985,美人鱼,<0.1%,2.79,4,0.1%,4.0%
11986,缘份,<0.1%,2.53,8,<0.1%,21.6%
11987,再见我们的十年,<0.1%,2.31,267,<0.1%,--
11988,根据地,<0.1%,2.06,66,<0.1%,100%
11989,奇幻森林,34.8%,3863.57,28,21.3%,18.6%
11990,谁的青春不迷茫,28.7%,3192.36,24,22.8%,21.1%
11991,猎神：冬日之战,20.5%,2274.94,17,21.7%,11.9%
11992,我的新野蛮女友,7.6%,845.00,11,15.3%,10.1%
11993,刑警兄弟,3.2%,360.95,10,6.4%,10.2%
11994,伦敦陷落,1.8%,201.34,11,2.9%,10.5%
11995,失眠男女,0.7%,80.45,10,1.6%,11.7%
11996,垫底辣妹,0.6%,75.82,14,0.9%,15.2%
11997,火锅英雄,0.3%,40.91,8,0.8%,8.9%
11998,冰河追凶,0.2%,28.96,4,1.2%,5.1%
11999,恐怖照相机,0.1%,18.73,6,0.7%,7.9%
12000,白毛女,0.1%,13.50,31,<0.1%,44.0%
12001,猫脸老太太,0.1%,11.91,6,0.4%,9.2%
12002,睡在我上铺的兄弟,<0.1%,10.34,10,0.1%,13.2%
12003,我的特工爷爷,<0.1%,9.74,5,0.3%,6.2%
12004,女神时代,<0.1%,8.63,5,0.3%,7.0%
12005,废柴特工,<0.1%,8.44,3,0.5%,3.9%
12006,北京遇上西雅图之不二情书,<0.1%,6.04,1365,<0.1%,99.7%
12007,蝙蝠侠大战超人：正义黎明,<0.1%,4.84,5,0.1%,5.7%
12008,纽约纽约,<0.1%,4.34,3,0.2%,3.5%
12009,我的1000万,<0.1%,3.55,3,0.2%,3.6%
12010,情花谷,<0.1%,3.25,34,<0.1%,100%
12011,不朽的时光,<0.1%,3.06,3,0.2%,2.1%
12012,临时约定,<0.1%,3.05,47,<0.1%,50.6%
12013,功夫熊猫3,<0.1%,2.36,19,<0.1%,27.7%
12014,国家利益,<0.1%,1.81,3,0.1%,4.0%
12015,再见我们的十年,<0.1%,1.73,174,<0.1%,--
12016,根据地,<0.1%,1.43,64,<0.1%,55.4%
12017,轩辕大帝,<0.1%,1.00,17,<0.1%,95.8%
12018,奇幻森林,49.2%,8399.47,47,25.7%,32.0%
12019,谁的青春不迷茫,21.6%,3686.79,27,22.2%,22.3%
12020,猎神：冬日之战,15.4%,2633.63,19,20.3%,14.5%
12021,我的新野蛮女友,5.1%,875.72,11,13.5%,11.6%
12022,刑警兄弟,2.9%,503.90,15,5.7%,15.8%
12023,伦敦陷落,2.2%,391.12,20,2.7%,20.9%
12024,垫底辣妹,0.9%,164.66,27,1.0%,29.7%
12025,火锅英雄,0.4%,73.95,13,0.8%,16.2%
12026,马小乐之玩具也疯狂,0.3%,56.15,8,1.1%,9.0%
12027,失眠男女,0.3%,55.96,9,1.2%,10.7%
12028,冰河追凶,0.2%,40.69,7,0.9%,8.9%
12029,恐怖照相机,0.1%,27.74,7,0.8%,9.9%
12030,猫脸老太太,0.1%,19.48,9,0.4%,12.7%
12031,我的特工爷爷,<0.1%,13.84,7,0.3%,9.4%
12032,蝙蝠侠大战超人：正义黎明,<0.1%,13.44,10,0.1%,15.3%
12033,废柴特工,<0.1%,13.17,5,0.4%,7.8%
12034,睡在我上铺的兄弟,<0.1%,11.73,13,0.1%,19.8%
12035,白毛女,<0.1%,8.17,35,<0.1%,49.1%
12036,纽约纽约,<0.1%,6.98,5,0.2%,6.9%
12037,女神时代,<0.1%,5.60,5,0.2%,8.0%
12038,功夫熊猫3,<0.1%,4.17,23,<0.1%,28.2%
12039,太空熊猫英雄归来,<0.1%,3.47,4,0.1%,8.2%
12040,魔宫魅影,<0.1%,3.32,58,<0.1%,45.3%
12041,临时约定,<0.1%,3.23,47,<0.1%,38.8%
12042,灵偶契约,<0.1%,3.04,9,<0.1%,14.6%
12043,我的1000万,<0.1%,3.03,3,0.1%,3.9%
12044,不朽的时光,<0.1%,2.75,4,0.1%,3.3%
12045,国家利益,<0.1%,2.14,4,<0.1%,5.8%
12046,美人鱼,<0.1%,2.01,7,<0.1%,8.7%
12047,摩尔庄园3：魔幻列车大冒险,<0.1%,1.29,5,<0.1%,7.8%
12048,我的诗篇,<0.1%,1.18,64,<0.1%,100%
12049,奇幻森林,50.2%,7084.15,38,27.5%,25.2%
12050,谁的青春不迷茫,21.7%,3062.57,22,22.1%,18.5%
12051,猎神：冬日之战,13.7%,1935.66,15,19.4%,11.4%
12052,我的新野蛮女友,4.6%,655.20,9,12.6%,9.4%
12053,刑警兄弟,3.4%,493.17,15,5.7%,15.4%
12054,伦敦陷落,2.5%,364.68,17,2.9%,17.8%
12055,垫底辣妹,1.1%,159.30,23,1.1%,25.0%
12056,火锅英雄,0.4%,66.74,12,0.8%,14.3%
12057,马小乐之玩具也疯狂,0.4%,60.78,9,1.1%,10.1%
12058,冰河追凶,0.2%,33.08,6,0.9%,7.4%
12059,失眠男女,0.2%,30.71,6,1.0%,7.2%
12060,恐怖照相机,0.1%,17.54,5,0.8%,6.1%
12061,猫脸老太太,0.1%,14.17,7,0.4%,9.6%
12062,梦想合伙人,<0.1%,14.08,134,<0.1%,100%
12063,睡在我上铺的兄弟,<0.1%,13.66,16,0.1%,21.1%
12064,我的特工爷爷,<0.1%,13.58,7,0.3%,9.2%
12065,废柴特工,<0.1%,12.41,5,0.4%,7.1%
12066,蝙蝠侠大战超人：正义黎明,<0.1%,11.52,9,0.1%,12.4%
12067,恐怖将映,<0.1%,5.35,12,<0.1%,66.4%
12068,纽约纽约,<0.1%,4.97,4,0.1%,5.4%
12069,功夫熊猫3,<0.1%,4.67,25,<0.1%,28.9%
12070,大唐玄奘,<0.1%,3.74,135,<0.1%,100%
12071,临时约定,<0.1%,3.32,50,<0.1%,60.7%
12072,美人鱼,<0.1%,3.27,11,<0.1%,15.0%
12073,太空熊猫英雄归来,<0.1%,3.26,4,0.1%,7.6%
12074,不朽的时光,<0.1%,2.91,4,0.1%,4.0%
12075,灵偶契约,<0.1%,2.89,8,<0.1%,12.1%
12076,魔宫魅影,<0.1%,2.84,141,<0.1%,62.8%
12077,白毛女,<0.1%,2.65,15,<0.1%,21.3%
12078,我的1000万,<0.1%,2.20,3,0.1%,3.5%
12079,女神时代,<0.1%,2.18,2,0.2%,3.3%
12080,不速之客,<0.1%,1.99,54,<0.1%,100%
12081,情花谷,<0.1%,1.72,28,<0.1%,100%
12082,国家利益,<0.1%,1.64,4,<0.1%,4.7%
12083,摩尔庄园3：魔幻列车大冒险,<0.1%,1.15,5,<0.1%,9.5%
12084,奇幻森林,38.8%,1951.78,12,26.8%,7.8%
12085,谁的青春不迷茫,27.2%,1367.80,11,22.4%,8.9%
12086,猎神：冬日之战,16.1%,810.97,7,19.7%,5.3%
12087,我的新野蛮女友,5.4%,271.43,5,12.3%,4.4%
12088,刑警兄弟,5.2%,264.51,8,6.3%,8.1%
12089,伦敦陷落,2.9%,146.99,7,3.4%,7.0%
12090,垫底辣妹,1.1%,55.50,8,1.3%,7.9%
12091,火锅英雄,0.5%,28.92,5,0.9%,5.8%
12092,睡在我上铺的兄弟,0.3%,19.26,18,0.1%,23.2%
12093,冰河追凶,0.3%,16.92,3,1.1%,3.5%
12094,梦想合伙人,0.3%,15.93,145,<0.1%,90.3%
12095,恐怖照相机,0.2%,13.51,4,0.9%,4.6%
12096,猫脸老太太,0.2%,10.20,5,0.5%,6.6%
12097,失眠男女,0.1%,7.90,2,1.0%,2.1%
12098,我的特工爷爷,0.1%,6.42,3,0.3%,3.9%
12099,废柴特工,0.1%,6.02,3,0.4%,3.2%
12100,功夫熊猫3,<0.1%,4.48,26,<0.1%,39.9%
12101,情花谷,<0.1%,3.06,37,<0.1%,100%
12102,临时约定,<0.1%,2.96,45,<0.1%,41.1%
12103,纽约纽约,<0.1%,2.75,2,0.2%,2.6%
12104,再见我们的十年,<0.1%,2.43,96,<0.1%,--
12105,灵偶契约,<0.1%,2.14,5,<0.1%,7.8%
12106,我的1000万,<0.1%,1.40,2,0.1%,2.1%
12107,奇幻森林,38.6%,1848.71,11,27.3%,7.3%
12108,谁的青春不迷茫,26.9%,1287.40,10,22.7%,8.4%
12109,猎神：冬日之战,15.8%,759.23,7,19.3%,5.2%
12110,刑警兄弟,5.7%,272.85,8,6.4%,8.2%
12111,我的新野蛮女友,5.2%,249.32,5,11.6%,4.3%
12112,伦敦陷落,3.2%,156.38,7,3.6%,7.0%
12113,垫底辣妹,1.2%,57.74,8,1.4%,7.6%
12114,火锅英雄,0.6%,30.95,6,0.9%,6.2%
12115,睡在我上铺的兄弟,0.4%,21.23,18,0.1%,20.8%
12116,冰河追凶,0.3%,15.84,3,1.1%,3.4%
12117,恐怖照相机,0.2%,12.85,4,1.0%,4.4%
12118,猫脸老太太,0.2%,10.20,5,0.5%,6.5%
12119,梦想合伙人,0.1%,7.92,153,<0.1%,68.7%
12120,我的特工爷爷,0.1%,7.86,4,0.3%,5.0%
12121,废柴特工,0.1%,6.95,3,0.4%,3.9%
12122,失眠男女,0.1%,6.43,2,1.0%,1.8%
12123,功夫熊猫3,0.1%,5.66,31,<0.1%,49.4%
12124,纽约纽约,<0.1%,3.11,3,0.2%,3.2%
12125,我的1000万,<0.1%,2.92,4,0.1%,6.6%
12126,临时约定,<0.1%,2.24,30,<0.1%,28.3%
12127,情花谷,<0.1%,2.08,36,<0.1%,36.5%
12128,灵偶契约,<0.1%,1.94,5,<0.1%,6.3%
12129,再见我们的十年,<0.1%,1.84,161,<0.1%,--
12130,国家利益,<0.1%,1.69,3,<0.1%,4.1%
12131,白毛女,<0.1%,1.22,13,<0.1%,9.1%
12132,美人鱼,<0.1%,1.11,4,<0.1%,4.0%
12133,奇幻森林,39.0%,1702.49,11,27.4%,6.7%
12134,谁的青春不迷茫,26.3%,1149.26,9,23.2%,7.3%
12135,猎神：冬日之战,15.3%,668.94,6,18.7%,4.7%
12136,刑警兄弟,5.8%,257.12,8,6.6%,7.5%
12137,我的新野蛮女友,5.1%,222.98,4,11.2%,4.1%
12138,伦敦陷落,3.4%,151.93,7,3.7%,6.5%
12139,垫底辣妹,1.2%,54.82,7,1.5%,6.9%
12140,火锅英雄,0.6%,26.45,5,0.9%,5.3%
12141,睡在我上铺的兄弟,0.4%,19.17,16,0.1%,20.7%
12142,冰河追凶,0.3%,14.66,3,1.1%,3.0%
12143,梦想合伙人,0.3%,13.12,160,<0.1%,78.1%
12144,恐怖照相机,0.2%,12.32,3,1.0%,4.1%
12145,猫脸老太太,0.2%,10.93,5,0.5%,6.4%
12146,废柴特工,0.1%,7.97,3,0.4%,3.9%
12147,功夫熊猫3,0.1%,7.95,37,<0.1%,48.2%
12148,失眠男女,0.1%,6.79,2,0.8%,2.2%
12149,我的特工爷爷,0.1%,6.74,4,0.3%,4.5%
12150,魔宫魅影,0.1%,5.06,102,<0.1%,70.6%
12151,临时约定,<0.1%,3.47,43,<0.1%,36.5%
12152,纽约纽约,<0.1%,3.31,2,0.2%,3.1%
12153,我的老婆是明星,<0.1%,2.64,8,<0.1%,24.9%
12154,我的1000万,<0.1%,2.51,7,0.1%,10.9%
12155,白毛女,<0.1%,2.20,19,<0.1%,17.6%
12156,灵偶契约,<0.1%,1.77,4,<0.1%,5.8%
12157,再见我们的十年,<0.1%,1.38,116,<0.1%,--
12158,大唐玄奘,<0.1%,1.34,67,<0.1%,32.4%
12159,美人鱼,<0.1%,1.08,3,<0.1%,3.4%
12160,情花谷,<0.1%,1.00,25,<0.1%,100%
12161,奇幻森林,39.6%,1677.36,10,27.4%,6.6%
12162,谁的青春不迷茫,24.7%,1046.87,8,23.2%,6.5%
12163,猎神：冬日之战,14.5%,615.13,6,18.4%,4.4%
12164,刑警兄弟,5.6%,240.07,7,6.6%,6.8%
12165,我的新野蛮女友,4.9%,208.56,4,10.9%,3.9%
12166,伦敦陷落,3.8%,163.12,7,3.8%,6.7%
12167,垫底辣妹,1.2%,54.64,7,1.4%,7.0%
12168,梦想合伙人,0.7%,32.76,20,0.2%,14.1%
12169,魔宫魅影,0.7%,30.78,17,0.3%,15.0%
12170,火锅英雄,0.6%,29.05,5,0.9%,5.6%
12171,睡在我上铺的兄弟,0.6%,28.45,22,0.1%,29.7%
12172,冰河追凶,0.3%,16.56,3,1.1%,3.5%
12173,恐怖照相机,0.2%,11.30,3,0.9%,3.8%
12174,猫脸老太太,0.2%,10.03,4,0.5%,5.9%
12175,失眠男女,0.2%,9.40,3,0.7%,3.9%
12176,废柴特工,0.2%,9.00,3,0.4%,4.4%
12177,功夫熊猫3,0.2%,8.75,40,<0.1%,49.1%
12178,我的特工爷爷,0.1%,8.43,4,0.3%,5.7%
12179,大唐玄奘,<0.1%,4.12,8,<0.1%,6.6%
12180,我的老婆是明星,<0.1%,3.06,10,<0.1%,32.3%
12181,白毛女,<0.1%,2.45,24,<0.1%,21.4%
12182,临时约定,<0.1%,2.41,41,<0.1%,40.7%
12183,灵偶契约,<0.1%,2.25,5,<0.1%,8.0%
12184,纽约纽约,<0.1%,2.14,2,0.2%,2.1%
12185,再见我们的十年,<0.1%,2.07,131,<0.1%,--
12186,根据地,<0.1%,1.89,72,<0.1%,100%
12187,摩尔庄园3：魔幻列车大冒险,<0.1%,1.60,24,<0.1%,47.4%
12188,国家利益,<0.1%,1.57,3,<0.1%,4.0%
12189,北京遇上西雅图之不二情书,<0.1%,1.41,5,<0.1%,86.9%
12190,情花谷,<0.1%,1.37,23,<0.1%,58.5%
12191,别开门,<0.1%,1.21,271,<0.1%,98.9%
12192,北京遇上西雅图之不二情书,64.2%,11015.76,51,33.7%,36.0%
12193,奇幻森林,10.9%,1871.98,26,10.6%,18.9%
12194,梦想合伙人,10.0%,1729.97,16,21.1%,14.5%
12195,魔宫魅影,8.5%,1470.53,18,13.7%,17.5%
12196,大唐玄奘,2.8%,485.69,8,11.0%,8.4%
12197,谁的青春不迷茫,1.8%,316.99,13,4.2%,12.9%
12198,猎神：冬日之战,0.5%,96.50,8,1.7%,9.2%
12199,刑警兄弟,0.2%,45.49,12,0.6%,13.2%
12200,伦敦陷落,0.1%,24.36,10,0.3%,10.9%
12201,睡在我上铺的兄弟,0.1%,24.07,39,<0.1%,39.8%
12202,垫底辣妹,<0.1%,15.79,20,0.1%,21.7%
12203,我的新野蛮女友,<0.1%,5.63,2,0.5%,3.0%
12204,失眠男女,<0.1%,4.80,7,0.1%,15.0%
12205,火锅英雄,<0.1%,4.67,6,0.1%,7.1%
12206,白毛女,<0.1%,3.61,40,<0.1%,60.1%
12207,再见我们的十年,<0.1%,3.51,179,<0.1%,--
12208,我的特工爷爷,<0.1%,3.12,6,0.1%,5.8%
12209,功夫熊猫3,<0.1%,2.67,27,<0.1%,32.3%
12210,猫脸老太太,<0.1%,2.01,3,0.1%,5.0%
12211,冰河追凶,<0.1%,1.95,5,<0.1%,7.6%
12212,临时约定,<0.1%,1.57,46,<0.1%,49.1%
12213,阿里巴巴2所罗门封印,<0.1%,1.51,56,<0.1%,48.9%
12214,恐怖照相机,<0.1%,1.21,2,0.2%,3.6%
12215,北京遇上西雅图之不二情书,53.2%,12193.77,48,36.5%,32.9%
12216,奇幻森林,22.2%,5103.30,54,13.1%,41.3%
12217,梦想合伙人,7.8%,1809.21,19,16.8%,18.1%
12218,魔宫魅影,7.5%,1741.44,24,11.3%,23.5%
12219,大唐玄奘,2.7%,628.72,14,7.5%,16.2%
12220,谁的青春不迷茫,2.5%,585.72,27,3.4%,32.4%
12221,青蛙总动员,0.9%,215.94,13,2.8%,14.1%
12222,猎神：冬日之战,0.7%,168.31,20,1.0%,26.6%
12223,阿里巴巴2所罗门封印,0.5%,120.49,10,2.3%,10.1%
12224,马小乐之玩具也疯狂,0.5%,116.35,9,2.1%,10.2%
12225,刑警兄弟,0.3%,79.41,27,0.4%,31.6%
12226,伦敦陷落,0.2%,48.40,21,0.2%,27.2%
12227,垫底辣妹,0.1%,32.08,33,0.1%,42.7%
12228,睡在我上铺的兄弟,<0.1%,11.17,25,<0.1%,30.0%
12229,我的新野蛮女友,<0.1%,10.49,6,0.3%,10.7%
12230,我的特工爷爷,<0.1%,8.11,15,<0.1%,15.9%
12231,火锅英雄,<0.1%,6.82,10,<0.1%,13.7%
12232,失眠男女,<0.1%,5.32,12,<0.1%,33.6%
12233,猫脸老太太,<0.1%,3.60,6,0.1%,12.4%
12234,恐怖照相机,<0.1%,2.84,4,0.1%,11.2%
12235,功夫熊猫3,<0.1%,2.48,24,<0.1%,25.5%
12236,临时约定,<0.1%,2.32,39,<0.1%,48.1%
12237,白毛女,<0.1%,2.06,44,<0.1%,54.8%
12238,美人鱼,<0.1%,1.49,10,<0.1%,9.9%
12239,冰河追凶,<0.1%,1.49,5,<0.1%,9.4%
12240,废柴特工,<0.1%,1.47,5,<0.1%,10.4%
12241,太空熊猫英雄归来,<0.1%,1.37,6,<0.1%,8.1%
12242,北京遇上西雅图之不二情书,48.2%,12280.61,48,36.4%,33.1%
12243,奇幻森林,27.6%,7036.97,61,16.4%,46.5%
12244,魔宫魅影,7.7%,1982.56,28,10.7%,28.1%
12245,梦想合伙人,6.2%,1596.91,19,14.2%,18.5%
12246,谁的青春不迷茫,3.1%,802.70,29,4.3%,34.5%
12247,大唐玄奘,2.7%,702.13,17,6.7%,19.7%
12248,青蛙总动员,1.0%,264.27,16,2.8%,16.8%
12249,猎神：冬日之战,0.8%,210.71,24,1.1%,30.7%
12250,阿里巴巴2所罗门封印,0.5%,148.29,12,2.2%,13.3%
12251,马小乐之玩具也疯狂,0.5%,147.47,12,2.0%,14.3%
12252,刑警兄弟,0.4%,124.32,36,0.5%,41.8%
12253,伦敦陷落,0.2%,75.06,27,0.3%,35.3%
12254,垫底辣妹,0.1%,41.03,33,0.1%,42.6%
12255,我的新野蛮女友,<0.1%,11.82,7,0.2%,12.7%
12256,火锅英雄,<0.1%,11.07,16,0.1%,21.4%
12257,猫脸老太太,<0.1%,4.74,7,0.1%,15.0%
12258,恐怖照相机,<0.1%,3.73,5,0.1%,12.2%
12259,白毛女,<0.1%,3.60,55,<0.1%,62.4%
12260,功夫熊猫3,<0.1%,3.23,27,<0.1%,26.9%
12261,美人鱼,<0.1%,3.16,16,<0.1%,17.9%
12262,我的特工爷爷,<0.1%,2.92,9,<0.1%,8.4%
12263,冰河追凶,<0.1%,2.52,7,<0.1%,11.0%
12264,废柴特工,<0.1%,2.51,8,<0.1%,14.2%
12265,临时约定,<0.1%,2.19,45,<0.1%,51.0%
12266,太空熊猫英雄归来,<0.1%,1.75,8,<0.1%,13.5%
12267,我的1000万,<0.1%,1.62,32,<0.1%,85.6%
12268,失眠男女,<0.1%,1.44,3,<0.1%,8.5%
12269,北京遇上西雅图之不二情书,49.0%,8464.40,34,35.8%,23.6%
12270,奇幻森林,28.0%,4848.09,39,18.3%,29.2%
12271,魔宫魅影,6.8%,1191.15,17,10.8%,17.2%
12272,梦想合伙人,5.4%,932.79,13,12.8%,12.3%
12273,大唐玄奘,2.9%,503.73,13,6.5%,14.8%
12274,谁的青春不迷茫,2.8%,485.33,16,4.7%,19.1%
12275,青蛙总动员,1.2%,215.92,13,2.7%,14.1%
12276,猎神：冬日之战,0.8%,151.77,17,1.2%,21.2%
12277,阿里巴巴2所罗门封印,0.7%,131.71,12,2.1%,12.6%
12278,马小乐之玩具也疯狂,0.7%,122.99,11,1.9%,12.9%
12279,刑警兄弟,0.5%,93.26,25,0.6%,27.0%
12280,伦敦陷落,0.3%,60.00,19,0.4%,25.0%
12281,垫底辣妹,0.1%,29.31,22,0.1%,26.8%
12282,我的新野蛮女友,<0.1%,8.35,5,0.2%,9.1%
12283,火锅英雄,<0.1%,5.59,10,<0.1%,10.7%
12284,功夫熊猫3,<0.1%,3.74,27,<0.1%,30.0%
12285,猫脸老太太,<0.1%,3.73,6,0.1%,11.9%
12286,白毛女,<0.1%,2.85,59,<0.1%,88.0%
12287,冰河追凶,<0.1%,2.26,6,<0.1%,8.9%
12288,临时约定,<0.1%,2.01,39,<0.1%,46.6%
12289,美人鱼,<0.1%,1.93,10,<0.1%,10.2%
12290,恐怖照相机,<0.1%,1.84,3,0.1%,6.6%
12291,太空熊猫英雄归来,<0.1%,1.40,7,<0.1%,10.3%
12292,北京遇上西雅图之不二情书,62.6%,4237.51,19,36.1%,13.3%
12293,奇幻森林,14.8%,1001.81,10,16.7%,7.3%
12294,魔宫魅影,7.5%,511.62,7,12.2%,7.0%
12295,梦想合伙人,6.3%,429.24,6,14.0%,5.9%
12296,大唐玄奘,3.0%,208.23,6,6.9%,6.3%
12297,谁的青春不迷茫,2.7%,187.54,6,5.5%,6.8%
12298,猎神：冬日之战,0.8%,58.89,6,1.5%,7.1%
12299,刑警兄弟,0.7%,49.59,11,0.7%,11.9%
12300,伦敦陷落,0.3%,22.99,8,0.4%,9.1%
12301,垫底辣妹,0.1%,8.78,7,0.2%,8.4%
12302,青蛙总动员,0.1%,7.56,2,1.3%,1.1%
12303,我的新野蛮女友,<0.1%,5.48,3,0.3%,4.1%
12304,马小乐之玩具也疯狂,<0.1%,4.00,1,1.0%,0.8%
12305,阿里巴巴2所罗门封印,<0.1%,3.57,1,1.0%,0.7%
12306,妄想症,<0.1%,3.34,102,<0.1%,73.6%
12307,白毛女,<0.1%,2.70,30,<0.1%,40.3%
12308,功夫熊猫3,<0.1%,2.43,19,<0.1%,28.0%
12309,猫脸老太太,<0.1%,1.98,3,0.1%,6.3%
12310,火锅英雄,<0.1%,1.94,5,<0.1%,5.0%
12311,失眠男女,<0.1%,1.46,4,0.1%,9.4%
12312,再见我们的十年,<0.1%,1.39,279,<0.1%,--
12313,摩尔庄园3：魔幻列车大冒险,<0.1%,1.13,190,<0.1%,--
12314,睡在我上铺的兄弟,<0.1%,1.12,46,<0.1%,98.4%
12315,北京遇上西雅图之不二情书,62.5%,3948.22,18,36.2%,12.4%
12316,奇幻森林,14.2%,900.42,9,16.9%,6.6%
12317,魔宫魅影,7.3%,464.27,7,12.3%,6.4%
12318,梦想合伙人,6.8%,431.56,6,13.8%,6.1%
12319,谁的青春不迷茫,3.0%,189.74,6,5.6%,6.7%
12320,大唐玄奘,2.9%,189.26,5,6.8%,5.7%
12321,猎神：冬日之战,0.9%,57.28,6,1.6%,6.5%
12322,刑警兄弟,0.7%,47.87,10,0.9%,10.4%
12323,伦敦陷落,0.3%,23.99,7,0.5%,8.3%
12324,垫底辣妹,0.1%,10.44,7,0.2%,8.3%
12325,青蛙总动员,<0.1%,5.88,2,1.1%,1.1%
12326,白毛女,<0.1%,5.35,52,<0.1%,68.7%
12327,我的新野蛮女友,<0.1%,4.44,3,0.3%,3.2%
12328,妄想症,<0.1%,4.43,100,<0.1%,42.1%
12329,阿里巴巴2所罗门封印,<0.1%,3.09,1,0.8%,0.6%
12330,冰河追凶,<0.1%,2.65,11,0.1%,18.5%
12331,马小乐之玩具也疯狂,<0.1%,2.44,1,0.7%,0.7%
12332,临时约定,<0.1%,2.02,40,<0.1%,67.8%
12333,猫脸老太太,<0.1%,1.98,3,0.1%,5.7%
12334,功夫熊猫3,<0.1%,1.49,12,<0.1%,14.2%
12335,再见我们的十年,<0.1%,1.14,229,<0.1%,--
12336,恐怖照相机,<0.1%,1.08,2,0.2%,3.3%
12337,守信少年,<0.1%,1.02,510,<0.1%,--
12338,妈妈，让我再爱你一次,<0.1%,1.02,510,<0.1%,--
12339,北京遇上西雅图之不二情书,45.8%,3131.76,15,35.2%,10.0%
12340,美国队长3,24.8%,1694.93,82,3.0%,45.1%
12341,奇幻森林,10.5%,723.41,7,16.5%,5.3%
12342,魔宫魅影,6.1%,419.92,6,11.9%,5.8%
12343,梦想合伙人,5.2%,356.64,5,13.3%,5.0%
12344,大唐玄奘,2.5%,177.30,5,6.6%,5.6%
12345,谁的青春不迷茫,2.2%,152.44,5,5.5%,5.4%
12346,猎神：冬日之战,0.6%,47.33,5,1.6%,5.3%
12347,刑警兄弟,0.6%,41.68,8,0.9%,8.5%
12348,伦敦陷落,0.2%,17.46,5,0.5%,5.8%
12349,马小乐之玩具也疯狂,0.2%,16.76,5,0.7%,5.8%
12350,功夫熊猫3,0.1%,9.60,41,<0.1%,67.9%
12351,垫底辣妹,0.1%,8.79,6,0.2%,7.2%
12352,我的新野蛮女友,<0.1%,4.42,2,0.3%,3.1%
12353,青蛙总动员,<0.1%,4.37,1,0.9%,0.9%
12354,白毛女,<0.1%,3.82,36,<0.1%,49.7%
12355,临时约定,<0.1%,3.13,58,<0.1%,74.2%
12356,妄想症,<0.1%,2.58,42,<0.1%,41.4%
12357,阿里巴巴2所罗门封印,<0.1%,1.83,1,0.7%,0.5%
12358,再见我们的十年,<0.1%,1.77,354,<0.1%,--
12359,猫脸老太太,<0.1%,1.74,3,0.1%,5.0%
12360,失眠男女,<0.1%,1.27,3,0.1%,6.6%
12361,美国队长3,85.1%,18084.28,56,53.6%,39.4%
12362,北京遇上西雅图之不二情书,10.7%,2295.03,22,17.9%,23.0%
12363,奇幻森林,1.9%,407.15,10,7.8%,9.7%
12364,魔宫魅影,0.6%,128.54,7,3.7%,7.6%
12365,梦想合伙人,0.3%,81.48,6,2.9%,7.0%
12366,大唐玄奘,0.2%,49.81,7,1.3%,9.3%
12367,谁的青春不迷茫,0.2%,44.68,7,1.3%,9.0%
12368,判我有罪,0.1%,29.50,2,3.4%,2.0%
12369,妄想症,0.1%,28.11,4,1.7%,4.0%
12370,百鸟朝凤,0.1%,27.63,3,1.9%,3.1%
12371,功夫熊猫3,<0.1%,11.33,59,<0.1%,100%
12372,刑警兄弟,<0.1%,10.70,9,0.2%,11.0%
12373,男神抱抱,<0.1%,8.59,3,0.6%,3.9%
12374,青蛙总动员,<0.1%,6.70,3,0.4%,3.8%
12375,猎神：冬日之战,<0.1%,5.33,4,0.2%,5.2%
12376,白毛女,<0.1%,4.31,33,<0.1%,100%
12377,马小乐之玩具也疯狂,<0.1%,4.28,3,0.3%,5.2%
12378,临时约定,<0.1%,4.02,103,<0.1%,100%
12379,伦敦陷落,<0.1%,2.99,3,0.1%,3.6%
12380,垫底辣妹,<0.1%,2.51,5,0.1%,7.6%
12381,阿里巴巴2所罗门封印,<0.1%,2.02,2,0.3%,1.9%
12382,再见我们的十年,<0.1%,1.73,174,<0.1%,--
12383,猫脸老太太,<0.1%,1.43,3,0.1%,6.2%
12384,我的新野蛮女友,<0.1%,1.13,3,<0.1%,4.2%
12385,美国队长3,82.3%,24889.68,71,55.2%,50.3%
12386,北京遇上西雅图之不二情书,10.8%,3291.08,32,17.0%,33.9%
12387,奇幻森林,4.2%,1292.62,23,9.9%,23.2%
12388,魔宫魅影,0.5%,177.87,11,3.0%,12.5%
12389,梦想合伙人,0.4%,130.98,11,2.3%,14.1%
12390,谁的青春不迷茫,0.2%,86.53,12,1.3%,17.4%
12391,大唐玄奘,0.2%,68.09,12,1.0%,15.5%
12392,青蛙总动员,0.1%,52.61,8,1.3%,9.8%
12393,百鸟朝凤,0.1%,51.23,8,1.2%,8.7%
12394,阿里巴巴2所罗门封印,0.1%,42.46,8,1.2%,8.9%
12395,妄想症,<0.1%,29.04,5,1.2%,5.8%
12396,马小乐之玩具也疯狂,<0.1%,27.78,7,0.8%,11.2%
12397,判我有罪,<0.1%,25.91,3,2.0%,3.0%
12398,刑警兄弟,<0.1%,16.88,14,0.2%,17.4%
12399,猎神：冬日之战,<0.1%,10.49,7,0.2%,12.9%
12400,男神抱抱,<0.1%,6.29,4,0.3%,5.3%
12401,功夫熊猫3,<0.1%,5.91,42,<0.1%,66.5%
12402,垫底辣妹,<0.1%,5.89,15,<0.1%,24.0%
12403,伦敦陷落,<0.1%,3.69,7,<0.1%,9.2%
12404,白毛女,<0.1%,3.58,47,<0.1%,58.4%
12405,猫脸老太太,<0.1%,2.26,4,0.1%,9.7%
12406,临时约定,<0.1%,2.16,139,<0.1%,76.2%
12407,再见我们的十年,<0.1%,1.73,174,<0.1%,--
12408,我的新野蛮女友,<0.1%,1.72,5,<0.1%,10.8%
12409,恐怖照相机,<0.1%,1.30,3,0.1%,9.2%
12410,布基兰,<0.1%,1.16,2,<0.1%,2.9%
12411,我的诗篇,<0.1%,1.01,52,<0.1%,100%
12412,美国队长3,78.7%,18015.96,52,55.3%,36.6%
12413,北京遇上西雅图之不二情书,12.4%,2851.91,27,17.4%,29.1%
12414,奇幻森林,5.5%,1279.64,23,9.9%,23.6%
12415,魔宫魅影,0.6%,152.79,9,3.0%,10.9%
12416,梦想合伙人,0.6%,139.21,12,2.3%,15.6%
12417,百鸟朝凤,0.3%,75.89,12,1.2%,13.9%
12418,大唐玄奘,0.3%,75.16,13,1.0%,17.8%
12419,谁的青春不迷茫,0.3%,70.21,10,1.3%,14.2%
12420,青蛙总动员,0.2%,61.04,9,1.3%,11.1%
12421,阿里巴巴2所罗门封印,0.2%,46.54,8,1.2%,10.0%
12422,马小乐之玩具也疯狂,0.1%,27.81,8,0.7%,11.7%
12423,判我有罪,<0.1%,20.37,3,1.7%,2.8%
12424,妄想症,<0.1%,17.73,4,1.0%,4.1%
12425,刑警兄弟,<0.1%,14.35,12,0.2%,14.6%
12426,猎神：冬日之战,<0.1%,11.17,8,0.2%,12.5%
12427,男神抱抱,<0.1%,5.64,4,0.3%,5.7%
12428,垫底辣妹,<0.1%,5.24,15,<0.1%,20.8%
12429,白毛女,<0.1%,3.74,50,<0.1%,92.2%
12430,临时约定,<0.1%,2.55,160,<0.1%,87.6%
12431,冰河追凶,<0.1%,2.14,25,<0.1%,53.0%
12432,猫脸老太太,<0.1%,1.83,4,0.1%,7.9%
12433,功夫熊猫3,<0.1%,1.48,19,<0.1%,28.2%
12434,恐怖照相机,<0.1%,1.11,2,0.1%,7.3%
12435,我的新野蛮女友,<0.1%,1.05,3,<0.1%,7.5%
12436,美国队长3,75.6%,5951.23,19,53.7%,13.4%
12437,北京遇上西雅图之不二情书,16.4%,1295.69,12,19.3%,12.8%
12438,奇幻森林,2.9%,231.77,5,8.8%,5.3%
12439,梦想合伙人,1.4%,111.02,9,2.9%,10.9%
12440,魔宫魅影,1.2%,96.58,5,3.8%,5.8%
12441,百鸟朝凤,0.5%,41.15,6,1.4%,7.0%
12442,大唐玄奘,0.4%,31.73,5,1.3%,6.2%
12443,谁的青春不迷茫,0.3%,29.99,4,1.5%,5.3%
12444,妄想症,0.2%,20.30,4,1.2%,4.0%
12445,判我有罪,0.1%,11.54,2,2.1%,1.4%
12446,刑警兄弟,0.1%,9.92,7,0.2%,8.6%
12447,猎神：冬日之战,<0.1%,5.08,3,0.2%,4.7%
12448,男神抱抱,<0.1%,4.70,3,0.3%,4.9%
12449,白毛女,<0.1%,3.58,40,<0.1%,100%
12450,马小乐之玩具也疯狂,<0.1%,2.84,3,0.3%,4.1%
12451,临时约定,<0.1%,2.23,113,<0.1%,100%
12452,青蛙总动员,<0.1%,1.74,1,0.5%,0.9%
12453,垫底辣妹,<0.1%,1.63,5,<0.1%,6.1%
12454,睡在我上铺的兄弟,<0.1%,1.57,394,<0.1%,35.3%
12455,再见我们的十年,<0.1%,1.39,279,<0.1%,--
12456,美国队长3,72.6%,4947.44,17,52.7%,11.5%
12457,北京遇上西雅图之不二情书,18.4%,1255.90,12,19.8%,12.3%
12458,奇幻森林,3.3%,229.62,5,8.9%,5.2%
12459,魔宫魅影,1.5%,103.27,5,4.0%,5.8%
12460,梦想合伙人,0.9%,66.17,5,3.0%,6.0%
12461,百鸟朝凤,0.8%,55.55,8,1.6%,8.4%
12462,妄想症,0.5%,35.01,6,1.2%,6.2%
12463,大唐玄奘,0.4%,29.35,5,1.3%,5.5%
12464,谁的青春不迷茫,0.4%,28.98,4,1.6%,5.0%
12465,刑警兄弟,0.1%,11.39,8,0.3%,9.2%
12466,判我有罪,0.1%,10.20,2,2.0%,1.3%
12467,白毛女,0.1%,7.11,60,<0.1%,58.7%
12468,猎神：冬日之战,<0.1%,5.35,4,0.2%,5.4%
12469,再见，在也不见,<0.1%,3.41,140,<0.1%,--
12470,垫底辣妹,<0.1%,2.61,6,<0.1%,7.3%
12471,临时约定,<0.1%,2.58,101,<0.1%,81.4%
12472,男神抱抱,<0.1%,2.18,2,0.3%,2.4%
12473,马小乐之玩具也疯狂,<0.1%,1.68,2,0.2%,2.9%
12474,青蛙总动员,<0.1%,1.50,1,0.4%,0.8%
12475,再见我们的十年,<0.1%,1.23,379,<0.1%,--
12476,捉妖记,<0.1%,1.11,30,<0.1%,24.6%
12477,美国队长3,70.2%,4001.82,14,51.7%,9.4%
12478,北京遇上西雅图之不二情书,19.6%,1120.35,11,20.1%,10.5%
12479,奇幻森林,3.8%,220.63,5,8.9%,5.0%
12480,魔宫魅影,1.7%,100.09,5,4.2%,5.3%
12481,百鸟朝凤,1.1%,63.61,8,1.7%,9.2%
12482,梦想合伙人,1.0%,59.55,4,3.3%,4.9%
12483,谁的青春不迷茫,0.4%,28.42,4,1.6%,4.6%
12484,大唐玄奘,0.4%,27.48,4,1.4%,5.0%
12485,妄想症,0.2%,14.24,3,1.2%,2.8%
12486,刑警兄弟,0.2%,11.45,8,0.3%,8.6%
12487,幻体：续命游戏,0.1%,8.93,7,0.3%,5.2%
12488,判我有罪,0.1%,8.90,1,1.8%,1.2%
12489,白毛女,0.1%,6.97,47,<0.1%,46.9%
12490,猎神：冬日之战,<0.1%,5.18,3,0.3%,4.6%
12491,马小乐之玩具也疯狂,<0.1%,3.65,4,0.2%,6.7%
12492,临时约定,<0.1%,3.16,100,<0.1%,93.0%
12493,青蛙总动员,<0.1%,2.66,2,0.4%,2.1%
12494,垫底辣妹,<0.1%,1.93,6,<0.1%,6.4%
12495,阿里巴巴2所罗门封印,<0.1%,1.91,2,0.3%,1.8%
12496,美国队长3,60.4%,3285.37,13,43.3%,8.8%
12497,北京遇上西雅图之不二情书,17.7%,963.92,11,16.2%,11.4%
12498,幻体：续命游戏,14.9%,813.42,9,22.9%,7.9%
12499,奇幻森林,2.8%,155.94,5,6.3%,4.8%
12500,魔宫魅影,1.0%,56.04,5,2.5%,5.1%
12501,百鸟朝凤,0.9%,49.22,9,1.1%,10.4%
12502,梦想合伙人,0.4%,25.19,4,1.6%,4.3%
12503,大唐玄奘,0.2%,15.48,5,0.6%,6.1%
12504,谁的青春不迷茫,0.2%,12.63,3,0.8%,4.4%
12505,超脑48小时,0.2%,11.37,9,0.2%,5.4%
12506,白毛女,0.1%,7.80,45,<0.1%,42.3%
12507,刑警兄弟,0.1%,6.93,6,0.2%,7.6%
12508,妄想症,<0.1%,3.98,2,0.6%,1.7%
12509,临时约定,<0.1%,3.06,101,<0.1%,100%
12510,判我有罪,<0.1%,2.37,1,0.7%,0.9%
12511,猎神：冬日之战,<0.1%,2.33,2,0.1%,3.7%
12512,再见，在也不见,<0.1%,2.31,10,<0.1%,8.7%
12513,青蛙总动员,<0.1%,2.28,2,0.3%,2.3%
12514,笔仙诡影,<0.1%,1.75,12,<0.1%,12.3%
12515,垫底辣妹,<0.1%,1.21,5,<0.1%,5.5%
12516,马小乐之玩具也疯狂,<0.1%,1.06,2,0.1%,2.3%
12517,美国队长3,55.5%,4874.05,22,36.0%,14.2%
12518,超脑48小时,17.0%,1494.91,15,18.3%,13.6%
12519,北京遇上西雅图之不二情书,10.5%,922.26,16,9.7%,16.7%
12520,幻体：续命游戏,6.7%,589.14,10,14.0%,9.7%
12521,再见，在也不见,3.6%,323.63,8,9.0%,7.8%
12522,奇幻森林,2.0%,180.60,9,3.5%,9.3%
12523,百鸟朝凤,1.9%,173.85,33,1.0%,36.8%
12524,笔仙诡影,1.2%,112.78,9,2.8%,11.0%
12525,魔宫魅影,0.1%,14.70,6,0.5%,6.8%
12526,白毛女,0.1%,12.18,59,<0.1%,44.1%
12527,购物女王,0.1%,9.85,3,0.8%,2.4%
12528,大唐玄奘,<0.1%,8.75,8,0.2%,12.2%
12529,谎言大爆炸,<0.1%,7.78,2,0.8%,2.2%
12530,梦想合伙人,<0.1%,7.49,4,0.3%,6.1%
12531,别开门,<0.1%,7.15,4,0.4%,5.7%
12532,谁的青春不迷茫,<0.1%,5.33,5,0.2%,7.7%
12533,刑警兄弟,<0.1%,4.04,9,<0.1%,11.2%
12534,青蛙总动员,<0.1%,3.40,4,0.2%,4.6%
12535,临时约定,<0.1%,2.31,95,<0.1%,74.2%
12536,垫底辣妹,<0.1%,1.80,12,<0.1%,11.9%
12537,再见我们的十年,<0.1%,1.73,174,<0.1%,--
12538,马小乐之玩具也疯狂,<0.1%,1.59,2,0.1%,3.7%
12539,猎神：冬日之战,<0.1%,1.43,3,<0.1%,7.0%
12540,阿里巴巴2所罗门封印,<0.1%,1.33,2,0.1%,2.2%
12541,我的诗篇,<0.1%,1.15,114,<0.1%,99.7%
12542,美国队长3,58.4%,9217.35,39,36.4%,25.2%
12543,超脑48小时,12.6%,2000.88,21,16.0%,19.5%
12544,北京遇上西雅图之不二情书,9.7%,1536.39,24,10.1%,25.6%
12545,百鸟朝凤,5.6%,884.85,39,4.3%,39.4%
12546,奇幻森林,4.8%,768.51,23,5.7%,23.0%
12547,幻体：续命游戏,4.5%,722.54,14,11.5%,13.6%
12548,再见，在也不见,1.8%,292.81,8,6.9%,9.0%
12549,笔仙诡影,0.8%,138.57,11,2.7%,13.4%
12550,青蛙总动员,0.2%,41.35,8,1.0%,10.4%
12551,阿里巴巴2所罗门封印,0.1%,28.28,8,0.8%,9.4%
12552,魔宫魅影,0.1%,25.87,9,0.4%,12.4%
12553,谁的青春不迷茫,<0.1%,14.50,9,0.3%,14.6%
12554,马小乐之玩具也疯狂,<0.1%,14.19,5,0.5%,7.8%
12555,梦想合伙人,<0.1%,11.98,8,0.3%,12.4%
12556,大唐玄奘,<0.1%,10.61,10,0.1%,16.4%
12557,刑警兄弟,<0.1%,8.37,18,<0.1%,21.6%
12558,白毛女,<0.1%,6.89,66,<0.1%,69.8%
12559,别开门,<0.1%,6.87,5,0.3%,7.2%
12560,购物女王,<0.1%,6.81,3,0.5%,3.2%
12561,谎言大爆炸,<0.1%,5.80,2,0.5%,2.8%
12562,临时约定,<0.1%,2.45,132,<0.1%,75.3%
12563,猎神：冬日之战,<0.1%,2.22,5,<0.1%,9.9%
12564,国家利益,<0.1%,1.82,59,<0.1%,100%
12565,美国队长3,55.2%,6704.94,28,36.7%,18.4%
12566,超脑48小时,13.8%,1681.20,18,16.3%,16.1%
12567,北京遇上西雅图之不二情书,11.1%,1355.99,20,11.0%,20.9%
12568,百鸟朝凤,10.0%,1222.17,33,7.1%,32.6%
12569,幻体：续命游戏,4.2%,520.67,10,11.1%,9.9%
12570,再见，在也不见,1.7%,208.63,6,6.3%,6.9%
12571,笔仙诡影,0.8%,108.04,8,2.9%,10.0%
12572,青蛙总动员,0.8%,102.83,12,1.7%,13.7%
12573,阿里巴巴2所罗门封印,0.4%,57.92,10,1.2%,12.4%
12574,马小乐之玩具也疯狂,0.2%,35.63,8,0.8%,11.2%
12575,魔宫魅影,0.2%,26.11,8,0.5%,10.4%
12576,梦想合伙人,0.1%,17.98,9,0.3%,13.7%
12577,谁的青春不迷茫,0.1%,16.15,8,0.3%,11.8%
12578,大唐玄奘,0.1%,15.81,13,0.2%,20.0%
12579,刑警兄弟,<0.1%,10.14,16,0.1%,17.6%
12580,白毛女,<0.1%,8.12,72,<0.1%,71.7%
12581,别开门,<0.1%,5.60,4,0.3%,5.4%
12582,谎言大爆炸,<0.1%,5.11,2,0.6%,2.1%
12583,奇幻森林,<0.1%,4.82,3,0.3%,8.3%
12584,购物女王,<0.1%,3.57,2,0.4%,2.0%
12585,猎神：冬日之战,<0.1%,3.20,5,0.1%,7.9%
12586,临时约定,<0.1%,2.12,152,<0.1%,67.2%
12587,分歧者3：忠诚世界,<0.1%,2.07,345,<0.1%,100.0%
12588,国家利益,<0.1%,1.87,54,<0.1%,100%
12589,美国队长3,46.4%,2018.68,10,36.7%,6.2%
12590,超脑48小时,16.2%,708.10,8,17.2%,7.0%
12591,北京遇上西雅图之不二情书,13.8%,602.71,9,11.9%,9.3%
12592,百鸟朝凤,13.2%,577.86,15,8.6%,14.4%
12593,幻体：续命游戏,4.7%,205.55,5,10.6%,4.4%
12594,再见，在也不见,1.8%,82.54,3,6.0%,3.1%
12595,笔仙诡影,1.7%,74.26,6,3.1%,6.9%
12596,魔宫魅影,0.3%,15.48,5,0.6%,5.8%
12597,梦想合伙人,0.2%,11.57,6,0.4%,9.3%
12598,白毛女,0.2%,9.94,54,<0.1%,48.1%
12599,谁的青春不迷茫,0.1%,7.63,4,0.4%,5.4%
12600,大唐玄奘,0.1%,6.27,5,0.2%,7.4%
12601,别开门,<0.1%,4.03,3,0.4%,3.6%
12602,刑警兄弟,<0.1%,3.75,7,0.1%,7.6%
12603,临时约定,<0.1%,2.96,118,<0.1%,100%
12604,青蛙总动员,<0.1%,2.44,1,0.5%,1.2%
12605,再见我们的十年,<0.1%,1.77,354,<0.1%,--
12606,购物女王,<0.1%,1.75,1,0.5%,0.9%
12607,谎言大爆炸,<0.1%,1.61,1,0.5%,0.8%
12608,马小乐之玩具也疯狂,<0.1%,1.27,2,0.2%,1.8%
12609,猎神：冬日之战,<0.1%,1.08,2,0.1%,2.4%
12610,阿里巴巴2所罗门封印,<0.1%,1.00,1,0.3%,0.8%
12611,美国队长3,44.1%,1768.56,9,36.2%,5.5%
12612,超脑48小时,16.4%,660.36,8,17.0%,6.6%
12613,百鸟朝凤,14.4%,579.51,13,10.3%,11.9%
12614,北京遇上西雅图之不二情书,14.2%,572.35,9,12.1%,8.8%
12615,幻体：续命游戏,4.9%,197.62,5,9.9%,4.6%
12616,再见，在也不见,1.6%,66.67,3,5.5%,2.8%
12617,笔仙诡影,1.6%,66.44,5,3.1%,6.2%
12618,梦想合伙人,0.4%,16.05,7,0.4%,11.3%
12619,魔宫魅影,0.3%,14.82,5,0.6%,5.4%
12620,白毛女,0.2%,11.18,59,<0.1%,54.2%
12621,谁的青春不迷茫,0.1%,7.40,4,0.4%,4.6%
12622,大唐玄奘,0.1%,6.59,6,0.2%,8.5%
12623,睡在我上铺的兄弟,0.1%,5.08,97,<0.1%,100%
12624,刑警兄弟,0.1%,4.42,8,0.1%,8.3%
12625,别开门,<0.1%,3.80,2,0.4%,3.2%
12626,夜孔雀,<0.1%,3.17,145,<0.1%,--
12627,临时约定,<0.1%,2.92,104,<0.1%,67.9%
12628,青蛙总动员,<0.1%,2.41,2,0.4%,1.3%
12629,再见我们的十年,<0.1%,2.27,559,<0.1%,--
12630,谎言大爆炸,<0.1%,2.25,1,0.5%,0.8%
12631,猎神：冬日之战,<0.1%,1.49,3,0.1%,3.5%
12632,阿里巴巴2所罗门封印,<0.1%,1.40,2,0.3%,1.5%
12633,马小乐之玩具也疯狂,<0.1%,1.34,2,0.2%,1.8%
12634,购物女王,<0.1%,1.30,1,0.4%,0.8%
12635,美国队长3,42.6%,1541.83,8,35.7%,4.9%
12636,超脑48小时,16.8%,609.09,7,16.9%,6.1%
12637,北京遇上西雅图之不二情书,14.8%,535.35,8,12.5%,7.8%
12638,百鸟朝凤,14.5%,525.29,11,11.1%,9.8%
12639,幻体：续命游戏,4.8%,175.70,5,9.6%,4.3%
12640,笔仙诡影,1.7%,64.31,5,3.2%,5.8%
12641,再见，在也不见,1.6%,58.68,3,5.1%,2.6%
12642,白毛女,0.4%,15.86,74,<0.1%,67.1%
12643,魔宫魅影,0.4%,15.67,5,0.7%,5.4%
12644,梦想合伙人,0.3%,10.97,6,0.4%,9.4%
12645,睡在我上铺的兄弟,0.2%,10.62,122,<0.1%,100%
12646,谁的青春不迷茫,0.1%,6.98,3,0.4%,4.2%
12647,大唐玄奘,0.1%,6.16,5,0.2%,7.3%
12648,夜孔雀,0.1%,5.11,140,<0.1%,100%
12649,钢刀,0.1%,4.23,146,<0.1%,100%
12650,刑警兄弟,0.1%,4.09,6,0.1%,6.6%
12651,别开门,0.1%,3.98,3,0.4%,3.3%
12652,青蛙总动员,<0.1%,2.27,1,0.4%,1.2%
12653,再见我们的十年,<0.1%,2.20,160,<0.1%,--
12654,马小乐之玩具也疯狂,<0.1%,2.02,3,0.2%,3.5%
12655,谎言大爆炸,<0.1%,1.89,1,0.6%,0.8%
12656,购物女王,<0.1%,1.65,1,0.4%,1.0%
12657,猎神：冬日之战,<0.1%,1.40,3,0.1%,2.9%
12658,失眠男女,<0.1%,1.24,9,<0.1%,25.6%
12659,阿里巴巴2所罗门封印,<0.1%,1.02,1,0.3%,1.2%
12660,美国队长3,40.6%,1381.47,7,34.8%,4.5%
12661,超脑48小时,16.3%,554.85,7,16.7%,5.5%
12662,北京遇上西雅图之不二情书,15.3%,520.89,8,12.5%,7.5%
12663,百鸟朝凤,14.2%,485.55,10,11.3%,8.7%
12664,幻体：续命游戏,4.9%,169.31,5,9.4%,4.2%
12665,笔仙诡影,1.7%,59.40,5,3.1%,5.5%
12666,再见，在也不见,1.6%,56.13,3,4.9%,2.7%
12667,愤怒的小鸟,1.1%,40.68,11,0.7%,6.4%
12668,分歧者3：忠诚世界,1.1%,38.80,13,0.7%,8.2%
12669,白毛女,0.5%,17.83,73,<0.1%,78.6%
12670,魔宫魅影,0.4%,14.67,4,0.7%,5.0%
12671,梦想合伙人,0.2%,8.45,4,0.4%,5.5%
12672,夜孔雀,0.2%,7.22,21,<0.1%,20.6%
12673,谁的青春不迷茫,0.2%,7.17,3,0.4%,4.2%
12674,大唐玄奘,0.1%,5.03,4,0.2%,5.7%
12675,刑警兄弟,0.1%,4.44,7,0.1%,7.1%
12676,别开门,<0.1%,3.27,2,0.4%,2.8%
12677,钢刀,<0.1%,3.05,10,<0.1%,8.5%
12678,谎言大爆炸,<0.1%,1.92,1,0.6%,0.9%
12679,青蛙总动员,<0.1%,1.80,1,0.4%,1.0%
12680,阿里巴巴2所罗门封印,<0.1%,1.50,2,0.2%,1.6%
12681,猎神：冬日之战,<0.1%,1.22,3,0.1%,3.2%
12682,购物女王,<0.1%,1.21,1,0.4%,0.8%
12683,睡在我上铺的兄弟,<0.1%,1.10,52,<0.1%,--
12684,愤怒的小鸟,39.1%,5350.08,29,30.0%,19.6%
12685,分歧者3：忠诚世界,18.0%,2472.67,22,20.6%,17.7%
12686,美国队长3,17.6%,2417.71,27,12.8%,19.7%
12687,夜孔雀,9.5%,1307.15,21,11.8%,22.1%
12688,北京遇上西雅图之不二情书,3.8%,522.08,24,3.1%,29.1%
12689,钢刀,3.6%,503.05,9,9.3%,9.0%
12690,百鸟朝凤,3.0%,420.76,23,3.2%,24.7%
12691,超脑48小时,2.1%,293.04,16,2.8%,16.2%
12692,死亡笔记,1.2%,173.58,13,1.4%,16.8%
12693,整形师·脸,0.6%,82.34,13,1.2%,15.4%
12694,幻体：续命游戏,0.2%,28.05,9,0.6%,12.2%
12695,708090之深圳恋歌,0.1%,17.67,4,0.8%,4.9%
12696,白毛女,0.1%,17.26,65,<0.1%,60.5%
12697,笔仙诡影,0.1%,16.59,10,0.3%,16.7%
12698,魔宫魅影,<0.1%,13.14,19,0.1%,27.5%
12699,再见，在也不见,<0.1%,7.18,6,0.2%,7.5%
12700,谁的青春不迷茫,<0.1%,4.49,11,<0.1%,16.1%
12701,再见我们的十年,<0.1%,2.02,455,<0.1%,--
12702,水滴之梦,<0.1%,1.93,9,<0.1%,13.6%
12703,大唐玄奘,<0.1%,1.89,5,<0.1%,9.3%
12704,梦想合伙人,<0.1%,1.88,6,<0.1%,11.1%
12705,刑警兄弟,<0.1%,1.83,18,<0.1%,18.8%
12706,愤怒的小鸟,49.0%,7728.56,35,33.5%,23.9%
12707,美国队长3,19.9%,3140.28,32,13.2%,24.7%
12708,分歧者3：忠诚世界,14.4%,2275.76,20,19.8%,16.5%
12709,夜孔雀,4.5%,723.09,11,12.1%,11.4%
12710,百鸟朝凤,3.8%,601.59,29,3.5%,31.1%
12711,北京遇上西雅图之不二情书,3.3%,526.38,22,3.3%,25.6%
12712,超脑48小时,2.1%,336.14,20,2.4%,21.1%
12713,钢刀,1.1%,181.40,5,6.6%,4.4%
12714,死亡笔记,0.4%,67.70,9,1.4%,11.8%
12715,整形师·脸,0.3%,55.03,10,1.1%,11.5%
12716,幻体：续命游戏,0.1%,28.83,11,0.5%,15.0%
12717,笔仙诡影,<0.1%,14.51,9,0.3%,14.2%
12718,魔宫魅影,<0.1%,12.75,18,0.1%,27.4%
12719,708090之深圳恋歌,<0.1%,7.34,3,0.5%,3.4%
12720,谁的青春不迷茫,<0.1%,7.14,14,<0.1%,22.8%
12721,再见，在也不见,<0.1%,6.48,5,0.2%,8.0%
12722,白毛女,<0.1%,6.30,57,<0.1%,92.8%
12723,大唐玄奘,<0.1%,4.64,16,<0.1%,29.1%
12724,梦想合伙人,<0.1%,2.27,8,<0.1%,18.8%
12725,刑警兄弟,<0.1%,1.77,14,<0.1%,18.1%
12726,青蛙总动员,<0.1%,1.68,3,0.1%,5.1%
12727,阿里巴巴2所罗门封印,<0.1%,1.19,3,<0.1%,4.9%
12728,愤怒的小鸟,52.3%,6621.89,30,34.0%,20.4%
12729,美国队长3,18.6%,2363.76,23,14.2%,17.7%
12730,分歧者3：忠诚世界,13.3%,1688.21,15,19.3%,12.8%
12731,百鸟朝凤,4.2%,536.31,23,3.9%,24.5%
12732,夜孔雀,3.6%,460.68,8,11.4%,7.7%
12733,北京遇上西雅图之不二情书,3.4%,437.73,17,3.7%,19.3%
12734,超脑48小时,2.1%,272.71,16,2.4%,17.0%
12735,钢刀,0.7%,90.52,3,5.4%,2.7%
12736,死亡笔记,0.3%,46.40,6,1.4%,7.7%
12737,整形师·脸,0.2%,37.83,7,1.1%,8.0%
12738,幻体：续命游戏,0.1%,24.61,9,0.5%,12.7%
12739,魔宫魅影,0.1%,12.82,15,0.1%,21.7%
12740,笔仙诡影,<0.1%,11.12,6,0.3%,9.9%
12741,再见，在也不见,<0.1%,6.89,6,0.2%,8.2%
12742,白毛女,<0.1%,6.08,55,<0.1%,80.9%
12743,708090之深圳恋歌,<0.1%,5.29,2,0.4%,2.9%
12744,大唐玄奘,<0.1%,4.27,13,<0.1%,21.8%
12745,梦想合伙人,<0.1%,3.47,14,<0.1%,28.4%
12746,青蛙总动员,<0.1%,1.47,3,0.1%,4.3%
12747,谁的青春不迷茫,<0.1%,1.32,6,<0.1%,11.0%
12748,妖医,<0.1%,1.25,74,<0.1%,31.1%
12749,阿里巴巴2所罗门封印,<0.1%,1.20,3,<0.1%,4.8%
12750,愤怒的小鸟,40.1%,1543.49,8,32.2%,5.4%
12751,美国队长3,19.4%,746.54,8,14.9%,5.8%
12752,分歧者3：忠诚世界,18.1%,698.20,7,19.8%,5.6%
12753,北京遇上西雅图之不二情书,5.3%,204.12,8,4.2%,8.5%
12754,百鸟朝凤,5.2%,202.81,9,4.5%,9.0%
12755,夜孔雀,4.9%,190.95,4,10.8%,3.6%
12756,超脑48小时,2.7%,107.23,6,2.8%,6.5%
12757,钢刀,1.0%,40.10,2,4.9%,1.4%
12758,死亡笔记,0.8%,31.63,5,1.5%,5.3%
12759,整形师·脸,0.6%,26.43,5,1.1%,5.9%
12760,白毛女,0.3%,14.70,74,<0.1%,76.5%
12761,幻体：续命游戏,0.2%,7.75,3,0.6%,3.3%
12762,笔仙诡影,0.1%,6.26,4,0.4%,5.2%
12763,魔宫魅影,0.1%,4.43,6,0.1%,7.9%
12764,再见，在也不见,0.1%,4.42,4,0.2%,5.8%
12765,708090之深圳恋歌,<0.1%,2.61,1,0.4%,1.5%
12766,大唐玄奘,<0.1%,2.33,7,<0.1%,9.9%
12767,梦想合伙人,<0.1%,1.03,3,<0.1%,4.5%
12768,愤怒的小鸟,39.8%,1425.02,8,31.8%,5.1%
12769,美国队长3,19.3%,692.89,7,15.3%,5.3%
12770,分歧者3：忠诚世界,17.9%,640.56,7,19.6%,5.3%
12771,北京遇上西雅图之不二情书,5.7%,206.80,8,4.5%,8.1%
12772,百鸟朝凤,5.6%,200.80,8,4.9%,8.1%
12773,夜孔雀,4.4%,158.76,3,10.2%,3.2%
12774,超脑48小时,3.1%,110.97,6,3.0%,6.3%
12775,钢刀,0.8%,31.88,2,4.4%,1.3%
12776,死亡笔记,0.8%,31.68,4,1.6%,5.1%
12777,整形师·脸,0.6%,23.98,5,1.2%,5.3%
12778,白毛女,0.3%,13.53,70,<0.1%,65.3%
12779,幻体：续命游戏,0.2%,10.47,4,0.6%,4.3%
12780,笔仙诡影,0.1%,6.79,4,0.4%,5.4%
12781,再见，在也不见,0.1%,5.66,5,0.2%,7.7%
12782,魔宫魅影,0.1%,4.31,5,0.1%,6.3%
12783,睡在我上铺的兄弟,0.1%,3.84,321,<0.1%,--
12784,大唐玄奘,<0.1%,1.51,4,<0.1%,6.2%
12785,708090之深圳恋歌,<0.1%,1.48,1,0.4%,1.0%
12786,愤怒的小鸟,38.8%,1276.00,7,31.6%,4.6%
12787,美国队长3,19.3%,633.91,7,15.5%,4.8%
12788,分歧者3：忠诚世界,17.8%,584.93,6,19.6%,4.8%
12789,北京遇上西雅图之不二情书,6.3%,206.82,7,4.8%,7.6%
12790,百鸟朝凤,5.6%,186.52,7,5.1%,7.2%
12791,夜孔雀,4.3%,142.41,3,9.8%,3.0%
12792,超脑48小时,3.3%,111.50,6,3.1%,5.9%
12793,死亡笔记,0.9%,29.83,4,1.6%,4.7%
12794,钢刀,0.8%,29.08,2,4.1%,1.2%
12795,整形师·脸,0.7%,23.21,5,1.2%,5.0%
12796,白毛女,0.3%,11.73,84,<0.1%,83.5%
12797,幻体：续命游戏,0.3%,10.50,4,0.7%,4.3%
12798,笔仙诡影,0.2%,6.78,4,0.4%,4.9%
12799,再见，在也不见,0.1%,5.79,5,0.2%,6.5%
12800,魔宫魅影,0.1%,4.39,5,0.1%,6.0%
12801,大唐玄奘,<0.1%,2.18,6,<0.1%,8.1%
12802,判我有罪,<0.1%,1.82,31,<0.1%,68.8%
12803,708090之深圳恋歌,<0.1%,1.51,1,0.4%,1.1%
12804,百团大战,<0.1%,1.35,61,<0.1%,88.3%
12805,谁的青春不迷茫,<0.1%,1.07,3,<0.1%,4.5%
12806,愤怒的小鸟,35.5%,1131.78,7,31.2%,4.1%
12807,美国队长3,19.2%,611.90,7,15.5%,4.7%
12808,分歧者3：忠诚世界,17.5%,558.24,6,19.4%,4.6%
12809,北京遇上西雅图之不二情书,6.6%,211.15,7,4.9%,7.4%
12810,百鸟朝凤,5.7%,183.96,7,5.2%,6.9%
12811,夜孔雀,4.0%,130.41,3,9.4%,2.9%
12812,爱丽丝梦游仙境2：镜中奇遇记,3.7%,120.37,19,0.9%,9.4%
12813,超脑48小时,3.4%,108.31,6,3.2%,5.6%
12814,钢刀,0.8%,27.83,2,3.8%,1.3%
12815,死亡笔记,0.8%,25.88,4,1.6%,4.1%
12816,整形师·脸,0.6%,19.77,4,1.2%,4.4%
12817,白毛女,0.3%,12.15,78,<0.1%,66.4%
12818,幻体：续命游戏,0.3%,10.42,4,0.7%,4.1%
12819,笔仙诡影,0.2%,6.98,3,0.4%,4.6%
12820,再见，在也不见,0.1%,5.54,5,0.2%,7.4%
12821,魔宫魅影,0.1%,4.43,5,0.1%,5.7%
12822,大唐玄奘,<0.1%,1.88,5,<0.1%,6.2%
12823,妖医,<0.1%,1.84,9,<0.1%,8.3%
12824,708090之深圳恋歌,<0.1%,1.72,1,0.3%,1.3%
12825,梦想合伙人,<0.1%,1.29,3,<0.1%,4.7%
12826,糖果世界大冒险,<0.1%,1.21,101,<0.1%,42.6%
12827,谁的青春不迷茫,<0.1%,1.08,3,<0.1%,4.9%
12828,爱丽丝梦游仙境2：镜中奇遇记,58.7%,4747.11,21,36.0%,13.4%
12829,愤怒的小鸟,19.0%,1540.69,13,20.4%,9.8%
12830,美国队长3,7.4%,603.95,11,9.0%,9.9%
12831,分歧者3：忠诚世界,5.4%,440.26,8,10.2%,7.9%
12832,妖医,2.1%,173.92,6,5.2%,6.6%
12833,百鸟朝凤,1.8%,150.57,11,2.4%,12.6%
12834,北京遇上西雅图之不二情书,1.8%,146.17,10,2.3%,11.5%
12835,蜜月酒店杀人事件,1.7%,140.09,5,5.1%,5.4%
12836,超脑48小时,0.4%,39.76,8,0.7%,9.5%
12837,夜孔雀,0.3%,28.98,3,2.0%,3.4%
12838,糖果世界大冒险,0.2%,22.18,2,2.8%,1.6%
12839,白毛女,0.1%,10.05,71,<0.1%,56.7%
12840,山那边有匹马,0.1%,8.21,8,0.1%,8.8%
12841,爱丽丝梦游仙境,<0.1%,4.34,8,0.1%,--
12842,钢刀,<0.1%,3.64,2,0.4%,2.0%
12843,死亡笔记,<0.1%,3.19,3,0.2%,4.3%
12844,幻体：续命游戏,<0.1%,3.06,3,0.2%,4.3%
12845,整形师·脸,<0.1%,2.76,3,0.2%,6.0%
12846,笔仙诡影,<0.1%,2.55,3,0.1%,6.1%
12847,小蚂蚁之环球大冒险,<0.1%,2.25,1,0.7%,0.7%
12848,魔宫魅影,<0.1%,1.42,5,<0.1%,5.9%
12849,再见，在也不见,<0.1%,1.37,4,<0.1%,8.1%
12850,梦想合伙人,<0.1%,1.35,6,<0.1%,10.9%
12851,爱丽丝梦游仙境2：镜中奇遇记,49.8%,7345.45,30,36.3%,19.4%
12852,愤怒的小鸟,27.9%,4107.40,29,22.1%,23.3%
12853,美国队长3,8.7%,1289.37,21,9.0%,20.3%
12854,分歧者3：忠诚世界,5.0%,748.21,14,9.4%,13.7%
12855,百鸟朝凤,1.8%,267.93,19,2.3%,21.5%
12856,北京遇上西雅图之不二情书,1.7%,252.63,16,2.3%,19.0%
12857,蜜月酒店杀人事件,1.1%,174.84,7,4.2%,7.9%
12858,妖医,1.1%,173.67,7,4.3%,7.6%
12859,超脑48小时,1.1%,165.66,30,0.8%,32.2%
12860,糖果世界大冒险,0.5%,86.46,4,3.8%,4.4%
12861,夜孔雀,0.2%,33.38,4,1.6%,5.0%
12862,小蚂蚁之环球大冒险,0.1%,17.59,3,1.1%,3.9%
12863,爱丽丝梦游仙境,<0.1%,6.81,12,0.1%,--
12864,幻体：续命游戏,<0.1%,6.65,6,0.1%,9.3%
12865,笔仙诡影,<0.1%,5.51,6,0.1%,11.5%
12866,死亡笔记,<0.1%,4.83,5,0.2%,6.2%
12867,整形师·脸,<0.1%,4.12,4,0.2%,9.1%
12868,白毛女,<0.1%,3.91,83,<0.1%,79.4%
12869,山那边有匹马,<0.1%,3.66,5,0.1%,5.9%
12870,钢刀,<0.1%,2.89,2,0.3%,2.4%
12871,魔宫魅影,<0.1%,2.55,9,<0.1%,12.5%
12872,马小乐之玩具也疯狂,<0.1%,2.20,18,<0.1%,24.6%
12873,大唐玄奘,<0.1%,1.46,7,<0.1%,13.1%
12874,谁的青春不迷茫,<0.1%,1.36,6,<0.1%,12.4%
12875,我的诗篇,<0.1%,1.33,82,<0.1%,100%
12876,阿里巴巴2所罗门封印,<0.1%,1.13,10,<0.1%,13.5%
12877,梦想合伙人,<0.1%,1.09,5,<0.1%,9.5%
12878,爱丽丝梦游仙境2：镜中奇遇记,46.4%,5486.65,23,36.1%,16.5%
12879,愤怒的小鸟,30.1%,3563.54,24,23.1%,21.7%
12880,美国队长3,9.0%,1066.81,17,9.2%,17.5%
12881,分歧者3：忠诚世界,5.1%,607.66,12,9.3%,12.1%
12882,百鸟朝凤,2.0%,244.58,17,2.4%,20.4%
12883,北京遇上西雅图之不二情书,1.9%,226.91,14,2.3%,18.5%
12884,超脑48小时,1.3%,163.50,28,0.9%,30.8%
12885,蜜月酒店杀人事件,1.2%,141.87,6,3.9%,7.2%
12886,妖医,1.1%,130.84,6,4.1%,6.4%
12887,糖果世界大冒险,0.7%,88.58,5,3.4%,5.4%
12888,夜孔雀,0.2%,32.99,4,1.6%,5.2%
12889,小蚂蚁之环球大冒险,0.1%,17.79,4,1.0%,4.2%
12890,幻体：续命游戏,<0.1%,7.60,8,0.1%,12.8%
12891,笔仙诡影,<0.1%,4.54,5,0.1%,8.7%
12892,爱丽丝梦游仙境,<0.1%,4.08,8,<0.1%,--
12893,死亡笔记,<0.1%,4.00,4,0.2%,4.7%
12894,整形师·脸,<0.1%,3.33,3,0.2%,6.9%
12895,钢刀,<0.1%,3.00,2,0.2%,2.3%
12896,白毛女,<0.1%,2.58,69,<0.1%,73.9%
12897,山那边有匹马,<0.1%,2.44,4,0.1%,5.1%
12898,判我有罪,<0.1%,2.29,41,<0.1%,99.8%
12899,魔宫魅影,<0.1%,1.94,8,<0.1%,11.1%
12900,再见我们的十年,<0.1%,1.75,500,<0.1%,--
12901,谁的青春不迷茫,<0.1%,1.38,6,<0.1%,11.5%
12902,大唐玄奘,<0.1%,1.28,7,<0.1%,11.1%
12903,梦想合伙人,<0.1%,1.02,6,<0.1%,10.0%
12904,爱丽丝梦游仙境2：镜中奇遇记,47.7%,1705.55,8,35.8%,5.2%
12905,愤怒的小鸟,20.0%,714.76,6,22.2%,4.5%
12906,美国队长3,10.2%,364.77,6,9.9%,5.8%
12907,分歧者3：忠诚世界,7.2%,257.77,5,10.1%,4.9%
12908,超脑48小时,3.3%,118.51,19,1.0%,20.3%
12909,北京遇上西雅图之不二情书,3.0%,108.08,7,2.4%,8.6%
12910,百鸟朝凤,2.6%,93.74,7,2.8%,7.1%
12911,妖医,2.1%,76.45,4,4.2%,3.9%
12912,蜜月酒店杀人事件,2.0%,72.74,3,4.3%,3.5%
12913,夜孔雀,0.4%,17.43,2,1.8%,2.5%
12914,白毛女,0.2%,8.09,71,<0.1%,82.7%
12915,糖果世界大冒险,0.2%,7.75,1,2.0%,0.8%
12916,死亡笔记,<0.1%,2.81,3,0.2%,3.3%
12917,幻体：续命游戏,<0.1%,2.69,3,0.2%,3.5%
12918,笔仙诡影,<0.1%,2.68,3,0.2%,4.8%
12919,整形师·脸,<0.1%,2.09,2,0.2%,4.1%
12920,钢刀,<0.1%,1.97,1,0.3%,1.3%
12921,小蚂蚁之环球大冒险,<0.1%,1.56,1,0.5%,0.8%
12922,爱丽丝梦游仙境2：镜中奇遇记,43.8%,1902.31,9,35.4%,5.8%
12923,愤怒的小鸟,27.3%,1185.24,10,22.6%,7.3%
12924,美国队长3,9.8%,429.26,7,10.0%,6.7%
12925,分歧者3：忠诚世界,6.0%,262.63,5,10.1%,5.0%
12926,超脑48小时,2.8%,125.26,19,1.1%,20.0%
12927,北京遇上西雅图之不二情书,2.7%,117.77,8,2.5%,8.5%
12928,百鸟朝凤,2.2%,97.28,7,2.9%,7.0%
12929,妖医,1.8%,79.85,4,4.1%,4.2%
12930,蜜月酒店杀人事件,1.4%,64.60,3,4.1%,3.3%
12931,夜孔雀,0.3%,16.85,2,1.7%,2.5%
12932,糖果世界大冒险,0.3%,16.56,2,2.0%,1.8%
12933,小蚂蚁之环球大冒险,0.1%,7.72,3,0.6%,3.6%
12934,白毛女,0.1%,7.64,77,<0.1%,65.1%
12935,幻体：续命游戏,<0.1%,3.21,3,0.2%,4.0%
12936,死亡笔记,<0.1%,2.88,3,0.2%,3.3%
12937,笔仙诡影,<0.1%,2.42,3,0.2%,4.8%
12938,整形师·脸,<0.1%,2.08,2,0.2%,3.9%
12939,钢刀,<0.1%,1.86,1,0.3%,1.3%
12940,阿里巴巴2所罗门封印,<0.1%,1.57,24,<0.1%,22.1%
12941,猎神：冬日之战,<0.1%,1.00,100,<0.1%,--
12942,愤怒的小鸟,43.2%,6413.88,39,25.8%,30.3%
12943,爱丽丝梦游仙境2：镜中奇遇记,37.3%,5543.77,27,31.6%,17.4%
12944,美国队长3,6.4%,959.41,18,7.9%,17.5%
12945,斗龙战士之星印罗盘,2.8%,424.50,15,5.3%,15.6%
12946,分歧者3：忠诚世界,2.2%,332.80,9,6.6%,8.6%
12947,水果宝贝之水果总动员,2.0%,303.35,10,6.1%,11.1%
12948,糖果世界大冒险,1.4%,207.77,13,2.9%,14.0%
12949,超脑48小时,0.8%,126.85,28,0.7%,28.9%
12950,北京遇上西雅图之不二情书,0.7%,107.79,11,1.3%,13.4%
12951,百鸟朝凤,0.7%,106.92,12,1.5%,13.3%
12952,动植物大战,0.5%,78.64,8,1.8%,8.9%
12953,妖医,0.4%,70.74,6,2.2%,6.4%
12954,蜜月酒店杀人事件,0.4%,59.88,5,2.1%,5.5%
12955,小蚂蚁之环球大冒险,0.3%,48.56,11,1.0%,14.6%
12956,夜孔雀,<0.1%,12.76,3,0.8%,3.9%
12957,阿里巴巴2所罗门封印,<0.1%,9.14,31,<0.1%,37.7%
12958,笔仙诡影,<0.1%,3.72,5,0.1%,9.7%
12959,死亡笔记,<0.1%,3.38,4,0.1%,5.2%
12960,幻体：续命游戏,<0.1%,2.79,4,0.1%,6.3%
12961,爱丽丝梦游仙境,<0.1%,2.71,9,<0.1%,--
12962,白毛女,<0.1%,2.46,53,<0.1%,24.5%
12963,整形师·脸,<0.1%,2.41,4,0.1%,6.3%
12964,谎言大爆炸,<0.1%,1.98,24,<0.1%,58.6%
12965,钢刀,<0.1%,1.45,2,0.1%,2.1%
12966,爱丽丝梦游仙境2：镜中奇遇记,32.6%,1162.84,6,32.9%,3.6%
12967,X战警：天启,21.4%,765.19,49,2.2%,25.3%
12968,愤怒的小鸟,17.2%,613.40,5,23.6%,3.3%
12969,美国队长3,9.0%,321.89,6,9.8%,4.8%
12970,分歧者3：忠诚世界,6.2%,223.26,5,9.1%,4.4%
12971,超脑48小时,3.4%,121.27,19,1.0%,20.1%
12972,北京遇上西雅图之不二情书,2.7%,97.67,7,2.0%,8.1%
12973,百鸟朝凤,2.2%,81.21,6,2.5%,6.4%
12974,妖医,1.6%,60.20,4,3.1%,4.0%
12975,蜜月酒店杀人事件,1.3%,49.70,3,3.2%,3.1%
12976,夜孔雀,0.3%,13.53,2,1.3%,2.7%
12977,斗龙战士之星印罗盘,0.1%,7.03,1,2.2%,0.6%
12978,水果宝贝之水果总动员,0.1%,6.96,1,2.3%,0.7%
12979,糖果世界大冒险,0.1%,6.83,2,1.3%,1.1%
12980,白毛女,0.1%,5.57,67,<0.1%,53.5%
12981,动植物大战,0.1%,4.20,2,0.6%,1.6%
12982,死亡笔记,<0.1%,2.95,3,0.2%,3.3%
12983,笔仙诡影,<0.1%,2.41,3,0.2%,4.6%
12984,钢刀,<0.1%,1.97,2,0.2%,1.7%
12985,幻体：续命游戏,<0.1%,1.93,2,0.2%,2.8%
12986,整形师·脸,<0.1%,1.71,2,0.2%,3.6%
12987,X战警：天启,85.4%,11142.93,38,48.0%,25.4%
12988,爱丽丝梦游仙境2：镜中奇遇记,6.6%,872.78,10,16.7%,8.8%
12989,愤怒的小鸟,3.9%,520.73,7,12.7%,6.8%
12990,超脑48小时,0.7%,96.88,46,0.3%,46.7%
12991,记忆碎片,0.6%,79.55,3,5.7%,3.3%
12992,美国队长3,0.5%,76.26,4,2.9%,4.5%
12993,死亡游戏,0.5%,73.15,5,3.2%,5.9%
12994,北京遇上西雅图之不二情书,0.3%,46.14,9,0.8%,11.1%
12995,百鸟朝凤,0.3%,39.23,8,1.0%,9.4%
12996,分歧者3：忠诚世界,0.2%,32.61,3,2.6%,2.6%
12997,妖医,<0.1%,12.08,4,0.7%,4.5%
12998,蜜月酒店杀人事件,<0.1%,6.28,2,0.6%,2.8%
12999,斗龙战士之星印罗盘,<0.1%,5.53,2,0.9%,1.3%
13000,白毛女,<0.1%,5.15,65,<0.1%,57.7%
13001,提款机,<0.1%,4.87,4,0.2%,5.1%
13002,水果宝贝之水果总动员,<0.1%,3.38,1,0.9%,1.0%
13003,夜孔雀,<0.1%,3.07,2,0.4%,2.5%
13004,动植物大战,<0.1%,2.77,3,0.2%,3.9%
13005,糖果世界大冒险,<0.1%,1.24,1,0.3%,1.0%
13006,山那边有匹马,<0.1%,1.11,8,<0.1%,13.1%
13007,钢刀,<0.1%,1.00,2,<0.1%,3.2%
13008,X战警：天启,77.2%,14955.05,46,48.2%,31.6%
13009,爱丽丝梦游仙境2：镜中奇遇记,9.8%,1906.74,20,16.3%,19.2%
13010,愤怒的小鸟,8.9%,1732.12,20,14.5%,19.0%
13011,美国队长3,0.7%,153.93,10,2.4%,10.9%
13012,超脑48小时,0.5%,104.03,52,0.3%,51.8%
13013,记忆碎片,0.4%,81.16,4,4.2%,4.5%
13014,死亡游戏,0.4%,80.63,6,2.7%,7.5%
13015,北京遇上西雅图之不二情书,0.3%,72.26,14,0.7%,17.7%
13016,百鸟朝凤,0.3%,67.28,14,0.8%,17.9%
13017,斗龙战士之星印罗盘,0.3%,62.85,7,2.0%,7.1%
13018,分歧者3：忠诚世界,0.2%,54.81,5,2.0%,5.4%
13019,水果宝贝之水果总动员,0.1%,24.13,4,1.6%,3.8%
13020,动植物大战,<0.1%,15.22,8,0.4%,10.4%
13021,妖医,<0.1%,14.98,5,0.6%,6.0%
13022,糖果世界大冒险,<0.1%,12.30,4,0.6%,4.7%
13023,蜜月酒店杀人事件,<0.1%,6.79,3,0.4%,3.6%
13024,夜孔雀,<0.1%,3.32,2,0.3%,3.8%
13025,小蚂蚁之环球大冒险,<0.1%,3.02,3,0.2%,4.7%
13026,提款机,<0.1%,2.59,4,0.1%,4.3%
13027,笔仙诡影,<0.1%,1.50,4,<0.1%,7.3%
13028,幻体：续命游戏,<0.1%,1.01,3,<0.1%,4.3%
13029,X战警：天启,75.4%,11626.61,36,48.5%,24.7%
13030,爱丽丝梦游仙境2：镜中奇遇记,10.0%,1553.71,16,16.5%,15.7%
13031,愤怒的小鸟,9.8%,1521.95,18,14.7%,16.8%
13032,美国队长3,0.8%,133.82,9,2.3%,10.4%
13033,超脑48小时,0.6%,102.08,50,0.3%,50.7%
13034,北京遇上西雅图之不二情书,0.4%,68.41,12,0.8%,15.7%
13035,斗龙战士之星印罗盘,0.4%,63.23,7,1.9%,7.3%
13036,死亡游戏,0.4%,62.85,5,2.7%,5.8%
13037,记忆碎片,0.4%,62.24,4,3.8%,3.7%
13038,百鸟朝凤,0.3%,61.23,13,0.9%,15.8%
13039,分歧者3：忠诚世界,0.3%,53.18,5,2.0%,5.4%
13040,水果宝贝之水果总动员,0.1%,22.45,4,1.4%,3.8%
13041,动植物大战,0.1%,18.60,10,0.4%,12.6%
13042,糖果世界大冒险,<0.1%,13.31,4,0.6%,5.1%
13043,妖医,<0.1%,11.30,4,0.6%,4.5%
13044,我的诗篇,<0.1%,8.74,79,<0.1%,86.6%
13045,蜜月酒店杀人事件,<0.1%,6.74,3,0.4%,3.8%
13046,夜孔雀,<0.1%,3.31,2,0.3%,3.5%
13047,小蚂蚁之环球大冒险,<0.1%,2.96,3,0.2%,4.7%
13048,提款机,<0.1%,2.40,5,0.1%,5.3%
13049,笔仙诡影,<0.1%,1.83,4,0.1%,8.4%
13050,谎言大爆炸,<0.1%,1.67,25,<0.1%,80.7%
13051,X战警：天启,79.7%,4936.11,17,49.0%,11.5%
13052,爱丽丝梦游仙境2：镜中奇遇记,10.0%,620.83,7,18.0%,6.3%
13053,愤怒的小鸟,4.6%,285.39,4,14.1%,3.5%
13054,超脑48小时,1.6%,100.67,38,0.5%,39.2%
13055,北京遇上西雅图之不二情书,0.8%,50.65,7,1.1%,8.6%
13056,死亡游戏,0.7%,45.32,4,3.0%,4.1%
13057,分歧者3：忠诚世界,0.6%,40.41,3,2.8%,3.2%
13058,记忆碎片,0.5%,35.78,2,4.3%,2.1%
13059,百鸟朝凤,0.4%,30.13,6,1.1%,6.4%
13060,妖医,0.1%,10.59,3,0.7%,3.7%
13061,蜜月酒店杀人事件,0.1%,6.34,2,0.6%,2.8%
13062,白毛女,<0.1%,3.99,63,<0.1%,46.7%
13063,夜孔雀,<0.1%,2.86,2,0.4%,2.7%
13064,斗龙战士之星印罗盘,<0.1%,2.47,1,0.9%,0.6%
13065,动植物大战,<0.1%,2.12,3,0.2%,3.4%
13066,水果宝贝之水果总动员,<0.1%,1.43,1,0.7%,0.5%
13067,提款机,<0.1%,1.42,2,0.1%,2.0%
13068,笔仙诡影,<0.1%,1.19,3,0.1%,4.4%
13069,美国队长3,<0.1%,1.05,2,0.1%,1.8%
13070,魔兽,48.4%,5008.99,93,7.4%,57.9%
13071,X战警：天启,40.6%,4197.49,15,45.2%,10.3%
13072,爱丽丝梦游仙境2：镜中奇遇记,5.7%,595.63,6,17.2%,5.9%
13073,愤怒的小鸟,2.7%,288.94,4,13.4%,3.5%
13074,北京遇上西雅图之不二情书,0.4%,51.56,7,1.1%,8.5%
13075,死亡游戏,0.4%,43.59,4,2.7%,4.3%
13076,分歧者3：忠诚世界,0.4%,42.75,3,2.7%,3.4%
13077,记忆碎片,0.3%,32.81,2,3.7%,2.1%
13078,百鸟朝凤,0.2%,25.73,6,0.8%,7.1%
13079,妖医,0.1%,10.57,3,0.7%,3.9%
13080,蜜月酒店杀人事件,<0.1%,6.83,2,0.6%,2.9%
13081,超脑48小时,<0.1%,5.39,3,0.3%,3.7%
13082,白毛女,<0.1%,3.81,57,<0.1%,33.4%
13083,夜孔雀,<0.1%,2.99,2,0.3%,2.7%
13084,斗龙战士之星印罗盘,<0.1%,2.39,1,0.8%,0.6%
13085,动植物大战,<0.1%,2.05,3,0.1%,3.2%
13086,水果宝贝之水果总动员,<0.1%,1.30,1,0.6%,0.5%
13087,笔仙诡影,<0.1%,1.26,3,0.1%,5.3%
13088,提款机,<0.1%,1.21,2,0.1%,2.1%
13089,魔兽,89.0%,25098.48,57,65.0%,39.9%
13090,X战警：天启,8.8%,2492.90,24,17.4%,23.9%
13091,爱丽丝梦游仙境2：镜中奇遇记,1.1%,327.32,10,6.3%,10.7%
13092,愤怒的小鸟,0.4%,139.19,6,4.6%,5.7%
13093,北京遇上西雅图之不二情书,0.1%,30.00,9,0.4%,12.1%
13094,死亡游戏,<0.1%,24.75,5,1.2%,6.7%
13095,百鸟朝凤,<0.1%,13.94,8,0.3%,10.8%
13096,分歧者3：忠诚世界,<0.1%,13.13,3,0.8%,3.9%
13097,记忆碎片,<0.1%,10.54,3,0.9%,3.3%
13098,妖医,<0.1%,4.73,4,0.2%,5.1%
13099,蜜月酒店杀人事件,<0.1%,2.66,3,0.2%,3.5%
13100,斗龙战士之星印罗盘,<0.1%,2.34,2,0.3%,1.7%
13101,白毛女,<0.1%,1.80,100,<0.1%,60.9%
13102,大唐玄奘,<0.1%,1.77,74,<0.1%,100%
13103,夜孔雀,<0.1%,1.71,2,0.2%,3.1%
13104,水果宝贝之水果总动员,<0.1%,1.35,1,0.3%,1.2%
13105,魔兽,81.0%,29938.82,64,63.6%,45.5%
13106,X战警：天启,12.6%,4684.98,46,15.4%,47.2%
13107,愤怒的小鸟,2.5%,926.56,28,5.4%,28.8%
13108,爱丽丝梦游仙境2：镜中奇遇记,2.4%,899.68,27,5.5%,31.8%
13109,泰迪熊之玩具大战,0.7%,267.76,10,4.9%,10.8%
13110,北京遇上西雅图之不二情书,0.1%,47.42,18,0.3%,27.9%
13111,死亡游戏,<0.1%,35.65,8,0.9%,11.3%
13112,百鸟朝凤,<0.1%,28.30,19,0.2%,28.4%
13113,分歧者3：忠诚世界,<0.1%,19.83,7,0.5%,9.7%
13114,斗龙战士之星印罗盘,<0.1%,15.91,8,0.3%,10.4%
13115,记忆碎片,<0.1%,12.01,5,0.5%,6.4%
13116,动植物大战,<0.1%,7.93,18,<0.1%,27.0%
13117,水果宝贝之水果总动员,<0.1%,7.17,5,0.3%,6.5%
13118,妖医,<0.1%,4.43,5,0.1%,6.9%
13119,糖果世界大冒险,<0.1%,3.62,5,0.1%,6.8%
13120,蜜月酒店杀人事件,<0.1%,2.56,4,0.1%,5.8%
13121,笔仙诡影,<0.1%,2.10,6,<0.1%,16.0%
13122,夜孔雀,<0.1%,2.04,3,0.1%,6.0%
13123,小蚂蚁之环球大冒险,<0.1%,1.75,4,<0.1%,7.6%
13124,死亡笔记,<0.1%,1.24,5,<0.1%,7.1%
13125,谁的青春不迷茫,<0.1%,1.04,7,<0.1%,18.4%
13126,整形师·脸,<0.1%,1.03,4,<0.1%,12.5%
13127,魔兽,75.9%,21687.45,47,62.4%,33.0%
13128,X战警：天启,15.7%,4493.41,42,15.9%,43.1%
13129,愤怒的小鸟,3.4%,997.67,28,5.7%,29.2%
13130,爱丽丝梦游仙境2：镜中奇遇记,3.1%,914.11,26,5.8%,30.3%
13131,泰迪熊之玩具大战,0.7%,224.24,10,4.2%,10.9%
13132,我们毕业啦,0.2%,78.24,10,1.6%,13.0%
13133,北京遇上西雅图之不二情书,0.1%,44.53,18,0.3%,26.8%
13134,死亡游戏,<0.1%,27.21,7,0.8%,10.4%
13135,百鸟朝凤,<0.1%,25.72,17,0.2%,24.9%
13136,分歧者3：忠诚世界,<0.1%,16.26,7,0.4%,9.6%
13137,斗龙战士之星印罗盘,<0.1%,16.15,9,0.3%,12.4%
13138,动植物大战,<0.1%,9.42,27,<0.1%,37.9%
13139,记忆碎片,<0.1%,5.56,4,0.3%,4.9%
13140,水果宝贝之水果总动员,<0.1%,5.21,4,0.2%,5.4%
13141,妖医,<0.1%,4.25,5,0.1%,7.3%
13142,糖果世界大冒险,<0.1%,3.52,5,0.1%,8.6%
13143,谁的青春不迷茫,<0.1%,2.71,20,<0.1%,65.0%
13144,蜜月酒店杀人事件,<0.1%,1.87,3,0.1%,4.5%
13145,小蚂蚁之环球大冒险,<0.1%,1.67,4,<0.1%,6.7%
13146,笔仙诡影,<0.1%,1.52,5,<0.1%,15.6%
13147,夜孔雀,<0.1%,1.13,3,<0.1%,4.4%
13148,死亡笔记,<0.1%,1.07,6,<0.1%,7.3%
13149,超脑48小时,<0.1%,1.04,5,<0.1%,10.0%
13150,魔兽,72.3%,13704.32,31,60.4%,21.4%
13151,X战警：天启,17.4%,3302.29,30,17.0%,29.2%
13152,愤怒的小鸟,4.2%,804.47,21,6.2%,21.9%
13153,爱丽丝梦游仙境2：镜中奇遇记,3.6%,682.85,18,6.3%,20.5%
13154,泰迪熊之玩具大战,0.7%,149.51,7,3.9%,7.9%
13155,我们毕业啦,0.2%,38.89,5,1.7%,6.2%
13156,北京遇上西雅图之不二情书,0.1%,32.30,13,0.3%,18.9%
13157,死亡游戏,0.1%,20.83,5,0.8%,7.8%
13158,百鸟朝凤,0.1%,19.75,13,0.2%,18.7%
13159,分歧者3：忠诚世界,<0.1%,13.00,6,0.4%,7.3%
13160,斗龙战士之星印罗盘,<0.1%,12.04,7,0.3%,9.3%
13161,水果宝贝之水果总动员,<0.1%,4.59,4,0.2%,5.3%
13162,记忆碎片,<0.1%,3.84,3,0.2%,3.6%
13163,妖医,<0.1%,2.97,4,0.1%,5.7%
13164,糖果世界大冒险,<0.1%,2.62,4,0.1%,6.3%
13165,蜜月酒店杀人事件,<0.1%,1.82,3,0.1%,5.5%
13166,动植物大战,<0.1%,1.46,4,<0.1%,8.1%
13167,笔仙诡影,<0.1%,1.13,4,<0.1%,8.1%
13168,魔兽,73.5%,7371.67,19,58.1%,13.0%
13169,X战警：天启,19.2%,1932.83,17,19.3%,15.8%
13170,爱丽丝梦游仙境2：镜中奇遇记,2.9%,295.06,8,7.1%,8.1%
13171,愤怒的小鸟,1.5%,154.85,5,5.6%,4.9%
13172,我们毕业啦,0.2%,28.69,3,2.2%,3.6%
13173,北京遇上西雅图之不二情书,0.2%,25.15,9,0.4%,11.4%
13174,泰迪熊之玩具大战,0.1%,18.99,2,2.7%,1.5%
13175,死亡游戏,0.1%,18.85,4,1.0%,5.8%
13176,百鸟朝凤,0.1%,12.69,7,0.3%,9.6%
13177,分歧者3：忠诚世界,<0.1%,9.80,4,0.5%,4.5%
13178,妖医,<0.1%,3.36,4,0.2%,4.7%
13179,记忆碎片,<0.1%,3.08,2,0.3%,2.4%
13180,大唐玄奘,<0.1%,2.38,66,<0.1%,100%
13181,白毛女,<0.1%,1.83,58,<0.1%,35.5%
13182,蜜月酒店杀人事件,<0.1%,1.62,2,0.1%,3.9%
13183,魔兽,70.7%,4790.05,13,56.0%,9.1%
13184,X战警：天启,21.2%,1440.13,12,20.8%,11.0%
13185,爱丽丝梦游仙境2：镜中奇遇记,3.5%,240.40,6,7.8%,6.3%
13186,愤怒的小鸟,1.3%,94.26,3,5.6%,3.1%
13187,我们毕业啦,0.3%,23.19,3,2.4%,2.7%
13188,北京遇上西雅图之不二情书,0.3%,22.37,7,0.5%,8.9%
13189,死亡游戏,0.2%,18.14,4,1.2%,4.8%
13190,百鸟朝凤,0.1%,9.84,5,0.4%,6.5%
13191,分歧者3：忠诚世界,0.1%,8.82,3,0.5%,3.6%
13192,泰迪熊之玩具大战,0.1%,8.61,1,2.2%,0.9%
13193,白毛女,<0.1%,4.09,80,<0.1%,40.9%
13194,妖医,<0.1%,3.80,3,0.2%,4.5%
13195,我叫MT之山口山战记,<0.1%,2.93,119,<0.1%,78.1%
13196,记忆碎片,<0.1%,2.91,2,0.4%,2.1%
13197,蜜月酒店杀人事件,<0.1%,1.78,2,0.1%,3.4%
13198,夜孔雀,<0.1%,1.18,4,0.1%,7.0%
13199,魔兽,68.2%,4096.36,12,54.8%,8.0%
13200,X战警：天启,22.9%,1377.66,11,21.4%,10.2%
13201,爱丽丝梦游仙境2：镜中奇遇记,3.7%,226.72,5,8.2%,5.6%
13202,愤怒的小鸟,1.5%,90.19,3,5.6%,2.9%
13203,北京遇上西雅图之不二情书,0.3%,23.52,7,0.5%,8.5%
13204,我们毕业啦,0.3%,22.36,2,2.5%,2.6%
13205,死亡游戏,0.3%,19.10,4,1.3%,4.8%
13206,百鸟朝凤,0.1%,10.91,6,0.4%,6.9%
13207,分歧者3：忠诚世界,0.1%,9.75,3,0.6%,3.9%
13208,泰迪熊之玩具大战,0.1%,7.96,1,2.0%,0.9%
13209,妖医,<0.1%,3.91,3,0.2%,4.2%
13210,记忆碎片,<0.1%,3.28,2,0.4%,2.1%
13211,蜜月酒店杀人事件,<0.1%,2.30,3,0.2%,4.1%
13212,白毛女,<0.1%,1.65,43,<0.1%,29.2%
13213,夜孔雀,<0.1%,1.52,3,0.1%,4.4%
13214,魔兽,66.1%,3624.37,11,53.9%,7.2%
13215,X战警：天启,24.3%,1331.26,11,21.9%,9.6%
13216,爱丽丝梦游仙境2：镜中奇遇记,4.2%,230.16,5,8.5%,5.5%
13217,愤怒的小鸟,1.5%,86.81,3,5.6%,2.9%
13218,北京遇上西雅图之不二情书,0.4%,26.14,7,0.6%,8.2%
13219,我们毕业啦,0.4%,22.33,2,2.5%,2.6%
13220,死亡游戏,0.3%,20.38,4,1.3%,4.9%
13221,百鸟朝凤,0.2%,12.14,6,0.4%,7.3%
13222,分歧者3：忠诚世界,0.1%,10.57,4,0.6%,4.0%
13223,泰迪熊之玩具大战,0.1%,7.56,1,1.9%,0.8%
13224,妖医,<0.1%,4.54,4,0.3%,4.7%
13225,记忆碎片,<0.1%,3.19,2,0.5%,1.8%
13226,白毛女,<0.1%,2.37,53,<0.1%,24.5%
13227,蜜月酒店杀人事件,<0.1%,1.94,2,0.2%,3.3%
13228,钢刀,<0.1%,1.67,23,<0.1%,45.8%
13229,魔兽,64.0%,3272.36,10,53.1%,6.6%
13230,X战警：天启,24.5%,1255.64,10,22.2%,8.9%
13231,爱丽丝梦游仙境2：镜中奇遇记,4.6%,238.12,5,8.7%,5.5%
13232,愤怒的小鸟,1.7%,89.42,3,5.6%,2.9%
13233,北京遇上西雅图之不二情书,0.5%,26.17,7,0.6%,8.2%
13234,我们毕业啦,0.4%,23.49,3,2.5%,2.7%
13235,死亡游戏,0.3%,20.26,4,1.3%,4.8%
13236,海底总动员2：多莉去哪儿,0.3%,19.95,10,0.3%,4.7%
13237,百鸟朝凤,0.2%,13.74,6,0.4%,7.4%
13238,分歧者3：忠诚世界,0.2%,10.70,4,0.7%,3.9%
13239,泰迪熊之玩具大战,0.1%,7.73,1,1.8%,0.9%
13240,妖医,<0.1%,4.42,3,0.3%,4.4%
13241,记忆碎片,<0.1%,3.38,2,0.4%,2.1%
13242,白毛女,<0.1%,2.45,52,<0.1%,31.5%
13243,蜜月酒店杀人事件,<0.1%,1.83,2,0.2%,2.8%
13244,筷仙,<0.1%,1.60,15,<0.1%,13.5%
13245,钢刀,<0.1%,1.17,6,<0.1%,11.6%
13246,我叫MT之山口山战记,<0.1%,1.05,6,<0.1%,4.7%
13247,魔兽,46.7%,4002.55,16,34.9%,10.7%
13248,海底总动员2：多莉去哪儿,28.9%,2476.53,15,26.9%,11.0%
13249,X战警：天启,15.2%,1307.18,15,13.2%,14.1%
13250,我叫MT之山口山战记,3.5%,305.76,4,12.9%,4.0%
13251,筷仙,1.8%,161.50,9,3.5%,11.3%
13252,爱丽丝梦游仙境2：镜中奇遇记,1.2%,109.64,7,2.6%,8.0%
13253,愤怒的小鸟,0.2%,19.59,4,0.8%,4.1%
13254,北京遇上西雅图之不二情书,0.2%,19.48,9,0.3%,10.8%
13255,百鸟朝凤,0.1%,10.55,8,0.2%,11.5%
13256,海洋之恋,<0.1%,7.07,2,0.9%,1.8%
13257,我们毕业啦,<0.1%,6.07,3,0.5%,3.5%
13258,分歧者3：忠诚世界,<0.1%,5.46,4,0.2%,4.9%
13259,练胆儿,<0.1%,4.08,4,0.2%,5.5%
13260,死亡游戏,<0.1%,3.29,3,0.2%,4.5%
13261,当流星划过天际,<0.1%,2.76,2,0.4%,1.9%
13262,老警,<0.1%,2.10,3,0.1%,3.2%
13263,白毛女,<0.1%,1.72,45,<0.1%,15.7%
13264,泰迪熊之玩具大战,<0.1%,1.29,1,0.2%,1.3%
13265,山花烂漫时,<0.1%,1.16,1,0.3%,1.5%
13266,记忆碎片,<0.1%,1.02,2,<0.1%,3.2%
13267,魔兽,43.3%,6547.78,25,34.8%,17.0%
13268,海底总动员2：多莉去哪儿,33.9%,5118.92,26,29.5%,19.9%
13269,X战警：天启,15.0%,2267.76,23,14.0%,22.3%
13270,我叫MT之山口山战记,2.7%,418.47,7,9.5%,7.1%
13271,爱丽丝梦游仙境2：镜中奇遇记,1.4%,212.86,12,2.7%,14.4%
13272,筷仙,1.1%,176.44,10,3.5%,11.7%
13273,愤怒的小鸟,0.5%,87.30,12,1.1%,12.6%
13274,北京遇上西雅图之不二情书,0.2%,30.99,13,0.3%,17.4%
13275,百鸟朝凤,0.1%,15.58,12,0.2%,16.3%
13276,海洋之恋,<0.1%,9.28,2,0.7%,2.7%
13277,我们毕业啦,<0.1%,8.08,3,0.5%,4.6%
13278,分歧者3：忠诚世界,<0.1%,7.79,6,0.2%,7.0%
13279,死亡游戏,<0.1%,5.14,4,0.2%,7.4%
13280,泰迪熊之玩具大战,<0.1%,4.91,3,0.3%,3.2%
13281,练胆儿,<0.1%,4.41,5,0.2%,7.0%
13282,老警,<0.1%,2.99,4,0.1%,5.1%
13283,当流星划过天际,<0.1%,2.56,2,0.4%,2.1%
13284,我的诗篇,<0.1%,1.61,79,<0.1%,100%
13285,山花烂漫时,<0.1%,1.29,2,0.2%,2.0%
13286,记忆碎片,<0.1%,1.14,3,<0.1%,3.9%
13287,魔兽,42.6%,5447.69,21,34.6%,14.4%
13288,海底总动员2：多莉去哪儿,34.0%,4344.85,22,29.7%,16.8%
13289,X战警：天启,15.9%,2036.72,21,14.6%,19.3%
13290,我叫MT之山口山战记,1.9%,245.71,5,8.6%,4.7%
13291,爱丽丝梦游仙境2：镜中奇遇记,1.5%,200.69,11,2.9%,12.9%
13292,筷仙,1.1%,142.55,8,3.6%,9.2%
13293,愤怒的小鸟,0.7%,93.17,12,1.1%,13.0%
13294,北京遇上西雅图之不二情书,0.2%,30.24,12,0.3%,15.8%
13295,百鸟朝凤,0.1%,19.73,13,0.2%,18.3%
13296,海洋之恋,<0.1%,8.93,2,0.7%,2.9%
13297,我们毕业啦,<0.1%,8.29,3,0.5%,4.5%
13298,分歧者3：忠诚世界,<0.1%,7.80,6,0.2%,7.5%
13299,死亡游戏,<0.1%,4.63,4,0.2%,6.7%
13300,泰迪熊之玩具大战,<0.1%,3.88,2,0.3%,2.8%
13301,练胆儿,<0.1%,3.85,4,0.2%,6.1%
13302,当流星划过天际,<0.1%,2.65,2,0.3%,2.3%
13303,我的诗篇,<0.1%,1.98,72,<0.1%,100%
13304,老警,<0.1%,1.76,3,0.1%,3.5%
13305,钢刀,<0.1%,1.53,35,<0.1%,57.7%
13306,山花烂漫时,<0.1%,1.38,2,0.2%,2.6%
13307,根据地,<0.1%,1.34,43,<0.1%,100%
13308,魔兽,46.4%,2108.33,9,35.4%,6.0%
13309,海底总动员2：多莉去哪儿,23.1%,1049.37,7,28.3%,4.7%
13310,X战警：天启,21.2%,965.61,10,16.3%,9.0%
13311,筷仙,2.6%,119.07,6,4.2%,6.9%
13312,爱丽丝梦游仙境2：镜中奇遇记,2.2%,103.14,5,3.5%,5.8%
13313,我叫MT之山口山战记,1.4%,65.81,2,7.2%,1.6%
13314,北京遇上西雅图之不二情书,0.4%,20.00,7,0.4%,8.8%
13315,惊天魔盗团2,0.3%,16.61,170,<0.1%,100%
13316,百鸟朝凤,0.2%,9.19,6,0.3%,7.4%
13317,三人行,0.1%,8.01,138,<0.1%,100.0%
13318,我们毕业啦,0.1%,6.91,2,0.7%,3.0%
13319,海洋之恋,0.1%,5.07,2,0.8%,1.6%
13320,记忆碎片,0.1%,4.99,4,0.1%,6.4%
13321,死亡游戏,<0.1%,3.56,3,0.3%,4.2%
13322,练胆儿,<0.1%,2.78,3,0.2%,4.4%
13323,水果宝贝之水果总动员,<0.1%,2.73,5,<0.1%,7.6%
13324,老警,<0.1%,2.61,4,0.1%,6.2%
13325,当流星划过天际,<0.1%,1.68,1,0.4%,1.3%
13326,泰迪熊之玩具大战,<0.1%,1.39,2,0.2%,1.5%
13327,白毛女,<0.1%,1.35,42,<0.1%,29.1%
13328,妖医,<0.1%,1.04,3,<0.1%,4.1%
13329,魔兽,45.1%,1925.19,8,35.6%,5.6%
13330,海底总动员2：多莉去哪儿,23.5%,1006.03,7,27.6%,4.7%
13331,X战警：天启,22.2%,947.06,9,17.1%,8.4%
13332,筷仙,2.5%,109.83,6,4.3%,6.5%
13333,爱丽丝梦游仙境2：镜中奇遇记,2.5%,109.32,5,3.7%,5.8%
13334,我叫MT之山口山战记,1.1%,50.37,2,6.5%,1.4%
13335,北京遇上西雅图之不二情书,0.4%,21.03,7,0.5%,8.6%
13336,三人行,0.3%,12.96,197,<0.1%,99.7%
13337,百鸟朝凤,0.2%,12.24,7,0.3%,9.5%
13338,我们毕业啦,0.1%,6.72,2,0.7%,3.0%
13339,海洋之恋,0.1%,4.92,2,0.7%,1.6%
13340,死亡游戏,<0.1%,3.64,3,0.3%,4.3%
13341,白毛女,<0.1%,2.76,56,<0.1%,29.5%
13342,练胆儿,<0.1%,2.55,3,0.2%,4.1%
13343,记忆碎片,<0.1%,2.12,2,0.1%,3.1%
13344,泰迪熊之玩具大战,<0.1%,1.53,2,0.2%,1.8%
13345,当流星划过天际,<0.1%,1.37,1,0.4%,1.2%
13346,妖医,<0.1%,1.09,3,<0.1%,4.7%
13347,老警,<0.1%,1.03,2,0.1%,3.3%
13348,魔兽,43.5%,1708.74,8,35.6%,5.0%
13349,海底总动员2：多莉去哪儿,23.9%,940.46,6,27.1%,4.5%
13350,X战警：天启,22.7%,890.71,9,17.7%,7.5%
13351,爱丽丝梦游仙境2：镜中奇遇记,2.7%,108.33,5,3.9%,5.5%
13352,筷仙,2.7%,106.89,5,4.4%,6.0%
13353,我叫MT之山口山战记,1.1%,43.49,2,6.0%,1.3%
13354,北京遇上西雅图之不二情书,0.5%,21.44,6,0.5%,7.8%
13355,赏金猎人,0.2%,11.00,120,<0.1%,100%
13356,百鸟朝凤,0.2%,8.16,5,0.3%,5.9%
13357,我们毕业啦,0.1%,5.37,2,0.7%,2.4%
13358,海洋之恋,0.1%,4.68,2,0.7%,1.6%
13359,死亡游戏,<0.1%,3.62,3,0.3%,4.0%
13360,练胆儿,<0.1%,2.40,3,0.2%,3.7%
13361,愤怒的小鸟,<0.1%,2.36,3,0.1%,3.2%
13362,发条城市,<0.1%,2.20,92,<0.1%,64.4%
13363,白毛女,<0.1%,2.06,36,<0.1%,31.8%
13364,泰迪熊之玩具大战,<0.1%,1.48,1,0.2%,1.3%
13365,当流星划过天际,<0.1%,1.31,1,0.4%,1.1%
13366,山那边有匹马,<0.1%,1.28,51,<0.1%,100%
13367,妖医,<0.1%,1.06,3,<0.1%,4.2%
13368,魔兽,32.2%,1557.37,7,33.9%,4.6%
13369,海底总动员2：多莉去哪儿,18.2%,881.20,6,25.6%,4.4%
13370,X战警：天启,18.0%,871.43,8,17.3%,7.2%
13371,惊天魔盗团2,11.9%,578.15,50,1.9%,31.3%
13372,独立日：卷土重来,10.5%,509.07,38,1.8%,20.4%
13373,爱丽丝梦游仙境2：镜中奇遇记,2.3%,111.68,5,3.8%,5.6%
13374,筷仙,2.1%,102.74,5,4.2%,5.8%
13375,三人行,1.2%,59.41,14,0.7%,11.0%
13376,我叫MT之山口山战记,0.8%,41.05,2,5.5%,1.3%
13377,北京遇上西雅图之不二情书,0.4%,20.58,6,0.5%,7.9%
13378,百鸟朝凤,0.1%,9.52,5,0.3%,6.2%
13379,我们毕业啦,0.1%,5.76,2,0.7%,2.5%
13380,南口1937,0.1%,5.17,10,<0.1%,10.5%
13381,海洋之恋,<0.1%,4.41,2,0.6%,1.7%
13382,愤怒的小鸟,<0.1%,3.84,4,0.1%,3.6%
13383,死亡游戏,<0.1%,3.70,2,0.3%,4.0%
13384,练胆儿,<0.1%,2.31,3,0.2%,3.7%
13385,白毛女,<0.1%,1.69,37,<0.1%,21.4%
13386,当流星划过天际,<0.1%,1.46,1,0.3%,1.3%
13387,泰迪熊之玩具大战,<0.1%,1.28,1,0.2%,0.9%
13388,记忆碎片,<0.1%,1.19,3,0.1%,3.6%
13389,妖医,<0.1%,1.16,3,<0.1%,4.7%
13390,惊天魔盗团2,44.9%,8854.80,44,31.3%,32.4%
13391,独立日：卷土重来,36.2%,7145.38,34,29.1%,23.9%
13392,三人行,11.6%,2286.60,21,19.3%,20.9%
13393,魔兽,3.2%,635.79,13,6.8%,13.9%
13394,海底总动员2：多莉去哪儿,2.5%,507.45,13,6.3%,12.8%
13395,X战警：天启,0.5%,114.55,10,1.7%,10.9%
13396,近在咫尺的爱恋,0.1%,29.44,2,2.8%,2.5%
13397,筷仙,0.1%,22.80,6,0.7%,7.6%
13398,南口1937,<0.1%,12.29,69,<0.1%,96.9%
13399,爱丽丝梦游仙境2：镜中奇遇记,<0.1%,9.12,7,0.2%,9.4%
13400,百鸟朝凤,<0.1%,4.21,9,<0.1%,16.2%
13401,北京遇上西雅图之不二情书,<0.1%,3.68,10,<0.1%,14.9%
13402,我叫MT之山口山战记,<0.1%,3.37,2,0.3%,2.1%
13403,我们毕业啦,<0.1%,1.72,6,<0.1%,18.0%
13404,白毛女,<0.1%,1.63,55,<0.1%,35.4%
13405,死亡游戏,<0.1%,1.58,2,0.1%,6.4%
13406,李三娘,<0.1%,1.03,32,<0.1%,100%
13407,愤怒的小鸟,<0.1%,1.00,4,<0.1%,4.9%
13408,惊天魔盗团2,42.7%,10557.66,47,32.4%,34.3%
13409,独立日：卷土重来,36.0%,8899.28,42,28.2%,29.7%
13410,三人行,8.8%,2178.84,20,17.9%,20.5%
13411,海底总动员2：多莉去哪儿,7.1%,1755.37,28,9.5%,28.8%
13412,魔兽,4.0%,996.31,23,5.9%,24.2%
13413,X战警：天启,0.6%,171.05,17,1.3%,19.9%
13414,近在咫尺的爱恋,0.1%,26.03,3,1.9%,3.2%
13415,筷仙,<0.1%,22.54,6,0.7%,8.6%
13416,爱丽丝梦游仙境2：镜中奇遇记,<0.1%,17.96,11,0.2%,15.4%
13417,我叫MT之山口山战记,<0.1%,10.47,4,0.4%,5.6%
13418,愤怒的小鸟,<0.1%,6.29,11,<0.1%,13.8%
13419,百鸟朝凤,<0.1%,3.27,8,<0.1%,14.0%
13420,北京遇上西雅图之不二情书,<0.1%,3.26,8,<0.1%,14.2%
13421,死亡游戏,<0.1%,2.33,4,0.1%,9.3%
13422,我的诗篇,<0.1%,1.60,84,<0.1%,100%
13423,泰迪熊之玩具大战,<0.1%,1.38,3,0.1%,5.4%
13424,南口1937,<0.1%,1.37,15,<0.1%,44.6%
13425,赏金猎人,<0.1%,1.25,209,<0.1%,100.0%
13426,李三娘,<0.1%,1.11,32,<0.1%,100%
13427,惊天魔盗团2,41.9%,8786.31,39,32.7%,28.2%
13428,独立日：卷土重来,35.5%,7440.03,35,28.5%,25.2%
13429,海底总动员2：多莉去哪儿,8.6%,1816.56,28,10.0%,28.8%
13430,三人行,8.2%,1725.16,17,17.1%,17.3%
13431,魔兽,4.1%,861.06,20,5.9%,21.6%
13432,X战警：天启,0.7%,157.56,16,1.3%,18.8%
13433,近在咫尺的爱恋,0.1%,23.75,3,1.7%,3.3%
13434,爱丽丝梦游仙境2：镜中奇遇记,0.1%,21.35,13,0.2%,18.0%
13435,筷仙,<0.1%,18.92,5,0.7%,7.1%
13436,愤怒的小鸟,<0.1%,10.09,16,0.1%,18.0%
13437,我叫MT之山口山战记,<0.1%,8.75,4,0.4%,5.2%
13438,百鸟朝凤,<0.1%,3.33,8,<0.1%,14.1%
13439,北京遇上西雅图之不二情书,<0.1%,2.61,7,<0.1%,10.0%
13440,我的诗篇,<0.1%,1.64,56,<0.1%,83.2%
13441,死亡游戏,<0.1%,1.55,3,0.1%,6.5%
13442,泰迪熊之玩具大战,<0.1%,1.20,2,0.1%,4.4%
13443,山那边有匹马,<0.1%,1.11,66,<0.1%,100%
13444,李三娘,<0.1%,1.09,32,<0.1%,100%
13445,惊天魔盗团2,44.0%,4246.17,21,33.1%,14.8%
13446,独立日：卷土重来,36.0%,3469.72,18,29.4%,12.8%
13447,三人行,9.1%,882.34,10,17.1%,9.8%
13448,海底总动员2：多莉去哪儿,4.2%,408.06,9,7.7%,9.1%
13449,魔兽,4.1%,397.65,10,6.6%,10.1%
13450,X战警：天启,0.9%,91.07,9,1.6%,9.7%
13451,筷仙,0.1%,17.44,5,0.8%,5.8%
13452,大火种,0.1%,15.46,15,0.1%,20.7%
13453,近在咫尺的爱恋,0.1%,15.20,2,1.8%,2.3%
13454,南口1937,<0.1%,7.43,62,<0.1%,91.7%
13455,我叫MT之山口山战记,<0.1%,2.64,2,0.2%,2.2%
13456,愤怒的小鸟,<0.1%,1.90,5,<0.1%,4.8%
13457,百鸟朝凤,<0.1%,1.88,4,<0.1%,7.6%
13458,北京遇上西雅图之不二情书,<0.1%,1.75,4,<0.1%,4.6%
13459,发条城市,<0.1%,1.74,35,<0.1%,21.2%
13460,所以……和黑粉结婚了,<0.1%,1.62,64,<0.1%,50.3%
13461,白毛女,<0.1%,1.23,66,<0.1%,50.5%
13462,死亡游戏,<0.1%,1.11,2,0.1%,4.8%
13463,惊天魔盗团2,42.4%,3886.30,19,33.2%,13.6%
13464,独立日：卷土重来,35.8%,3284.13,17,29.4%,12.3%
13465,三人行,9.2%,843.82,10,16.5%,9.9%
13466,海底总动员2：多莉去哪儿,5.0%,462.12,11,7.8%,10.5%
13467,魔兽,4.2%,392.67,9,6.8%,9.9%
13468,X战警：天启,1.0%,92.17,9,1.7%,9.6%
13469,所以……和黑粉结婚了,0.2%,23.95,53,<0.1%,77.0%
13470,大火种,0.2%,23.29,18,0.2%,23.1%
13471,筷仙,0.1%,17.84,4,0.9%,5.6%
13472,近在咫尺的爱恋,0.1%,13.47,2,1.7%,2.2%
13473,南口1937,0.1%,11.92,73,<0.1%,100%
13474,我叫MT之山口山战记,<0.1%,4.57,2,0.3%,2.9%
13475,愤怒的小鸟,<0.1%,2.65,5,<0.1%,5.9%
13476,百鸟朝凤,<0.1%,2.26,5,<0.1%,9.4%
13477,北京遇上西雅图之不二情书,<0.1%,2.12,5,<0.1%,5.9%
13478,阿里巴巴2所罗门封印,<0.1%,2.00,203,<0.1%,100%
13479,水果宝贝之水果总动员,<0.1%,1.98,11,<0.1%,22.9%
13480,死亡游戏,<0.1%,1.20,2,0.1%,4.9%
13481,海洋之恋,<0.1%,1.19,3,<0.1%,8.2%
13482,惊天魔盗团2,42.5%,3728.76,19,33.2%,13.0%
13483,独立日：卷土重来,34.7%,3042.12,16,29.4%,11.5%
13484,三人行,8.9%,782.10,9,16.1%,9.3%
13485,海底总动员2：多莉去哪儿,5.8%,511.52,11,8.1%,11.0%
13486,魔兽,4.5%,399.43,9,6.9%,9.9%
13487,X战警：天启,1.0%,95.47,9,1.7%,9.7%
13488,大火种,0.2%,19.88,16,0.2%,21.4%
13489,筷仙,0.2%,18.35,4,0.9%,5.5%
13490,糖果世界大冒险,0.1%,15.07,140,<0.1%,--
13491,近在咫尺的爱恋,0.1%,12.98,2,1.6%,2.3%
13492,南口1937,0.1%,11.36,68,<0.1%,71.9%
13493,所以……和黑粉结婚了,0.1%,9.63,22,<0.1%,17.3%
13494,愤怒的小鸟,<0.1%,3.05,6,0.1%,6.0%
13495,北京遇上西雅图之不二情书,<0.1%,2.51,5,<0.1%,6.5%
13496,我叫MT之山口山战记,<0.1%,2.39,2,0.3%,2.0%
13497,陆垚知马俐,<0.1%,2.38,104,<0.1%,50.4%
13498,再见我们的十年,<0.1%,1.80,500,<0.1%,--
13499,百鸟朝凤,<0.1%,1.61,4,<0.1%,6.3%
13500,死亡游戏,<0.1%,1.60,2,0.1%,5.7%
13501,老警,<0.1%,1.54,54,<0.1%,100%
13502,阿里巴巴2所罗门封印,<0.1%,1.40,130,<0.1%,78.8%
13503,忍者神龟2：破影而出,<0.1%,1.09,123,<0.1%,--
13504,记忆碎片,<0.1%,1.03,14,<0.1%,26.9%
13505,惊天魔盗团2,34.4%,3517.40,19,29.5%,13.2%
13506,独立日：卷土重来,27.3%,2787.28,16,26.0%,11.4%
13507,所以……和黑粉结婚了,22.6%,2307.70,23,18.0%,22.0%
13508,三人行,4.8%,494.05,9,10.6%,8.7%
13509,海底总动员2：多莉去哪儿,4.7%,485.70,13,6.6%,12.4%
13510,魔兽,3.2%,329.72,10,4.9%,10.8%
13511,X战警：天启,0.6%,66.65,9,1.1%,10.5%
13512,赏金猎人,0.4%,50.70,25,0.2%,17.9%
13513,大火种,0.4%,42.18,35,0.2%,43.0%
13514,筷仙,0.1%,13.21,4,0.6%,5.6%
13515,南口1937,0.1%,12.23,85,<0.1%,100%
13516,糖果世界大冒险,0.1%,11.78,141,<0.1%,--
13517,近在咫尺的爱恋,<0.1%,3.92,2,0.6%,1.9%
13518,北京遇上西雅图之不二情书,<0.1%,3.78,11,<0.1%,21.6%
13519,愤怒的小鸟,<0.1%,2.62,6,<0.1%,5.1%
13520,陆垚知马俐,<0.1%,2.54,160,<0.1%,95.1%
13521,我叫MT之山口山战记,<0.1%,1.73,2,0.2%,2.1%
13522,百鸟朝凤,<0.1%,1.64,5,<0.1%,8.8%
13523,白毛女,<0.1%,1.46,32,<0.1%,30.5%
13524,魔轮,<0.1%,1.40,4,<0.1%,3.6%
13525,赏金猎人,31.5%,4205.26,25,25.9%,19.6%
13526,惊天魔盗团2,25.7%,3432.47,24,20.7%,16.3%
13527,独立日：卷土重来,20.7%,2770.02,22,17.0%,15.1%
13528,所以……和黑粉结婚了,9.4%,1264.14,15,14.2%,14.2%
13529,忍者神龟2：破影而出,3.1%,421.71,34,1.6%,17.1%
13530,海底总动员2：多莉去哪儿,3.1%,418.30,14,4.7%,13.8%
13531,魔轮,1.4%,199.42,6,6.7%,5.5%
13532,魔兽,1.4%,189.45,13,2.0%,13.9%
13533,三人行,1.3%,182.16,8,3.7%,8.7%
13534,大火种,0.5%,71.22,42,0.2%,49.5%
13535,X战警：天启,0.2%,33.47,12,0.3%,15.8%
13536,党的女儿尹灵芝,0.2%,30.48,18,0.2%,23.7%
13537,终极胜利,0.1%,25.21,6,0.7%,5.9%
13538,绝战,0.1%,22.18,19,0.2%,20.9%
13539,古田会议,0.1%,17.06,12,0.2%,16.5%
13540,南口1937,0.1%,15.14,73,<0.1%,100%
13541,白毛女,<0.1%,5.29,77,<0.1%,58.2%
13542,筷仙,<0.1%,3.17,4,0.1%,6.6%
13543,百鸟朝凤,<0.1%,2.88,8,<0.1%,14.8%
13544,陆垚知马俐,<0.1%,2.48,125,<0.1%,61.2%
13545,愤怒的小鸟,<0.1%,2.01,6,<0.1%,7.2%
13546,为了这片土地,<0.1%,1.60,134,<0.1%,59.7%
13547,李三娘,<0.1%,1.17,36,<0.1%,100%
13548,忍者神龟2：破影而出,41.2%,9090.68,39,31.2%,24.7%
13549,赏金猎人,17.4%,3855.44,29,19.4%,25.6%
13550,惊天魔盗团2,16.4%,3629.49,37,13.5%,30.3%
13551,独立日：卷土重来,11.8%,2612.05,34,10.0%,30.4%
13552,所以……和黑粉结婚了,5.5%,1228.91,20,9.8%,21.1%
13553,海底总动员2：多莉去哪儿,3.6%,794.95,26,4.4%,25.7%
13554,魔兽,0.7%,173.96,19,1.1%,24.4%
13555,丑小鸭历险记,0.6%,152.81,9,3.2%,9.8%
13556,魔轮,0.6%,144.51,7,3.3%,7.6%
13557,摇滚藏獒,0.6%,136.60,82,0.2%,76.3%
13558,三人行,0.5%,128.96,12,1.6%,14.6%
13559,X战警：天启,0.1%,28.50,20,0.1%,26.6%
13560,致青春·原来你还在这里,<0.1%,16.61,163,<0.1%,--
13561,愤怒的小鸟,<0.1%,16.21,24,0.1%,24.3%
13562,终极胜利,<0.1%,7.75,4,0.3%,3.3%
13563,大火种,<0.1%,4.49,13,<0.1%,15.2%
13564,陆垚知马俐,<0.1%,3.73,142,<0.1%,79.2%
13565,白毛女,<0.1%,3.60,200,<0.1%,89.6%
13566,古田会议,<0.1%,3.23,6,<0.1%,6.9%
13567,我的诗篇,<0.1%,3.14,76,<0.1%,90.5%
13568,筷仙,<0.1%,2.82,4,0.1%,8.0%
13569,南口1937,<0.1%,1.75,43,<0.1%,62.7%
13570,党的女儿尹灵芝,<0.1%,1.57,6,<0.1%,9.1%
13571,百鸟朝凤,<0.1%,1.48,6,<0.1%,12.1%
13572,发条城市,<0.1%,1.21,28,<0.1%,18.5%
13573,我叫MT之山口山战记,<0.1%,1.12,4,<0.1%,6.1%
13574,李三娘,<0.1%,1.03,30,<0.1%,100%
13575,忍者神龟2：破影而出,39.1%,7499.25,33,30.8%,20.9%
13576,赏金猎人,18.9%,3636.21,27,19.7%,23.9%
13577,惊天魔盗团2,16.7%,3204.64,32,13.9%,26.2%
13578,独立日：卷土重来,12.3%,2373.99,31,10.2%,27.3%
13579,所以……和黑粉结婚了,4.9%,951.70,15,10.0%,16.3%
13580,海底总动员2：多莉去哪儿,4.4%,857.03,26,4.7%,26.2%
13581,魔兽,0.9%,173.50,18,1.2%,23.0%
13582,丑小鸭历险记,0.6%,131.63,8,2.9%,9.6%
13583,魔轮,0.6%,125.90,7,3.0%,7.4%
13584,三人行,0.6%,122.42,12,1.5%,14.8%
13585,愤怒的小鸟,<0.1%,18.06,26,0.1%,26.5%
13586,终极胜利,<0.1%,10.45,6,0.3%,5.3%
13587,发条城市,<0.1%,7.77,110,<0.1%,91.7%
13588,致青春·原来你还在这里,<0.1%,4.29,203,<0.1%,87.5%
13589,大鱼海棠,<0.1%,3.31,147,<0.1%,84.8%
13590,陆垚知马俐,<0.1%,3.18,160,<0.1%,66.5%
13591,筷仙,<0.1%,2.85,4,0.1%,7.5%
13592,摇滚藏獒,<0.1%,2.41,35,<0.1%,89.6%
13593,大火种,<0.1%,1.88,6,<0.1%,7.1%
13594,老警,<0.1%,1.68,64,<0.1%,100%
13595,白毛女,<0.1%,1.52,102,<0.1%,49.4%
13596,古田会议,<0.1%,1.44,3,<0.1%,3.6%
13597,百鸟朝凤,<0.1%,1.23,5,<0.1%,10.0%
13598,李三娘,<0.1%,1.15,38,<0.1%,100%
13599,忍者神龟2：破影而出,36.2%,3389.50,17,30.7%,10.3%
13600,赏金猎人,22.6%,2122.46,17,19.9%,14.8%
13601,惊天魔盗团2,16.7%,1568.34,17,14.6%,13.4%
13602,独立日：卷土重来,11.7%,1097.66,15,10.7%,13.0%
13603,所以……和黑粉结婚了,6.1%,578.60,10,10.2%,10.4%
13604,海底总动员2：多莉去哪儿,2.5%,237.33,10,4.1%,9.2%
13605,魔兽,0.9%,85.27,9,1.3%,11.4%
13606,魔轮,0.9%,84.37,5,2.9%,5.6%
13607,三人行,0.7%,67.81,7,1.6%,8.6%
13608,大火种,0.3%,34.65,40,0.1%,41.4%
13609,丑小鸭历险记,0.3%,30.16,3,2.1%,3.3%
13610,摇滚藏獒,0.1%,10.10,212,<0.1%,100%
13611,致青春·原来你还在这里,<0.1%,7.72,208,<0.1%,100%
13612,南口1937,<0.1%,6.11,86,<0.1%,67.2%
13613,党的女儿尹灵芝,<0.1%,3.80,13,<0.1%,19.7%
13614,发条城市,<0.1%,3.62,103,<0.1%,51.5%
13615,终极胜利,<0.1%,3.35,4,0.1%,3.3%
13616,筷仙,<0.1%,2.94,4,0.1%,7.0%
13617,绝战,<0.1%,2.60,6,<0.1%,6.0%
13618,大鱼海棠,<0.1%,2.27,152,<0.1%,77.6%
13619,白毛女,<0.1%,2.19,107,<0.1%,98.8%
13620,陆垚知马俐,<0.1%,2.12,168,<0.1%,91.6%
13621,古田会议,<0.1%,1.78,3,0.1%,2.8%
13622,百鸟朝凤,<0.1%,1.38,6,<0.1%,9.3%
13623,愤怒的小鸟,<0.1%,1.18,4,<0.1%,4.6%
13624,忍者神龟2：破影而出,35.3%,3081.97,15,30.4%,9.7%
13625,赏金猎人,22.5%,1964.42,16,20.1%,13.7%
13626,惊天魔盗团2,16.9%,1477.28,15,14.8%,12.6%
13627,独立日：卷土重来,11.9%,1043.20,14,10.9%,12.2%
13628,所以……和黑粉结婚了,5.8%,506.74,9,10.0%,9.6%
13629,海底总动员2：多莉去哪儿,2.7%,243.21,10,4.1%,9.4%
13630,魔兽,1.0%,88.69,9,1.4%,11.4%
13631,魔轮,0.9%,82.84,5,2.7%,5.8%
13632,三人行,0.7%,66.19,7,1.7%,8.7%
13633,大火种,0.7%,66.05,54,0.1%,53.4%
13634,丑小鸭历险记,0.3%,30.07,4,1.9%,3.7%
13635,致青春·原来你还在这里,<0.1%,8.15,227,<0.1%,90.3%
13636,终极胜利,<0.1%,7.41,7,0.1%,8.0%
13637,南口1937,<0.1%,6.38,71,<0.1%,98.9%
13638,党的女儿尹灵芝,<0.1%,4.74,16,<0.1%,21.6%
13639,古田会议,<0.1%,4.14,5,0.1%,5.7%
13640,白毛女,<0.1%,3.59,90,<0.1%,100%
13641,大鱼海棠,<0.1%,3.08,183,<0.1%,85.3%
13642,陆垚知马俐,<0.1%,2.97,127,<0.1%,61.4%
13643,绝战,<0.1%,2.54,8,<0.1%,9.0%
13644,筷仙,<0.1%,2.27,3,0.1%,5.6%
13645,发条城市,<0.1%,1.41,32,<0.1%,23.2%
13646,愤怒的小鸟,<0.1%,1.32,5,<0.1%,5.4%
13647,忍者神龟2：破影而出,33.8%,2812.09,14,29.9%,9.0%
13648,赏金猎人,22.1%,1844.51,15,20.4%,12.5%
13649,惊天魔盗团2,17.4%,1451.86,15,14.9%,12.2%
13650,独立日：卷土重来,11.9%,996.25,14,11.0%,11.6%
13651,所以……和黑粉结婚了,5.8%,485.05,9,9.9%,9.2%
13652,海底总动员2：多莉去哪儿,2.9%,244.66,9,4.3%,8.9%
13653,魔兽,1.4%,121.09,13,1.5%,16.3%
13654,大火种,1.0%,87.71,64,0.2%,64.0%
13655,魔轮,0.9%,77.22,5,2.7%,5.7%
13656,三人行,0.7%,65.79,7,1.7%,8.5%
13657,致青春·原来你还在这里,0.3%,30.49,437,<0.1%,100%
13658,丑小鸭历险记,0.3%,26.74,3,1.8%,3.4%
13659,大鱼海棠,0.1%,16.20,165,<0.1%,--
13660,发条城市,0.1%,12.27,42,<0.1%,37.5%
13661,南口1937,0.1%,8.36,70,<0.1%,93.9%
13662,古田会议,<0.1%,4.76,6,0.1%,6.1%
13663,党的女儿尹灵芝,<0.1%,3.79,12,<0.1%,17.3%
13664,陆垚知马俐,<0.1%,3.11,118,<0.1%,57.0%
13665,终极胜利,<0.1%,2.90,4,0.1%,3.4%
13666,筷仙,<0.1%,2.46,3,0.1%,5.9%
13667,海洋之恋,<0.1%,2.28,39,<0.1%,100%
13668,白毛女,<0.1%,1.58,91,<0.1%,--
13669,愤怒的小鸟,<0.1%,1.36,5,<0.1%,5.0%
13670,忍者神龟2：破影而出,29.3%,2494.22,13,28.8%,8.1%
13671,赏金猎人,19.9%,1698.29,13,20.0%,11.3%
13672,惊天魔盗团2,16.5%,1409.81,15,14.6%,11.9%
13673,独立日：卷土重来,10.9%,928.51,13,10.7%,10.8%
13674,所以……和黑粉结婚了,5.4%,463.07,8,9.6%,8.9%
13675,寒战2,5.4%,460.89,44,1.4%,23.9%
13676,海底总动员2：多莉去哪儿,2.8%,241.88,9,4.3%,8.8%
13677,致青春·原来你还在这里,2.1%,186.96,32,0.8%,23.6%
13678,大鱼海棠,1.9%,164.04,43,0.5%,30.6%
13679,魔兽,1.6%,138.07,17,1.3%,21.5%
13680,大火种,1.3%,110.86,71,0.2%,67.5%
13681,三人行,0.7%,67.89,8,1.6%,9.4%
13682,魔轮,0.5%,49.83,4,2.4%,4.5%
13683,丑小鸭历险记,0.2%,25.32,3,1.7%,3.4%
13684,张震讲故事之合租屋,0.2%,22.19,49,<0.1%,40.0%
13685,南口1937,<0.1%,7.56,65,<0.1%,60.1%
13686,终极胜利,<0.1%,6.85,8,0.1%,8.2%
13687,古田会议,<0.1%,6.52,8,0.1%,8.2%
13688,陆垚知马俐,<0.1%,4.13,77,<0.1%,51.2%
13689,摇滚藏獒,<0.1%,3.96,47,<0.1%,57.0%
13690,党的女儿尹灵芝,<0.1%,3.33,12,<0.1%,14.8%
13691,筷仙,<0.1%,2.57,3,0.1%,6.4%
13692,发条城市,<0.1%,2.51,12,<0.1%,10.1%
13693,白毛女,<0.1%,2.14,107,<0.1%,100%
13694,绝战,<0.1%,1.73,4,<0.1%,3.9%
13695,愤怒的小鸟,<0.1%,1.58,6,<0.1%,5.5%
13696,李三娘,<0.1%,1.03,30,<0.1%,100%
13697,寒战2,34.6%,9569.79,44,27.2%,28.6%
13698,致青春·原来你还在这里,28.9%,7986.79,44,27.9%,37.1%
13699,大鱼海棠,26.0%,7200.84,51,19.2%,43.9%
13700,忍者神龟2：破影而出,4.2%,1180.07,25,5.9%,20.2%
13701,摇滚藏獒,1.2%,351.60,9,5.9%,9.0%
13702,惊天魔盗团2,1.1%,324.67,26,1.5%,29.3%
13703,发条城市,1.0%,289.70,9,5.2%,9.1%
13704,赏金猎人,0.8%,223.49,15,2.1%,17.5%
13705,独立日：卷土重来,0.5%,154.18,24,0.7%,25.7%
13706,张震讲故事之合租屋,0.3%,109.04,9,1.9%,9.1%
13707,大火种,0.3%,87.68,89,0.1%,82.3%
13708,所以……和黑粉结婚了,0.1%,38.86,9,0.6%,13.8%
13709,海底总动员2：多莉去哪儿,0.1%,32.69,15,0.2%,16.5%
13710,陆垚知马俐,<0.1%,10.15,128,<0.1%,100%
13711,三人行,<0.1%,7.44,13,<0.1%,21.5%
13712,南口1937,<0.1%,5.94,70,<0.1%,63.2%
13713,古田会议,<0.1%,5.32,11,<0.1%,11.1%
13714,魔轮,<0.1%,4.16,3,0.1%,3.9%
13715,终极胜利,<0.1%,3.28,27,<0.1%,37.0%
13716,丑小鸭历险记,<0.1%,2.13,3,0.1%,4.9%
13717,党的女儿尹灵芝,<0.1%,2.10,19,<0.1%,30.4%
13718,绝战,<0.1%,1.75,16,<0.1%,28.5%
13719,李三娘,<0.1%,1.64,44,<0.1%,100%
13720,超级保镖,<0.1%,1.41,354,<0.1%,100.0%
13721,快手枪手快枪手,<0.1%,1.20,70,<0.1%,70.5%
13722,筷仙,<0.1%,1.17,3,<0.1%,10.3%
13723,寒战2,36.6%,10283.00,48,25.7%,32.4%
13724,大鱼海棠,28.3%,7965.26,44,23.4%,35.4%
13725,致青春·原来你还在这里,19.4%,5454.28,29,28.0%,24.3%
13726,忍者神龟2：破影而出,6.2%,1761.30,38,5.6%,31.9%
13727,摇滚藏獒,3.6%,1026.61,26,5.7%,25.8%
13728,惊天魔盗团2,1.6%,467.76,38,1.4%,44.0%
13729,赏金猎人,1.0%,281.43,21,1.8%,25.5%
13730,独立日：卷土重来,0.9%,267.02,40,0.7%,44.5%
13731,发条城市,0.7%,207.00,9,3.5%,10.1%
13732,海底总动员2：多莉去哪儿,0.4%,127.48,36,0.4%,38.2%
13733,张震讲故事之合租屋,0.3%,84.74,8,1.5%,9.2%
13734,大火种,0.2%,56.46,81,<0.1%,79.3%
13735,所以……和黑粉结婚了,0.1%,46.39,11,0.6%,17.6%
13736,陆垚知马俐,<0.1%,13.16,131,<0.1%,100%
13737,愤怒的小鸟,<0.1%,8.96,36,<0.1%,38.5%
13738,三人行,<0.1%,5.44,12,<0.1%,19.4%
13739,丑小鸭历险记,<0.1%,5.37,5,0.1%,8.1%
13740,魔轮,<0.1%,3.07,4,0.1%,5.3%
13741,古田会议,<0.1%,2.19,7,<0.1%,6.5%
13742,再生之乐,<0.1%,1.52,10,<0.1%,12.6%
13743,筷仙,<0.1%,1.42,4,<0.1%,13.0%
13744,李三娘,<0.1%,1.33,37,<0.1%,100%
13745,南口1937,<0.1%,1.27,65,<0.1%,86.9%
13746,绝战,<0.1%,1.21,21,<0.1%,34.3%
13747,冬,<0.1%,1.18,10,<0.1%,9.1%
13748,寒战2,37.2%,9531.89,44,26.0%,30.1%
13749,大鱼海棠,28.8%,7389.33,40,24.1%,31.7%
13750,致青春·原来你还在这里,16.5%,4228.65,24,26.7%,20.1%
13751,忍者神龟2：破影而出,6.8%,1743.31,36,6.0%,31.0%
13752,摇滚藏獒,4.2%,1079.77,27,5.7%,27.0%
13753,惊天魔盗团2,1.8%,476.64,35,1.6%,39.9%
13754,赏金猎人,1.1%,302.81,21,1.9%,26.9%
13755,独立日：卷土重来,1.0%,279.66,38,0.8%,41.5%
13756,发条城市,0.6%,168.94,9,3.0%,10.2%
13757,海底总动员2：多莉去哪儿,0.6%,161.32,40,0.5%,41.6%
13758,张震讲故事之合租屋,0.2%,57.32,6,1.5%,6.4%
13759,大火种,0.2%,56.44,82,<0.1%,86.2%
13760,所以……和黑粉结婚了,0.1%,46.03,11,0.6%,16.8%
13761,快手枪手快枪手,<0.1%,15.60,152,<0.1%,--
13762,愤怒的小鸟,<0.1%,8.06,45,<0.1%,43.4%
13763,陆垚知马俐,<0.1%,8.02,163,<0.1%,--
13764,丑小鸭历险记,<0.1%,7.82,7,0.2%,12.1%
13765,三人行,<0.1%,7.80,14,<0.1%,22.7%
13766,冬,<0.1%,2.62,14,<0.1%,16.0%
13767,魔轮,<0.1%,2.42,4,0.1%,4.7%
13768,海洋之恋,<0.1%,1.97,56,<0.1%,100%
13769,筷仙,<0.1%,1.74,4,<0.1%,16.8%
13770,青蛙总动员,<0.1%,1.45,163,<0.1%,--
13771,我的诗篇,<0.1%,1.29,76,<0.1%,100%
13772,李三娘,<0.1%,1.14,35,<0.1%,--
13773,寒战2,37.3%,4816.55,24,26.8%,15.7%
13774,大鱼海棠,30.2%,3903.00,23,24.7%,17.4%
13775,致青春·原来你还在这里,16.6%,2145.88,14,24.6%,11.8%
13776,忍者神龟2：破影而出,6.5%,846.99,17,7.0%,14.6%
13777,惊天魔盗团2,2.2%,294.55,19,2.1%,20.8%
13778,赏金猎人,1.6%,212.75,13,2.4%,15.6%
13779,摇滚藏獒,1.4%,181.04,8,3.8%,7.5%
13780,独立日：卷土重来,1.1%,141.88,18,1.0%,18.9%
13781,发条城市,0.7%,102.74,6,2.9%,6.7%
13782,大火种,0.7%,92.94,85,0.1%,73.3%
13783,张震讲故事之合租屋,0.3%,43.20,5,1.7%,4.5%
13784,海底总动员2：多莉去哪儿,0.2%,37.81,13,0.4%,12.9%
13785,所以……和黑粉结婚了,0.2%,34.04,8,0.7%,11.2%
13786,三人行,<0.1%,4.49,7,0.1%,12.3%
13787,南口1937,<0.1%,4.42,85,<0.1%,97.2%
13788,超能太阳鸭,<0.1%,4.25,266,<0.1%,--
13789,魔轮,<0.1%,3.14,4,0.1%,5.1%
13790,超级保镖,<0.1%,3.10,345,<0.1%,100.0%
13791,冬,<0.1%,2.65,12,<0.1%,14.1%
13792,古田会议,<0.1%,2.30,5,<0.1%,5.4%
13793,丑小鸭历险记,<0.1%,1.72,2,0.1%,3.5%
13794,路边野餐,<0.1%,1.56,184,<0.1%,99.1%
13795,筷仙,<0.1%,1.21,3,<0.1%,10.3%
13796,党的女儿尹灵芝,<0.1%,1.20,15,<0.1%,32.5%
13797,白毛女,<0.1%,1.20,134,<0.1%,84.7%
13798,终极胜利,<0.1%,1.10,15,<0.1%,27.4%
13799,寒战2,35.1%,4278.09,21,27.1%,14.0%
13800,大鱼海棠,29.2%,3563.88,21,25.0%,15.7%
13801,致青春·原来你还在这里,17.5%,2135.24,15,22.9%,13.0%
13802,忍者神龟2：破影而出,6.7%,827.29,16,7.4%,13.7%
13803,惊天魔盗团2,2.4%,302.14,18,2.4%,18.4%
13804,陆垚知马俐,2.3%,280.19,94,0.4%,56.6%
13805,赏金猎人,1.7%,214.91,12,2.8%,13.8%
13806,摇滚藏獒,1.3%,166.50,7,3.6%,7.3%
13807,独立日：卷土重来,1.2%,152.49,16,1.2%,16.3%
13808,发条城市,0.8%,103.40,7,2.6%,7.4%
13809,海底总动员2：多莉去哪儿,0.3%,40.05,12,0.4%,11.9%
13810,张震讲故事之合租屋,0.3%,38.69,4,1.7%,4.2%
13811,所以……和黑粉结婚了,0.2%,28.75,6,0.7%,8.9%
13812,大火种,<0.1%,11.93,36,<0.1%,31.0%
13813,南口1937,<0.1%,4.91,101,<0.1%,91.3%
13814,惊天大逆转,<0.1%,4.04,125,<0.1%,--
13815,三人行,<0.1%,3.98,7,<0.1%,10.2%
13816,丑小鸭历险记,<0.1%,2.54,3,0.1%,4.4%
13817,魔轮,<0.1%,2.21,4,0.1%,4.6%
13818,冬,<0.1%,2.14,8,<0.1%,10.4%
13819,古田会议,<0.1%,1.62,3,<0.1%,3.3%
13820,再生之乐,<0.1%,1.38,10,<0.1%,15.3%
13821,筷仙,<0.1%,1.32,3,<0.1%,12.1%
13822,终极胜利,<0.1%,1.27,16,<0.1%,26.6%
13823,党的女儿尹灵芝,<0.1%,1.24,11,<0.1%,17.8%
13824,李三娘,<0.1%,1.08,29,<0.1%,--
13825,寒战2,35.0%,3824.58,19,27.1%,12.5%
13826,大鱼海棠,28.7%,3141.29,18,25.3%,13.6%
13827,致青春·原来你还在这里,19.1%,2088.14,15,22.3%,13.0%
13828,忍者神龟2：破影而出,7.0%,771.21,14,7.7%,12.1%
13829,惊天魔盗团2,2.7%,297.21,16,2.6%,16.2%
13830,赏金猎人,1.9%,207.47,11,2.9%,12.5%
13831,摇滚藏獒,1.6%,181.51,8,3.7%,8.1%
13832,独立日：卷土重来,1.2%,141.06,14,1.2%,14.0%
13833,发条城市,0.7%,86.39,6,2.5%,6.7%
13834,海底总动员2：多莉去哪儿,0.3%,37.12,11,0.5%,10.4%
13835,张震讲故事之合租屋,0.3%,35.84,4,1.6%,4.0%
13836,所以……和黑粉结婚了,0.2%,26.78,6,0.7%,8.1%
13837,惊天大逆转,0.1%,19.54,466,<0.1%,100%
13838,大火种,0.1%,15.97,42,<0.1%,40.8%
13839,三人行,<0.1%,6.49,10,<0.1%,13.8%
13840,南口1937,<0.1%,5.38,74,<0.1%,81.9%
13841,陆垚知马俐,<0.1%,3.27,69,<0.1%,48.3%
13842,古田会议,<0.1%,2.59,6,<0.1%,5.7%
13843,魔轮,<0.1%,2.37,4,0.1%,5.1%
13844,丑小鸭历险记,<0.1%,2.19,3,0.1%,4.2%
13845,再生之乐,<0.1%,1.74,12,<0.1%,22.2%
13846,绝战,<0.1%,1.36,16,<0.1%,22.7%
13847,愤怒的小鸟,<0.1%,1.23,11,<0.1%,15.7%
13848,筷仙,<0.1%,1.17,3,<0.1%,10.6%
13849,冬,<0.1%,1.14,5,<0.1%,5.1%
13850,寒战2,33.7%,3436.67,17,26.9%,11.2%
13851,大鱼海棠,28.0%,2853.17,17,25.1%,12.4%
13852,致青春·原来你还在这里,19.5%,1988.14,14,21.6%,12.6%
13853,忍者神龟2：破影而出,7.3%,747.23,14,7.9%,11.6%
13854,惊天魔盗团2,2.8%,293.35,15,2.7%,15.2%
13855,赏金猎人,2.0%,206.30,11,3.0%,12.1%
13856,摇滚藏獒,1.9%,201.94,10,3.5%,9.5%
13857,独立日：卷土重来,1.3%,141.37,14,1.3%,13.5%
13858,发条城市,0.7%,74.07,6,2.4%,6.0%
13859,陆垚知马俐,0.3%,35.47,14,0.4%,9.4%
13860,海底总动员2：多莉去哪儿,0.3%,33.98,10,0.5%,9.5%
13861,张震讲故事之合租屋,0.3%,32.28,4,1.5%,3.8%
13862,所以……和黑粉结婚了,0.2%,24.62,5,0.7%,7.4%
13863,快手枪手快枪手,0.2%,24.35,8,0.4%,4.8%
13864,惊天大逆转,0.2%,20.71,15,0.1%,10.6%
13865,大火种,0.1%,19.77,43,<0.1%,41.1%
13866,南口1937,<0.1%,5.89,89,<0.1%,100%
13867,三人行,<0.1%,5.80,9,0.1%,12.6%
13868,古田会议,<0.1%,3.98,7,<0.1%,6.5%
13869,丑小鸭历险记,<0.1%,2.06,3,0.1%,4.1%
13870,魔轮,<0.1%,1.73,3,0.1%,3.7%
13871,笔仙撞碟仙,<0.1%,1.64,10,<0.1%,11.5%
13872,再生之乐,<0.1%,1.60,12,<0.1%,23.0%
13873,终极胜利,<0.1%,1.47,16,<0.1%,24.8%
13874,冬,<0.1%,1.16,5,<0.1%,5.6%
13875,筷仙,<0.1%,1.12,3,<0.1%,9.2%
13876,李三娘,<0.1%,1.12,29,<0.1%,--
13877,超级保镖,<0.1%,1.06,9,<0.1%,9.0%
13878,绝战,<0.1%,1.05,16,<0.1%,27.1%
13879,陆垚知马俐,23.6%,3339.37,24,22.8%,17.1%
13880,寒战2,18.7%,2646.13,27,11.8%,18.6%
13881,大鱼海棠,16.3%,2311.55,27,11.7%,21.0%
13882,惊天大逆转,11.4%,1607.95,19,14.0%,16.5%
13883,快手枪手快枪手,11.1%,1568.45,13,18.4%,9.5%
13884,致青春·原来你还在这里,8.6%,1218.63,28,5.9%,29.1%
13885,超能太阳鸭,2.8%,407.28,12,4.8%,11.8%
13886,忍者神龟2：破影而出,2.1%,298.15,21,1.8%,19.5%
13887,超级保镖,0.9%,136.11,8,2.7%,8.6%
13888,惊天魔盗团2,0.7%,107.28,23,0.5%,25.0%
13889,笔仙撞碟仙,0.7%,103.34,11,1.6%,14.0%
13890,路边野餐,0.6%,95.61,16,0.9%,18.6%
13891,摇滚藏獒,0.6%,86.12,20,0.6%,21.4%
13892,独立日：卷土重来,0.4%,70.20,25,0.3%,23.1%
13893,赏金猎人,0.2%,30.89,13,0.3%,17.5%
13894,大火种,0.1%,15.08,50,<0.1%,43.8%
13895,海底总动员2：多莉去哪儿,<0.1%,13.55,14,0.1%,14.5%
13896,南口1937,<0.1%,7.57,91,<0.1%,100%
13897,张震讲故事之合租屋,<0.1%,4.98,7,<0.1%,8.3%
13898,古田会议,<0.1%,3.79,9,<0.1%,8.4%
13899,所以……和黑粉结婚了,<0.1%,3.16,5,<0.1%,9.4%
13900,发条城市,<0.1%,3.15,5,<0.1%,7.5%
13901,绝战,<0.1%,2.95,43,<0.1%,59.6%
13902,丑小鸭历险记,<0.1%,2.68,10,<0.1%,18.5%
13903,终极胜利,<0.1%,2.67,40,<0.1%,83.0%
13904,假装看不见之电影大师,<0.1%,2.52,3,0.2%,3.1%
13905,党的女儿尹灵芝,<0.1%,2.50,35,<0.1%,71.0%
13906,三人行,<0.1%,2.16,14,<0.1%,34.4%
13907,绝地逃亡,<0.1%,1.89,246,<0.1%,--
13908,李三娘,<0.1%,1.20,30,<0.1%,--
13909,寒战2,22.2%,4233.84,38,13.0%,26.4%
13910,陆垚知马俐,20.3%,3864.89,27,22.1%,19.9%
13911,大鱼海棠,19.9%,3796.30,36,13.9%,27.6%
13912,惊天大逆转,9.8%,1877.99,22,13.3%,19.6%
13913,致青春·原来你还在这里,8.7%,1662.51,33,6.7%,35.1%
13914,快手枪手快枪手,6.7%,1278.44,13,14.5%,9.4%
13915,忍者神龟2：破影而出,3.3%,629.67,32,2.4%,29.1%
13916,超能太阳鸭,3.1%,603.01,17,5.0%,16.6%
13917,惊天魔盗团2,1.2%,240.46,36,0.7%,37.5%
13918,摇滚藏獒,0.9%,172.68,30,0.8%,31.6%
13919,独立日：卷土重来,0.7%,150.95,37,0.4%,31.4%
13920,路边野餐,0.6%,118.25,20,0.8%,23.2%
13921,超级保镖,0.6%,114.22,10,1.9%,10.3%
13922,笔仙撞碟仙,0.5%,98.04,10,1.6%,13.1%
13923,海底总动员2：多莉去哪儿,0.3%,59.60,35,0.2%,36.5%
13924,赏金猎人,0.2%,51.60,17,0.4%,23.1%
13925,少年师爷之大禹宝藏,0.1%,22.29,5,0.8%,4.4%
13926,天亮之前,<0.1%,9.49,174,<0.1%,--
13927,发条城市,<0.1%,5.86,10,<0.1%,14.7%
13928,所以……和黑粉结婚了,<0.1%,4.47,7,<0.1%,10.7%
13929,鲁邦三世VS名侦探柯南,<0.1%,3.31,570,<0.1%,100%
13930,三人行,<0.1%,2.83,18,<0.1%,34.6%
13931,大火种,<0.1%,2.37,17,<0.1%,14.1%
13932,张震讲故事之合租屋,<0.1%,1.99,4,<0.1%,5.1%
13933,李三娘,<0.1%,1.44,38,<0.1%,--
13934,我的诗篇,<0.1%,1.17,69,<0.1%,100%
13935,再生之乐,<0.1%,1.01,14,<0.1%,39.5%
13936,寒战2,23.2%,4218.79,36,13.9%,25.0%
13937,大鱼海棠,20.6%,3741.72,33,15.1%,25.3%
13938,陆垚知马俐,18.6%,3379.62,25,21.4%,18.0%
13939,惊天大逆转,9.3%,1705.41,20,12.9%,18.2%
13940,致青春·原来你还在这里,9.0%,1643.13,31,7.2%,33.3%
13941,快手枪手快枪手,6.5%,1182.38,14,12.5%,10.2%
13942,忍者神龟2：破影而出,3.8%,690.82,31,2.8%,27.5%
13943,超能太阳鸭,2.8%,525.70,15,4.9%,14.7%
13944,惊天魔盗团2,1.4%,265.36,33,0.9%,33.2%
13945,摇滚藏獒,1.0%,192.40,30,0.9%,33.0%
13946,独立日：卷土重来,0.8%,150.54,33,0.5%,29.5%
13947,路边野餐,0.6%,116.62,19,0.9%,20.5%
13948,超级保镖,0.5%,107.86,10,1.7%,10.3%
13949,笔仙撞碟仙,0.4%,84.20,9,1.7%,11.2%
13950,赏金猎人,0.3%,61.38,18,0.4%,22.7%
13951,少年师爷之大禹宝藏,0.1%,22.90,6,0.6%,5.4%
13952,绝地逃亡,<0.1%,12.63,264,<0.1%,--
13953,宝贝当家,<0.1%,5.78,166,<0.1%,100%
13954,所以……和黑粉结婚了,<0.1%,4.44,7,0.1%,9.3%
13955,冬,<0.1%,3.88,37,<0.1%,45.8%
13956,发条城市,<0.1%,3.74,6,<0.1%,9.7%
13957,大火种,<0.1%,2.78,30,<0.1%,30.3%
13958,我的诗篇,<0.1%,1.92,89,<0.1%,93.8%
13959,张震讲故事之合租屋,<0.1%,1.89,4,<0.1%,4.3%
13960,愤怒的小鸟,<0.1%,1.66,20,<0.1%,22.3%
13961,三人行,<0.1%,1.64,11,<0.1%,22.7%
13962,李三娘,<0.1%,1.42,39,<0.1%,--
13963,终极胜利,<0.1%,1.17,71,<0.1%,78.5%
13964,恐怖爱情故事之死亡公路,<0.1%,1.08,271,<0.1%,98.9%
13965,寒战2,22.6%,2029.17,17,15.4%,11.8%
13966,陆垚知马俐,21.7%,1950.91,16,20.7%,11.4%
13967,大鱼海棠,19.6%,1766.23,16,16.0%,12.0%
13968,惊天大逆转,9.3%,842.29,11,12.5%,9.7%
13969,致青春·原来你还在这里,8.1%,735.14,14,7.2%,14.6%
13970,快手枪手快枪手,5.9%,529.77,7,11.4%,5.4%
13971,忍者神龟2：破影而出,3.6%,330.64,14,3.2%,12.4%
13972,泰山归来：险战丛林,1.7%,156.05,24,0.9%,12.1%
13973,超能太阳鸭,1.4%,128.81,5,3.9%,4.8%
13974,惊天魔盗团2,1.4%,128.25,16,1.1%,15.6%
13975,笔仙撞碟仙,0.7%,69.39,7,1.8%,9.0%
13976,独立日：卷土重来,0.7%,69.18,15,0.5%,12.9%
13977,路边野餐,0.7%,68.40,11,0.9%,11.9%
13978,摇滚藏獒,0.5%,47.04,12,0.7%,13.5%
13979,超级保镖,0.4%,42.08,5,1.5%,4.9%
13980,赏金猎人,0.4%,38.05,10,0.5%,12.0%
13981,大火种,0.1%,12.55,48,<0.1%,42.4%
13982,所以……和黑粉结婚了,<0.1%,3.38,5,0.1%,8.3%
13983,党的女儿尹灵芝,<0.1%,2.59,21,<0.1%,31.1%
13984,南口1937,<0.1%,2.32,62,<0.1%,70.3%
13985,张震讲故事之合租屋,<0.1%,1.98,3,0.1%,3.8%
13986,古田会议,<0.1%,1.52,5,<0.1%,3.9%
13987,发条城市,<0.1%,1.47,3,<0.1%,4.0%
13988,李三娘,<0.1%,1.18,36,<0.1%,--
13989,泰山归来：险战丛林,42.2%,4555.51,23,28.4%,14.4%
13990,寒战2,13.4%,1447.93,16,12.5%,12.7%
13991,陆垚知马俐,12.3%,1334.85,15,15.4%,12.6%
13992,大鱼海棠,11.9%,1289.23,14,13.5%,12.1%
13993,致青春·原来你还在这里,5.2%,564.26,16,4.9%,18.3%
13994,惊天大逆转,4.5%,494.53,10,8.6%,9.1%
13995,绝地逃亡,2.8%,306.42,173,0.2%,88.1%
13996,快手枪手快枪手,2.2%,243.28,7,5.9%,6.1%
13997,忍者神龟2：破影而出,1.4%,152.09,11,2.0%,10.9%
13998,惊天魔盗团2,0.6%,71.50,13,0.7%,13.9%
13999,超能太阳鸭,0.6%,66.96,5,2.5%,4.2%
14000,路边野餐,0.4%,46.85,10,0.7%,11.9%
14001,笔仙撞碟仙,0.4%,44.04,6,1.4%,8.2%
14002,摇滚藏獒,0.3%,32.69,12,0.5%,14.1%
14003,独立日：卷土重来,0.2%,30.07,11,0.3%,11.5%
14004,赏金猎人,0.1%,18.68,8,0.3%,11.2%
14005,六弄咖啡馆,0.1%,15.48,177,<0.1%,--
14006,大火种,0.1%,14.86,46,<0.1%,37.5%
14007,超级保镖,0.1%,12.67,4,0.7%,3.9%
14008,刺猬小子之天生我刺,<0.1%,6.84,147,<0.1%,90.5%
14009,古田会议,<0.1%,4.95,14,<0.1%,13.6%
14010,南口1937,<0.1%,3.26,65,<0.1%,98.7%
14011,天亮之前,<0.1%,2.37,38,<0.1%,42.8%
14012,所以……和黑粉结婚了,<0.1%,2.18,4,<0.1%,8.0%
14013,终极胜利,<0.1%,1.89,70,<0.1%,69.4%
14014,丑小鸭历险记,<0.1%,1.23,6,<0.1%,9.7%
14015,李三娘,<0.1%,1.10,30,<0.1%,--
14016,泰山归来：险战丛林,39.7%,3604.33,18,28.3%,11.4%
14017,寒战2,13.9%,1269.23,14,12.8%,10.9%
14018,大鱼海棠,12.6%,1144.70,12,13.7%,10.5%
14019,陆垚知马俐,11.9%,1087.88,12,15.3%,10.3%
14020,致青春·原来你还在这里,5.7%,520.21,16,4.8%,17.7%
14021,惊天大逆转,4.7%,433.31,9,8.1%,8.3%
14022,绝地逃亡,3.5%,324.50,36,1.2%,19.0%
14023,快手枪手快枪手,2.3%,215.50,6,5.3%,6.1%
14024,忍者神龟2：破影而出,1.5%,137.04,10,2.0%,9.6%
14025,惊天魔盗团2,0.7%,68.87,12,0.8%,12.4%
14026,超能太阳鸭,0.6%,56.94,4,2.3%,3.7%
14027,笔仙撞碟仙,0.4%,39.13,6,1.4%,7.4%
14028,路边野餐,0.4%,39.08,9,0.7%,9.7%
14029,摇滚藏獒,0.3%,28.26,10,0.5%,11.3%
14030,独立日：卷土重来,0.3%,27.72,11,0.3%,11.1%
14031,大火种,0.1%,17.11,52,<0.1%,48.9%
14032,赏金猎人,0.1%,17.09,8,0.3%,10.0%
14033,超级保镖,0.1%,11.79,4,0.6%,3.9%
14034,古田会议,<0.1%,6.35,21,<0.1%,21.7%
14035,泡沫之夏,<0.1%,3.83,11,<0.1%,10.5%
14036,南口1937,<0.1%,3.00,78,<0.1%,100%
14037,所以……和黑粉结婚了,<0.1%,1.66,4,<0.1%,6.3%
14038,封神传奇,<0.1%,1.20,300,<0.1%,99.3%
14039,终极胜利,<0.1%,1.18,42,<0.1%,32.7%
14040,李三娘,<0.1%,1.02,27,<0.1%,--
14041,绝地逃亡,66.1%,9822.79,36,38.1%,23.0%
14042,泰山归来：险战丛林,12.9%,1925.75,15,18.2%,12.1%
14043,大鱼海棠,5.2%,774.42,13,8.5%,13.2%
14044,寒战2,4.1%,623.14,12,6.7%,11.4%
14045,陆垚知马俐,4.0%,596.19,12,8.2%,12.2%
14046,泡沫之夏,2.4%,365.45,8,8.6%,7.6%
14047,致青春·原来你还在这里,2.0%,305.64,20,1.9%,25.7%
14048,惊天大逆转,1.0%,156.92,9,2.8%,9.5%
14049,快手枪手快枪手,0.3%,49.29,5,1.5%,5.5%
14050,忍者神龟2：破影而出,0.3%,47.64,9,0.7%,10.8%
14051,超能太阳鸭,0.2%,29.96,5,1.1%,4.3%
14052,惊天魔盗团2,0.1%,26.00,11,0.3%,13.3%
14053,路边野餐,0.1%,25.88,11,0.3%,15.2%
14054,笔仙撞碟仙,0.1%,21.33,5,0.8%,6.8%
14055,大火种,0.1%,16.94,61,<0.1%,48.0%
14056,天亮之前,<0.1%,11.54,16,0.1%,13.8%
14057,独立日：卷土重来,<0.1%,10.59,11,0.1%,13.8%
14058,摇滚藏獒,<0.1%,8.19,6,0.2%,5.8%
14059,超级保镖,<0.1%,6.24,4,0.2%,5.5%
14060,赏金猎人,<0.1%,5.07,6,0.1%,8.5%
14061,南口1937,<0.1%,4.59,94,<0.1%,71.0%
14062,哆啦A梦：新·大雄的日本诞生,<0.1%,3.42,10,<0.1%,8.0%
14063,古田会议,<0.1%,2.38,16,<0.1%,13.0%
14064,终极胜利,<0.1%,1.78,56,<0.1%,71.8%
14065,绝地逃亡,57.1%,8992.28,35,34.1%,21.8%
14066,泰山归来：险战丛林,11.9%,1872.67,21,12.0%,17.1%
14067,哆啦A梦：新·大雄的日本诞生,10.3%,1626.90,18,16.5%,15.8%
14068,天亮之前,6.5%,1035.99,12,12.8%,11.3%
14069,大鱼海棠,3.0%,474.00,17,3.8%,16.9%
14070,寒战2,2.9%,469.22,18,3.0%,17.5%
14071,陆垚知马俐,2.2%,352.60,17,3.2%,18.6%
14072,致青春·原来你还在这里,1.3%,214.08,29,0.8%,39.8%
14073,刺猬小子之天生我刺,0.9%,144.40,9,2.5%,9.0%
14074,泡沫之夏,0.8%,139.45,7,3.3%,7.1%
14075,巴霍巴利王：开端,0.5%,80.62,6,2.1%,6.4%
14076,惊天大逆转,0.4%,75.83,15,0.7%,16.2%
14077,忍者神龟2：破影而出,0.1%,26.47,13,0.2%,16.0%
14078,快手枪手快枪手,0.1%,25.96,7,0.5%,8.2%
14079,少年师爷之大禹宝藏,0.1%,18.79,4,0.7%,3.9%
14080,路边野餐,0.1%,18.68,14,0.1%,22.7%
14081,惊天魔盗团2,0.1%,17.46,14,0.1%,18.0%
14082,大火种,0.1%,17.18,67,<0.1%,54.8%
14083,恐怖爱情故事之死亡公路,<0.1%,15.35,5,0.5%,5.9%
14084,独立日：卷土重来,<0.1%,7.88,13,<0.1%,17.0%
14085,笔仙撞碟仙,<0.1%,6.18,4,0.2%,7.2%
14086,古田会议,<0.1%,5.01,35,<0.1%,44.7%
14087,超能太阳鸭,<0.1%,4.92,6,0.1%,6.7%
14088,南口1937,<0.1%,4.65,91,<0.1%,62.3%
14089,老阿姨,<0.1%,4.49,26,<0.1%,34.7%
14090,赏金猎人,<0.1%,2.78,7,<0.1%,9.1%
14091,超级保镖,<0.1%,2.76,5,<0.1%,6.5%
14092,摇滚藏獒,<0.1%,2.70,7,<0.1%,7.1%
14093,绝战,<0.1%,2.68,59,<0.1%,54.9%
14094,党的女儿尹灵芝,<0.1%,2.42,62,<0.1%,100%
14095,发条城市,<0.1%,1.42,14,<0.1%,28.2%
14096,李三娘,<0.1%,1.16,33,<0.1%,--
14097,终极胜利,<0.1%,1.16,37,<0.1%,99.4%
14098,绝地逃亡,54.8%,11148.11,41,34.7%,25.7%
14099,泰山归来：险战丛林,15.0%,3062.27,32,12.5%,26.5%
14100,哆啦A梦：新·大雄的日本诞生,9.7%,1982.90,20,16.5%,17.7%
14101,大鱼海棠,4.3%,889.24,25,4.8%,24.6%
14102,寒战2,3.9%,794.90,27,3.3%,26.6%
14103,天亮之前,3.8%,778.39,10,11.1%,9.7%
14104,陆垚知马俐,2.4%,490.27,21,3.5%,23.6%
14105,刺猬小子之天生我刺,1.1%,237.73,13,2.8%,13.1%
14106,巴霍巴利王：开端,0.8%,169.33,16,1.6%,17.1%
14107,致青春·原来你还在这里,0.8%,163.45,27,0.7%,40.0%
14108,泡沫之夏,0.6%,133.00,9,2.5%,8.9%
14109,惊天大逆转,0.5%,120.61,23,0.7%,25.6%
14110,忍者神龟2：破影而出,0.2%,55.15,19,0.3%,22.2%
14111,快手枪手快枪手,0.1%,38.83,10,0.5%,12.5%
14112,惊天魔盗团2,0.1%,33.44,24,0.1%,31.1%
14113,路边野餐,0.1%,30.86,21,0.1%,32.4%
14114,少年师爷之大禹宝藏,0.1%,22.68,5,0.7%,4.9%
14115,独立日：卷土重来,<0.1%,19.21,23,<0.1%,31.0%
14116,超能太阳鸭,<0.1%,14.41,12,0.1%,12.2%
14117,恐怖爱情故事之死亡公路,<0.1%,13.75,5,0.5%,5.1%
14118,超级保镖,<0.1%,13.13,16,<0.1%,21.4%
14119,赏金猎人,<0.1%,8.19,16,<0.1%,23.4%
14120,笔仙撞碟仙,<0.1%,6.93,5,0.2%,8.7%
14121,摇滚藏獒,<0.1%,5.56,10,<0.1%,11.9%
14122,老阿姨,<0.1%,4.66,31,<0.1%,42.7%
14123,古田会议,<0.1%,1.65,19,<0.1%,19.9%
14124,潜艇总动员,<0.1%,1.56,521,<0.1%,--
14125,大火种,<0.1%,1.37,18,<0.1%,16.4%
14126,李三娘,<0.1%,1.18,35,<0.1%,--
14127,绝地逃亡,53.7%,10346.75,38,34.7%,24.1%
14128,泰山归来：险战丛林,16.2%,3127.83,31,13.4%,25.8%
14129,哆啦A梦：新·大雄的日本诞生,9.4%,1824.74,19,15.8%,17.3%
14130,大鱼海棠,4.9%,960.09,23,5.6%,22.7%
14131,寒战2,3.9%,756.63,24,3.7%,23.3%
14132,天亮之前,3.4%,668.12,11,9.3%,10.3%
14133,陆垚知马俐,2.4%,472.18,19,3.8%,20.7%
14134,刺猬小子之天生我刺,1.1%,229.97,13,2.8%,12.6%
14135,巴霍巴利王：开端,0.8%,161.47,14,1.7%,15.0%
14136,致青春·原来你还在这里,0.8%,155.16,25,0.7%,35.6%
14137,惊天大逆转,0.6%,125.14,20,0.8%,22.7%
14138,泡沫之夏,0.3%,76.86,6,2.2%,5.9%
14139,忍者神龟2：破影而出,0.2%,57.49,16,0.4%,17.8%
14140,快手枪手快枪手,0.2%,47.13,13,0.5%,16.4%
14141,路边野餐,0.1%,33.68,20,0.2%,28.9%
14142,少年师爷之大禹宝藏,0.1%,22.26,5,0.7%,5.1%
14143,六弄咖啡馆,<0.1%,13.71,51,<0.1%,45.3%
14144,赏金猎人,<0.1%,10.77,17,<0.1%,26.5%
14145,超能太阳鸭,<0.1%,10.09,9,0.1%,9.1%
14146,超级保镖,<0.1%,10.07,16,<0.1%,23.3%
14147,恐怖爱情故事之死亡公路,<0.1%,8.91,4,0.4%,4.5%
14148,笔仙撞碟仙,<0.1%,7.65,5,0.3%,8.7%
14149,摇滚藏獒,<0.1%,6.34,12,<0.1%,13.0%
14150,老阿姨,<0.1%,4.31,34,<0.1%,48.8%
14151,发条城市,<0.1%,3.70,27,<0.1%,39.9%
14152,大火种,<0.1%,3.38,40,<0.1%,42.6%
14153,潜艇总动员,<0.1%,2.09,522,<0.1%,--
14154,古田会议,<0.1%,1.18,28,<0.1%,41.3%
14155,李三娘,<0.1%,1.00,26,<0.1%,--
14156,绝地逃亡,56.4%,5375.50,22,34.7%,13.5%
14157,泰山归来：险战丛林,15.8%,1505.22,15,14.5%,12.4%
14158,哆啦A梦：新·大雄的日本诞生,7.7%,741.67,9,14.5%,8.2%
14159,大鱼海棠,4.7%,452.30,11,6.1%,10.6%
14160,寒战2,3.9%,373.74,11,4.3%,10.7%
14161,天亮之前,3.5%,338.68,6,8.5%,6.1%
14162,陆垚知马俐,3.1%,296.00,11,4.3%,12.4%
14163,巴霍巴利王：开端,0.7%,68.42,6,2.0%,5.8%
14164,惊天大逆转,0.6%,64.14,11,0.9%,11.2%
14165,刺猬小子之天生我刺,0.5%,55.15,4,2.3%,3.9%
14166,老阿姨,0.4%,41.57,77,<0.1%,73.8%
14167,泡沫之夏,0.3%,33.92,3,2.0%,3.1%
14168,忍者神龟2：破影而出,0.3%,28.64,8,0.5%,8.3%
14169,致青春·原来你还在这里,0.2%,24.72,7,0.6%,9.3%
14170,快手枪手快枪手,0.1%,17.40,5,0.5%,5.3%
14171,恐怖爱情故事之死亡公路,<0.1%,7.15,3,0.5%,3.6%
14172,笔仙撞碟仙,<0.1%,6.12,4,0.3%,6.7%
14173,超级保镖,<0.1%,5.72,10,<0.1%,13.9%
14174,摇滚藏獒,<0.1%,4.55,9,<0.1%,12.6%
14175,少年师爷之大禹宝藏,<0.1%,4.49,2,0.4%,1.6%
14176,大火种,<0.1%,4.34,28,<0.1%,38.0%
14177,赏金猎人,<0.1%,4.14,6,0.1%,7.1%
14178,超能太阳鸭,<0.1%,2.36,3,0.1%,2.9%
14179,发条城市,<0.1%,2.22,20,<0.1%,33.6%
14180,古田会议,<0.1%,2.16,19,<0.1%,18.2%
14181,李三娘,<0.1%,1.14,31,<0.1%,--
14182,所以……和黑粉结婚了,<0.1%,1.07,17,<0.1%,27.3%
14183,绝地逃亡,54.3%,4818.25,20,34.6%,12.2%
14184,泰山归来：险战丛林,16.5%,1468.63,15,15.2%,11.6%
14185,哆啦A梦：新·大雄的日本诞生,8.1%,720.70,10,14.0%,8.4%
14186,大鱼海棠,5.0%,450.50,10,6.5%,9.9%
14187,寒战2,4.2%,378.85,11,4.5%,10.3%
14188,陆垚知马俐,3.4%,302.95,11,4.6%,12.0%
14189,天亮之前,3.1%,283.32,6,7.7%,5.8%
14190,巴霍巴利王：开端,0.7%,66.80,6,2.0%,5.9%
14191,惊天大逆转,0.6%,61.20,10,0.9%,10.6%
14192,老阿姨,0.6%,59.34,86,<0.1%,78.7%
14193,刺猬小子之天生我刺,0.5%,49.17,4,2.1%,3.8%
14194,忍者神龟2：破影而出,0.3%,30.62,7,0.6%,8.2%
14195,致青春·原来你还在这里,0.2%,26.29,7,0.6%,9.5%
14196,泡沫之夏,0.2%,19.24,2,1.8%,2.0%
14197,快手枪手快枪手,0.2%,18.42,5,0.6%,5.6%
14198,恐怖爱情故事之死亡公路,<0.1%,6.75,3,0.5%,3.6%
14199,超级保镖,<0.1%,6.21,10,<0.1%,17.3%
14200,笔仙撞碟仙,<0.1%,6.02,4,0.3%,6.9%
14201,大火种,<0.1%,4.76,27,<0.1%,38.2%
14202,摇滚藏獒,<0.1%,4.15,8,<0.1%,10.1%
14203,赏金猎人,<0.1%,3.94,5,0.1%,6.6%
14204,少年师爷之大禹宝藏,<0.1%,3.77,2,0.4%,1.6%
14205,超能太阳鸭,<0.1%,3.27,4,0.1%,3.9%
14206,古田会议,<0.1%,3.01,24,<0.1%,26.6%
14207,绝战,<0.1%,1.91,61,<0.1%,54.9%
14208,发条城市,<0.1%,1.60,15,<0.1%,23.2%
14209,红色警戒999,<0.1%,1.22,6,<0.1%,5.0%
14210,南口1937,<0.1%,1.17,60,<0.1%,66.7%
14211,李三娘,<0.1%,1.16,24,<0.1%,--
14212,终极胜利,<0.1%,1.03,33,<0.1%,37.3%
14213,绝地逃亡,53.1%,4342.33,18,33.0%,11.4%
14214,泰山归来：险战丛林,16.6%,1357.79,14,14.6%,11.1%
14215,哆啦A梦：新·大雄的日本诞生,7.5%,619.70,10,12.1%,8.5%
14216,大鱼海棠,4.8%,397.99,10,6.1%,9.4%
14217,寒战2,4.0%,332.83,11,4.0%,10.2%
14218,红色警戒999,3.7%,304.24,5,11.3%,4.4%
14219,陆垚知马俐,3.1%,259.57,11,4.0%,11.8%
14220,天亮之前,2.4%,196.48,6,5.1%,6.1%
14221,老阿姨,0.7%,62.65,88,0.1%,88.9%
14222,巴霍巴利王：开端,0.5%,44.60,6,1.4%,5.7%
14223,惊天大逆转,0.5%,41.16,9,0.7%,9.2%
14224,刺猬小子之天生我刺,0.4%,34.72,4,1.6%,3.8%
14225,快手枪手快枪手,0.3%,26.76,8,0.5%,9.3%
14226,忍者神龟2：破影而出,0.2%,23.78,7,0.5%,7.4%
14227,致青春·原来你还在这里,0.2%,23.15,7,0.5%,10.3%
14228,泡沫之夏,0.1%,11.42,2,1.0%,2.1%
14229,超级保镖,<0.1%,5.52,13,<0.1%,22.2%
14230,恐怖爱情故事之死亡公路,<0.1%,5.39,3,0.4%,3.3%
14231,大火种,<0.1%,4.52,32,<0.1%,42.0%
14232,笔仙撞碟仙,<0.1%,4.51,4,0.2%,6.7%
14233,古田会议,<0.1%,3.06,21,<0.1%,25.0%
14234,摇滚藏獒,<0.1%,2.99,6,<0.1%,8.2%
14235,赏金猎人,<0.1%,2.93,5,<0.1%,6.7%
14236,少年师爷之大禹宝藏,<0.1%,2.31,2,0.2%,1.6%
14237,党的女儿尹灵芝,<0.1%,2.04,45,<0.1%,100%
14238,超能太阳鸭,<0.1%,2.03,4,0.1%,3.8%
14239,近在咫尺的爱恋,<0.1%,1.84,18,<0.1%,61.1%
14240,李三娘,<0.1%,1.05,23,<0.1%,--
14241,绝地逃亡,50.1%,3875.08,17,32.1%,10.3%
14242,泰山归来：险战丛林,16.4%,1275.50,13,14.3%,10.4%
14243,哆啦A梦：新·大雄的日本诞生,7.0%,546.43,9,11.1%,8.0%
14244,大鱼海棠,4.6%,362.06,9,5.8%,8.9%
14245,封神传奇,4.2%,327.88,40,1.1%,20.9%
14246,寒战2,4.0%,312.98,11,3.7%,10.0%
14247,陆垚知马俐,3.0%,238.09,11,3.6%,11.5%
14248,六弄咖啡馆,2.1%,167.26,4,7.4%,3.6%
14249,红色警戒999,2.0%,159.49,4,8.3%,3.0%
14250,天亮之前,1.7%,136.27,6,3.7%,5.8%
14251,老阿姨,0.7%,61.53,92,0.1%,85.9%
14252,巴霍巴利王：开端,0.4%,35.19,6,1.1%,5.6%
14253,惊天大逆转,0.4%,34.01,9,0.6%,8.9%
14254,刺猬小子之天生我刺,0.3%,29.06,4,1.3%,3.8%
14255,快手枪手快枪手,0.3%,27.69,8,0.4%,10.2%
14256,忍者神龟2：破影而出,0.2%,21.55,7,0.4%,7.5%
14257,致青春·原来你还在这里,0.2%,18.24,6,0.4%,8.0%
14258,催命符之劫后重生,0.1%,14.95,7,0.5%,7.0%
14259,泡沫之夏,<0.1%,6.60,2,0.7%,1.9%
14260,超级保镖,<0.1%,4.83,11,<0.1%,25.0%
14261,古田会议,<0.1%,4.79,29,<0.1%,31.1%
14262,夏有乔木 雅望天堂,<0.1%,4.16,82,<0.1%,51.9%
14263,笔仙撞碟仙,<0.1%,4.08,4,0.2%,6.9%
14264,恐怖爱情故事之死亡公路,<0.1%,4.08,3,0.3%,3.7%
14265,路边野餐,<0.1%,3.13,14,<0.1%,18.4%
14266,赏金猎人,<0.1%,2.93,5,<0.1%,7.1%
14267,摇滚藏獒,<0.1%,2.89,7,<0.1%,9.2%
14268,超能太阳鸭,<0.1%,2.46,4,<0.1%,4.5%
14269,少年师爷之大禹宝藏,<0.1%,2.05,2,0.2%,1.7%
14270,近在咫尺的爱恋,<0.1%,1.82,20,<0.1%,77.9%
14271,大火种,<0.1%,1.33,30,<0.1%,18.4%
14272,发条城市,<0.1%,1.24,18,<0.1%,41.7%
14273,神秘世界历险记3,<0.1%,1.09,31,<0.1%,100%
14274,终极胜利,<0.1%,1.08,36,<0.1%,61.8%
14275,绝战,<0.1%,1.04,48,<0.1%,23.3%
14276,李三娘,<0.1%,1.02,21,<0.1%,--
14277,封神传奇,51.9%,7793.05,30,34.7%,19.5%
14278,绝地逃亡,23.4%,3510.56,23,20.2%,18.1%
14279,神秘世界历险记3,6.3%,946.14,19,7.3%,18.4%
14280,泰山归来：险战丛林,5.5%,839.58,19,5.9%,17.8%
14281,哆啦A梦：新·大雄的日本诞生,2.9%,442.56,15,5.1%,15.0%
14282,宝贝当家,2.3%,355.87,8,7.4%,7.8%
14283,情况不妙,1.6%,240.14,12,3.8%,11.3%
14284,寒战2,1.1%,172.22,17,1.1%,17.3%
14285,大鱼海棠,1.1%,171.33,12,1.9%,12.8%
14286,六弄咖啡馆,0.7%,111.70,4,4.8%,3.9%
14287,陆垚知马俐,0.6%,101.37,14,1.1%,17.7%
14288,老阿姨,0.3%,53.96,95,<0.1%,100%
14289,红色警戒999,0.3%,52.53,4,2.2%,3.6%
14290,催命符之劫后重生,0.2%,40.54,7,1.2%,8.1%
14291,天亮之前,0.1%,26.65,7,0.5%,8.8%
14292,惊天大逆转,0.1%,17.36,17,0.1%,20.4%
14293,巴霍巴利王：开端,<0.1%,13.66,9,0.2%,11.8%
14294,毒中毒,<0.1%,11.58,7,0.3%,7.9%
14295,终极胜利,<0.1%,9.15,206,<0.1%,100%
14296,致青春·原来你还在这里,<0.1%,8.62,7,0.1%,13.0%
14297,忍者神龟2：破影而出,<0.1%,7.11,7,0.1%,9.0%
14298,绝战,<0.1%,6.39,189,<0.1%,100%
14299,古田会议,<0.1%,5.67,33,<0.1%,37.4%
14300,摇滚藏獒,<0.1%,5.29,28,<0.1%,27.9%
14301,快手枪手快枪手,<0.1%,3.97,7,<0.1%,9.3%
14302,超级保镖,<0.1%,3.65,22,<0.1%,61.8%
14303,刺猬小子之天生我刺,<0.1%,3.42,4,0.1%,4.9%
14304,大火种,<0.1%,3.38,47,<0.1%,42.4%
14305,路边野餐,<0.1%,3.26,17,<0.1%,20.1%
14306,党的女儿尹灵芝,<0.1%,2.34,26,<0.1%,32.7%
14307,发条城市,<0.1%,1.88,24,<0.1%,41.1%
14308,赏金猎人,<0.1%,1.60,9,<0.1%,11.5%
14309,笔仙撞碟仙,<0.1%,1.55,3,0.1%,6.6%
14310,恐怖爱情故事之死亡公路,<0.1%,1.50,4,<0.1%,5.3%
14311,夏有乔木 雅望天堂,<0.1%,1.50,36,<0.1%,24.4%
14312,三人行,<0.1%,1.22,102,<0.1%,50.0%
14313,封神传奇,36.9%,6454.50,25,34.1%,15.9%
14314,绝地逃亡,29.8%,5224.40,32,20.4%,25.9%
14315,泰山归来：险战丛林,8.4%,1478.27,30,6.3%,28.3%
14316,神秘世界历险记3,8.3%,1458.33,22,9.4%,21.0%
14317,哆啦A梦：新·大雄的日本诞生,3.5%,612.06,18,5.5%,17.2%
14318,夏有乔木 雅望天堂,2.4%,431.89,113,0.5%,76.4%
14319,宝贝当家,2.2%,399.75,10,6.3%,10.3%
14320,寒战2,1.9%,333.51,27,1.3%,28.0%
14321,大鱼海棠,1.7%,309.08,18,2.2%,19.2%
14322,情况不妙,1.1%,205.23,11,3.4%,10.5%
14323,陆垚知马俐,0.8%,146.71,17,1.2%,21.8%
14324,六弄咖啡馆,0.6%,106.42,5,3.4%,5.3%
14325,红色警戒999,0.3%,59.26,5,1.7%,5.3%
14326,催命符之劫后重生,0.2%,43.17,7,1.2%,8.0%
14327,惊天大逆转,0.2%,36.79,29,0.1%,35.2%
14328,天亮之前,0.2%,35.99,10,0.4%,12.6%
14329,老阿姨,0.1%,29.09,81,<0.1%,98.9%
14330,巴霍巴利王：开端,0.1%,24.97,14,0.2%,17.6%
14331,忍者神龟2：破影而出,0.1%,20.45,15,0.1%,18.2%
14332,刺猬小子之天生我刺,<0.1%,8.49,7,0.1%,9.1%
14333,致青春·原来你还在这里,<0.1%,7.22,7,0.1%,13.9%
14334,路边野餐,<0.1%,6.97,26,<0.1%,27.8%
14335,超级保镖,<0.1%,5.50,37,<0.1%,100%
14336,快手枪手快枪手,<0.1%,2.50,5,<0.1%,7.7%
14337,笔仙撞碟仙,<0.1%,2.39,5,<0.1%,10.2%
14338,摇滚藏獒,<0.1%,2.09,16,<0.1%,25.3%
14339,少年师爷之大禹宝藏,<0.1%,1.92,11,<0.1%,11.6%
14340,恐怖爱情故事之死亡公路,<0.1%,1.91,4,<0.1%,5.3%
14341,赏金猎人,<0.1%,1.45,7,<0.1%,9.2%
14342,泡沫之夏,<0.1%,1.31,4,<0.1%,8.9%
14343,冬,<0.1%,1.31,56,<0.1%,88.8%
14344,毒中毒,<0.1%,1.19,1,0.1%,1.6%
14345,超能太阳鸭,<0.1%,1.13,7,<0.1%,12.8%
14346,李三娘,<0.1%,1.09,23,<0.1%,--
14347,封神传奇,33.8%,5551.01,23,32.7%,14.4%
14348,绝地逃亡,32.2%,5284.83,31,21.6%,24.5%
14349,神秘世界历险记3,9.4%,1547.52,22,10.0%,21.0%
14350,泰山归来：险战丛林,9.2%,1522.22,28,7.0%,26.1%
14351,哆啦A梦：新·大雄的日本诞生,3.7%,617.88,18,5.5%,17.6%
14352,宝贝当家,2.2%,375.51,10,5.8%,10.7%
14353,大鱼海棠,2.0%,341.12,19,2.4%,19.7%
14354,寒战2,2.0%,331.56,25,1.5%,24.8%
14355,情况不妙,1.2%,201.03,11,3.2%,10.9%
14356,陆垚知马俐,1.0%,165.52,18,1.4%,22.0%
14357,六弄咖啡馆,0.7%,114.72,6,3.1%,6.1%
14358,红色警戒999,0.3%,50.99,5,1.5%,5.2%
14359,惊天大逆转,0.2%,40.62,27,0.1%,32.2%
14360,催命符之劫后重生,0.2%,37.86,6,1.2%,7.2%
14361,天亮之前,0.2%,36.74,10,0.5%,12.5%
14362,老阿姨,0.1%,24.81,78,<0.1%,96.5%
14363,忍者神龟2：破影而出,0.1%,24.13,15,0.1%,16.3%
14364,巴霍巴利王：开端,0.1%,22.59,12,0.2%,14.0%
14365,致青春·原来你还在这里,<0.1%,9.04,9,0.1%,15.4%
14366,刺猬小子之天生我刺,<0.1%,7.64,7,0.1%,8.8%
14367,那件疯狂的小事叫爱情,<0.1%,7.14,64,<0.1%,100%
14368,路边野餐,<0.1%,6.79,22,<0.1%,24.0%
14369,超级保镖,<0.1%,5.70,22,<0.1%,95.5%
14370,少年师爷之大禹宝藏,<0.1%,3.28,19,<0.1%,19.7%
14371,快手枪手快枪手,<0.1%,3.19,6,<0.1%,9.7%
14372,龙拳小子,<0.1%,3.17,29,<0.1%,100%
14373,精灵王座,<0.1%,2.93,24,<0.1%,19.6%
14374,超能太阳鸭,<0.1%,2.72,15,<0.1%,23.5%
14375,笔仙撞碟仙,<0.1%,2.33,4,0.1%,9.5%
14376,赏金猎人,<0.1%,1.72,8,<0.1%,10.8%
14377,夏有乔木 雅望天堂,<0.1%,1.68,26,<0.1%,34.8%
14378,摇滚藏獒,<0.1%,1.64,11,<0.1%,19.3%
14379,党的女儿尹灵芝,<0.1%,1.61,52,<0.1%,96.7%
14380,古田会议,<0.1%,1.57,20,<0.1%,25.1%
14381,恐怖爱情故事之死亡公路,<0.1%,1.53,3,<0.1%,4.4%
14382,冬,<0.1%,1.36,45,<0.1%,63.1%
14383,泡沫之夏,<0.1%,1.30,3,<0.1%,4.4%
14384,李三娘,<0.1%,1.13,23,<0.1%,--
14385,绝地逃亡,33.8%,2619.37,16,22.8%,11.8%
14386,封神传奇,32.8%,2540.43,12,31.3%,7.4%
14387,泰山归来：险战丛林,9.6%,742.42,13,8.0%,11.9%
14388,神秘世界历险记3,7.6%,589.42,10,9.3%,9.1%
14389,哆啦A梦：新·大雄的日本诞生,3.0%,234.79,8,5.2%,7.7%
14390,大鱼海棠,2.1%,167.49,10,2.5%,10.0%
14391,宝贝当家,2.0%,158.35,5,5.2%,5.3%
14392,寒战2,2.0%,155.44,11,1.7%,11.1%
14393,情况不妙,1.5%,117.51,7,3.2%,7.0%
14394,陆垚知马俐,1.3%,107.54,11,1.6%,13.0%
14395,老阿姨,0.7%,56.55,94,<0.1%,97.6%
14396,六弄咖啡馆,0.6%,49.26,3,3.0%,2.7%
14397,催命符之劫后重生,0.3%,27.98,5,1.2%,5.7%
14398,红色警戒999,0.3%,26.45,3,1.5%,3.0%
14399,天亮之前,0.2%,20.26,6,0.4%,7.5%
14400,惊天大逆转,0.1%,15.20,11,0.2%,11.9%
14401,夏有乔木 雅望天堂,0.1%,14.92,167,<0.1%,100%
14402,爱宠大机密,0.1%,14.11,11,0.1%,7.0%
14403,巴霍巴利王：开端,0.1%,12.23,6,0.3%,6.7%
14404,使徒行者,0.1%,9.86,340,<0.1%,88.4%
14405,忍者神龟2：破影而出,0.1%,9.18,8,0.1%,8.6%
14406,致青春·原来你还在这里,<0.1%,6.05,6,0.1%,9.3%
14407,超级保镖,<0.1%,5.74,20,<0.1%,100%
14408,路边野餐,<0.1%,3.51,11,<0.1%,11.8%
14409,快手枪手快枪手,<0.1%,2.45,4,<0.1%,7.0%
14410,刺猬小子之天生我刺,<0.1%,2.08,3,0.1%,3.2%
14411,谎言西西里,<0.1%,2.06,49,<0.1%,35.3%
14412,笔仙撞碟仙,<0.1%,1.88,4,0.1%,7.6%
14413,终极胜利,<0.1%,1.76,44,<0.1%,60.3%
14414,李三娘,<0.1%,1.06,23,<0.1%,--
14415,爱宠大机密,34.8%,3439.65,21,24.5%,14.7%
14416,绝地逃亡,24.8%,2450.42,16,20.1%,12.4%
14417,封神传奇,20.8%,2057.74,12,23.7%,8.4%
14418,泰山归来：险战丛林,6.6%,657.10,15,6.3%,13.4%
14419,神秘世界历险记3,3.1%,307.25,9,5.3%,8.4%
14420,寒战2,1.4%,146.54,14,1.2%,15.4%
14421,龙拳小子,1.1%,116.28,7,3.3%,6.8%
14422,哆啦A梦：新·大雄的日本诞生,1.1%,108.84,7,2.6%,7.1%
14423,大鱼海棠,1.0%,103.39,9,1.5%,10.2%
14424,陆垚知马俐,0.8%,86.22,11,1.2%,13.6%
14425,宝贝当家,0.7%,75.63,5,2.5%,5.5%
14426,老阿姨,0.5%,54.66,98,<0.1%,100%
14427,夏有乔木 雅望天堂,0.5%,50.92,237,<0.1%,100%
14428,情况不妙,0.4%,45.34,6,1.6%,5.9%
14429,催命符之劫后重生,0.2%,25.00,6,0.9%,6.8%
14430,六弄咖啡馆,0.2%,24.85,3,1.6%,2.8%
14431,红色警戒999,0.1%,15.69,3,0.9%,3.3%
14432,那件疯狂的小事叫爱情,0.1%,15.56,79,<0.1%,100%
14433,惊天大逆转,0.1%,13.82,12,0.1%,14.1%
14434,天亮之前,0.1%,13.40,6,0.3%,7.4%
14435,巴霍巴利王：开端,0.1%,10.77,7,0.2%,8.3%
14436,超级保镖,<0.1%,5.22,20,<0.1%,100%
14437,致青春·原来你还在这里,<0.1%,5.20,6,0.1%,9.1%
14438,使徒行者,<0.1%,4.38,125,<0.1%,56.5%
14439,我最好朋友的婚礼,<0.1%,3.23,162,<0.1%,--
14440,路边野餐,<0.1%,2.51,9,<0.1%,9.1%
14441,谎言西西里,<0.1%,2.26,54,<0.1%,71.4%
14442,快手枪手快枪手,<0.1%,2.19,5,<0.1%,8.4%
14443,泡沫之夏,<0.1%,1.87,3,<0.1%,5.6%
14444,笔仙撞碟仙,<0.1%,1.77,4,0.1%,8.0%
14445,微微一笑很倾城,<0.1%,1.58,316,<0.1%,--
14446,海洋之歌,<0.1%,1.34,298,<0.1%,--
14447,我们诞生在中国,<0.1%,1.24,108,<0.1%,100.0%
14448,恐怖爱情故事之死亡公路,<0.1%,1.18,3,<0.1%,3.8%
14449,返乡,<0.1%,1.17,157,<0.1%,100%
14450,李三娘,<0.1%,1.14,25,<0.1%,--
14451,爱宠大机密,36.4%,3020.82,17,25.6%,12.1%
14452,绝地逃亡,25.2%,2090.53,14,20.4%,10.4%
14453,封神传奇,19.3%,1600.72,10,22.8%,6.9%
14454,泰山归来：险战丛林,6.6%,547.30,12,6.5%,10.8%
14455,神秘世界历险记3,3.2%,267.52,8,5.2%,7.2%
14456,寒战2,1.4%,119.82,12,1.2%,12.0%
14457,大鱼海棠,1.0%,88.59,8,1.6%,8.4%
14458,哆啦A梦：新·大雄的日本诞生,1.0%,87.21,6,2.5%,5.8%
14459,陆垚知马俐,1.0%,83.12,10,1.3%,12.1%
14460,宝贝当家,0.7%,64.57,5,2.4%,5.0%
14461,老阿姨,0.6%,57.57,95,<0.1%,89.0%
14462,龙拳小子,0.6%,56.97,5,2.5%,4.5%
14463,情况不妙,0.4%,38.66,5,1.5%,5.3%
14464,催命符之劫后重生,0.2%,23.17,5,0.9%,6.1%
14465,六弄咖啡馆,0.2%,22.19,3,1.4%,2.6%
14466,红色警戒999,0.1%,13.54,3,0.8%,3.0%
14467,天亮之前,0.1%,12.84,7,0.3%,9.2%
14468,惊天大逆转,0.1%,11.19,10,0.1%,11.0%
14469,那件疯狂的小事叫爱情,0.1%,10.45,101,<0.1%,100%
14470,巴霍巴利王：开端,0.1%,8.53,5,0.2%,6.2%
14471,狼兵吼,<0.1%,8.12,2,0.5%,2.1%
14472,我最好朋友的婚礼,<0.1%,5.77,150,<0.1%,92.6%
14473,超级保镖,<0.1%,5.35,20,<0.1%,100%
14474,致青春·原来你还在这里,<0.1%,4.96,6,0.1%,8.3%
14475,夏有乔木 雅望天堂,<0.1%,3.55,89,<0.1%,73.4%
14476,盗墓笔记,<0.1%,3.31,92,<0.1%,--
14477,谎言西西里,<0.1%,2.69,71,<0.1%,28.3%
14478,泡沫之夏,<0.1%,2.32,4,<0.1%,7.5%
14479,笔仙撞碟仙,<0.1%,1.94,4,0.1%,7.0%
14480,路边野餐,<0.1%,1.89,7,<0.1%,7.0%
14481,快手枪手快枪手,<0.1%,1.41,4,<0.1%,6.2%
14482,刺猬小子之天生我刺,<0.1%,1.07,4,<0.1%,5.0%
14483,盗墓笔记,37.6%,3877.64,45,11.1%,29.6%
14484,爱宠大机密,24.3%,2507.38,15,23.8%,10.9%
14485,绝地逃亡,15.7%,1618.71,12,18.3%,9.1%
14486,封神传奇,9.2%,947.54,7,18.7%,5.1%
14487,泰山归来：险战丛林,3.6%,372.46,10,5.5%,8.7%
14488,神秘世界历险记3,2.2%,234.30,7,4.9%,6.6%
14489,夏有乔木 雅望天堂,0.9%,95.64,17,0.8%,13.2%
14490,寒战2,0.8%,89.80,10,1.0%,10.4%
14491,哆啦A梦：新·大雄的日本诞生,0.7%,77.30,6,2.3%,5.5%
14492,大鱼海棠,0.7%,75.20,7,1.4%,7.8%
14493,陆垚知马俐,0.6%,68.19,9,1.2%,10.5%
14494,龙拳小子,0.5%,54.83,6,1.9%,5.7%
14495,老阿姨,0.5%,53.65,96,<0.1%,100%
14496,宝贝当家,0.5%,53.05,4,2.1%,4.5%
14497,情况不妙,0.2%,25.57,4,1.2%,4.4%
14498,六弄咖啡馆,0.1%,18.70,2,1.2%,2.4%
14499,那件疯狂的小事叫爱情,0.1%,18.51,87,<0.1%,99.9%
14500,惊天大逆转,0.1%,11.59,10,0.1%,12.1%
14501,红色警戒999,0.1%,11.05,3,0.6%,2.8%
14502,催命符之劫后重生,<0.1%,10.26,3,0.7%,3.7%
14503,我最好朋友的婚礼,<0.1%,9.29,13,0.1%,10.5%
14504,天亮之前,<0.1%,8.30,5,0.2%,6.0%
14505,巴霍巴利王：开端,<0.1%,6.42,5,0.2%,5.7%
14506,狼兵吼,<0.1%,6.03,3,0.3%,2.6%
14507,使徒行者,<0.1%,4.79,116,<0.1%,60.3%
14508,泡沫之夏,<0.1%,4.17,10,<0.1%,23.1%
14509,致青春·原来你还在这里,<0.1%,3.98,5,0.1%,6.7%
14510,超级保镖,<0.1%,3.21,15,<0.1%,73.9%
14511,精灵王座,<0.1%,2.66,19,<0.1%,14.6%
14512,路边野餐,<0.1%,1.91,7,<0.1%,8.1%
14513,笔仙撞碟仙,<0.1%,1.51,3,0.1%,6.0%
14514,谎言西西里,<0.1%,1.08,56,<0.1%,41.2%
14515,李三娘,<0.1%,1.01,24,<0.1%,--
14516,盗墓笔记,65.3%,16116.06,54,37.7%,35.8%
14517,夏有乔木 雅望天堂,18.0%,4455.88,23,28.6%,20.4%
14518,爱宠大机密,8.4%,2088.20,26,10.9%,23.1%
14519,我最好朋友的婚礼,3.7%,926.97,13,11.1%,14.0%
14520,绝地逃亡,2.4%,605.45,19,4.2%,20.4%
14521,封神传奇,0.6%,157.79,8,2.8%,8.5%
14522,神秘世界历险记3,0.3%,79.55,12,0.9%,12.6%
14523,古曼,0.2%,57.10,10,1.2%,11.8%
14524,泰山归来：险战丛林,0.1%,40.18,12,0.3%,15.0%
14525,龙拳小子,0.1%,26.87,25,0.2%,35.9%
14526,寒战2,<0.1%,18.10,12,0.1%,17.2%
14527,老阿姨,<0.1%,14.27,77,<0.1%,97.4%
14528,狼兵吼,<0.1%,9.11,11,<0.1%,18.0%
14529,哆啦A梦：新·大雄的日本诞生,<0.1%,8.87,8,0.1%,9.8%
14530,大鱼海棠,<0.1%,8.67,7,0.1%,11.1%
14531,使徒行者,<0.1%,6.27,164,<0.1%,67.8%
14532,那件疯狂的小事叫爱情,<0.1%,5.33,28,<0.1%,72.1%
14533,陆垚知马俐,<0.1%,4.78,8,<0.1%,12.7%
14534,宝贝当家,<0.1%,3.95,4,0.1%,8.0%
14535,超级保镖,<0.1%,3.34,35,<0.1%,--
14536,终极胜利,<0.1%,1.73,48,<0.1%,74.1%
14537,红色警戒999,<0.1%,1.56,3,<0.1%,8.0%
14538,巴霍巴利王：开端,<0.1%,1.08,6,<0.1%,10.6%
14539,李三娘,<0.1%,1.04,30,<0.1%,--
14540,盗墓笔记,63.2%,15398.35,48,39.6%,31.7%
14541,爱宠大机密,16.8%,4109.84,40,13.6%,35.5%
14542,夏有乔木 雅望天堂,9.7%,2361.93,14,25.5%,11.8%
14543,绝地逃亡,3.9%,953.13,28,4.3%,30.9%
14544,我最好朋友的婚礼,3.1%,768.21,13,9.4%,13.5%
14545,神秘世界历险记3,0.9%,242.33,22,1.5%,23.1%
14546,封神传奇,0.7%,177.19,10,2.3%,11.9%
14547,泰山归来：险战丛林,0.2%,70.49,20,0.4%,24.0%
14548,古曼,0.1%,46.13,8,1.1%,9.7%
14549,寒战2,0.1%,37.17,21,0.1%,26.1%
14550,那件疯狂的小事叫爱情,0.1%,33.18,187,<0.1%,81.3%
14551,龙拳小子,0.1%,30.59,26,0.2%,34.5%
14552,哆啦A梦：新·大雄的日本诞生,<0.1%,21.49,12,0.2%,16.1%
14553,大鱼海棠,<0.1%,18.32,12,0.1%,17.4%
14554,陆垚知马俐,<0.1%,7.40,11,<0.1%,19.2%
14555,宝贝当家,<0.1%,5.47,5,0.1%,9.9%
14556,老阿姨,<0.1%,5.24,67,<0.1%,63.0%
14557,使徒行者,<0.1%,3.90,149,<0.1%,62.3%
14558,超级保镖,<0.1%,3.25,26,<0.1%,100%
14559,巴霍巴利王：开端,<0.1%,2.93,13,<0.1%,26.4%
14560,惊天大逆转,<0.1%,2.84,23,<0.1%,36.6%
14561,红色警戒999,<0.1%,2.59,4,<0.1%,10.0%
14562,狼兵吼,<0.1%,2.34,4,<0.1%,4.3%
14563,我们诞生在中国,<0.1%,1.93,151,<0.1%,99.3%
14564,六弄咖啡馆,<0.1%,1.77,5,<0.1%,10.3%
14565,新大头儿子和小头爸爸2一日成才,<0.1%,1.52,190,<0.1%,--
14566,终极胜利,<0.1%,1.46,145,<0.1%,100%
14567,情况不妙,<0.1%,1.30,4,<0.1%,9.0%
14568,李三娘,<0.1%,1.30,39,<0.1%,--
14569,天亮之前,<0.1%,1.29,9,<0.1%,18.0%
14570,路边野餐,<0.1%,1.15,20,<0.1%,26.4%
14571,盗墓笔记,58.4%,12406.83,39,39.9%,25.5%
14572,爱宠大机密,20.0%,4251.48,37,15.6%,32.9%
14573,夏有乔木 雅望天堂,9.5%,2036.82,13,22.3%,12.0%
14574,绝地逃亡,4.7%,1016.96,26,5.2%,27.5%
14575,我最好朋友的婚礼,3.1%,661.70,12,8.8%,12.5%
14576,神秘世界历险记3,1.4%,315.48,25,1.7%,25.7%
14577,封神传奇,0.8%,188.44,11,2.3%,12.9%
14578,泰山归来：险战丛林,0.3%,83.95,21,0.4%,23.6%
14579,龙拳小子,0.2%,43.33,36,0.2%,41.1%
14580,古曼,0.1%,39.85,7,1.2%,8.2%
14581,寒战2,0.1%,37.73,20,0.1%,24.8%
14582,哆啦A梦：新·大雄的日本诞生,0.1%,26.75,14,0.2%,17.9%
14583,大鱼海棠,0.1%,24.19,14,0.2%,18.5%
14584,谎言西西里,<0.1%,13.65,133,<0.1%,100%
14585,那件疯狂的小事叫爱情,<0.1%,10.45,18,<0.1%,59.6%
14586,使徒行者,<0.1%,8.97,145,<0.1%,100%
14587,陆垚知马俐,<0.1%,8.58,10,0.1%,16.7%
14588,超级保镖,<0.1%,7.21,39,<0.1%,100%
14589,宝贝当家,<0.1%,5.22,5,0.1%,10.5%
14590,我们诞生在中国,<0.1%,3.45,121,<0.1%,100.0%
14591,巴霍巴利王：开端,<0.1%,3.42,14,<0.1%,32.9%
14592,天亮之前,<0.1%,2.89,30,<0.1%,64.7%
14593,惊天大逆转,<0.1%,2.10,10,<0.1%,16.6%
14594,精灵王座,<0.1%,1.93,121,<0.1%,--
14595,六弄咖啡馆,<0.1%,1.86,3,<0.1%,6.9%
14596,红色警戒999,<0.1%,1.55,3,<0.1%,7.7%
14597,老阿姨,<0.1%,1.39,19,<0.1%,38.2%
14598,催命符之劫后重生,<0.1%,1.33,3,<0.1%,4.7%
14599,李三娘,<0.1%,1.18,31,<0.1%,--
14600,狼兵吼,<0.1%,1.14,2,<0.1%,2.2%
14601,路边野餐,<0.1%,1.07,16,<0.1%,17.7%
14602,盗墓笔记,57.1%,6176.78,21,39.5%,13.6%
14603,爱宠大机密,18.1%,1956.52,18,16.2%,15.7%
14604,夏有乔木 雅望天堂,11.0%,1192.85,9,20.6%,8.3%
14605,绝地逃亡,6.2%,676.14,16,6.2%,16.0%
14606,我最好朋友的婚礼,3.1%,336.20,7,8.8%,6.8%
14607,封神传奇,1.1%,128.43,7,2.7%,7.9%
14608,神秘世界历险记3,0.9%,107.79,10,1.6%,10.4%
14609,泰山归来：险战丛林,0.4%,52.66,11,0.6%,11.6%
14610,古曼,0.3%,38.24,7,1.3%,7.7%
14611,龙拳小子,0.1%,17.85,18,0.2%,22.4%
14612,寒战2,0.1%,16.48,14,0.1%,15.3%
14613,微微一笑很倾城,0.1%,15.83,166,<0.1%,100%
14614,老阿姨,0.1%,15.38,86,<0.1%,77.2%
14615,哆啦A梦：新·大雄的日本诞生,0.1%,11.58,7,0.2%,8.4%
14616,大鱼海棠,<0.1%,9.06,10,0.1%,13.1%
14617,谎言西西里,<0.1%,8.19,11,<0.1%,14.4%
14618,陆垚知马俐,<0.1%,7.59,7,0.1%,10.2%
14619,那件疯狂的小事叫爱情,<0.1%,6.36,69,<0.1%,99.7%
14620,危城,<0.1%,4.38,109,<0.1%,--
14621,超级保镖,<0.1%,3.80,32,<0.1%,100%
14622,天亮之前,<0.1%,3.20,11,<0.1%,23.9%
14623,宝贝当家,<0.1%,2.36,3,0.1%,4.3%
14624,狼兵吼,<0.1%,2.19,4,<0.1%,6.1%
14625,巴霍巴利王：开端,<0.1%,2.11,6,<0.1%,10.1%
14626,惊天大逆转,<0.1%,1.26,5,<0.1%,6.2%
14627,红色警戒999,<0.1%,1.09,3,<0.1%,7.2%
14628,盗墓笔记,54.2%,13938.77,50,35.5%,32.4%
14629,爱宠大机密,13.7%,3542.43,37,13.7%,31.2%
14630,夏有乔木 雅望天堂,11.1%,2871.47,28,15.4%,26.6%
14631,绝地逃亡,5.7%,1466.96,41,5.0%,42.3%
14632,谎言西西里,5.7%,1465.00,18,14.2%,17.7%
14633,那件疯狂的小事叫爱情,3.9%,1023.80,40,4.1%,37.2%
14634,我最好朋友的婚礼,2.9%,752.79,19,6.4%,19.6%
14635,封神传奇,0.7%,193.55,16,1.6%,20.7%
14636,神秘世界历险记3,0.3%,98.73,14,1.0%,14.2%
14637,泰山归来：险战丛林,0.3%,90.80,26,0.4%,28.8%
14638,古曼,0.3%,77.11,17,0.9%,22.4%
14639,危城,0.1%,33.51,246,<0.1%,89.0%
14640,寒战2,0.1%,31.00,27,0.1%,29.5%
14641,陆垚知马俐,<0.1%,12.11,15,0.1%,22.5%
14642,大鱼海棠,<0.1%,11.56,15,0.1%,20.1%
14643,微微一笑很倾城,<0.1%,8.07,100,<0.1%,100%
14644,老阿姨,<0.1%,7.65,52,<0.1%,74.6%
14645,哆啦A梦：新·大雄的日本诞生,<0.1%,7.63,8,0.1%,10.2%
14646,龙拳小子,<0.1%,7.57,16,<0.1%,25.1%
14647,超级保镖,<0.1%,4.00,27,<0.1%,100%
14648,催命符之劫后重生,<0.1%,3.26,6,0.1%,13.7%
14649,天亮之前,<0.1%,3.24,16,<0.1%,35.1%
14650,宝贝当家,<0.1%,3.04,5,0.1%,9.2%
14651,情况不妙,<0.1%,2.94,11,<0.1%,18.9%
14652,狼兵吼,<0.1%,2.58,5,<0.1%,7.3%
14653,巴霍巴利王：开端,<0.1%,2.23,12,<0.1%,24.8%
14654,笔仙撞碟仙,<0.1%,1.89,6,<0.1%,17.7%
14655,红色警戒999,<0.1%,1.88,5,<0.1%,18.2%
14656,惊天大逆转,<0.1%,1.60,12,<0.1%,19.5%
14657,毒中毒,<0.1%,1.33,10,<0.1%,47.9%
14658,致青春·原来你还在这里,<0.1%,1.32,17,<0.1%,43.2%
14659,精灵王座,<0.1%,1.17,293,<0.1%,--
14660,盗墓笔记,51.4%,4476.61,17,36.4%,10.5%
14661,爱宠大机密,20.9%,1818.50,17,16.3%,14.0%
14662,夏有乔木 雅望天堂,9.0%,784.14,8,15.2%,7.6%
14663,绝地逃亡,7.6%,664.86,15,6.4%,14.9%
14664,谎言西西里,2.4%,210.82,3,12.4%,2.9%
14665,使徒行者,2.2%,193.89,65,0.4%,43.0%
14666,我最好朋友的婚礼,2.0%,179.93,5,5.9%,5.2%
14667,封神传奇,1.0%,89.47,7,2.0%,7.8%
14668,神秘世界历险记3,0.9%,81.84,10,1.3%,9.6%
14669,泰山归来：险战丛林,0.5%,48.74,11,0.5%,11.7%
14670,古曼,0.3%,29.51,6,1.0%,7.5%
14671,那件疯狂的小事叫爱情,0.2%,19.17,10,<0.1%,24.9%
14672,寒战2,0.1%,16.38,13,0.1%,12.9%
14673,龙拳小子,0.1%,12.97,20,0.1%,25.0%
14674,老阿姨,0.1%,11.22,74,<0.1%,64.9%
14675,微微一笑很倾城,0.1%,10.00,233,<0.1%,100%
14676,大鱼海棠,0.1%,8.73,9,0.1%,10.9%
14677,陆垚知马俐,<0.1%,5.38,7,0.1%,10.3%
14678,哆啦A梦：新·大雄的日本诞生,<0.1%,4.87,5,0.1%,5.8%
14679,超级保镖,<0.1%,4.83,52,<0.1%,100%
14680,我们诞生在中国,<0.1%,1.45,154,<0.1%,--
14681,宝贝当家,<0.1%,1.43,3,0.1%,5.6%
14682,巴霍巴利王：开端,<0.1%,1.36,5,<0.1%,9.9%
14683,惊天大逆转,<0.1%,1.30,6,<0.1%,10.6%
14684,狼兵吼,<0.1%,1.16,3,<0.1%,4.8%
14685,李三娘,<0.1%,1.13,29,<0.1%,--
14686,使徒行者,50.1%,5700.48,32,28.7%,25.8%
14687,盗墓笔记,27.3%,3101.96,14,30.1%,8.9%
14688,爱宠大机密,11.9%,1358.32,15,13.7%,12.9%
14689,夏有乔木 雅望天堂,3.6%,412.44,7,9.3%,7.2%
14690,绝地逃亡,2.8%,326.62,11,4.4%,11.5%
14691,危城,0.8%,92.97,23,0.5%,14.4%
14692,谎言西西里,0.5%,67.12,3,5.5%,2.2%
14693,我最好朋友的婚礼,0.5%,61.02,4,2.5%,4.3%
14694,神秘世界历险记3,0.5%,58.19,10,0.9%,10.3%
14695,微微一笑很倾城,0.3%,38.90,16,0.3%,11.4%
14696,封神传奇,0.3%,37.89,5,1.1%,6.7%
14697,泰山归来：险战丛林,0.1%,22.27,8,0.3%,9.1%
14698,古曼,0.1%,15.95,5,0.7%,6.2%
14699,老阿姨,<0.1%,11.24,69,<0.1%,58.2%
14700,龙拳小子,<0.1%,8.22,18,<0.1%,25.9%
14701,寒战2,<0.1%,7.49,8,0.1%,8.3%
14702,那件疯狂的小事叫爱情,<0.1%,7.09,16,<0.1%,15.8%
14703,大鱼海棠,<0.1%,5.99,9,<0.1%,10.6%
14704,陆垚知马俐,<0.1%,2.93,8,<0.1%,11.2%
14705,哆啦A梦：新·大雄的日本诞生,<0.1%,2.72,5,0.1%,7.0%
14706,我们诞生在中国,<0.1%,1.86,59,<0.1%,100%
14707,惊天大逆转,<0.1%,1.28,8,<0.1%,16.1%
14708,狼兵吼,<0.1%,1.12,4,<0.1%,8.6%
14709,李三娘,<0.1%,1.11,28,<0.1%,--
14710,使徒行者,26.4%,4740.52,38,19.2%,30.4%
14711,微微一笑很倾城,26.4%,4737.11,31,21.6%,24.7%
14712,危城,18.8%,3385.29,26,17.1%,19.2%
14713,盗墓笔记,13.9%,2509.39,21,14.7%,14.5%
14714,爱宠大机密,4.8%,866.21,24,5.0%,20.6%
14715,那件疯狂的小事叫爱情,4.3%,777.20,13,9.7%,12.3%
14716,我们诞生在中国,1.6%,293.32,22,1.9%,23.3%
14717,诺亚方舟漂流记,1.1%,201.02,10,3.3%,10.3%
14718,海洋之歌,1.0%,186.68,11,2.9%,11.2%
14719,绝地逃亡,0.4%,74.95,12,0.8%,14.0%
14720,夏有乔木 雅望天堂,0.3%,66.80,7,1.2%,10.1%
14721,老阿姨,0.1%,18.58,106,<0.1%,100%
14722,神秘世界历险记3,<0.1%,15.56,12,0.1%,13.0%
14723,封神传奇,<0.1%,9.35,6,0.1%,9.6%
14724,龙拳小子,<0.1%,9.19,38,<0.1%,52.8%
14725,泰山归来：险战丛林,<0.1%,7.91,13,<0.1%,14.4%
14726,古曼,<0.1%,6.89,5,0.3%,7.6%
14727,谎言西西里,<0.1%,6.05,3,0.4%,2.8%
14728,我最好朋友的婚礼,<0.1%,4.18,4,0.2%,5.3%
14729,寒战2,<0.1%,3.71,14,<0.1%,13.4%
14730,狼兵吼,<0.1%,3.22,17,<0.1%,33.5%
14731,少年师爷之大禹宝藏,<0.1%,1.91,61,<0.1%,69.2%
14732,大火种,<0.1%,1.56,77,<0.1%,100%
14733,新大头儿子和小头爸爸2一日成才,<0.1%,1.46,42,<0.1%,44.5%
14734,大鱼海棠,<0.1%,1.41,8,<0.1%,8.9%
14735,李三娘,<0.1%,1.16,32,<0.1%,--
14736,岛囧,<0.1%,1.14,2,<0.1%,2.8%
14737,使徒行者,32.6%,6839.30,48,21.1%,36.0%
14738,微微一笑很倾城,18.2%,3821.63,24,21.5%,19.1%
14739,盗墓笔记,15.6%,3281.93,29,13.9%,19.9%
14740,危城,14.6%,3066.13,26,15.5%,19.3%
14741,爱宠大机密,8.5%,1789.69,38,6.3%,32.3%
14742,那件疯狂的小事叫爱情,2.9%,616.81,11,8.1%,10.9%
14743,我们诞生在中国,2.4%,518.95,33,2.1%,32.3%
14744,海洋之歌,1.5%,321.51,19,2.7%,19.2%
14745,诺亚方舟漂流记,1.3%,282.92,14,3.0%,15.6%
14746,绝地逃亡,0.5%,109.53,17,0.8%,20.8%
14747,精灵王座,0.4%,86.14,8,1.5%,8.2%
14748,夏有乔木 雅望天堂,0.3%,71.13,9,0.9%,13.1%
14749,神秘世界历险记3,0.1%,40.06,21,0.2%,22.8%
14750,新大头儿子和小头爸爸2一日成才,0.1%,23.70,28,0.1%,25.2%
14751,泰山归来：险战丛林,<0.1%,14.77,20,<0.1%,22.6%
14752,老阿姨,<0.1%,11.53,117,<0.1%,100%
14753,封神传奇,<0.1%,9.97,6,0.2%,9.2%
14754,古曼,<0.1%,9.06,6,0.3%,9.0%
14755,寒战2,<0.1%,7.59,23,<0.1%,29.7%
14756,龙拳小子,<0.1%,7.36,31,<0.1%,49.5%
14757,我最好朋友的婚礼,<0.1%,6.96,5,0.1%,10.0%
14758,谎言西西里,<0.1%,6.83,4,0.2%,5.1%
14759,陆垚知马俐,<0.1%,4.90,39,<0.1%,100%
14760,大鱼海棠,<0.1%,3.73,15,<0.1%,18.9%
14761,少年师爷之大禹宝藏,<0.1%,3.51,60,<0.1%,66.1%
14762,吉祥宝宝之我是食神,<0.1%,2.40,300,<0.1%,86.9%
14763,快手枪手快枪手,<0.1%,1.97,48,<0.1%,100%
14764,惊天大逆转,<0.1%,1.59,38,<0.1%,72.8%
14765,绝战,<0.1%,1.32,220,<0.1%,76.3%
14766,使徒行者,33.3%,6570.48,43,22.6%,31.6%
14767,微微一笑很倾城,18.4%,3642.01,24,20.8%,19.1%
14768,盗墓笔记,15.4%,3046.53,27,14.1%,18.6%
14769,危城,13.0%,2567.07,23,14.8%,17.5%
14770,爱宠大机密,9.1%,1795.73,35,7.0%,29.8%
14771,我们诞生在中国,3.4%,687.58,33,2.8%,30.5%
14772,海洋之歌,1.6%,333.80,19,2.8%,20.3%
14773,那件疯狂的小事叫爱情,1.6%,328.85,8,6.6%,7.8%
14774,诺亚方舟漂流记,1.4%,281.69,15,2.9%,16.4%
14775,绝地逃亡,0.5%,113.96,17,0.9%,20.6%
14776,精灵王座,0.4%,80.01,9,1.2%,9.4%
14777,夏有乔木 雅望天堂,0.3%,59.94,9,0.9%,12.1%
14778,神秘世界历险记3,0.2%,49.77,24,0.2%,25.9%
14779,新大头儿子和小头爸爸2一日成才,0.1%,34.84,34,0.1%,30.3%
14780,封神传奇,<0.1%,11.83,7,0.2%,10.0%
14781,龙拳小子,<0.1%,11.72,43,<0.1%,55.9%
14782,老阿姨,<0.1%,11.48,107,<0.1%,100%
14783,泰山归来：险战丛林,<0.1%,9.65,16,<0.1%,17.1%
14784,古曼,<0.1%,8.45,5,0.3%,7.8%
14785,谎言西西里,<0.1%,5.96,4,0.2%,5.7%
14786,寒战2,<0.1%,5.05,16,<0.1%,18.5%
14787,我最好朋友的婚礼,<0.1%,4.62,5,0.1%,7.3%
14788,大鱼海棠,<0.1%,3.58,13,<0.1%,16.9%
14789,陆垚知马俐,<0.1%,3.55,29,<0.1%,72.5%
14790,少年师爷之大禹宝藏,<0.1%,3.41,47,<0.1%,41.9%
14791,快手枪手快枪手,<0.1%,1.98,114,<0.1%,--
14792,超级保镖,<0.1%,1.62,63,<0.1%,100%
14793,宝贝当家,<0.1%,1.39,14,<0.1%,33.9%
14794,在世界中心呼唤爱,<0.1%,1.39,68,<0.1%,45.7%
14795,使徒行者,35.5%,3677.06,25,24.1%,17.5%
14796,微微一笑很倾城,19.8%,2047.84,15,20.5%,11.8%
14797,盗墓笔记,15.4%,1593.81,15,14.5%,10.4%
14798,危城,12.5%,1293.81,13,14.6%,10.0%
14799,爱宠大机密,7.4%,766.41,16,7.1%,14.2%
14800,我们诞生在中国,3.1%,329.80,14,3.4%,12.8%
14801,那件疯狂的小事叫爱情,1.8%,192.24,6,5.9%,5.7%
14802,海洋之歌,1.2%,132.64,9,2.7%,8.9%
14803,诺亚方舟漂流记,1.1%,116.62,8,2.6%,8.1%
14804,绝地逃亡,0.7%,75.86,11,1.1%,12.4%
14805,夏有乔木 雅望天堂,0.4%,42.14,6,0.9%,8.4%
14806,神秘世界历险记3,0.1%,17.20,9,0.2%,9.7%
14807,古曼,<0.1%,8.17,5,0.4%,6.8%
14808,封神传奇,<0.1%,7.54,4,0.2%,6.1%
14809,泰山归来：险战丛林,<0.1%,6.36,8,0.1%,9.2%
14810,老阿姨,<0.1%,6.05,62,<0.1%,65.7%
14811,龙拳小子,<0.1%,4.32,27,<0.1%,26.6%
14812,谎言西西里,<0.1%,3.44,2,0.2%,2.7%
14813,我最好朋友的婚礼,<0.1%,2.93,3,0.1%,4.5%
14814,在世界中心呼唤爱,<0.1%,2.56,120,<0.1%,66.8%
14815,寒战2,<0.1%,2.54,7,<0.1%,8.4%
14816,大鱼海棠,<0.1%,2.12,8,<0.1%,9.8%
14817,幸运是我,<0.1%,1.65,166,<0.1%,100.0%
14818,使徒行者,35.1%,3333.12,22,24.8%,15.3%
14819,微微一笑很倾城,18.2%,1735.42,13,20.2%,10.5%
14820,盗墓笔记,15.8%,1507.35,14,14.6%,9.8%
14821,危城,12.4%,1180.42,12,14.1%,9.6%
14822,爱宠大机密,8.0%,764.00,16,7.5%,13.6%
14823,我们诞生在中国,3.8%,366.34,14,4.0%,12.2%
14824,那件疯狂的小事叫爱情,1.7%,166.66,6,4.9%,6.2%
14825,海洋之歌,1.2%,120.09,8,2.6%,8.2%
14826,诺亚方舟漂流记,1.0%,102.40,7,2.5%,7.4%
14827,绝地逃亡,0.8%,77.17,10,1.1%,11.7%
14828,夏有乔木 雅望天堂,0.3%,34.80,5,0.9%,7.3%
14829,龙拳小子,0.2%,27.78,75,<0.1%,100%
14830,神秘世界历险记3,0.1%,16.99,9,0.3%,9.7%
14831,古曼,0.1%,9.83,6,0.4%,7.9%
14832,老阿姨,0.1%,9.76,72,<0.1%,62.3%
14833,封神传奇,<0.1%,8.65,5,0.2%,6.6%
14834,泰山归来：险战丛林,<0.1%,6.02,7,0.1%,7.8%
14835,寒战2,<0.1%,3.15,8,<0.1%,9.9%
14836,我最好朋友的婚礼,<0.1%,3.07,3,0.1%,4.5%
14837,新大头儿子和小头爸爸2一日成才,<0.1%,3.02,153,<0.1%,100%
14838,大鱼海棠,<0.1%,2.43,8,<0.1%,9.3%
14839,谎言西西里,<0.1%,2.13,2,0.2%,1.9%
14840,使徒行者,34.6%,2932.08,19,25.1%,13.2%
14841,微微一笑很倾城,17.0%,1445.83,11,19.4%,9.1%
14842,盗墓笔记,15.4%,1311.69,12,14.6%,8.6%
14843,危城,12.6%,1071.18,12,13.5%,9.1%
14844,爱宠大机密,8.0%,681.07,14,7.7%,11.9%
14845,我们诞生在中国,3.8%,322.87,12,4.1%,10.6%
14846,那件疯狂的小事叫爱情,1.5%,133.54,5,4.2%,5.7%
14847,海洋之歌,1.2%,105.21,7,2.6%,7.4%
14848,诺亚方舟漂流记,1.0%,88.92,7,2.3%,6.8%
14849,七月半2：前世今生,1.0%,85.60,9,1.8%,9.4%
14850,绝地逃亡,0.7%,67.38,9,1.1%,9.9%
14851,老阿姨,0.3%,31.54,101,<0.1%,100%
14852,夏有乔木 雅望天堂,0.3%,28.68,5,0.8%,6.7%
14853,神秘世界历险记3,0.1%,15.48,8,0.3%,8.2%
14854,封神传奇,<0.1%,5.72,3,0.2%,4.5%
14855,泰山归来：险战丛林,<0.1%,5.47,6,0.1%,7.4%
14856,我最好朋友的婚礼,<0.1%,4.61,4,0.1%,6.9%
14857,古曼,<0.1%,4.24,4,0.2%,6.3%
14858,龙拳小子,<0.1%,2.85,20,<0.1%,22.7%
14859,谎言西西里,<0.1%,2.48,2,0.2%,2.2%
14860,在世界中心呼唤爱,<0.1%,2.40,155,<0.1%,74.0%
14861,寒战2,<0.1%,2.26,7,<0.1%,8.0%
14862,大鱼海棠,<0.1%,2.10,6,<0.1%,7.9%
14863,毛丰美,<0.1%,1.05,117,<0.1%,100%
14864,使徒行者,34.4%,2881.77,19,25.3%,12.9%
14865,微微一笑很倾城,16.9%,1419.51,11,19.2%,9.1%
14866,盗墓笔记,15.7%,1315.57,12,14.7%,8.6%
14867,危城,12.6%,1058.51,12,13.4%,9.1%
14868,爱宠大机密,8.0%,673.84,13,7.9%,11.5%
14869,我们诞生在中国,3.7%,316.06,12,4.1%,10.3%
14870,那件疯狂的小事叫爱情,1.4%,124.00,5,4.0%,5.6%
14871,海洋之歌,1.1%,98.94,7,2.6%,7.0%
14872,诺亚方舟漂流记,0.9%,75.85,6,2.3%,5.7%
14873,绝地逃亡,0.8%,72.71,9,1.2%,10.4%
14874,七月半2：前世今生,0.7%,65.96,8,1.6%,8.0%
14875,老阿姨,0.4%,38.26,101,<0.1%,100%
14876,夏有乔木 雅望天堂,0.3%,28.15,5,0.8%,6.6%
14877,神秘世界历险记3,0.1%,14.07,7,0.3%,7.2%
14878,封神传奇,<0.1%,6.47,4,0.2%,5.1%
14879,火海凌云,<0.1%,6.18,8,0.1%,4.0%
14880,他是龙,<0.1%,6.14,9,0.1%,6.6%
14881,泰山归来：险战丛林,<0.1%,4.90,7,<0.1%,8.7%
14882,我最好朋友的婚礼,<0.1%,3.94,4,0.1%,6.9%
14883,古曼,<0.1%,3.74,4,0.2%,6.0%
14884,龙拳小子,<0.1%,3.59,24,<0.1%,39.1%
14885,大鱼海棠,<0.1%,2.46,7,<0.1%,9.6%
14886,寒战2,<0.1%,2.34,7,<0.1%,8.8%
14887,谎言西西里,<0.1%,1.62,2,0.2%,2.0%
14888,毛丰美,<0.1%,1.08,20,<0.1%,41.0%
14889,使徒行者,24.3%,2892.41,25,17.4%,16.9%
14890,新大头儿子和小头爸爸2一日成才,14.5%,1721.74,27,10.4%,25.6%
14891,他是龙,12.6%,1494.97,15,14.7%,11.0%
14892,微微一笑很倾城,10.4%,1241.88,18,9.9%,15.9%
14893,盗墓笔记,9.2%,1092.89,17,8.4%,13.0%
14894,火海凌云,6.9%,823.21,11,11.2%,7.4%
14895,精灵王座,5.2%,618.57,15,6.0%,13.5%
14896,危城,4.6%,552.53,16,4.8%,13.2%
14897,爱宠大机密,3.6%,432.04,18,3.3%,15.5%
14898,我们诞生在中国,2.2%,264.39,22,1.6%,18.8%
14899,终极硬汉,2.2%,262.19,9,5.5%,9.0%
14900,七月半2：前世今生,1.1%,134.69,10,2.4%,11.1%
14901,老阿姨,0.3%,45.87,115,<0.1%,93.6%
14902,海洋之歌,0.2%,33.73,11,0.4%,11.8%
14903,绝地逃亡,0.2%,30.68,12,0.3%,14.0%
14904,那件疯狂的小事叫爱情,0.2%,29.71,6,0.7%,7.4%
14905,诺亚方舟漂流记,0.1%,13.86,7,0.3%,7.3%
14906,夏有乔木 雅望天堂,<0.1%,11.03,6,0.2%,10.7%
14907,吉祥宝宝之我是食神,<0.1%,9.79,4,0.4%,3.8%
14908,神秘世界历险记3,<0.1%,3.63,7,<0.1%,7.3%
14909,毛丰美,<0.1%,2.73,61,<0.1%,100%
14910,龙拳小子,<0.1%,2.70,33,<0.1%,55.8%
14911,封神传奇,<0.1%,2.15,3,<0.1%,5.0%
14912,寒战2,<0.1%,2.02,11,<0.1%,12.5%
14913,我最好朋友的婚礼,<0.1%,1.44,7,<0.1%,19.5%
14914,大鱼海棠,<0.1%,1.17,7,<0.1%,10.1%
14915,大火种,<0.1%,1.07,78,<0.1%,--
14916,李三娘,<0.1%,1.04,26,<0.1%,--
14917,使徒行者,28.0%,4339.32,35,18.3%,22.9%
14918,新大头儿子和小头爸爸2一日成才,13.1%,2025.37,23,13.6%,20.4%
14919,他是龙,10.5%,1634.22,17,13.3%,12.9%
14920,盗墓笔记,10.2%,1589.24,22,9.0%,16.7%
14921,微微一笑很倾城,10.2%,1580.13,21,10.1%,19.2%
14922,火海凌云,5.7%,893.55,13,9.1%,9.2%
14923,爱宠大机密,5.4%,842.31,29,3.8%,24.4%
14924,危城,5.0%,781.30,22,4.4%,19.4%
14925,我们诞生在中国,3.7%,576.05,37,2.0%,31.4%
14926,精灵王座,3.7%,574.01,13,6.2%,11.6%
14927,七月半2：前世今生,0.7%,115.47,9,2.3%,10.3%
14928,终极硬汉,0.7%,113.00,5,4.0%,4.9%
14929,海洋之歌,0.4%,65.00,18,0.5%,19.9%
14930,那件疯狂的小事叫爱情,0.3%,52.96,11,0.6%,13.9%
14931,绝地逃亡,0.3%,49.35,16,0.4%,18.5%
14932,诺亚方舟漂流记,0.1%,25.88,11,0.3%,13.4%
14933,老阿姨,0.1%,19.12,99,<0.1%,100%
14934,夏有乔木 雅望天堂,<0.1%,13.84,8,0.2%,13.4%
14935,幸运是我,<0.1%,13.29,109,<0.1%,100%
14936,神秘世界历险记3,<0.1%,7.37,11,0.1%,11.0%
14937,吉祥宝宝之我是食神,<0.1%,7.12,7,0.2%,6.9%
14938,少年师爷之大禹宝藏,<0.1%,5.41,93,<0.1%,92.1%
14939,封神传奇,<0.1%,3.25,5,<0.1%,7.4%
14940,龙拳小子,<0.1%,2.84,26,<0.1%,48.5%
14941,寒战2,<0.1%,2.76,15,<0.1%,16.9%
14942,大鱼海棠,<0.1%,2.54,13,<0.1%,16.2%
14943,李三娘,<0.1%,1.22,28,<0.1%,--
14944,古曼,<0.1%,1.08,4,<0.1%,9.1%
14945,绝战,<0.1%,1.04,208,<0.1%,72.2%
14946,在世界中心呼唤爱,<0.1%,1.03,75,<0.1%,46.1%
14947,使徒行者,28.4%,4049.47,31,19.1%,20.7%
14948,新大头儿子和小头爸爸2一日成才,11.6%,1657.11,19,13.4%,16.9%
14949,盗墓笔记,11.4%,1634.07,21,9.5%,16.3%
14950,微微一笑很倾城,10.0%,1424.61,18,10.5%,16.8%
14951,他是龙,9.8%,1406.31,16,12.6%,11.9%
14952,爱宠大机密,6.0%,857.75,28,4.2%,23.1%
14953,火海凌云,5.6%,804.68,13,8.3%,9.1%
14954,危城,5.4%,776.62,22,4.6%,18.7%
14955,精灵王座,3.8%,550.25,13,5.9%,11.8%
14956,我们诞生在中国,3.8%,546.31,31,2.3%,26.2%
14957,七月半2：前世今生,0.6%,94.13,8,2.2%,8.6%
14958,海洋之歌,0.4%,62.77,17,0.5%,17.7%
14959,终极硬汉,0.3%,56.02,3,3.2%,2.9%
14960,绝地逃亡,0.3%,53.51,16,0.4%,18.1%
14961,那件疯狂的小事叫爱情,0.2%,42.11,9,0.7%,10.4%
14962,诺亚方舟漂流记,0.1%,25.72,11,0.3%,13.0%
14963,夏有乔木 雅望天堂,0.1%,16.07,8,0.2%,14.2%
14964,老阿姨,0.1%,14.24,86,<0.1%,100%
14965,神秘世界历险记3,<0.1%,9.40,14,0.1%,14.3%
14966,吉祥宝宝之我是食神,<0.1%,7.51,8,0.1%,8.5%
14967,龙拳小子,<0.1%,5.21,47,<0.1%,88.1%
14968,喊·山,<0.1%,4.49,141,<0.1%,--
14969,封神传奇,<0.1%,3.90,6,<0.1%,8.0%
14970,少年师爷之大禹宝藏,<0.1%,3.37,131,<0.1%,92.4%
14971,大鱼海棠,<0.1%,2.91,13,<0.1%,15.5%
14972,寒战2,<0.1%,2.85,12,<0.1%,14.8%
14973,我最好朋友的婚礼,<0.1%,1.69,6,<0.1%,18.6%
14974,古曼,<0.1%,1.01,3,<0.1%,9.6%
14975,使徒行者,25.4%,1974.59,16,19.6%,10.5%
14976,盗墓笔记,11.8%,919.34,12,10.1%,9.2%
14977,微微一笑很倾城,11.4%,886.56,12,10.9%,10.4%
14978,他是龙,10.3%,800.31,10,12.3%,7.4%
14979,新大头儿子和小头爸爸2一日成才,8.6%,668.23,10,11.6%,8.4%
14980,危城,5.3%,418.11,12,4.9%,9.9%
14981,谍影重重5,5.2%,404.26,35,1.4%,17.3%
14982,爱宠大机密,5.0%,393.62,14,4.2%,11.5%
14983,火海凌云,4.6%,359.97,7,7.8%,4.6%
14984,精灵王座,3.6%,285.28,8,5.3%,7.2%
14985,我们诞生在中国,2.9%,227.15,14,2.3%,11.8%
14986,冰川时代5：星际碰撞,1.1%,87.16,13,1.0%,8.0%
14987,七月半2：前世今生,0.8%,68.89,6,2.1%,6.9%
14988,绝地逃亡,0.3%,25.31,11,0.3%,11.8%
14989,终极硬汉,0.3%,24.08,2,2.5%,1.6%
14990,海洋之歌,0.3%,23.86,7,0.5%,7.8%
14991,那件疯狂的小事叫爱情,0.2%,17.77,4,0.6%,4.9%
14992,夏有乔木 雅望天堂,0.1%,10.73,6,0.2%,9.3%
14993,老阿姨,0.1%,9.38,118,<0.1%,94.2%
14994,诺亚方舟漂流记,0.1%,8.85,5,0.3%,5.7%
14995,大火种,0.1%,8.07,116,<0.1%,78.6%
14996,在世界中心呼唤爱,<0.1%,5.68,106,<0.1%,100%
14997,神秘世界历险记3,<0.1%,3.44,6,<0.1%,5.9%
14998,封神传奇,<0.1%,2.35,4,<0.1%,5.3%
14999,毛丰美,<0.1%,1.89,105,<0.1%,100%
15000,龙拳小子,<0.1%,1.73,18,<0.1%,34.3%
15001,大鱼海棠,<0.1%,1.72,8,<0.1%,9.4%
15002,寒战2,<0.1%,1.43,7,<0.1%,7.4%
15003,吉祥宝宝之我是食神,<0.1%,1.24,2,0.1%,2.1%
15004,喊·山,<0.1%,1.10,100,<0.1%,--
15005,谍影重重5,47.6%,7461.73,29,36.0%,19.4%
15006,冰川时代5：星际碰撞,35.3%,5527.47,26,31.9%,20.1%
15007,使徒行者,6.3%,986.08,17,9.5%,17.6%
15008,微微一笑很倾城,2.3%,362.50,13,4.0%,16.2%
15009,盗墓笔记,2.0%,324.05,13,3.6%,14.9%
15010,新大头儿子和小头爸爸2一日成才,1.7%,279.29,12,4.0%,12.4%
15011,他是龙,0.9%,148.91,9,2.7%,9.1%
15012,我们诞生在中国,0.6%,105.12,17,0.9%,16.8%
15013,爱宠大机密,0.5%,81.11,14,0.9%,13.8%
15014,危城,0.4%,64.11,9,1.0%,10.1%
15015,精灵王座,0.2%,42.65,9,0.7%,10.3%
15016,七月半2：前世今生,0.2%,36.25,7,1.0%,8.9%
15017,火海凌云,0.1%,30.11,4,1.2%,3.8%
15018,老阿姨,0.1%,18.35,111,<0.1%,78.4%
15019,大火种,<0.1%,9.75,113,<0.1%,87.4%
15020,绝地逃亡,<0.1%,7.38,9,0.1%,12.0%
15021,夏有乔木 雅望天堂,<0.1%,6.76,7,0.1%,16.8%
15022,海洋之歌,<0.1%,6.50,6,0.1%,9.0%
15023,那件疯狂的小事叫爱情,<0.1%,3.16,3,0.2%,3.5%
15024,毛丰美,<0.1%,2.19,92,<0.1%,100%
15025,终极硬汉,<0.1%,2.05,1,0.3%,1.3%
15026,诺亚方舟漂流记,<0.1%,1.73,3,<0.1%,5.5%
15027,诡新娘,<0.1%,1.72,345,<0.1%,100.0%
15028,Hi，高考君,<0.1%,1.45,11,<0.1%,100%
15029,封神传奇,<0.1%,1.40,4,<0.1%,5.6%
15030,神秘世界历险记3,<0.1%,1.35,6,<0.1%,6.6%
15031,回到原点,<0.1%,1.29,129,<0.1%,100.0%
15032,幸运是我,<0.1%,1.06,71,<0.1%,100%
15033,谍影重重5,42.9%,5009.50,20,35.5%,13.1%
15034,冰川时代5：星际碰撞,34.7%,4052.58,19,32.3%,14.4%
15035,使徒行者,8.0%,942.25,16,9.5%,16.7%
15036,微微一笑很倾城,3.1%,369.74,13,4.2%,15.3%
15037,盗墓笔记,2.7%,322.72,12,3.9%,13.9%
15038,新大头儿子和小头爸爸2一日成才,2.2%,256.55,11,4.1%,10.9%
15039,他是龙,1.0%,124.48,8,2.4%,8.4%
15040,我们诞生在中国,0.9%,106.45,16,1.0%,15.4%
15041,爱宠大机密,0.6%,79.12,13,1.0%,12.5%
15042,危城,0.4%,57.92,9,0.9%,9.9%
15043,精灵王座,0.3%,40.95,9,0.7%,9.9%
15044,七月半2：前世今生,0.2%,34.34,6,1.1%,8.1%
15045,火海凌云,0.2%,27.78,4,1.0%,4.3%
15046,老阿姨,0.1%,20.11,118,<0.1%,74.2%
15047,大火种,0.1%,15.56,123,<0.1%,100%
15048,夏有乔木 雅望天堂,<0.1%,9.32,15,0.1%,35.3%
15049,海洋之歌,<0.1%,7.82,7,0.1%,9.7%
15050,绝地逃亡,<0.1%,7.43,9,0.1%,11.6%
15051,毛丰美,<0.1%,4.50,76,<0.1%,100%
15052,那件疯狂的小事叫爱情,<0.1%,3.59,3,0.2%,3.8%
15053,终极硬汉,<0.1%,1.82,1,0.3%,1.3%
15054,宝贝当家,<0.1%,1.69,25,<0.1%,100%
15055,爱在星空下,<0.1%,1.63,58,<0.1%,31.6%
15056,Hi，高考君,<0.1%,1.58,10,<0.1%,100%
15057,幸运是我,<0.1%,1.37,157,<0.1%,100%
15058,龙拳小子,<0.1%,1.33,32,<0.1%,69.1%
15059,狼兵吼,<0.1%,1.32,29,<0.1%,38.3%
15060,李三娘,<0.1%,1.06,25,<0.1%,--
15061,封神传奇,<0.1%,1.05,4,<0.1%,5.2%
15062,诺亚方舟漂流记,<0.1%,1.01,2,<0.1%,3.7%
15063,谍影重重5,40.0%,3927.06,16,34.8%,10.6%
15064,冰川时代5：星际碰撞,34.4%,3378.66,16,32.0%,12.0%
15065,使徒行者,9.1%,897.61,15,9.7%,15.6%
15066,微微一笑很倾城,3.8%,374.15,12,4.5%,14.4%
15067,盗墓笔记,3.4%,333.71,12,4.1%,13.3%
15068,新大头儿子和小头爸爸2一日成才,2.4%,236.05,10,4.2%,9.9%
15069,他是龙,1.1%,109.97,8,2.3%,8.1%
15070,我们诞生在中国,1.0%,102.18,14,1.0%,14.3%
15071,爱宠大机密,0.8%,79.07,12,1.0%,11.6%
15072,危城,0.5%,52.73,8,0.9%,9.3%
15073,精灵王座,0.3%,36.14,8,0.7%,8.7%
15074,七月半2：前世今生,0.3%,30.12,6,1.1%,7.0%
15075,火海凌云,0.2%,27.22,5,0.9%,4.6%
15076,老阿姨,0.2%,23.82,111,<0.1%,98.4%
15077,大火种,0.2%,20.80,115,<0.1%,96.9%
15078,绝地逃亡,<0.1%,8.58,8,0.1%,10.1%
15079,夏有乔木 雅望天堂,<0.1%,8.50,9,0.1%,20.2%
15080,毛丰美,<0.1%,6.86,74,<0.1%,100%
15081,海洋之歌,<0.1%,5.77,6,0.1%,7.9%
15082,那件疯狂的小事叫爱情,<0.1%,3.79,3,0.1%,3.7%
15083,寒战2,<0.1%,3.32,30,<0.1%,40.7%
15084,惊天绑架团,<0.1%,3.29,9,<0.1%,6.3%
15085,勿忘初心,<0.1%,2.54,2,0.1%,2.5%
15086,终极硬汉,<0.1%,2.52,2,0.2%,2.5%
15087,宝贝当家,<0.1%,1.96,45,<0.1%,--
15088,龙拳小子,<0.1%,1.84,33,<0.1%,66.6%
15089,Hi，高考君,<0.1%,1.63,9,<0.1%,86.1%
15090,狼兵吼,<0.1%,1.37,19,<0.1%,44.8%
15091,诺亚方舟漂流记,<0.1%,1.25,3,<0.1%,4.1%
15092,谍影重重5,39.4%,4448.97,20,29.5%,13.1%
15093,冰川时代5：星际碰撞,34.2%,3861.96,20,27.4%,14.7%
15094,使徒行者,6.4%,731.93,20,5.8%,19.9%
15095,惊天绑架团,4.1%,463.88,8,10.7%,7.5%
15096,在世界中心呼唤爱,3.2%,362.74,12,4.8%,12.0%
15097,盗墓笔记,2.8%,316.34,16,2.8%,16.9%
15098,微微一笑很倾城,1.8%,208.46,15,1.9%,18.9%
15099,新大头儿子和小头爸爸2一日成才,1.4%,162.78,12,2.3%,11.8%
15100,花样厨神,0.9%,103.59,6,3.9%,5.4%
15101,诡新娘,0.8%,91.51,12,1.6%,13.2%
15102,我们诞生在中国,0.7%,88.52,20,0.6%,19.7%
15103,爱宠大机密,0.4%,53.03,14,0.5%,13.7%
15104,他是龙,0.3%,38.49,9,0.6%,9.9%
15105,白雪公主和三只小猪,0.3%,37.55,4,1.6%,4.1%
15106,老阿姨,0.2%,31.08,117,<0.1%,94.8%
15107,精灵王座,0.2%,24.97,13,0.3%,15.7%
15108,危城,0.1%,21.26,8,0.3%,11.0%
15109,爱在星空下,0.1%,16.92,3,1.0%,2.6%
15110,大火种,0.1%,15.69,119,<0.1%,100%
15111,喊·山,0.1%,15.12,3,0.9%,2.3%
15112,火海凌云,0.1%,12.34,6,0.3%,5.9%
15113,幸运是我,<0.1%,11.10,2,0.9%,2.1%
15114,七月半2：前世今生,<0.1%,6.05,5,0.2%,7.0%
15115,绝地逃亡,<0.1%,5.64,9,0.1%,11.8%
15116,夏有乔木 雅望天堂,<0.1%,4.56,8,<0.1%,20.6%
15117,毛丰美,<0.1%,4.29,103,<0.1%,100%
15118,海洋之歌,<0.1%,3.03,7,<0.1%,10.2%
15119,寒战2,<0.1%,2.97,50,<0.1%,77.3%
15120,爸爸的木房子,<0.1%,1.98,5,<0.1%,5.1%
15121,Hi，高考君,<0.1%,1.95,11,<0.1%,100%
15122,勿忘初心,<0.1%,1.46,4,<0.1%,7.5%
15123,龙拳小子,<0.1%,1.14,25,<0.1%,53.7%
15124,谍影重重5,38.8%,6380.36,29,29.4%,18.6%
15125,冰川时代5：星际碰撞,37.9%,6223.40,30,28.4%,21.9%
15126,使徒行者,7.2%,1191.90,26,6.9%,25.9%
15127,盗墓笔记,3.0%,506.27,20,3.4%,22.0%
15128,新大头儿子和小头爸爸2一日成才,2.3%,382.46,18,3.2%,18.8%
15129,微微一笑很倾城,2.1%,349.09,20,2.4%,24.2%
15130,惊天绑架团,1.6%,275.74,6,8.7%,5.2%
15131,在世界中心呼唤爱,1.6%,262.78,8,4.9%,8.2%
15132,我们诞生在中国,1.2%,208.06,34,0.8%,33.5%
15133,爱宠大机密,0.7%,125.91,21,0.8%,21.5%
15134,诡新娘,0.4%,73.14,9,1.6%,10.2%
15135,他是龙,0.3%,51.27,11,0.6%,12.8%
15136,白雪公主和三只小猪,0.2%,45.92,5,1.6%,5.3%
15137,花样厨神,0.2%,44.91,4,2.5%,3.2%
15138,危城,0.2%,37.58,12,0.3%,16.4%
15139,精灵王座,0.1%,32.12,12,0.4%,13.4%
15140,火海凌云,0.1%,17.22,8,0.3%,8.7%
15141,喊·山,<0.1%,15.28,4,0.6%,3.8%
15142,幸运是我,<0.1%,13.87,4,0.5%,3.9%
15143,绝地逃亡,<0.1%,9.64,12,0.1%,15.0%
15144,老阿姨,<0.1%,7.78,77,<0.1%,79.3%
15145,海洋之歌,<0.1%,7.74,12,<0.1%,18.7%
15146,爱在星空下,<0.1%,7.03,2,0.5%,2.1%
15147,龙拳小子,<0.1%,7.01,58,<0.1%,100%
15148,夏有乔木 雅望天堂,<0.1%,6.56,9,<0.1%,18.0%
15149,七月半2：前世今生,<0.1%,6.54,5,0.2%,7.4%
15150,爸爸的木房子,<0.1%,3.43,12,<0.1%,17.3%
15151,Hi，高考君,<0.1%,3.14,17,<0.1%,100%
15152,李三娘,<0.1%,1.12,26,<0.1%,--
15153,诺亚方舟漂流记,<0.1%,1.02,4,<0.1%,5.9%
15154,冰川时代5：星际碰撞,37.3%,5373.63,26,28.7%,19.0%
15155,谍影重重5,35.9%,5163.11,24,29.1%,15.5%
15156,使徒行者,8.2%,1178.75,23,7.8%,23.1%
15157,盗墓笔记,3.7%,532.81,19,3.9%,20.2%
15158,新大头儿子和小头爸爸2一日成才,2.9%,429.65,18,3.8%,18.4%
15159,微微一笑很倾城,2.6%,378.39,18,2.8%,21.7%
15160,我们诞生在中国,1.8%,270.51,39,0.9%,38.8%
15161,惊天绑架团,1.4%,214.91,5,7.3%,4.9%
15162,在世界中心呼唤爱,1.3%,186.93,7,4.4%,6.6%
15163,爱宠大机密,0.9%,142.42,21,0.9%,20.9%
15164,诡新娘,0.4%,57.52,7,1.6%,8.1%
15165,他是龙,0.3%,51.31,10,0.7%,12.1%
15166,白雪公主和三只小猪,0.2%,40.61,5,1.4%,5.3%
15167,危城,0.2%,40.17,12,0.4%,15.5%
15168,花样厨神,0.2%,38.33,4,2.0%,3.3%
15169,精灵王座,0.2%,37.39,12,0.4%,14.8%
15170,火海凌云,0.1%,19.12,9,0.3%,9.5%
15171,幸运是我,0.1%,14.47,5,0.5%,4.7%
15172,喊·山,<0.1%,13.99,5,0.5%,4.2%
15173,绝地逃亡,<0.1%,11.36,12,0.1%,16.0%
15174,龙拳小子,<0.1%,8.36,53,<0.1%,100%
15175,夏有乔木 雅望天堂,<0.1%,8.34,18,<0.1%,43.3%
15176,海洋之歌,<0.1%,8.00,12,0.1%,16.8%
15177,老阿姨,<0.1%,7.55,78,<0.1%,100%
15178,七月半2：前世今生,<0.1%,5.85,5,0.2%,6.4%
15179,爱在星空下,<0.1%,5.67,2,0.4%,2.1%
15180,我的诗篇,<0.1%,2.83,75,<0.1%,100%
15181,Hi，高考君,<0.1%,2.42,14,<0.1%,100%
15182,爸爸的木房子,<0.1%,1.95,10,<0.1%,12.2%
15183,诺亚方舟漂流记,<0.1%,1.30,4,<0.1%,6.1%
15184,我们的十年,<0.1%,1.27,98,<0.1%,--
15185,神秘世界历险记3,<0.1%,1.21,11,<0.1%,10.8%
15186,封神传奇,<0.1%,1.19,9,<0.1%,12.4%
15187,那件疯狂的小事叫爱情,<0.1%,1.14,5,<0.1%,6.5%
15188,冰川时代5：星际碰撞,33.6%,2278.75,12,28.5%,8.7%
15189,谍影重重5,32.7%,2215.62,12,29.1%,7.2%
15190,使徒行者,10.0%,683.79,13,8.7%,12.8%
15191,盗墓笔记,5.0%,345.26,12,4.4%,12.2%
15192,微微一笑很倾城,4.0%,275.47,12,3.4%,13.6%
15193,新大头儿子和小头爸爸2一日成才,2.5%,171.31,9,3.4%,8.5%
15194,我们诞生在中国,2.1%,143.88,21,1.0%,21.0%
15195,惊天绑架团,1.8%,122.15,4,6.6%,3.2%
15196,在世界中心呼唤爱,1.4%,97.35,4,4.1%,3.9%
15197,爱宠大机密,0.9%,62.17,11,0.9%,10.4%
15198,诡新娘,0.6%,44.53,6,1.7%,6.4%
15199,他是龙,0.5%,34.19,7,0.7%,8.0%
15200,危城,0.4%,27.15,7,0.5%,9.3%
15201,老阿姨,0.3%,26.37,111,<0.1%,88.6%
15202,精灵王座,0.3%,21.27,8,0.4%,8.4%
15203,花样厨神,0.2%,18.47,2,1.7%,2.0%
15204,白雪公主和三只小猪,0.2%,14.69,3,1.1%,2.5%
15205,龙拳小子,0.1%,13.51,85,<0.1%,100%
15206,火海凌云,0.1%,9.77,4,0.3%,4.3%
15207,绝地逃亡,0.1%,8.47,8,0.1%,10.0%
15208,喊·山,0.1%,8.33,3,0.4%,2.6%
15209,幸运是我,0.1%,7.23,3,0.4%,2.6%
15210,夏有乔木 雅望天堂,<0.1%,5.21,10,<0.1%,22.6%
15211,七月半2：前世今生,<0.1%,4.78,4,0.2%,5.5%
15212,毛丰美,<0.1%,3.66,68,<0.1%,96.4%
15213,海洋之歌,<0.1%,3.03,5,<0.1%,7.1%
15214,爱在星空下,<0.1%,2.41,2,0.3%,1.4%
15215,Hi，高考君,<0.1%,1.57,9,<0.1%,100%
15216,冰川时代5：星际碰撞,33.4%,2110.33,12,28.4%,8.2%
15217,谍影重重5,31.4%,1982.99,11,28.8%,6.6%
15218,使徒行者,10.6%,670.44,12,9.3%,11.6%
15219,盗墓笔记,5.4%,345.09,11,4.8%,11.0%
15220,微微一笑很倾城,4.2%,270.50,11,3.9%,11.6%
15221,新大头儿子和小头爸爸2一日成才,2.6%,163.95,8,3.5%,8.0%
15222,我们诞生在中国,2.2%,141.05,17,1.3%,16.4%
15223,惊天绑架团,1.6%,105.11,4,5.8%,3.2%
15224,在世界中心呼唤爱,1.1%,73.62,4,3.7%,3.4%
15225,爱宠大机密,0.9%,62.26,10,1.0%,9.7%
15226,诡新娘,0.6%,39.14,5,1.7%,5.7%
15227,他是龙,0.5%,33.43,7,0.8%,7.4%
15228,老阿姨,0.5%,31.75,113,<0.1%,100%
15229,危城,0.4%,28.46,7,0.5%,8.9%
15230,精灵王座,0.3%,19.81,7,0.4%,7.2%
15231,花样厨神,0.2%,14.34,2,1.5%,1.9%
15232,白雪公主和三只小猪,0.1%,12.33,3,0.9%,2.5%
15233,火海凌云,0.1%,10.37,5,0.3%,4.7%
15234,绝地逃亡,0.1%,8.17,7,0.1%,9.3%
15235,喊·山,0.1%,7.34,3,0.4%,2.7%
15236,爱在星空下,0.1%,7.28,5,0.2%,5.1%
15237,幸运是我,0.1%,6.98,3,0.4%,2.9%
15238,夏有乔木 雅望天堂,<0.1%,5.50,9,<0.1%,20.8%
15239,毛丰美,<0.1%,5.43,79,<0.1%,100%
15240,七月半2：前世今生,<0.1%,4.51,4,0.2%,5.2%
15241,海洋之歌,<0.1%,3.33,6,0.1%,7.4%
15242,冰川时代5：星际碰撞,31.1%,1641.97,9,28.2%,6.4%
15243,谍影重重5,30.8%,1626.09,9,28.5%,5.5%
15244,使徒行者,11.5%,609.26,11,9.7%,10.1%
15245,盗墓笔记,6.1%,326.56,10,5.1%,9.5%
15246,微微一笑很倾城,4.7%,247.86,9,4.3%,9.4%
15247,新大头儿子和小头爸爸2一日成才,2.6%,141.58,7,3.6%,6.8%
15248,我们诞生在中国,2.2%,120.17,14,1.4%,13.1%
15249,惊天绑架团,1.6%,88.90,3,5.4%,2.9%
15250,在世界中心呼唤爱,1.1%,58.39,3,3.4%,2.8%
15251,爱宠大机密,1.0%,53.14,8,1.0%,7.9%
15252,诡新娘,0.6%,34.91,5,1.7%,5.1%
15253,他是龙,0.5%,28.43,6,0.8%,6.1%
15254,危城,0.5%,27.16,7,0.6%,8.0%
15255,老阿姨,0.3%,19.62,95,<0.1%,78.4%
15256,精灵王座,0.2%,15.27,5,0.4%,5.5%
15257,花样厨神,0.2%,10.82,2,1.3%,1.6%
15258,毛丰美,0.1%,9.27,107,<0.1%,100%
15259,白雪公主和三只小猪,0.1%,9.00,2,0.8%,2.0%
15260,火海凌云,0.1%,8.53,4,0.3%,3.9%
15261,绝地逃亡,0.1%,7.70,6,0.2%,7.8%
15262,爱在星空下,0.1%,7.08,5,0.2%,5.4%
15263,喊·山,0.1%,7.00,3,0.4%,2.9%
15264,幸运是我,0.1%,6.47,3,0.4%,2.7%
15265,夏有乔木 雅望天堂,<0.1%,4.84,8,<0.1%,18.8%
15266,七月半2：前世今生,<0.1%,4.64,3,0.2%,4.9%
15267,海洋之歌,<0.1%,2.78,5,0.1%,6.3%
15268,Hi，高考君,<0.1%,1.44,8,<0.1%,100%
15269,寒战2,<0.1%,1.32,18,<0.1%,18.9%
15270,谍影重重5,32.4%,1279.63,7,28.1%,4.4%
15271,冰川时代5：星际碰撞,22.6%,895.91,5,27.4%,3.5%
15272,使徒行者,13.5%,534.56,9,10.0%,8.5%
15273,盗墓笔记,7.1%,284.12,8,5.4%,7.7%
15274,星际迷航3：超越星辰,6.2%,247.91,23,1.4%,11.1%
15275,微微一笑很倾城,5.0%,199.20,7,4.5%,7.1%
15276,惊天绑架团,1.6%,63.63,3,5.2%,2.1%
15277,我们诞生在中国,1.6%,63.40,7,1.3%,6.6%
15278,在世界中心呼唤爱,1.0%,40.84,2,3.2%,2.1%
15279,诡新娘,0.7%,31.36,4,1.7%,4.6%
15280,新大头儿子和小头爸爸2一日成才,0.7%,30.63,2,3.1%,1.6%
15281,危城,0.6%,26.58,6,0.6%,6.9%
15282,他是龙,0.5%,23.60,5,0.8%,4.8%
15283,爱宠大机密,0.5%,23.00,4,0.9%,3.6%
15284,寄生兽,0.3%,12.52,9,0.2%,6.9%
15285,绝地逃亡,0.1%,7.52,6,0.2%,7.1%
15286,毛丰美,0.1%,7.05,91,<0.1%,100%
15287,火海凌云,0.1%,7.01,3,0.3%,3.3%
15288,花样厨神,0.1%,6.62,1,1.2%,1.0%
15289,爱在星空下,0.1%,6.27,4,0.2%,5.2%
15290,精灵王座,0.1%,5.87,2,0.4%,2.2%
15291,幸运是我,0.1%,5.40,3,0.3%,2.6%
15292,喊·山,0.1%,5.36,3,0.4%,2.2%
15293,夏有乔木 雅望天堂,0.1%,5.16,8,<0.1%,15.6%
15294,七月半2：前世今生,<0.1%,3.40,3,0.2%,3.8%
15295,我们的十年,<0.1%,2.59,7,<0.1%,5.8%
15296,李三娘,<0.1%,2.48,24,<0.1%,--
15297,白雪公主和三只小猪,<0.1%,2.08,1,0.7%,0.5%
15298,海洋之歌,<0.1%,1.78,3,0.1%,3.9%
15299,五女拜寿,<0.1%,1.36,66,<0.1%,--
15300,老阿姨,<0.1%,1.30,39,<0.1%,49.4%
15301,Hi，高考君,<0.1%,1.27,8,<0.1%,100%
15302,星际迷航3：超越星辰,64.9%,6229.72,24,37.1%,15.0%
15303,我们的十年,8.3%,797.82,10,13.8%,10.0%
15304,寄生兽,7.2%,693.61,11,12.1%,10.0%
15305,冰川时代5：星际碰撞,6.4%,615.38,10,10.0%,8.3%
15306,谍影重重5,6.1%,593.36,11,8.1%,9.6%
15307,使徒行者,1.6%,158.43,13,2.0%,13.4%
15308,铁拳,1.5%,149.82,3,9.3%,2.6%
15309,盗墓笔记,1.3%,130.67,16,1.2%,17.4%
15310,夜半哭声,0.4%,44.98,8,1.1%,9.5%
15311,我们诞生在中国,0.4%,44.71,15,0.4%,14.6%
15312,微微一笑很倾城,0.4%,39.30,8,0.7%,10.0%
15313,新大头儿子和小头爸爸2一日成才,0.1%,11.88,4,0.5%,3.7%
15314,毛丰美,<0.1%,8.57,87,<0.1%,100%
15315,爱在星空下,<0.1%,6.11,22,<0.1%,37.6%
15316,小魔仙之黑魔法来袭,<0.1%,4.69,2,0.8%,1.1%
15317,爱宠大机密,<0.1%,3.72,6,<0.1%,6.8%
15318,诡新娘,<0.1%,3.53,4,0.2%,5.1%
15319,夏有乔木 雅望天堂,<0.1%,3.40,11,<0.1%,37.8%
15320,危城,<0.1%,3.07,5,<0.1%,6.3%
15321,绝地逃亡,<0.1%,2.55,7,<0.1%,10.3%
15322,老阿姨,<0.1%,2.29,63,<0.1%,100%
15323,他是龙,<0.1%,1.63,4,<0.1%,5.0%
15324,惊天绑架团,<0.1%,1.53,1,0.2%,1.5%
15325,Hi，高考君,<0.1%,1.36,9,<0.1%,100%
15326,火海凌云,<0.1%,1.36,4,<0.1%,4.4%
15327,玩命剧组,<0.1%,1.28,2,0.2%,1.5%
15328,精灵王座,<0.1%,1.01,3,<0.1%,3.0%
15329,星际迷航3：超越星辰,56.8%,8154.10,30,36.6%,18.8%
15330,冰川时代5：星际碰撞,13.5%,1949.02,24,12.1%,21.3%
15331,谍影重重5,7.2%,1042.03,19,8.2%,16.3%
15332,寄生兽,6.7%,970.56,15,11.5%,14.2%
15333,我们的十年,6.4%,927.32,12,13.5%,11.2%
15334,使徒行者,2.3%,341.23,21,2.5%,21.5%
15335,盗墓笔记,1.5%,219.11,22,1.4%,23.6%
15336,铁拳,1.2%,179.01,5,6.4%,4.6%
15337,我们诞生在中国,1.1%,165.92,34,0.7%,30.9%
15338,新大头儿子和小头爸爸2一日成才,0.8%,115.65,15,1.3%,15.8%
15339,微微一笑很倾城,0.6%,86.21,14,0.9%,16.9%
15340,夜半哭声,0.3%,46.10,8,1.1%,9.2%
15341,爱宠大机密,0.1%,24.14,18,0.2%,19.7%
15342,小魔仙之黑魔法来袭,0.1%,23.33,5,1.1%,4.4%
15343,爱在星空下,<0.1%,9.37,33,<0.1%,55.4%
15344,危城,<0.1%,7.14,10,<0.1%,12.8%
15345,精灵王座,<0.1%,6.46,9,0.1%,11.3%
15346,夏有乔木 雅望天堂,<0.1%,4.77,16,<0.1%,40.3%
15347,诡新娘,<0.1%,4.51,5,0.2%,6.7%
15348,白雪公主和三只小猪,<0.1%,3.69,3,0.2%,5.1%
15349,绝地逃亡,<0.1%,3.57,9,<0.1%,13.9%
15350,海洋之歌,<0.1%,3.40,8,<0.1%,13.0%
15351,他是龙,<0.1%,2.83,5,<0.1%,8.1%
15352,Hi，高考君,<0.1%,2.44,13,<0.1%,100%
15353,火海凌云,<0.1%,1.97,5,<0.1%,6.4%
15354,惊天绑架团,<0.1%,1.72,2,0.1%,2.4%
15355,花样厨神,<0.1%,1.69,7,<0.1%,10.6%
15356,玩命剧组,<0.1%,1.69,2,0.1%,2.5%
15357,诺亚方舟漂流记,<0.1%,1.53,5,<0.1%,10.8%
15358,在世界中心呼唤爱,<0.1%,1.33,3,0.1%,2.8%
15359,七月半2：前世今生,<0.1%,1.12,4,<0.1%,7.2%
15360,我的诗篇,<0.1%,1.10,130,<0.1%,96.7%
15361,星际迷航3：超越星辰,52.5%,6016.49,23,36.5%,14.0%
15362,冰川时代5：星际碰撞,15.2%,1742.48,20,13.0%,17.8%
15363,寄生兽,7.3%,839.41,13,11.2%,12.7%
15364,谍影重重5,7.1%,817.17,15,8.4%,12.6%
15365,我们的十年,6.6%,758.56,10,12.7%,9.8%
15366,使徒行者,2.9%,334.04,18,2.9%,17.9%
15367,盗墓笔记,1.8%,210.97,18,1.6%,20.1%
15368,我们诞生在中国,1.4%,167.42,30,0.8%,28.6%
15369,铁拳,1.3%,155.76,5,5.3%,4.8%
15370,新大头儿子和小头爸爸2一日成才,1.3%,148.79,16,1.6%,16.4%
15371,微微一笑很倾城,0.7%,86.09,12,1.0%,14.2%
15372,夜半哭声,0.2%,33.60,6,1.2%,6.5%
15373,爱宠大机密,0.2%,28.44,18,0.2%,19.1%
15374,小魔仙之黑魔法来袭,0.1%,18.48,4,0.9%,4.1%
15375,爱在星空下,<0.1%,7.51,29,<0.1%,43.3%
15376,危城,<0.1%,6.78,8,0.1%,10.3%
15377,精灵王座,<0.1%,6.65,8,0.1%,9.0%
15378,夏有乔木 雅望天堂,<0.1%,4.28,15,<0.1%,44.7%
15379,绝地逃亡,<0.1%,4.16,9,<0.1%,12.1%
15380,白雪公主和三只小猪,<0.1%,3.96,3,0.2%,5.0%
15381,诡新娘,<0.1%,3.74,4,0.2%,5.2%
15382,海洋之歌,<0.1%,3.46,8,<0.1%,13.2%
15383,他是龙,<0.1%,2.95,5,<0.1%,7.7%
15384,Hi，高考君,<0.1%,1.93,11,<0.1%,100%
15385,惊天绑架团,<0.1%,1.80,2,0.1%,2.6%
15386,火海凌云,<0.1%,1.78,5,<0.1%,5.8%
15387,玩命剧组,<0.1%,1.58,2,0.1%,2.3%
15388,我的诗篇,<0.1%,1.28,78,<0.1%,100%
15389,在世界中心呼唤爱,<0.1%,1.18,2,<0.1%,2.8%
15390,疯狂动物城,<0.1%,1.07,15,<0.1%,--
15391,夜魔人,<0.1%,1.01,145,<0.1%,--
15392,星际迷航3：超越星辰,54.1%,2261.64,10,36.7%,5.7%
15393,寄生兽,9.9%,417.42,7,11.6%,6.5%
15394,我们的十年,9.2%,387.78,6,12.8%,5.4%
15395,谍影重重5,7.4%,312.55,6,9.1%,4.9%
15396,冰川时代5：星际碰撞,7.3%,306.25,5,12.0%,3.6%
15397,使徒行者,4.3%,182.48,9,3.7%,8.6%
15398,铁拳,1.8%,76.08,3,4.9%,2.7%
15399,盗墓笔记,1.5%,65.69,7,1.5%,7.1%
15400,微微一笑很倾城,1.0%,45.81,6,1.3%,6.4%
15401,夜半哭声,0.6%,27.86,5,1.3%,5.0%
15402,我们诞生在中国,0.6%,26.60,6,0.8%,5.0%
15403,新大头儿子和小头爸爸2一日成才,0.1%,8.07,2,0.9%,1.7%
15404,毛丰美,0.1%,7.29,91,<0.1%,100%
15405,危城,0.1%,5.47,6,0.1%,6.9%
15406,爱在星空下,0.1%,5.03,21,<0.1%,38.2%
15407,爱宠大机密,0.1%,4.34,4,0.2%,3.5%
15408,绝地逃亡,<0.1%,3.10,5,0.1%,6.0%
15409,他是龙,<0.1%,2.19,3,0.1%,3.9%
15410,诡新娘,<0.1%,2.17,3,0.2%,3.0%
15411,终极硬汉,<0.1%,1.28,8,<0.1%,10.8%
15412,老阿姨,<0.1%,1.28,57,<0.1%,50.0%
15413,玩命剧组,<0.1%,1.19,2,0.1%,1.5%
15414,一句顶一万句,<0.1%,1.00,100,<0.1%,--
15415,星际迷航3：超越星辰,52.1%,1991.93,9,36.2%,5.3%
15416,寄生兽,10.2%,392.48,7,11.8%,6.1%
15417,我们的十年,9.3%,356.62,6,12.2%,5.3%
15418,谍影重重5,8.0%,308.33,6,9.4%,4.8%
15419,冰川时代5：星际碰撞,7.6%,293.48,4,12.0%,3.6%
15420,使徒行者,4.8%,185.96,8,4.2%,7.8%
15421,铁拳,1.6%,63.87,3,4.4%,2.7%
15422,盗墓笔记,1.6%,63.41,6,1.6%,6.2%
15423,微微一笑很倾城,1.1%,44.10,5,1.5%,5.6%
15424,我们诞生在中国,0.7%,27.42,6,0.8%,5.2%
15425,夜半哭声,0.6%,25.01,4,1.4%,4.4%
15426,毛丰美,0.3%,12.36,103,<0.1%,100%
15427,新大头儿子和小头爸爸2一日成才,0.1%,7.43,2,0.8%,1.8%
15428,长江图,0.1%,4.91,205,<0.1%,95.5%
15429,危城,0.1%,4.62,4,0.1%,4.5%
15430,爱在星空下,0.1%,4.21,20,<0.1%,29.9%
15431,爱宠大机密,0.1%,4.06,3,0.2%,3.4%
15432,绝地逃亡,<0.1%,3.22,5,0.1%,6.2%
15433,诡新娘,<0.1%,2.07,3,0.2%,2.7%
15434,他是龙,<0.1%,2.04,3,0.1%,3.2%
15435,喊·山,<0.1%,1.62,7,<0.1%,10.3%
15436,玩命剧组,<0.1%,1.43,2,0.2%,1.7%
15437,星际迷航3：超越星辰,51.9%,1769.77,8,36.0%,4.6%
15438,寄生兽,10.5%,359.71,6,12.0%,5.4%
15439,谍影重重5,8.5%,290.08,5,9.5%,4.4%
15440,我们的十年,8.1%,277.33,5,12.0%,4.2%
15441,冰川时代5：星际碰撞,7.8%,267.57,4,11.8%,3.3%
15442,使徒行者,5.1%,176.20,7,4.6%,6.6%
15443,铁拳,1.7%,58.90,3,4.2%,2.5%
15444,盗墓笔记,1.7%,58.04,6,1.8%,5.2%
15445,微微一笑很倾城,1.1%,39.06,4,1.6%,4.4%
15446,我们诞生在中国,0.7%,26.90,6,0.8%,5.1%
15447,夜半哭声,0.5%,20.39,3,1.4%,3.5%
15448,毛丰美,0.5%,18.00,112,<0.1%,74.6%
15449,爱在星空下,0.1%,5.80,22,<0.1%,33.0%
15450,新大头儿子和小头爸爸2一日成才,0.1%,5.57,2,0.8%,1.5%
15451,危城,0.1%,4.99,4,0.2%,4.3%
15452,爱宠大机密,0.1%,3.59,3,0.2%,2.8%
15453,绝地逃亡,<0.1%,3.35,5,0.1%,5.3%
15454,幸运是我,<0.1%,2.58,17,<0.1%,19.0%
15455,诡新娘,<0.1%,2.19,2,0.2%,2.7%
15456,他是龙,<0.1%,1.68,2,0.1%,2.6%
15457,玩命剧组,<0.1%,1.54,2,0.2%,1.7%
15458,Hi，高考君,<0.1%,1.31,10,<0.1%,100%
15459,七月与安生,<0.1%,1.26,48,<0.1%,24.8%
15460,星际迷航3：超越星辰,50.4%,1539.91,7,35.5%,4.1%
15461,寄生兽,10.3%,315.20,6,11.9%,4.7%
15462,谍影重重5,8.8%,270.11,5,9.6%,4.0%
15463,我们的十年,7.8%,239.15,4,11.7%,3.7%
15464,冰川时代5：星际碰撞,7.6%,233.43,4,11.6%,2.9%
15465,使徒行者,5.3%,161.96,6,4.7%,5.8%
15466,盗墓笔记,1.8%,55.23,5,1.9%,4.8%
15467,铁拳,1.5%,48.72,3,4.0%,2.2%
15468,微微一笑很倾城,1.1%,36.03,4,1.6%,4.2%
15469,我们诞生在中国,0.7%,23.66,5,0.8%,4.5%
15470,夜半哭声,0.6%,19.70,3,1.3%,3.6%
15471,毛丰美,0.6%,19.25,104,<0.1%,83.6%
15472,长江图,0.5%,17.61,13,0.2%,15.2%
15473,鲨滩,0.5%,16.45,18,0.1%,11.1%
15474,丝路英雄·云镝,0.2%,6.93,578,<0.1%,--
15475,爱在星空下,0.1%,5.69,20,<0.1%,31.6%
15476,危城,0.1%,5.48,5,0.2%,5.0%
15477,九条命,0.1%,3.91,9,<0.1%,6.4%
15478,新大头儿子和小头爸爸2一日成才,0.1%,3.85,2,0.7%,1.1%
15479,爱宠大机密,0.1%,3.17,3,0.2%,2.3%
15480,绝地逃亡,0.1%,3.17,4,0.1%,4.9%
15481,诡新娘,<0.1%,1.93,2,0.2%,2.4%
15482,看见我和你,<0.1%,1.91,1,0.5%,0.7%
15483,他是龙,<0.1%,1.56,2,0.1%,2.4%
15484,玩命剧组,<0.1%,1.20,2,0.2%,1.3%
15485,Hi，高考君,<0.1%,1.07,8,<0.1%,100%
15486,奇葩追梦,<0.1%,1.00,128,<0.1%,90.1%
15487,海洋之歌,<0.1%,1.00,4,<0.1%,5.2%
15488,星际迷航3：超越星辰,31.0%,1847.97,12,20.9%,7.0%
15489,鲨滩,25.9%,1540.05,11,20.3%,8.1%
15490,九条命,21.6%,1289.04,12,18.9%,9.2%
15491,冰川时代5：星际碰撞,4.1%,247.61,7,5.7%,5.7%
15492,魔法老师,3.4%,207.38,4,10.1%,3.5%
15493,谍影重重5,3.0%,180.48,8,3.3%,6.7%
15494,寄生兽,2.4%,142.76,8,3.3%,7.2%
15495,使徒行者,1.1%,67.91,8,1.3%,8.0%
15496,长江图,1.1%,67.45,5,2.3%,4.8%
15497,荒村凶间,1.0%,64.82,7,1.7%,8.1%
15498,我们的十年,0.9%,59.40,4,2.3%,4.5%
15499,黑海夺金,0.6%,41.50,2,3.9%,1.6%
15500,我们诞生在中国,0.6%,35.98,17,0.3%,16.7%
15501,盗墓笔记,0.5%,33.36,8,0.6%,7.6%
15502,毛丰美,0.3%,21.02,141,<0.1%,82.9%
15503,微微一笑很倾城,0.2%,17.07,6,0.4%,7.2%
15504,为爱放手,0.2%,13.31,3,0.7%,3.0%
15505,奇葩追梦,0.1%,11.66,4,0.6%,3.4%
15506,铁拳,0.1%,10.80,3,0.5%,3.8%
15507,夜魔人,<0.1%,5.94,2,0.5%,1.9%
15508,爱在星空下,<0.1%,5.92,37,<0.1%,59.3%
15509,新大头儿子和小头爸爸2一日成才,<0.1%,4.92,3,0.3%,3.3%
15510,爱宠大机密,<0.1%,3.91,8,<0.1%,7.9%
15511,我的战争,<0.1%,1.75,64,<0.1%,63.8%
15512,危城,<0.1%,1.72,5,<0.1%,6.0%
15513,七月与安生,<0.1%,1.67,66,<0.1%,39.4%
15514,绝地逃亡,<0.1%,1.51,4,<0.1%,5.1%
15515,老阿姨,<0.1%,1.50,53,<0.1%,84.6%
15516,Hi，高考君,<0.1%,1.16,12,<0.1%,100%
15517,夜半哭声,<0.1%,1.04,2,0.1%,3.0%
15518,一句顶一万句,<0.1%,1.02,114,<0.1%,--
15519,星际迷航3：超越星辰,32.0%,3288.08,20,20.1%,12.2%
15520,九条命,21.8%,2245.77,20,18.0%,15.6%
15521,鲨滩,21.5%,2211.67,15,19.6%,11.2%
15522,冰川时代5：星际碰撞,7.5%,775.77,17,6.3%,15.3%
15523,谍影重重5,2.9%,304.61,14,2.8%,12.9%
15524,魔法老师,2.5%,263.19,6,8.0%,5.4%
15525,麦兜·饭宝奇兵,2.5%,259.29,6,7.6%,4.9%
15526,寄生兽,2.2%,229.38,14,2.6%,13.7%
15527,使徒行者,1.1%,114.88,14,1.1%,14.2%
15528,我们的十年,0.8%,87.67,8,1.7%,8.5%
15529,盗墓笔记,0.7%,74.89,15,0.6%,16.0%
15530,长江图,0.7%,72.19,5,2.5%,4.5%
15531,荒村凶间,0.6%,67.69,8,1.5%,9.1%
15532,黑海夺金,0.5%,57.58,4,2.5%,3.4%
15533,我们诞生在中国,0.5%,54.61,19,0.3%,18.9%
15534,新大头儿子和小头爸爸2一日成才,0.2%,30.41,11,0.5%,12.0%
15535,微微一笑很倾城,0.2%,28.13,10,0.3%,12.4%
15536,为爱放手,0.1%,13.63,5,0.4%,4.9%
15537,铁拳,0.1%,10.76,4,0.3%,4.6%
15538,奇葩追梦,<0.1%,9.49,4,0.4%,4.4%
15539,爱宠大机密,<0.1%,9.11,11,0.1%,12.6%
15540,爱在星空下,<0.1%,9.06,45,<0.1%,61.1%
15541,夜魔人,<0.1%,4.77,2,0.3%,2.2%
15542,火海凌云,<0.1%,3.31,14,<0.1%,21.0%
15543,绝地逃亡,<0.1%,3.04,7,<0.1%,9.7%
15544,我的诗篇,<0.1%,2.92,67,<0.1%,97.9%
15545,危城,<0.1%,2.35,7,<0.1%,9.3%
15546,Hi，高考君,<0.1%,1.80,18,<0.1%,100%
15547,惊天绑架团,<0.1%,1.70,5,<0.1%,10.5%
15548,夜半哭声,<0.1%,1.49,3,<0.1%,4.5%
15549,白雪公主和三只小猪,<0.1%,1.39,3,<0.1%,5.2%
15550,我的战争,<0.1%,1.38,39,<0.1%,70.9%
15551,小魔仙之黑魔法来袭,<0.1%,1.36,3,0.1%,3.1%
15552,海洋之歌,<0.1%,1.08,6,<0.1%,8.8%
15553,星际迷航3：超越星辰,29.2%,2496.82,15,20.5%,9.1%
15554,九条命,23.0%,1967.51,17,18.4%,13.3%
15555,鲨滩,22.1%,1889.93,13,19.6%,9.5%
15556,冰川时代5：星际碰撞,8.6%,740.68,15,7.1%,13.1%
15557,谍影重重5,2.9%,249.08,11,2.9%,10.4%
15558,麦兜·饭宝奇兵,2.4%,211.99,5,7.0%,4.5%
15559,魔法老师,2.2%,189.62,5,7.4%,4.2%
15560,寄生兽,2.1%,179.67,10,2.8%,10.1%
15561,使徒行者,1.0%,88.48,12,1.1%,11.5%
15562,盗墓笔记,0.8%,72.01,12,0.7%,13.3%
15563,我们的十年,0.8%,69.41,6,1.8%,6.7%
15564,长江图,0.6%,55.77,4,2.1%,4.1%
15565,我们诞生在中国,0.6%,53.68,18,0.4%,18.2%
15566,黑海夺金,0.6%,51.48,4,2.3%,3.3%
15567,荒村凶间,0.5%,48.00,6,1.5%,6.2%
15568,新大头儿子和小头爸爸2一日成才,0.4%,37.62,12,0.6%,12.6%
15569,微微一笑很倾城,0.3%,26.76,9,0.4%,10.5%
15570,爱宠大机密,0.1%,10.72,11,0.1%,12.4%
15571,七月与安生,0.1%,9.96,125,<0.1%,--
15572,爱在星空下,0.1%,9.43,48,<0.1%,68.4%
15573,为爱放手,0.1%,9.36,4,0.4%,4.0%
15574,铁拳,0.1%,9.03,3,0.3%,3.6%
15575,奇葩追梦,<0.1%,5.95,3,0.3%,3.3%
15576,我的诗篇,<0.1%,5.04,71,<0.1%,100%
15577,夜魔人,<0.1%,3.42,2,0.3%,1.7%
15578,绝地逃亡,<0.1%,2.84,6,<0.1%,7.6%
15579,危城,<0.1%,2.50,7,<0.1%,9.1%
15580,我的战争,<0.1%,2.41,218,<0.1%,96.4%
15581,幸运是我,<0.1%,1.77,44,<0.1%,100%
15582,Hi，高考君,<0.1%,1.62,16,<0.1%,100%
15583,小魔仙之黑魔法来袭,<0.1%,1.42,3,0.1%,3.4%
15584,海洋之歌,<0.1%,1.23,6,<0.1%,9.7%
15585,白雪公主和三只小猪,<0.1%,1.22,3,<0.1%,5.8%
15586,精灵王座,<0.1%,1.10,4,<0.1%,7.0%
15587,火海凌云,<0.1%,1.04,4,<0.1%,5.3%
15588,鲨滩,27.5%,897.10,7,20.9%,4.7%
15589,星际迷航3：超越星辰,26.6%,866.20,6,21.5%,3.4%
15590,九条命,23.2%,758.08,7,19.9%,5.2%
15591,冰川时代5：星际碰撞,3.4%,112.93,3,6.5%,2.4%
15592,谍影重重5,2.8%,93.04,4,3.3%,3.8%
15593,我们的十年,2.6%,87.00,7,2.2%,7.2%
15594,寄生兽,2.2%,74.39,4,3.3%,3.9%
15595,魔法老师,2.0%,67.68,2,7.8%,1.5%
15596,盗墓笔记,1.5%,48.95,7,0.8%,7.2%
15597,我的战争,1.1%,36.28,3,2.2%,1.8%
15598,使徒行者,1.0%,35.47,6,1.0%,5.9%
15599,荒村凶间,0.9%,31.32,4,1.8%,4.0%
15600,黑海夺金,0.8%,26.39,2,2.4%,1.8%
15601,长江图,0.7%,24.19,2,2.1%,1.9%
15602,追凶者也,0.5%,19.25,179,<0.1%,--
15603,毛丰美,0.3%,10.46,125,<0.1%,83.6%
15604,我们诞生在中国,0.2%,6.61,4,0.2%,3.7%
15605,爱在星空下,0.1%,5.74,38,<0.1%,58.5%
15606,铁拳,0.1%,4.88,2,0.4%,1.8%
15607,奇葩追梦,0.1%,3.94,2,0.4%,2.1%
15608,夜魔人,<0.1%,2.56,2,0.3%,1.4%
15609,击战,<0.1%,2.47,207,<0.1%,100.0%
15610,为爱放手,<0.1%,2.38,1,0.3%,1.3%
15611,七月与安生,<0.1%,2.27,154,<0.1%,63.6%
15612,绝地逃亡,<0.1%,1.66,4,<0.1%,4.4%
15613,新大头儿子和小头爸爸2一日成才,<0.1%,1.56,1,0.3%,1.0%
15614,Hi，高考君,<0.1%,1.41,14,<0.1%,100%
15615,危城,<0.1%,1.01,5,<0.1%,5.3%
15616,鲨滩,26.5%,819.23,6,21.3%,4.3%
15617,星际迷航3：超越星辰,26.4%,815.46,6,21.9%,3.2%
15618,九条命,22.7%,700.55,6,20.2%,4.7%
15619,冰川时代5：星际碰撞,3.7%,114.72,3,6.6%,2.4%
15620,谍影重重5,3.2%,100.64,4,3.5%,3.9%
15621,我们的十年,2.7%,84.75,6,2.3%,6.7%
15622,寄生兽,2.3%,72.99,4,3.5%,3.6%
15623,魔法老师,2.0%,63.88,2,7.5%,1.5%
15624,盗墓笔记,1.6%,52.06,7,0.9%,6.8%
15625,丝路英雄·云镝,1.3%,40.84,9,0.7%,8.5%
15626,使徒行者,1.3%,40.60,6,1.1%,5.9%
15627,荒村凶间,0.8%,27.60,3,1.8%,3.6%
15628,长江图,0.8%,25.78,3,2.0%,2.2%
15629,黑海夺金,0.7%,23.69,2,2.3%,1.7%
15630,奇葩追梦,0.4%,14.21,6,0.3%,6.4%
15631,毛丰美,0.3%,12.00,134,<0.1%,79.2%
15632,反贪风暴2,0.2%,8.71,34,<0.1%,41.1%
15633,我们诞生在中国,0.2%,7.65,4,0.2%,4.1%
15634,铁拳,0.1%,5.68,2,0.4%,2.2%
15635,追凶者也,0.1%,5.24,7,0.1%,5.0%
15636,爱在星空下,0.1%,5.03,34,<0.1%,49.2%
15637,为爱放手,<0.1%,2.38,1,0.3%,0.9%
15638,七月与安生,<0.1%,2.35,8,<0.1%,5.7%
15639,夜魔人,<0.1%,2.21,2,0.3%,1.3%
15640,绝地逃亡,<0.1%,2.08,4,0.1%,4.4%
15641,新大头儿子和小头爸爸2一日成才,<0.1%,1.80,2,0.3%,1.2%
15642,我的战争,<0.1%,1.54,7,<0.1%,8.1%
15643,Hi，高考君,<0.1%,1.33,14,<0.1%,100%
15644,爱宠大机密,<0.1%,1.31,3,<0.1%,2.3%
15645,惊天绑架团,<0.1%,1.09,6,<0.1%,11.8%
15646,大话西游3,41.8%,4194.47,37,16.1%,24.9%
15647,反贪风暴2,18.6%,1867.47,28,10.9%,23.4%
15648,追凶者也,13.9%,1397.42,10,21.1%,7.6%
15649,七月与安生,9.9%,1002.00,9,17.4%,8.0%
15650,星际迷航3：超越星辰,6.2%,626.11,8,9.0%,5.0%
15651,九条命,3.3%,339.04,8,7.4%,6.0%
15652,鲨滩,3.2%,327.87,6,8.1%,4.5%
15653,冰川时代5：星际碰撞,0.7%,73.55,4,2.7%,3.9%
15654,谍影重重5,0.3%,33.19,5,0.8%,5.3%
15655,盗墓笔记,0.3%,32.98,12,0.3%,12.4%
15656,寄生兽,0.1%,19.96,5,0.7%,4.9%
15657,荒村凶间,0.1%,11.81,4,0.5%,5.7%
15658,魔法老师,0.1%,10.83,2,1.2%,1.6%
15659,毛丰美,0.1%,10.67,119,<0.1%,76.1%
15660,我们诞生在中国,<0.1%,9.19,12,0.1%,12.3%
15661,使徒行者,<0.1%,7.44,5,0.2%,4.4%
15662,长江图,<0.1%,7.29,4,0.3%,3.5%
15663,我们的十年,<0.1%,5.82,3,0.3%,2.9%
15664,爱在星空下,<0.1%,5.80,40,<0.1%,58.4%
15665,黑海夺金,<0.1%,2.63,2,0.2%,1.6%
15666,丝路英雄·云镝,<0.1%,2.44,2,0.2%,1.9%
15667,我的战争,<0.1%,2.36,7,<0.1%,6.1%
15668,铁拳,<0.1%,1.95,4,<0.1%,4.1%
15669,新大头儿子和小头爸爸2一日成才,<0.1%,1.43,2,0.1%,1.9%
15670,Hi，高考君,<0.1%,1.16,16,<0.1%,100%
15671,奇葩追梦,<0.1%,1.05,4,<0.1%,3.7%
15672,大话西游3,41.8%,8755.43,37,30.2%,23.4%
15673,反贪风暴2,16.8%,3522.99,27,18.6%,21.6%
15674,追凶者也,10.8%,2278.00,22,12.9%,19.8%
15675,七月与安生,8.8%,1841.79,24,10.7%,23.5%
15676,星际迷航3：超越星辰,5.8%,1219.69,46,2.6%,30.3%
15677,我的战争,4.5%,961.36,14,8.4%,12.3%
15678,九条命,2.7%,584.08,42,1.9%,40.5%
15679,麦兜·饭宝奇兵,2.3%,490.78,12,6.2%,11.9%
15680,冰川时代5：星际碰撞,2.1%,439.76,33,1.7%,31.6%
15681,鲨滩,1.7%,356.23,27,1.6%,28.3%
15682,神兽金刚之青龙再现,0.9%,195.26,17,1.6%,17.4%
15683,谍影重重5,0.1%,37.38,23,0.1%,27.2%
15684,盗墓笔记,0.1%,34.44,31,0.1%,36.2%
15685,一条叫王子的狗,0.1%,31.44,8,0.6%,8.0%
15686,疯狂丑小鸭,0.1%,24.91,9,0.4%,7.8%
15687,我们诞生在中国,0.1%,21.23,36,<0.1%,40.1%
15688,寄生兽,<0.1%,18.17,19,0.1%,27.0%
15689,新大头儿子和小头爸爸2一日成才,<0.1%,17.16,18,0.1%,18.8%
15690,荒村凶间,<0.1%,15.56,8,0.3%,11.6%
15691,爱的蟹逅,<0.1%,8.84,10,<0.1%,11.1%
15692,使徒行者,<0.1%,7.84,17,<0.1%,24.3%
15693,爱宠大机密,<0.1%,6.80,23,<0.1%,20.9%
15694,爱在星空下,<0.1%,5.54,53,<0.1%,64.2%
15695,长江图,<0.1%,5.28,13,<0.1%,19.2%
15696,我们的十年,<0.1%,4.61,9,<0.1%,18.2%
15697,魔法老师,<0.1%,2.96,4,0.1%,5.9%
15698,李三娘,<0.1%,1.48,21,<0.1%,--
15699,夜半哭声,<0.1%,1.13,4,<0.1%,10.2%
15700,Hi，高考君,<0.1%,1.10,13,<0.1%,100%
15701,再生之乐,<0.1%,1.00,10,<0.1%,--
15702,黑海夺金,<0.1%,1.00,3,<0.1%,4.6%
15703,大话西游3,35.6%,6428.04,27,29.9%,17.5%
15704,反贪风暴2,16.9%,3061.82,24,18.2%,19.3%
15705,追凶者也,11.1%,2000.34,21,12.3%,18.2%
15706,七月与安生,10.4%,1878.08,24,11.1%,22.8%
15707,星际迷航3：超越星辰,6.8%,1240.09,38,3.3%,24.7%
15708,九条命,4.2%,763.02,40,2.6%,35.8%
15709,我的战争,4.0%,737.60,13,6.8%,11.8%
15710,冰川时代5：星际碰撞,3.0%,546.30,30,2.5%,26.9%
15711,麦兜·饭宝奇兵,2.4%,437.46,12,5.6%,11.7%
15712,鲨滩,2.2%,401.53,25,1.9%,25.4%
15713,神兽金刚之青龙再现,1.2%,220.11,17,1.9%,17.6%
15714,击战,0.2%,50.86,16,0.4%,16.3%
15715,谍影重重5,0.2%,40.44,22,0.1%,26.9%
15716,盗墓笔记,0.2%,38.81,30,0.1%,36.6%
15717,我们诞生在中国,0.1%,27.17,32,0.1%,36.2%
15718,新大头儿子和小头爸爸2一日成才,0.1%,21.84,19,0.2%,19.0%
15719,疯狂丑小鸭,0.1%,21.43,9,0.3%,7.7%
15720,寄生兽,0.1%,19.48,19,0.1%,24.9%
15721,一条叫王子的狗,<0.1%,16.69,7,0.4%,7.1%
15722,荒村凶间,<0.1%,14.08,7,0.3%,9.9%
15723,爱宠大机密,<0.1%,8.62,21,<0.1%,21.3%
15724,爱的蟹逅,<0.1%,8.39,12,<0.1%,14.8%
15725,使徒行者,<0.1%,6.98,14,<0.1%,20.1%
15726,长江图,<0.1%,5.98,18,<0.1%,26.9%
15727,爱在星空下,<0.1%,5.02,53,<0.1%,67.2%
15728,魔法老师,<0.1%,3.15,4,0.1%,6.0%
15729,我们的十年,<0.1%,1.95,4,<0.1%,8.8%
15730,丝路英雄·云镝,<0.1%,1.84,7,<0.1%,9.5%
15731,铁拳,<0.1%,1.26,8,<0.1%,19.5%
15732,再生之乐,<0.1%,1.00,10,<0.1%,30.4%
15733,大话西游3,31.4%,3859.33,17,29.5%,10.7%
15734,反贪风暴2,17.5%,2152.14,17,17.9%,13.7%
15735,七月与安生,12.2%,1509.50,19,11.5%,17.4%
15736,追凶者也,11.3%,1399.88,15,12.2%,12.9%
15737,星际迷航3：超越星辰,6.0%,747.20,22,3.6%,13.7%
15738,九条命,4.8%,596.13,28,3.0%,23.8%
15739,我的战争,4.8%,591.73,12,6.3%,10.4%
15740,冰川时代5：星际碰撞,3.2%,393.70,20,2.6%,18.1%
15741,麦兜·饭宝奇兵,2.6%,324.58,9,5.4%,9.2%
15742,鲨滩,2.4%,298.95,17,2.1%,16.6%
15743,神兽金刚之青龙再现,1.5%,186.24,14,2.1%,14.1%
15744,盗墓笔记,0.2%,35.61,24,0.1%,28.7%
15745,谍影重重5,0.2%,28.48,15,0.1%,17.2%
15746,我们诞生在中国,0.1%,22.26,23,0.1%,25.2%
15747,新大头儿子和小头爸爸2一日成才,0.1%,20.12,16,0.2%,16.5%
15748,疯狂丑小鸭,0.1%,16.89,8,0.3%,6.5%
15749,寄生兽,0.1%,15.56,13,0.1%,16.6%
15750,我们的十年,0.1%,12.56,9,0.2%,10.2%
15751,一条叫王子的狗,<0.1%,10.04,5,0.3%,4.8%
15752,荒村凶间,<0.1%,9.45,5,0.3%,6.3%
15753,击战,<0.1%,7.93,5,0.2%,5.2%
15754,爱的蟹逅,<0.1%,7.70,13,<0.1%,14.0%
15755,爱宠大机密,<0.1%,7.69,15,<0.1%,15.2%
15756,长江图,<0.1%,6.94,20,<0.1%,26.0%
15757,爱在星空下,<0.1%,5.10,51,<0.1%,61.3%
15758,使徒行者,<0.1%,4.06,9,<0.1%,12.0%
15759,火海凌云,<0.1%,3.44,77,<0.1%,96.2%
15760,魔法老师,<0.1%,2.59,4,0.1%,5.2%
15761,丝路英雄·云镝,<0.1%,1.13,5,<0.1%,8.0%
15762,我的诗篇,<0.1%,1.02,78,<0.1%,100%
15763,大话西游3,30.6%,1865.26,9,29.4%,5.7%
15764,反贪风暴2,21.7%,1323.86,11,18.8%,8.7%
15765,七月与安生,16.4%,1000.36,12,12.6%,11.4%
15766,追凶者也,12.3%,752.82,8,12.7%,7.1%
15767,星际迷航3：超越星辰,5.2%,317.67,9,4.0%,5.9%
15768,九条命,3.9%,243.19,11,3.5%,9.3%
15769,我的战争,3.0%,187.75,5,5.6%,3.8%
15770,鲨滩,2.9%,182.38,9,2.8%,8.5%
15771,冰川时代5：星际碰撞,0.7%,44.51,4,1.8%,3.3%
15772,麦兜·饭宝奇兵,0.5%,36.24,2,3.8%,1.4%
15773,我们的十年,0.3%,23.45,8,0.5%,9.0%
15774,盗墓笔记,0.3%,23.32,14,0.1%,16.4%
15775,谍影重重5,0.2%,13.61,8,0.2%,8.1%
15776,我们诞生在中国,0.1%,12.00,17,<0.1%,20.7%
15777,神兽金刚之青龙再现,0.1%,9.23,2,1.3%,1.2%
15778,荒村凶间,0.1%,9.22,4,0.4%,4.9%
15779,爱的蟹逅,0.1%,7.75,14,<0.1%,18.6%
15780,寄生兽,0.1%,6.88,6,0.1%,6.5%
15781,毛丰美,<0.1%,4.92,150,<0.1%,93.8%
15782,爱在星空下,<0.1%,3.64,33,<0.1%,41.6%
15783,使徒行者,<0.1%,3.14,6,<0.1%,6.4%
15784,黑海夺金,<0.1%,3.13,15,<0.1%,22.3%
15785,长江图,<0.1%,2.87,7,<0.1%,8.5%
15786,一条叫王子的狗,<0.1%,2.20,2,0.3%,1.4%
15787,击战,<0.1%,2.16,3,0.2%,2.3%
15788,魔法老师,<0.1%,1.30,2,0.1%,2.1%
15789,大话西游3,29.5%,1350.41,7,28.6%,4.4%
15790,反贪风暴2,21.8%,1000.26,9,19.0%,6.7%
15791,七月与安生,17.7%,811.75,10,13.5%,8.6%
15792,追凶者也,12.6%,578.92,7,12.8%,5.6%
15793,星际迷航3：超越星辰,4.7%,218.51,7,4.1%,4.0%
15794,九条命,3.9%,179.59,8,3.9%,6.4%
15795,鲨滩,3.1%,142.28,7,3.1%,6.1%
15796,我的战争,2.9%,134.30,4,5.4%,3.0%
15797,冰川时代5：星际碰撞,0.5%,24.12,3,1.5%,2.3%
15798,我们的十年,0.4%,21.19,7,0.7%,7.0%
15799,盗墓笔记,0.4%,21.01,12,0.1%,14.6%
15800,麦兜·饭宝奇兵,0.4%,18.68,1,3.0%,1.0%
15801,荒村凶间,0.1%,8.72,4,0.5%,4.2%
15802,谍影重重5,0.1%,8.67,5,0.2%,5.4%
15803,击战,0.1%,6.83,8,0.1%,7.9%
15804,毛丰美,0.1%,5.75,120,<0.1%,84.2%
15805,寄生兽,0.1%,5.27,4,0.2%,4.7%
15806,神兽金刚之青龙再现,<0.1%,3.95,1,1.0%,0.7%
15807,黑海夺金,<0.1%,3.47,17,<0.1%,27.8%
15808,爱的蟹逅,<0.1%,2.81,5,<0.1%,6.0%
15809,使徒行者,<0.1%,2.80,5,<0.1%,5.4%
15810,爱在星空下,<0.1%,2.78,25,<0.1%,37.3%
15811,长江图,<0.1%,2.13,5,<0.1%,5.5%
15812,我们诞生在中国,<0.1%,1.86,4,<0.1%,3.4%
15813,一条叫王子的狗,<0.1%,1.62,2,0.2%,1.2%
15814,大话西游3,27.4%,1163.18,7,25.7%,4.2%
15815,反贪风暴2,20.4%,868.75,8,17.4%,6.3%
15816,七月与安生,18.3%,779.18,10,13.3%,8.2%
15817,追凶者也,12.0%,513.21,7,11.3%,5.7%
15818,巴黎危机,5.4%,230.08,4,11.2%,2.9%
15819,星际迷航3：超越星辰,4.5%,193.22,7,3.7%,3.8%
15820,九条命,3.5%,151.72,8,3.3%,6.4%
15821,鲨滩,2.7%,116.59,6,2.6%,5.9%
15822,我的战争,2.3%,100.47,4,4.1%,2.9%
15823,我们的十年,0.4%,20.57,7,0.6%,8.0%
15824,冰川时代5：星际碰撞,0.4%,20.01,3,1.1%,2.7%
15825,毛丰美,0.2%,12.60,117,<0.1%,78.4%
15826,麦兜·饭宝奇兵,0.2%,11.29,1,2.1%,0.9%
15827,谍影重重5,0.2%,8.73,5,0.2%,6.4%
15828,盗墓笔记,0.1%,8.19,6,0.1%,6.6%
15829,荒村凶间,0.1%,8.04,3,0.5%,4.2%
15830,我们诞生在中国,0.1%,4.96,9,<0.1%,10.0%
15831,击战,0.1%,4.87,9,0.1%,9.4%
15832,寄生兽,<0.1%,3.72,4,0.1%,4.1%
15833,爱在星空下,<0.1%,2.42,34,<0.1%,47.0%
15834,神兽金刚之青龙再现,<0.1%,2.39,1,0.6%,0.7%
15835,长江图,<0.1%,2.11,5,<0.1%,5.7%
15836,樱桃小丸子：来自意大利的少年,<0.1%,2.07,345,<0.1%,100.0%
15837,使徒行者,<0.1%,1.90,4,<0.1%,4.5%
15838,丝路英雄·云镝,<0.1%,1.74,8,<0.1%,10.6%
15839,一条叫王子的狗,<0.1%,1.27,2,0.1%,1.9%
15840,美人鱼之海盗来袭,<0.1%,1.04,62,<0.1%,39.2%
15841,惊天绑架团,<0.1%,1.01,15,<0.1%,45.4%
15842,大话西游3,25.7%,1015.69,6,25.5%,3.7%
15843,反贪风暴2,20.3%,802.35,8,17.6%,5.7%
15844,七月与安生,19.2%,760.59,9,13.9%,7.6%
15845,追凶者也,12.6%,498.77,7,11.4%,5.5%
15846,巴黎危机,5.6%,223.29,4,10.4%,3.1%
15847,星际迷航3：超越星辰,4.5%,181.28,6,3.7%,3.5%
15848,九条命,3.5%,141.10,7,3.4%,5.7%
15849,鲨滩,2.7%,108.10,6,2.8%,5.1%
15850,我的战争,2.2%,88.49,3,4.0%,2.8%
15851,毛丰美,0.6%,26.01,130,<0.1%,77.0%
15852,我们的十年,0.4%,19.23,7,0.7%,7.1%
15853,冰川时代5：星际碰撞,0.4%,18.17,3,1.0%,2.7%
15854,麦兜·饭宝奇兵,0.2%,10.11,1,1.9%,0.8%
15855,荒村凶间,0.2%,8.06,3,0.5%,3.9%
15856,谍影重重5,0.1%,6.45,4,0.2%,4.7%
15857,盗墓笔记,0.1%,4.78,4,0.1%,4.1%
15858,击战,0.1%,4.17,8,<0.1%,9.0%
15859,寄生兽,<0.1%,3.83,4,0.1%,4.3%
15860,铁拳,<0.1%,2.38,22,<0.1%,41.2%
15861,一条叫王子的狗,<0.1%,2.29,7,0.1%,9.6%
15862,我们诞生在中国,<0.1%,2.19,5,<0.1%,4.6%
15863,使徒行者,<0.1%,2.06,4,0.1%,3.9%
15864,爱在星空下,<0.1%,2.03,28,<0.1%,42.6%
15865,神兽金刚之青龙再现,<0.1%,2.00,1,0.5%,0.6%
15866,长江图,<0.1%,1.99,5,<0.1%,5.8%
15867,诡梦凶铃,<0.1%,1.73,124,<0.1%,68.7%
15868,丝路英雄·云镝,<0.1%,1.46,7,<0.1%,8.8%
15869,大话西游3,24.3%,881.07,5,25.4%,3.3%
15870,反贪风暴2,20.4%,742.02,7,17.8%,5.2%
15871,七月与安生,19.1%,695.76,8,14.2%,6.7%
15872,追凶者也,12.6%,457.49,6,11.5%,5.0%
15873,巴黎危机,5.6%,204.95,4,9.8%,3.0%
15874,星际迷航3：超越星辰,4.8%,174.83,6,3.7%,3.3%
15875,九条命,3.5%,128.71,6,3.5%,5.1%
15876,鲨滩,2.9%,106.35,5,2.9%,4.8%
15877,我的战争,2.8%,104.57,4,3.9%,3.4%
15878,我们的十年,0.6%,24.63,8,0.7%,8.6%
15879,毛丰美,0.6%,22.33,123,<0.1%,84.2%
15880,冰川时代5：星际碰撞,0.3%,13.20,3,0.9%,2.0%
15881,麦兜·饭宝奇兵,0.3%,12.29,1,1.9%,1.0%
15882,荒村凶间,0.2%,7.92,3,0.5%,3.9%
15883,谍影重重5,0.1%,6.06,4,0.1%,5.0%
15884,寄生兽,0.1%,4.04,4,0.1%,4.1%
15885,盗墓笔记,0.1%,4.03,3,0.1%,3.2%
15886,我们诞生在中国,0.1%,3.85,6,<0.1%,6.5%
15887,铁拳,<0.1%,2.25,24,<0.1%,49.3%
15888,使徒行者,<0.1%,1.91,4,0.1%,3.5%
15889,神兽金刚之青龙再现,<0.1%,1.69,1,0.5%,0.6%
15890,爱在星空下,<0.1%,1.60,21,<0.1%,31.4%
15891,长江图,<0.1%,1.51,4,<0.1%,4.3%
15892,不许动,<0.1%,1.38,307,<0.1%,84.0%
15893,诡梦凶铃,<0.1%,1.12,12,<0.1%,12.7%
15894,一条叫王子的狗,<0.1%,1.02,2,0.1%,2.2%
15895,魔法老师,<0.1%,1.00,2,0.1%,2.5%
15896,大话西游3,20.0%,1053.16,8,18.1%,5.6%
15897,反贪风暴2,16.8%,887.40,11,12.8%,8.3%
15898,七月与安生,16.8%,887.02,13,10.3%,11.1%
15899,追凶者也,10.3%,542.95,11,7.1%,9.1%
15900,樱桃小丸子：来自意大利的少年,9.3%,490.96,6,14.5%,5.0%
15901,逗鸟外传：萌宝满天飞,9.2%,489.35,5,16.3%,2.7%
15902,星际迷航3：超越星辰,3.4%,179.88,10,1.9%,6.8%
15903,巴黎危机,2.6%,141.47,6,3.6%,5.5%
15904,九条命,2.4%,130.13,12,1.5%,10.7%
15905,鲨滩,1.7%,93.36,9,1.3%,8.8%
15906,234说爱你,1.7%,89.49,3,5.3%,3.0%
15907,我的战争,1.6%,87.67,8,1.5%,8.4%
15908,诡梦凶铃,1.4%,78.44,7,2.1%,7.2%
15909,毛丰美,0.4%,23.19,126,<0.1%,72.8%
15910,我们的十年,0.3%,21.05,13,0.3%,14.9%
15911,从你的全世界路过,0.3%,16.21,249,<0.1%,94.3%
15912,谁的青春不热血之深流不息,<0.1%,4.54,3,0.2%,2.9%
15913,麦兜·饭宝奇兵,<0.1%,4.11,3,0.2%,3.0%
15914,凤凰谷,<0.1%,3.63,2,0.4%,2.1%
15915,冰川时代5：星际碰撞,<0.1%,3.09,5,<0.1%,5.8%
15916,三个孬家伙,<0.1%,2.83,1,0.5%,1.1%
15917,寄生兽,<0.1%,2.82,5,<0.1%,6.4%
15918,盗墓笔记,<0.1%,2.67,4,0.1%,4.6%
15919,长江图,<0.1%,2.60,11,<0.1%,15.8%
15920,大火种,<0.1%,2.27,66,<0.1%,64.4%
15921,不许动,<0.1%,1.80,201,<0.1%,--
15922,我们诞生在中国,<0.1%,1.68,5,<0.1%,5.3%
15923,魔法老师,<0.1%,1.63,6,<0.1%,12.9%
15924,使徒行者,<0.1%,1.24,5,<0.1%,4.2%
15925,爱在星空下,<0.1%,1.22,22,<0.1%,42.9%
15926,荒村凶间,<0.1%,1.07,3,<0.1%,3.9%
15927,Hi，高考君,<0.1%,1.06,25,<0.1%,100%
15928,大话西游3,18.8%,1815.56,13,18.2%,9.1%
15929,七月与安生,16.9%,1624.79,20,11.3%,16.9%
15930,逗鸟外传：萌宝满天飞,16.0%,1542.98,13,15.8%,8.7%
15931,反贪风暴2,14.3%,1383.28,15,13.1%,11.9%
15932,追凶者也,10.0%,969.19,17,7.2%,15.3%
15933,樱桃小丸子：来自意大利的少年,8.2%,796.21,9,14.5%,7.2%
15934,星际迷航3：超越星辰,4.1%,395.02,19,2.2%,12.4%
15935,九条命,3.0%,293.81,23,1.8%,20.2%
15936,巴黎危机,2.2%,214.68,10,3.1%,9.3%
15937,鲨滩,1.8%,182.36,15,1.5%,14.2%
15938,我的战争,0.8%,85.89,8,1.3%,8.7%
15939,诡梦凶铃,0.7%,71.11,6,2.0%,6.6%
15940,234说爱你,0.6%,60.00,3,3.7%,2.7%
15941,我们的十年,0.3%,35.39,19,0.4%,20.9%
15942,冰川时代5：星际碰撞,0.2%,24.13,15,0.2%,15.4%
15943,神兽金刚之青龙再现,0.2%,21.60,10,0.3%,9.6%
15944,麦兜·饭宝奇兵,0.1%,16.30,6,0.3%,6.5%
15945,疯狂丑小鸭,<0.1%,8.45,5,0.2%,4.0%
15946,我们诞生在中国,<0.1%,7.38,14,<0.1%,15.4%
15947,寄生兽,<0.1%,7.10,11,<0.1%,14.4%
15948,盗墓笔记,<0.1%,6.50,9,<0.1%,9.9%
15949,地球四季,<0.1%,4.23,1058,<0.1%,100.0%
15950,老阿姨,<0.1%,3.29,439,<0.1%,100%
15951,使徒行者,<0.1%,3.21,10,<0.1%,9.9%
15952,毛丰美,<0.1%,3.18,133,<0.1%,80.0%
15953,凤凰谷,<0.1%,3.07,2,0.2%,2.4%
15954,谁的青春不热血之深流不息,<0.1%,2.85,4,0.1%,3.1%
15955,三个孬家伙,<0.1%,2.73,2,0.3%,1.7%
15956,我的诗篇,<0.1%,2.69,63,<0.1%,94.1%
15957,新大头儿子和小头爸爸2一日成才,<0.1%,2.38,9,<0.1%,8.6%
15958,从你的全世界路过,<0.1%,2.35,144,<0.1%,84.9%
15959,荒村凶间,<0.1%,2.04,4,<0.1%,7.5%
15960,长江图,<0.1%,1.98,9,<0.1%,12.5%
15961,王牌逗王牌,<0.1%,1.89,88,<0.1%,41.3%
15962,爱宠大机密,<0.1%,1.51,8,<0.1%,7.7%
15963,新木偶奇遇记,<0.1%,1.37,2,0.1%,1.5%
15964,爱在星空下,<0.1%,1.32,22,<0.1%,49.3%
15965,湄公河行动,<0.1%,1.27,106,<0.1%,--
15966,魔法老师,<0.1%,1.23,4,<0.1%,9.3%
15967,Hi，高考君,<0.1%,1.08,22,<0.1%,100%
15968,大话西游3,18.6%,1521.92,11,18.5%,7.5%
15969,逗鸟外传：萌宝满天飞,17.7%,1447.99,13,15.9%,8.4%
15970,七月与安生,16.3%,1337.32,16,12.1%,13.0%
15971,反贪风暴2,14.2%,1163.54,13,13.3%,9.9%
15972,追凶者也,10.0%,825.33,14,7.6%,12.4%
15973,樱桃小丸子：来自意大利的少年,7.4%,610.80,8,13.2%,6.1%
15974,星际迷航3：超越星辰,3.9%,325.75,15,2.3%,9.7%
15975,九条命,3.0%,248.10,18,1.9%,15.6%
15976,巴黎危机,2.0%,169.44,8,3.1%,7.5%
15977,鲨滩,1.9%,157.46,12,1.5%,11.7%
15978,我的战争,0.9%,77.90,7,1.3%,7.7%
15979,诡梦凶铃,0.5%,46.55,4,2.0%,4.4%
15980,234说爱你,0.5%,43.75,3,3.2%,2.4%
15981,我们的十年,0.3%,28.96,15,0.5%,15.8%
15982,神兽金刚之青龙再现,0.3%,25.68,10,0.4%,10.2%
15983,冰川时代5：星际碰撞,0.3%,25.65,14,0.2%,14.2%
15984,从你的全世界路过,0.2%,23.22,134,<0.1%,100%
15985,麦兜·饭宝奇兵,0.2%,17.83,7,0.3%,7.3%
15986,疯狂丑小鸭,<0.1%,7.83,5,0.2%,3.9%
15987,我们诞生在中国,<0.1%,7.23,13,<0.1%,14.5%
15988,寄生兽,<0.1%,7.12,9,0.1%,12.5%
15989,盗墓笔记,<0.1%,5.29,7,0.1%,7.7%
15990,老阿姨,<0.1%,3.57,476,<0.1%,100%
15991,地球四季,<0.1%,3.24,405,<0.1%,95.2%
15992,使徒行者,<0.1%,3.13,9,<0.1%,10.1%
15993,我的诗篇,<0.1%,3.03,60,<0.1%,68.9%
15994,新大头儿子和小头爸爸2一日成才,<0.1%,2.92,10,<0.1%,10.6%
15995,凤凰谷,<0.1%,2.72,3,0.2%,2.7%
15996,新木偶奇遇记,<0.1%,2.48,3,0.1%,2.2%
15997,一条叫王子的狗,<0.1%,2.20,23,<0.1%,41.3%
15998,王牌逗王牌,<0.1%,2.18,79,<0.1%,58.8%
15999,三个孬家伙,<0.1%,2.13,2,0.3%,1.5%
16000,长江图,<0.1%,2.05,9,<0.1%,12.5%
16001,爱宠大机密,<0.1%,1.91,10,<0.1%,9.5%
16002,谁的青春不热血之深流不息,<0.1%,1.52,3,0.1%,2.2%
16003,荒村凶间,<0.1%,1.44,3,<0.1%,5.5%
16004,魔法老师,<0.1%,1.21,4,<0.1%,8.1%
16005,大话西游3,20.8%,639.04,5,19.4%,3.3%
16006,七月与安生,19.5%,600.43,7,13.2%,5.8%
16007,反贪风暴2,18.4%,565.11,7,14.4%,5.0%
16008,追凶者也,11.8%,363.49,6,8.6%,5.2%
16009,逗鸟外传：萌宝满天飞,8.3%,255.30,3,14.1%,1.7%
16010,樱桃小丸子：来自意大利的少年,4.0%,123.84,2,10.6%,1.6%
16011,星际迷航3：超越星辰,3.8%,119.72,6,2.5%,3.6%
16012,九条命,2.6%,80.28,6,2.2%,5.0%
16013,巴黎危机,2.5%,79.34,4,3.4%,3.4%
16014,鲨滩,2.3%,71.77,6,1.9%,5.0%
16015,我的战争,1.5%,49.02,5,1.5%,4.8%
16016,诡梦凶铃,0.9%,30.44,3,2.0%,3.0%
16017,234说爱你,0.6%,20.88,2,2.9%,1.4%
16018,我们的十年,0.4%,12.67,7,0.5%,6.9%
16019,从你的全世界路过,0.3%,11.81,136,<0.1%,100%
16020,毛丰美,0.2%,7.87,155,<0.1%,63.7%
16021,爵迹,0.2%,7.28,177,<0.1%,38.9%
16022,盗墓笔记,0.1%,3.53,5,0.1%,4.2%
16023,寄生兽,<0.1%,2.36,4,0.1%,4.3%
16024,黑海夺金,<0.1%,2.17,14,<0.1%,24.6%
16025,麦兜·饭宝奇兵,<0.1%,2.17,2,0.2%,1.4%
16026,我们诞生在中国,<0.1%,2.10,8,<0.1%,8.5%
16027,冰川时代5：星际碰撞,<0.1%,2.07,3,0.1%,2.3%
16028,长江图,<0.1%,1.70,6,<0.1%,5.8%
16029,使徒行者,<0.1%,1.68,5,<0.1%,5.6%
16030,王牌逗王牌,<0.1%,1.37,78,<0.1%,48.7%
16031,荒村凶间,<0.1%,1.04,2,0.1%,3.4%
16032,大话西游3,19.9%,596.27,5,19.4%,3.1%
16033,七月与安生,19.2%,574.24,7,13.6%,5.4%
16034,反贪风暴2,18.6%,557.14,7,14.6%,4.9%
16035,追凶者也,12.2%,364.11,6,8.9%,5.1%
16036,逗鸟外传：萌宝满天飞,8.3%,248.37,3,13.2%,1.8%
16037,星际迷航3：超越星辰,4.0%,121.94,6,2.6%,3.5%
16038,樱桃小丸子：来自意大利的少年,3.3%,100.32,2,9.0%,1.6%
16039,九条命,2.7%,82.04,6,2.3%,5.0%
16040,巴黎危机,2.5%,74.79,4,3.2%,3.5%
16041,鲨滩,2.4%,72.18,6,1.9%,4.9%
16042,我的战争,1.7%,51.24,5,1.4%,5.3%
16043,地球四季,0.9%,29.23,2,2.5%,1.6%
16044,诡梦凶铃,0.9%,28.57,3,2.0%,3.1%
16045,234说爱你,0.4%,14.46,2,2.2%,1.4%
16046,毛丰美,0.4%,12.66,157,<0.1%,75.2%
16047,我们的十年,0.3%,11.04,6,0.5%,6.2%
16048,从你的全世界路过,0.3%,10.50,83,<0.1%,--
16049,寄生兽,<0.1%,2.72,4,0.1%,4.9%
16050,冰川时代5：星际碰撞,<0.1%,2.36,3,0.1%,2.7%
16051,黑海夺金,<0.1%,2.36,20,<0.1%,24.9%
16052,盗墓笔记,<0.1%,2.31,3,0.1%,2.9%
16053,使徒行者,<0.1%,2.04,5,<0.1%,5.2%
16054,长江图,<0.1%,1.97,8,<0.1%,9.5%
16055,三个孬家伙,<0.1%,1.18,1,0.2%,1.0%
16056,我们诞生在中国,<0.1%,1.14,5,<0.1%,5.4%
16057,凤凰谷,<0.1%,1.01,2,0.1%,1.5%
16058,大话西游3,17.9%,555.86,5,19.4%,2.9%
16059,反贪风暴2,17.8%,551.22,6,15.0%,4.7%
16060,七月与安生,17.7%,548.24,7,13.8%,5.0%
16061,追凶者也,11.7%,364.62,6,9.1%,4.9%
16062,逗鸟外传：萌宝满天飞,7.8%,241.60,3,12.6%,1.9%
16063,从你的全世界路过,5.7%,176.65,41,0.5%,26.3%
16064,星际迷航3：超越星辰,4.1%,129.73,6,2.6%,3.8%
16065,樱桃小丸子：来自意大利的少年,2.8%,86.74,2,8.3%,1.5%
16066,九条命,2.7%,86.04,6,2.3%,5.1%
16067,鲨滩,2.3%,73.71,6,1.9%,4.9%
16068,巴黎危机,2.3%,72.51,4,3.2%,3.4%
16069,我的战争,2.0%,64.14,7,1.4%,6.8%
16070,地球四季,0.9%,29.49,2,2.7%,1.4%
16071,诡梦凶铃,0.9%,28.63,3,1.9%,3.1%
16072,毛丰美,0.5%,18.41,131,<0.1%,72.6%
16073,234说爱你,0.4%,13.47,2,2.0%,1.3%
16074,我们的十年,0.3%,10.82,6,0.5%,5.9%
16075,我们诞生在中国,0.1%,3.27,15,<0.1%,16.5%
16076,长江图,0.1%,3.16,13,<0.1%,20.4%
16077,珍珠塔,<0.1%,2.51,36,<0.1%,13.2%
16078,寄生兽,<0.1%,2.29,3,0.1%,4.0%
16079,冰川时代5：星际碰撞,<0.1%,2.24,3,0.1%,2.6%
16080,使徒行者,<0.1%,2.11,5,<0.1%,4.5%
16081,盗墓笔记,<0.1%,2.09,3,0.1%,2.6%
16082,黑处有什么,<0.1%,1.81,92,<0.1%,75.5%
16083,黑海夺金,<0.1%,1.52,13,<0.1%,15.6%
16084,神兽金刚之青龙再现,<0.1%,1.35,2,0.1%,2.0%
16085,爱的蟹逅,<0.1%,1.27,21,<0.1%,28.3%
16086,麦兜·饭宝奇兵,<0.1%,1.22,1,0.2%,0.8%
16087,魔法老师,<0.1%,1.06,3,<0.1%,4.8%
16088,荒村凶间,<0.1%,1.04,2,0.1%,3.2%
16089,击战,<0.1%,1.03,8,<0.1%,7.5%
16090,从你的全世界路过,76.1%,7402.89,24,46.0%,17.6%
16091,爵迹,8.7%,852.02,26,4.4%,17.4%
16092,反贪风暴2,2.8%,279.52,6,8.4%,4.9%
16093,大话西游3,2.6%,256.53,4,11.4%,2.8%
16094,七月与安生,2.2%,223.00,5,7.8%,4.0%
16095,湄公河行动,1.5%,147.38,31,0.4%,21.1%
16096,追凶者也,1.3%,128.76,4,4.5%,3.9%
16097,逗鸟外传：萌宝满天飞,1.1%,115.30,3,5.8%,2.1%
16098,星际迷航3：超越星辰,0.8%,78.35,8,1.1%,4.1%
16099,我的战争,0.4%,39.66,9,0.5%,10.9%
16100,樱桃小丸子：来自意大利的少年,0.3%,33.45,3,2.6%,2.1%
16101,九条命,0.3%,31.32,6,0.8%,6.0%
16102,鲨滩,0.2%,28.55,5,0.8%,5.0%
16103,地球四季,0.2%,23.09,3,1.4%,2.2%
16104,巴黎危机,0.1%,15.27,3,0.9%,3.2%
16105,毛丰美,0.1%,11.67,170,<0.1%,81.6%
16106,寻找女神@娇阿依,<0.1%,8.33,58,<0.1%,59.7%
16107,诡梦凶铃,<0.1%,8.30,2,0.7%,2.9%
16108,黑海夺金,<0.1%,3.98,38,<0.1%,77.5%
16109,我们的十年,<0.1%,3.20,4,0.2%,4.9%
16110,我们诞生在中国,<0.1%,2.84,12,<0.1%,14.7%
16111,魔法老师,<0.1%,2.67,11,<0.1%,26.2%
16112,长江图,<0.1%,1.89,17,<0.1%,24.5%
16113,234说爱你,<0.1%,1.30,1,0.4%,0.9%
16114,冰川时代5：星际碰撞,<0.1%,1.09,3,<0.1%,2.8%
16115,从你的全世界路过,33.8%,6441.65,35,27.4%,29.5%
16116,爵迹,30.9%,5872.47,26,31.7%,16.9%
16117,湄公河行动,20.5%,3897.17,28,20.4%,24.3%
16118,王牌逗王牌,12.0%,2284.59,37,10.0%,31.7%
16119,逗鸟外传：萌宝满天飞,0.5%,103.09,7,2.2%,6.6%
16120,幽灵医院,0.3%,61.33,8,1.3%,8.6%
16121,七月与安生,0.3%,58.47,9,0.9%,10.1%
16122,反贪风暴2,0.1%,37.34,7,0.8%,7.2%
16123,冰川时代5：星际碰撞,0.1%,31.56,19,<0.1%,29.3%
16124,盗墓笔记,0.1%,30.79,57,<0.1%,99.5%
16125,大话西游3,0.1%,29.00,3,1.4%,3.4%
16126,樱桃小丸子：来自意大利的少年,0.1%,22.60,6,0.6%,6.1%
16127,星际迷航3：超越星辰,0.1%,20.86,12,0.1%,15.8%
16128,追凶者也,<0.1%,16.50,6,0.3%,6.4%
16129,我的战争,<0.1%,15.95,17,0.1%,27.8%
16130,九条命,<0.1%,12.01,13,0.1%,14.5%
16131,地球四季,<0.1%,11.83,6,0.3%,5.4%
16132,我们诞生在中国,<0.1%,10.36,64,<0.1%,100%
16133,鲨滩,<0.1%,7.05,6,0.1%,6.5%
16134,新木偶奇遇记,<0.1%,4.80,2,0.5%,2.0%
16135,寻找女神@娇阿依,<0.1%,2.73,65,<0.1%,76.5%
16136,不许动,<0.1%,2.61,175,<0.1%,--
16137,巴黎危机,<0.1%,2.36,4,<0.1%,8.3%
16138,新东方神娃,<0.1%,2.26,150,<0.1%,100%
16139,毛丰美,<0.1%,1.77,85,<0.1%,40.1%
16140,魔法老师,<0.1%,1.74,25,<0.1%,72.4%
16141,麦兜·饭宝奇兵,<0.1%,1.57,4,<0.1%,5.1%
16142,长江图,<0.1%,1.31,26,<0.1%,53.4%
16143,诡梦凶铃,<0.1%,1.30,2,0.1%,3.5%
16144,从你的全世界路过,31.3%,8837.97,49,24.6%,38.9%
16145,爵迹,26.2%,7395.90,36,26.1%,24.0%
16146,湄公河行动,21.1%,5964.30,46,17.2%,41.4%
16147,王牌逗王牌,16.4%,4637.02,33,20.0%,27.8%
16148,逗鸟外传：萌宝满天飞,2.1%,593.81,28,2.8%,26.3%
16149,我是哪吒,1.1%,337.76,12,4.1%,12.4%
16150,樱桃小丸子：来自意大利的少年,0.2%,72.90,18,0.6%,18.5%
16151,七月与安生,0.1%,53.07,19,0.3%,24.5%
16152,幽灵医院,0.1%,47.23,8,0.9%,9.7%
16153,地球四季,0.1%,37.13,19,0.2%,20.3%
16154,大话西游3,0.1%,32.03,8,0.5%,11.6%
16155,星际迷航3：超越星辰,<0.1%,26.25,31,<0.1%,31.7%
16156,新木偶奇遇记,<0.1%,21.86,8,0.4%,9.7%
16157,反贪风暴2,<0.1%,19.97,11,0.2%,13.9%
16158,我的战争,<0.1%,19.88,15,0.1%,17.9%
16159,冰川时代5：星际碰撞,<0.1%,19.41,33,<0.1%,32.2%
16160,九条命,<0.1%,19.27,28,<0.1%,34.5%
16161,追凶者也,<0.1%,13.48,13,0.1%,18.8%
16162,神兽金刚之青龙再现,<0.1%,11.18,19,<0.1%,21.5%
16163,鲨滩,<0.1%,9.16,14,<0.1%,16.7%
16164,麦兜·饭宝奇兵,<0.1%,6.79,8,0.1%,10.8%
16165,我们诞生在中国,<0.1%,3.92,30,<0.1%,30.1%
16166,新大头儿子和小头爸爸2一日成才,<0.1%,3.08,21,<0.1%,18.6%
16167,爱宠大机密,<0.1%,1.69,19,<0.1%,21.7%
16168,辣警霸王花,<0.1%,1.62,41,<0.1%,--
16169,诡梦凶铃,<0.1%,1.52,3,<0.1%,5.5%
16170,心灵解码,<0.1%,1.39,3,<0.1%,4.2%
16171,巴黎危机,<0.1%,1.33,5,<0.1%,10.7%
16172,从你的全世界路过,31.8%,8263.31,43,26.0%,33.1%
16173,湄公河行动,25.1%,6531.94,48,18.8%,40.2%
16174,爵迹,21.8%,5674.36,30,23.9%,21.0%
16175,王牌逗王牌,14.6%,3791.43,30,17.8%,26.6%
16176,逗鸟外传：萌宝满天飞,2.1%,554.90,28,2.6%,26.2%
16177,铠甲勇士捕王,1.9%,513.42,23,3.6%,23.6%
16178,我是哪吒,0.8%,222.31,12,2.9%,12.2%
16179,樱桃小丸子：来自意大利的少年,0.2%,59.50,19,0.4%,19.9%
16180,七月与安生,0.2%,58.39,20,0.3%,28.4%
16181,幽灵医院,0.1%,39.80,7,0.8%,9.2%
16182,地球四季,0.1%,37.38,19,0.2%,20.3%
16183,星际迷航3：超越星辰,<0.1%,24.65,32,<0.1%,28.5%
16184,冰川时代5：星际碰撞,<0.1%,22.88,34,<0.1%,33.3%
16185,大话西游3,<0.1%,21.33,7,0.4%,9.9%
16186,九条命,<0.1%,21.26,27,0.1%,33.7%
16187,我的战争,<0.1%,19.65,17,0.1%,20.3%
16188,反贪风暴2,<0.1%,14.34,10,0.1%,13.8%
16189,追凶者也,<0.1%,11.42,12,0.1%,15.9%
16190,新木偶奇遇记,<0.1%,9.92,6,0.2%,7.2%
16191,鲨滩,<0.1%,8.89,13,<0.1%,16.2%
16192,神兽金刚之青龙再现,<0.1%,7.54,18,<0.1%,17.1%
16193,麦兜·饭宝奇兵,<0.1%,7.04,9,0.1%,13.0%
16194,我们诞生在中国,<0.1%,5.05,29,<0.1%,29.5%
16195,新大头儿子和小头爸爸2一日成才,<0.1%,4.76,23,<0.1%,19.7%
16196,巴黎危机,<0.1%,1.63,7,<0.1%,17.6%
16197,诡梦凶铃,<0.1%,1.55,3,<0.1%,5.5%
16198,心灵解码,<0.1%,1.00,3,<0.1%,3.4%
16199,从你的全世界路过,31.9%,7634.36,40,26.3%,29.9%
16200,湄公河行动,30.4%,7277.37,48,21.0%,37.8%
16201,爵迹,18.6%,4452.93,26,21.9%,18.7%
16202,王牌逗王牌,12.3%,2957.69,26,16.2%,23.8%
16203,逗鸟外传：萌宝满天飞,2.2%,539.09,28,2.6%,25.0%
16204,铠甲勇士捕王,1.5%,376.33,17,3.7%,16.8%
16205,我是哪吒,0.6%,147.34,11,2.1%,11.2%
16206,疯狂丑小鸭,0.5%,129.83,12,1.6%,12.1%
16207,七月与安生,0.2%,56.84,20,0.3%,26.1%
16208,樱桃小丸子：来自意大利的少年,0.2%,48.41,19,0.3%,19.6%
16209,幽灵医院,0.1%,37.88,7,0.8%,9.1%
16210,地球四季,0.1%,35.97,18,0.2%,19.0%
16211,星际迷航3：超越星辰,0.1%,27.78,28,<0.1%,24.0%
16212,冰川时代5：星际碰撞,0.1%,24.09,32,0.1%,29.1%
16213,九条命,<0.1%,21.06,25,0.1%,31.0%
16214,大话西游3,<0.1%,19.04,7,0.3%,9.5%
16215,我的战争,<0.1%,16.51,14,0.1%,15.9%
16216,反贪风暴2,<0.1%,10.09,9,0.1%,13.3%
16217,追凶者也,<0.1%,8.71,11,<0.1%,13.7%
16218,鲨滩,<0.1%,7.65,12,<0.1%,13.8%
16219,神兽金刚之青龙再现,<0.1%,6.48,16,<0.1%,17.1%
16220,新木偶奇遇记,<0.1%,5.84,6,0.1%,6.8%
16221,新大头儿子和小头爸爸2一日成才,<0.1%,4.82,25,<0.1%,20.3%
16222,我们诞生在中国,<0.1%,4.63,25,<0.1%,22.8%
16223,麦兜·饭宝奇兵,<0.1%,4.16,7,<0.1%,10.7%
16224,诡梦凶铃,<0.1%,3.21,6,<0.1%,11.1%
16225,箭士柳白猿,<0.1%,1.62,41,<0.1%,--
16226,巴黎危机,<0.1%,1.07,5,<0.1%,11.3%
16227,心灵解码,<0.1%,1.04,2,<0.1%,3.4%
16228,湄公河行动,34.7%,7694.36,48,22.9%,35.2%
16229,从你的全世界路过,29.9%,6618.46,35,26.2%,26.2%
16230,爵迹,15.0%,3336.67,22,19.6%,16.4%
16231,王牌逗王牌,10.5%,2323.82,23,14.7%,21.8%
16232,鲁滨逊漂流记,4.3%,953.87,27,5.1%,26.7%
16233,逗鸟外传：萌宝满天飞,1.7%,392.68,26,2.0%,22.6%
16234,铠甲勇士捕王,1.1%,259.07,15,2.9%,15.0%
16235,我是哪吒,0.3%,72.73,9,1.2%,10.1%
16236,疯狂丑小鸭,0.2%,62.89,9,0.9%,9.6%
16237,七月与安生,0.2%,51.02,18,0.3%,23.2%
16238,樱桃小丸子：来自意大利的少年,0.1%,32.45,18,0.2%,18.6%
16239,幽灵医院,0.1%,31.33,7,0.7%,8.4%
16240,地球四季,0.1%,30.68,16,0.2%,16.9%
16241,星际迷航3：超越星辰,0.1%,25.87,24,<0.1%,19.7%
16242,冰川时代5：星际碰撞,<0.1%,20.49,29,0.1%,27.5%
16243,九条命,<0.1%,18.41,23,0.1%,29.6%
16244,我的战争,<0.1%,16.05,15,0.1%,17.0%
16245,大话西游3,<0.1%,14.52,7,0.2%,9.8%
16246,新东方神娃,<0.1%,9.63,4,0.4%,4.1%
16247,反贪风暴2,<0.1%,9.36,10,0.1%,12.8%
16248,鲨滩,<0.1%,7.79,12,<0.1%,14.3%
16249,追凶者也,<0.1%,7.44,9,<0.1%,12.1%
16250,神兽金刚之青龙再现,<0.1%,4.85,17,<0.1%,18.1%
16251,新大头儿子和小头爸爸2一日成才,<0.1%,4.77,29,<0.1%,24.9%
16252,我们诞生在中国,<0.1%,3.66,21,<0.1%,25.4%
16253,麦兜·饭宝奇兵,<0.1%,2.97,6,<0.1%,10.0%
16254,新木偶奇遇记,<0.1%,2.41,4,0.1%,5.4%
16255,诡梦凶铃,<0.1%,1.51,3,<0.1%,5.7%
16256,心灵解码,<0.1%,1.37,3,<0.1%,5.0%
16257,湄公河行动,40.4%,8594.39,50,24.7%,35.2%
16258,从你的全世界路过,27.8%,5918.60,32,26.1%,24.0%
16259,爵迹,12.4%,2653.33,19,18.2%,14.5%
16260,王牌逗王牌,9.5%,2025.54,21,13.9%,20.6%
16261,鲁滨逊漂流记,4.6%,983.70,24,6.1%,22.4%
16262,逗鸟外传：萌宝满天飞,1.6%,353.43,24,2.0%,20.6%
16263,铠甲勇士捕王,1.0%,219.71,14,2.7%,13.5%
16264,我是哪吒,0.2%,56.33,8,1.0%,9.0%
16265,七月与安生,0.2%,52.04,17,0.3%,21.9%
16266,疯狂丑小鸭,0.2%,47.48,8,0.8%,8.8%
16267,地球四季,0.1%,36.14,18,0.2%,18.8%
16268,樱桃小丸子：来自意大利的少年,0.1%,28.95,16,0.2%,15.9%
16269,幽灵医院,0.1%,28.85,6,0.7%,8.0%
16270,星际迷航3：超越星辰,0.1%,23.17,23,<0.1%,17.3%
16271,冰川时代5：星际碰撞,<0.1%,20.60,25,0.1%,22.9%
16272,九条命,<0.1%,17.28,21,0.1%,25.3%
16273,我的战争,<0.1%,14.80,13,0.1%,14.7%
16274,大话西游3,<0.1%,13.71,6,0.3%,8.8%
16275,反贪风暴2,<0.1%,8.83,12,0.1%,15.5%
16276,追凶者也,<0.1%,7.92,10,<0.1%,12.3%
16277,神兽金刚之青龙再现,<0.1%,7.74,23,<0.1%,21.6%
16278,鲨滩,<0.1%,6.96,11,<0.1%,12.6%
16279,李三娘,<0.1%,5.77,40,<0.1%,--
16280,新大头儿子和小头爸爸2一日成才,<0.1%,4.90,24,<0.1%,20.3%
16281,我们诞生在中国,<0.1%,3.72,19,<0.1%,22.9%
16282,新东方神娃,<0.1%,3.57,3,0.2%,2.7%
16283,麦兜·饭宝奇兵,<0.1%,2.71,5,<0.1%,9.2%
16284,新木偶奇遇记,<0.1%,1.93,4,<0.1%,4.4%
16285,黑处有什么,<0.1%,1.45,101,<0.1%,77.0%
16286,诡梦凶铃,<0.1%,1.34,3,<0.1%,4.7%
16287,心灵解码,<0.1%,1.13,3,<0.1%,4.2%
16288,湄公河行动,44.1%,9108.55,49,26.5%,34.4%
16289,从你的全世界路过,26.1%,5390.02,29,25.6%,22.5%
16290,爵迹,11.1%,2301.68,17,17.2%,13.4%
16291,王牌逗王牌,8.8%,1825.49,20,13.5%,19.6%
16292,鲁滨逊漂流记,4.7%,985.82,22,6.6%,20.6%
16293,逗鸟外传：萌宝满天飞,1.6%,335.49,22,2.0%,19.6%
16294,铠甲勇士捕王,0.9%,197.19,13,2.7%,12.8%
16295,我是哪吒,0.2%,51.66,8,1.0%,8.9%
16296,七月与安生,0.2%,50.08,16,0.3%,20.2%
16297,地球四季,0.2%,44.91,21,0.2%,21.7%
16298,疯狂丑小鸭,0.1%,41.16,8,0.7%,9.0%
16299,幽灵医院,0.1%,30.26,7,0.7%,8.4%
16300,樱桃小丸子：来自意大利的少年,0.1%,30.17,16,0.2%,15.7%
16301,星际迷航3：超越星辰,0.1%,23.43,21,0.1%,16.6%
16302,冰川时代5：星际碰撞,<0.1%,17.68,22,0.1%,20.4%
16303,九条命,<0.1%,16.09,19,0.1%,22.1%
16304,我的战争,<0.1%,15.36,14,0.1%,16.1%
16305,大话西游3,<0.1%,10.44,5,0.2%,6.5%
16306,追凶者也,<0.1%,7.54,10,<0.1%,11.6%
16307,鲨滩,<0.1%,7.13,10,<0.1%,11.6%
16308,反贪风暴2,<0.1%,6.74,8,0.1%,9.4%
16309,我们诞生在中国,<0.1%,5.25,25,<0.1%,26.4%
16310,新大头儿子和小头爸爸2一日成才,<0.1%,5.21,25,<0.1%,21.7%
16311,李三娘,<0.1%,4.80,35,<0.1%,--
16312,神兽金刚之青龙再现,<0.1%,4.64,14,<0.1%,16.2%
16313,麦兜·饭宝奇兵,<0.1%,4.32,8,<0.1%,13.0%
16314,诡梦凶铃,<0.1%,3.02,6,<0.1%,9.8%
16315,新东方神娃,<0.1%,2.38,3,0.1%,2.4%
16316,新木偶奇遇记,<0.1%,1.51,3,<0.1%,4.4%
16317,巴黎危机,<0.1%,1.26,6,<0.1%,17.8%
16318,湄公河行动,47.5%,7996.65,41,27.8%,28.6%
16319,从你的全世界路过,24.0%,4045.46,23,25.2%,17.5%
16320,爵迹,9.7%,1635.38,13,16.7%,9.8%
16321,王牌逗王牌,7.9%,1339.41,15,13.2%,14.9%
16322,鲁滨逊漂流记,5.3%,897.01,19,6.8%,18.3%
16323,逗鸟外传：萌宝满天飞,1.7%,290.88,20,2.0%,17.4%
16324,铠甲勇士捕王,1.0%,184.55,12,2.6%,12.6%
16325,地球四季,0.2%,44.75,20,0.3%,20.3%
16326,我是哪吒,0.2%,43.25,7,0.9%,7.9%
16327,疯狂丑小鸭,0.2%,37.86,8,0.6%,9.1%
16328,七月与安生,0.2%,37.26,13,0.3%,15.7%
16329,幽灵医院,0.1%,21.59,5,0.7%,6.2%
16330,樱桃小丸子：来自意大利的少年,0.1%,20.81,12,0.2%,12.6%
16331,我的战争,<0.1%,16.31,16,0.1%,17.3%
16332,星际迷航3：超越星辰,<0.1%,15.97,16,<0.1%,11.7%
16333,九条命,<0.1%,13.18,17,0.1%,20.6%
16334,冰川时代5：星际碰撞,<0.1%,13.15,17,0.1%,16.0%
16335,李三娘,<0.1%,11.68,58,<0.1%,--
16336,大话西游3,<0.1%,9.19,5,0.2%,6.7%
16337,追凶者也,<0.1%,5.79,8,<0.1%,10.0%
16338,鲨滩,<0.1%,5.48,8,<0.1%,9.5%
16339,新大头儿子和小头爸爸2一日成才,<0.1%,5.47,26,<0.1%,18.2%
16340,反贪风暴2,<0.1%,5.43,6,0.1%,7.8%
16341,神兽金刚之青龙再现,<0.1%,4.21,14,<0.1%,14.9%
16342,我们诞生在中国,<0.1%,3.90,24,<0.1%,30.9%
16343,巴黎危机,<0.1%,2.42,14,<0.1%,29.0%
16344,麦兜·饭宝奇兵,<0.1%,1.97,4,<0.1%,7.5%
16345,新东方神娃,<0.1%,1.75,3,0.1%,2.5%
16346,新木偶奇遇记,<0.1%,1.52,3,<0.1%,4.4%
16347,湄公河行动,53.9%,5168.48,28,30.0%,18.9%
16348,从你的全世界路过,25.0%,2402.61,15,25.9%,11.4%
16349,爵迹,9.4%,906.53,8,16.6%,6.0%
16350,王牌逗王牌,7.8%,751.45,9,14.1%,8.8%
16351,鲁滨逊漂流记,0.9%,89.59,3,5.2%,2.6%
16352,逗鸟外传：萌宝满天飞,0.3%,31.18,4,1.3%,3.0%
16353,幽灵医院,0.2%,24.85,5,0.9%,6.6%
16354,七月与安生,0.2%,24.69,7,0.5%,8.8%
16355,地球四季,0.1%,11.06,5,0.3%,4.5%
16356,新大头儿子和小头爸爸2一日成才,<0.1%,9.33,69,<0.1%,59.2%
16357,铠甲勇士捕王,<0.1%,7.93,1,1.5%,0.9%
16358,疯狂丑小鸭,<0.1%,7.26,4,0.3%,3.7%
16359,星际迷航3：超越星辰,<0.1%,6.07,6,0.1%,4.7%
16360,追凶者也,<0.1%,4.81,5,0.1%,5.0%
16361,反贪风暴2,<0.1%,4.46,4,0.1%,4.5%
16362,大话西游3,<0.1%,4.18,2,0.3%,2.4%
16363,九条命,<0.1%,3.98,6,0.1%,6.6%
16364,樱桃小丸子：来自意大利的少年,<0.1%,3.55,4,0.1%,4.1%
16365,鲨滩,<0.1%,2.43,5,<0.1%,6.1%
16366,我是哪吒,<0.1%,2.28,1,0.6%,0.6%
16367,李三娘,<0.1%,1.95,13,<0.1%,--
16368,我的战争,<0.1%,1.73,3,<0.1%,3.9%
16369,我们诞生在中国,<0.1%,1.21,9,<0.1%,10.8%
16370,冰川时代5：星际碰撞,<0.1%,1.13,3,<0.1%,3.2%
16371,终极硬汉,<0.1%,1.10,251,<0.1%,100%
16372,湄公河行动,55.2%,5144.61,27,31.2%,18.3%
16373,从你的全世界路过,23.9%,2225.55,14,25.8%,10.9%
16374,爵迹,8.6%,809.20,7,16.0%,5.7%
16375,王牌逗王牌,7.9%,740.02,9,13.9%,8.9%
16376,鲁滨逊漂流记,0.9%,88.76,3,4.7%,2.8%
16377,逗鸟外传：萌宝满天飞,0.3%,29.06,4,1.2%,3.1%
16378,七月与安生,0.2%,27.34,8,0.5%,8.5%
16379,幽灵医院,0.2%,20.91,4,0.9%,4.9%
16380,地球四季,0.1%,13.66,6,0.4%,5.2%
16381,新大头儿子和小头爸爸2一日成才,0.1%,13.30,100,<0.1%,63.1%
16382,宾虚,0.1%,11.28,7,0.2%,2.9%
16383,疯狂丑小鸭,0.1%,10.70,6,0.2%,7.2%
16384,我的战争,0.1%,10.20,17,0.1%,21.0%
16385,反贪风暴2,<0.1%,7.55,7,0.2%,8.9%
16386,铠甲勇士捕王,<0.1%,6.02,1,1.2%,0.9%
16387,星际迷航3：超越星辰,<0.1%,5.84,7,0.1%,5.6%
16388,追凶者也,<0.1%,5.61,4,0.1%,5.2%
16389,大话西游3,<0.1%,5.02,2,0.3%,2.8%
16390,我是哪吒,<0.1%,4.40,2,0.5%,1.4%
16391,我们诞生在中国,<0.1%,4.09,17,<0.1%,21.8%
16392,樱桃小丸子：来自意大利的少年,<0.1%,4.01,5,0.1%,5.1%
16393,那年我对你的承诺,<0.1%,3.81,2,0.5%,1.9%
16394,毛丰美,<0.1%,1.71,82,<0.1%,58.8%
16395,盗墓笔记,<0.1%,1.60,458,<0.1%,--
16396,新木偶奇遇记,<0.1%,1.28,4,<0.1%,7.9%
16397,冰川时代5：星际碰撞,<0.1%,1.04,4,<0.1%,4.2%
16398,李三娘,<0.1%,1.04,11,<0.1%,--
16399,湄公河行动,53.9%,3702.50,20,30.1%,14.0%
16400,从你的全世界路过,21.7%,1495.50,11,21.6%,9.4%
16401,宾虚,7.0%,485.11,5,18.0%,2.9%
16402,爵迹,6.8%,472.08,6,11.4%,5.6%
16403,王牌逗王牌,6.5%,452.70,8,10.4%,7.8%
16404,鲁滨逊漂流记,0.5%,39.30,3,3.0%,2.2%
16405,幽灵医院,0.2%,16.05,4,0.8%,4.8%
16406,七月与安生,0.2%,15.50,6,0.3%,7.3%
16407,新大头儿子和小头爸爸2一日成才,0.2%,13.87,111,<0.1%,62.4%
16408,逗鸟外传：萌宝满天飞,0.1%,9.73,3,0.6%,2.1%
16409,疯狂丑小鸭,0.1%,7.58,8,0.1%,11.1%
16410,驴得水,0.1%,6.87,133,<0.1%,100%
16411,地球四季,<0.1%,6.08,3,0.3%,2.7%
16412,毛丰美,<0.1%,4.51,116,<0.1%,56.5%
16413,我的战争,<0.1%,2.86,9,<0.1%,14.0%
16414,反贪风暴2,<0.1%,2.76,4,0.1%,4.4%
16415,辣警霸王花,<0.1%,2.69,129,<0.1%,--
16416,追凶者也,<0.1%,2.32,3,0.1%,4.3%
16417,樱桃小丸子：来自意大利的少年,<0.1%,2.32,5,<0.1%,4.6%
16418,大话西游3,<0.1%,2.28,2,0.2%,2.1%
16419,星际迷航3：超越星辰,<0.1%,2.17,4,<0.1%,4.2%
16420,铠甲勇士捕王,<0.1%,2.14,1,0.6%,0.6%
16421,我是哪吒,<0.1%,2.00,2,0.3%,1.5%
16422,不许动,<0.1%,1.80,172,<0.1%,--
16423,遵义会议,<0.1%,1.42,2,0.1%,1.9%
16424,新东方神娃,<0.1%,1.42,10,<0.1%,18.4%
16425,那年我对你的承诺,<0.1%,1.39,2,0.2%,1.8%
16426,麦兜响当当,<0.1%,1.20,115,<0.1%,69.7%
16427,爱神箭,<0.1%,1.19,298,<0.1%,--
16428,湄公河行动,54.6%,3296.43,18,31.3%,12.0%
16429,从你的全世界路过,22.5%,1363.20,10,22.5%,8.4%
16430,王牌逗王牌,7.3%,440.87,7,10.8%,7.3%
16431,宾虚,5.9%,361.60,4,15.6%,2.5%
16432,爵迹,5.3%,321.66,5,11.2%,4.0%
16433,鲁滨逊漂流记,0.5%,34.56,2,2.9%,1.9%
16434,幽灵医院,0.2%,16.41,4,0.8%,4.4%
16435,七月与安生,0.2%,15.85,6,0.4%,6.1%
16436,新大头儿子和小头爸爸2一日成才,0.2%,15.12,127,<0.1%,100%
16437,逗鸟外传：萌宝满天飞,0.1%,11.24,3,0.6%,2.5%
16438,疯狂丑小鸭,0.1%,7.68,10,0.1%,13.7%
16439,地球四季,0.1%,6.38,3,0.3%,2.8%
16440,毛丰美,<0.1%,6.00,134,<0.1%,98.2%
16441,反贪风暴2,<0.1%,4.17,5,0.1%,4.9%
16442,大话西游3,<0.1%,3.24,2,0.2%,2.5%
16443,遵义会议,<0.1%,2.94,4,0.1%,4.4%
16444,我的战争,<0.1%,2.83,8,<0.1%,10.6%
16445,追凶者也,<0.1%,2.29,3,0.1%,3.4%
16446,星际迷航3：超越星辰,<0.1%,2.14,5,<0.1%,5.0%
16447,我是哪吒,<0.1%,2.09,2,0.2%,2.0%
16448,铠甲勇士捕王,<0.1%,1.70,1,0.5%,0.6%
16449,巴黎危机,<0.1%,1.37,8,<0.1%,13.0%
16450,那年我对你的承诺,<0.1%,1.20,1,0.2%,1.3%
16451,我们诞生在中国,<0.1%,1.01,12,<0.1%,14.8%
16452,湄公河行动,53.9%,3022.35,16,32.1%,10.7%
16453,从你的全世界路过,22.5%,1264.04,9,23.0%,7.5%
16454,王牌逗王牌,7.8%,441.07,7,11.2%,7.0%
16455,爵迹,5.2%,293.20,4,11.3%,3.6%
16456,宾虚,5.0%,285.28,4,13.7%,2.3%
16457,鲁滨逊漂流记,0.6%,36.87,3,2.9%,2.1%
16458,新大头儿子和小头爸爸2一日成才,0.3%,18.90,144,<0.1%,100%
16459,幽灵医院,0.2%,16.44,4,0.9%,4.0%
16460,七月与安生,0.2%,16.40,5,0.5%,5.7%
16461,毛丰美,0.2%,15.87,108,<0.1%,83.2%
16462,疯狂丑小鸭,0.2%,13.37,14,0.1%,21.4%
16463,逗鸟外传：萌宝满天飞,0.2%,13.00,4,0.6%,3.0%
16464,勇士,0.1%,8.95,247,<0.1%,--
16465,我的战争,0.1%,8.41,17,<0.1%,26.0%
16466,地球四季,0.1%,7.85,4,0.3%,3.2%
16467,反贪风暴2,<0.1%,5.30,5,0.1%,5.4%
16468,遵义会议,<0.1%,4.62,7,0.1%,7.1%
16469,追凶者也,<0.1%,3.42,4,0.1%,4.2%
16470,大话西游3,<0.1%,2.50,2,0.2%,2.0%
16471,冰川时代5：星际碰撞,<0.1%,2.46,16,<0.1%,17.2%
16472,星际迷航3：超越星辰,<0.1%,2.42,5,<0.1%,4.5%
16473,铠甲勇士捕王,<0.1%,1.57,1,0.5%,0.6%
16474,樱桃小丸子：来自意大利的少年,<0.1%,1.48,4,<0.1%,4.1%
16475,三个孬家伙,<0.1%,1.46,49,<0.1%,100%
16476,驴得水,<0.1%,1.44,117,<0.1%,58.8%
16477,我是哪吒,<0.1%,1.17,1,0.2%,1.0%
16478,那年我对你的承诺,<0.1%,1.06,1,0.2%,1.5%
16479,湄公河行动,53.4%,2736.75,14,32.5%,9.5%
16480,从你的全世界路过,22.3%,1143.58,8,23.3%,6.7%
16481,王牌逗王牌,8.1%,419.51,7,11.5%,6.5%
16482,爵迹,5.2%,270.57,4,11.1%,3.3%
16483,宾虚,4.5%,233.57,3,12.4%,2.1%
16484,鲁滨逊漂流记,0.7%,36.47,3,2.8%,2.1%
16485,圆梦巨人,0.4%,22.13,8,0.4%,3.6%
16486,新大头儿子和小头爸爸2一日成才,0.3%,18.89,123,<0.1%,88.7%
16487,七月与安生,0.3%,16.61,5,0.5%,5.6%
16488,幽灵医院,0.3%,15.42,3,0.9%,3.8%
16489,毛丰美,0.2%,12.50,107,<0.1%,87.7%
16490,疯狂丑小鸭,0.2%,11.28,13,0.1%,17.8%
16491,逗鸟外传：萌宝满天飞,0.1%,9.33,3,0.6%,2.1%
16492,暗杀游戏,0.1%,8.66,11,0.1%,8.7%
16493,我的战争,0.1%,6.56,14,<0.1%,23.7%
16494,遵义会议,0.1%,6.08,9,0.1%,9.9%
16495,地球四季,0.1%,5.90,3,0.3%,2.4%
16496,反贪风暴2,<0.1%,4.76,5,0.1%,4.9%
16497,大话西游3,<0.1%,3.27,2,0.2%,2.4%
16498,追凶者也,<0.1%,3.25,4,0.1%,3.7%
16499,五女拜寿,<0.1%,3.08,84,<0.1%,--
16500,李三娘,<0.1%,2.98,25,<0.1%,--
16501,星际迷航3：超越星辰,<0.1%,2.20,4,<0.1%,4.0%
16502,驴得水,<0.1%,1.85,68,<0.1%,59.6%
16503,不许动,<0.1%,1.73,105,<0.1%,--
16504,那年我对你的承诺,<0.1%,1.70,2,0.2%,2.3%
16505,铠甲勇士捕王,<0.1%,1.30,1,0.5%,0.5%
16506,樱桃小丸子：来自意大利的少年,<0.1%,1.24,3,<0.1%,2.9%
16507,湄公河行动,39.6%,3724.06,26,21.9%,18.5%
16508,圆梦巨人,23.2%,2187.52,13,25.5%,8.3%
16509,从你的全世界路过,12.7%,1193.07,15,11.7%,14.3%
16510,勇士,8.9%,844.27,15,9.9%,14.4%
16511,暗杀游戏,7.0%,657.48,7,15.0%,6.0%
16512,王牌逗王牌,1.9%,182.37,10,2.9%,11.1%
16513,黑处有什么,1.5%,141.40,7,3.4%,7.4%
16514,爵迹,1.1%,110.40,6,2.5%,6.4%
16515,宾虚,0.6%,63.45,4,2.2%,3.3%
16516,鲁滨逊漂流记,0.4%,42.34,7,1.0%,7.2%
16517,爱神箭,0.1%,15.17,8,0.3%,9.6%
16518,疯狂丑小鸭,0.1%,14.11,25,<0.1%,40.4%
16519,毛丰美,0.1%,11.48,132,<0.1%,88.8%
16520,逗鸟外传：萌宝满天飞,<0.1%,9.32,9,0.1%,9.0%
16521,新大头儿子和小头爸爸2一日成才,<0.1%,8.54,82,<0.1%,60.8%
16522,我的战争,<0.1%,7.07,26,<0.1%,47.0%
16523,幽灵医院,<0.1%,6.65,4,0.3%,5.7%
16524,地球四季,<0.1%,5.11,5,0.1%,4.3%
16525,遵义会议,<0.1%,4.86,16,<0.1%,23.7%
16526,七月与安生,<0.1%,4.55,8,<0.1%,11.4%
16527,铠甲勇士捕王,<0.1%,4.52,5,0.1%,5.5%
16528,我是哪吒,<0.1%,3.65,10,<0.1%,11.6%
16529,李三娘,<0.1%,3.11,25,<0.1%,--
16530,五女拜寿,<0.1%,2.99,82,<0.1%,--
16531,反贪风暴2,<0.1%,2.69,12,<0.1%,13.1%
16532,不许动,<0.1%,2.56,191,<0.1%,--
16533,T台魔王,<0.1%,2.38,3,0.2%,2.4%
16534,箭士柳白猿,<0.1%,2.34,49,<0.1%,--
16535,樱桃小丸子：来自意大利的少年,<0.1%,2.27,13,<0.1%,17.8%
16536,爱上处女座,<0.1%,2.27,1,0.6%,0.5%
16537,小熊的夏天,<0.1%,1.55,1,0.3%,1.2%
16538,驴得水,<0.1%,1.21,125,<0.1%,96.1%
16539,巴黎危机,<0.1%,1.05,13,<0.1%,39.2%
16540,终极硬汉,<0.1%,1.00,250,<0.1%,--
16541,湄公河行动,41.7%,6215.74,38,24.4%,26.2%
16542,圆梦巨人,26.1%,3891.63,22,24.9%,14.7%
16543,从你的全世界路过,14.2%,2115.88,23,13.0%,22.3%
16544,勇士,4.2%,639.43,16,6.8%,15.3%
16545,暗杀游戏,4.0%,604.78,7,12.6%,6.4%
16546,王牌逗王牌,2.3%,346.59,17,3.1%,19.2%
16547,鲁滨逊漂流记,2.3%,346.51,17,3.1%,16.8%
16548,爵迹,1.4%,219.95,12,2.5%,12.5%
16549,黑处有什么,1.0%,159.77,9,3.0%,8.8%
16550,宾虚,0.6%,102.48,7,1.8%,6.0%
16551,逗鸟外传：萌宝满天飞,0.3%,51.20,13,0.5%,12.9%
16552,铠甲勇士捕王,0.2%,30.31,9,0.6%,9.4%
16553,疯狂丑小鸭,0.1%,28.50,23,0.1%,30.9%
16554,地球四季,0.1%,17.70,11,0.2%,11.1%
16555,新大头儿子和小头爸爸2一日成才,<0.1%,14.31,72,<0.1%,85.2%
16556,幽灵医院,<0.1%,13.42,6,0.3%,9.2%
16557,爱神箭,<0.1%,12.04,11,0.2%,13.7%
16558,七月与安生,<0.1%,10.51,15,<0.1%,19.8%
16559,我是哪吒,<0.1%,6.42,5,0.2%,6.5%
16560,小熊的夏天,<0.1%,4.99,3,0.4%,3.2%
16561,毛丰美,<0.1%,4.97,208,<0.1%,62.6%
16562,我的战争,<0.1%,4.75,25,<0.1%,26.6%
16563,冰川时代5：星际碰撞,<0.1%,4.73,15,<0.1%,14.3%
16564,我们诞生在中国,<0.1%,4.23,111,<0.1%,100%
16565,李三娘,<0.1%,3.21,26,<0.1%,--
16566,五女拜寿,<0.1%,2.82,79,<0.1%,--
16567,樱桃小丸子：来自意大利的少年,<0.1%,2.61,7,<0.1%,9.2%
16568,星际迷航3：超越星辰,<0.1%,2.47,11,<0.1%,16.2%
16569,爱上处女座,<0.1%,2.41,2,0.3%,1.5%
16570,我的诗篇,<0.1%,2.23,53,<0.1%,100%
16571,巴黎危机,<0.1%,1.73,17,<0.1%,30.1%
16572,反贪风暴2,<0.1%,1.58,12,<0.1%,12.6%
16573,大话西游3,<0.1%,1.33,4,<0.1%,4.8%
16574,遵义会议,<0.1%,1.25,6,<0.1%,8.0%
16575,T台魔王,<0.1%,1.05,2,0.1%,2.2%
16576,湄公河行动,41.3%,4913.86,29,25.6%,19.6%
16577,圆梦巨人,25.3%,3020.64,17,24.5%,11.7%
16578,从你的全世界路过,14.4%,1724.60,18,13.8%,17.0%
16579,勇士,4.4%,531.92,14,6.5%,13.3%
16580,鲁滨逊漂流记,3.2%,388.98,17,3.6%,16.6%
16581,暗杀游戏,3.1%,378.72,6,10.9%,4.7%
16582,王牌逗王牌,2.6%,317.39,14,3.4%,15.9%
16583,爵迹,1.5%,186.66,10,2.6%,10.3%
16584,黑处有什么,0.9%,114.34,7,2.8%,6.7%
16585,宾虚,0.6%,79.53,6,1.7%,4.9%
16586,逗鸟外传：萌宝满天飞,0.4%,55.49,13,0.6%,12.4%
16587,铠甲勇士捕王,0.2%,32.81,9,0.7%,9.7%
16588,疯狂丑小鸭,0.2%,25.98,21,0.1%,26.8%
16589,地球四季,0.1%,18.63,12,0.2%,11.4%
16590,爱神箭,0.1%,14.33,12,0.2%,15.5%
16591,幽灵医院,<0.1%,9.08,4,0.3%,5.9%
16592,七月与安生,<0.1%,8.89,12,<0.1%,16.3%
16593,惊天破,<0.1%,7.90,160,<0.1%,--
16594,我是哪吒,<0.1%,7.04,5,0.2%,6.5%
16595,冰川时代5：星际碰撞,<0.1%,5.48,17,<0.1%,15.9%
16596,小熊的夏天,<0.1%,4.63,3,0.3%,3.4%
16597,李三娘,<0.1%,4.05,27,<0.1%,--
16598,五女拜寿,<0.1%,2.99,82,<0.1%,--
16599,毛丰美,<0.1%,2.88,241,<0.1%,45.2%
16600,樱桃小丸子：来自意大利的少年,<0.1%,2.75,8,<0.1%,7.7%
16601,我的战争,<0.1%,2.27,25,<0.1%,20.3%
16602,星际迷航3：超越星辰,<0.1%,1.87,10,<0.1%,13.9%
16603,我的诗篇,<0.1%,1.39,48,<0.1%,85.7%
16604,爱上处女座,<0.1%,1.36,1,0.2%,1.1%
16605,三个孬家伙,<0.1%,1.29,43,<0.1%,100%
16606,T台魔王,<0.1%,1.25,4,<0.1%,4.6%
16607,新大头儿子和小头爸爸2一日成才,<0.1%,1.24,19,<0.1%,17.2%
16608,大话西游3,<0.1%,1.15,4,<0.1%,4.1%
16609,那年我对你的承诺,<0.1%,1.01,4,<0.1%,7.4%
16610,湄公河行动,45.4%,1994.00,12,27.3%,8.3%
16611,圆梦巨人,20.6%,908.05,6,24.2%,4.0%
16612,从你的全世界路过,17.7%,779.16,8,15.2%,7.6%
16613,王牌逗王牌,3.6%,158.92,7,4.0%,7.2%
16614,暗杀游戏,3.3%,147.02,3,10.5%,2.1%
16615,勇士,3.1%,139.41,5,6.2%,4.3%
16616,爵迹,1.6%,72.39,4,2.8%,3.9%
16617,黑处有什么,1.0%,48.25,3,2.8%,3.2%
16618,宾虚,0.7%,33.49,3,1.9%,2.2%
16619,鲁滨逊漂流记,0.3%,16.28,2,1.6%,1.7%
16620,疯狂丑小鸭,0.2%,12.34,23,<0.1%,33.3%
16621,惊天破,0.2%,12.33,383,<0.1%,94.5%
16622,遵义会议,0.1%,7.90,23,<0.1%,37.8%
16623,幽灵医院,0.1%,6.98,3,0.4%,3.8%
16624,毛丰美,0.1%,6.05,107,<0.1%,65.4%
16625,爱神箭,0.1%,5.88,5,0.2%,6.1%
16626,李三娘,<0.1%,3.09,26,<0.1%,--
16627,五女拜寿,<0.1%,2.97,81,<0.1%,--
16628,七月与安生,<0.1%,2.94,7,<0.1%,10.4%
16629,逗鸟外传：萌宝满天飞,<0.1%,2.61,2,0.2%,1.6%
16630,地球四季,<0.1%,2.51,2,0.2%,1.7%
16631,驴得水,<0.1%,1.57,151,<0.1%,92.0%
16632,湄公河行动,44.5%,1816.99,11,28.1%,7.5%
16633,圆梦巨人,20.5%,839.56,6,23.6%,3.8%
16634,从你的全世界路过,18.4%,752.82,8,15.9%,7.1%
16635,王牌逗王牌,3.9%,162.17,7,4.4%,6.9%
16636,暗杀游戏,3.1%,129.08,3,9.6%,2.1%
16637,勇士,3.0%,124.48,4,6.1%,4.0%
16638,爵迹,1.6%,69.35,4,2.9%,3.6%
16639,黑处有什么,0.9%,37.62,3,2.6%,2.8%
16640,宾虚,0.7%,32.16,3,1.8%,2.2%
16641,鲁滨逊漂流记,0.3%,14.62,2,1.5%,1.6%
16642,惊天破,0.3%,13.03,306,<0.1%,100%
16643,毛丰美,0.2%,12.20,124,<0.1%,73.7%
16644,疯狂丑小鸭,0.2%,10.11,21,<0.1%,29.3%
16645,遵义会议,0.1%,7.90,25,<0.1%,37.4%
16646,幽灵医院,0.1%,7.72,3,0.4%,4.0%
16647,五女拜寿,0.1%,4.56,55,<0.1%,--
16648,爱神箭,0.1%,4.28,5,0.2%,5.4%
16649,地球四季,<0.1%,3.92,4,0.2%,3.1%
16650,逗鸟外传：萌宝满天飞,<0.1%,3.83,3,0.2%,2.5%
16651,驴得水,<0.1%,3.27,152,<0.1%,100.0%
16652,李三娘,<0.1%,3.04,28,<0.1%,--
16653,七月与安生,<0.1%,3.03,6,<0.1%,7.9%
16654,凶手还未睡,<0.1%,2.25,79,<0.1%,71.5%
16655,铠甲勇士捕王,<0.1%,1.63,2,0.2%,1.9%
16656,湄公河行动,43.8%,1683.95,10,28.5%,6.8%
16657,圆梦巨人,20.2%,779.05,6,23.3%,3.6%
16658,从你的全世界路过,18.9%,729.64,8,16.4%,6.6%
16659,王牌逗王牌,4.4%,171.06,7,4.6%,6.9%
16660,暗杀游戏,2.9%,113.86,3,9.1%,1.9%
16661,勇士,2.9%,111.76,4,5.9%,3.6%
16662,爵迹,1.7%,67.33,4,3.0%,3.5%
16663,黑处有什么,0.9%,35.15,3,2.4%,2.7%
16664,宾虚,0.8%,31.32,3,1.8%,2.1%
16665,毛丰美,0.3%,15.07,129,<0.1%,75.3%
16666,鲁滨逊漂流记,0.3%,14.87,2,1.5%,1.7%
16667,遵义会议,0.3%,11.63,31,<0.1%,44.1%
16668,疯狂丑小鸭,0.2%,8.94,18,<0.1%,25.3%
16669,惊天破,0.2%,8.14,92,<0.1%,81.7%
16670,幽灵医院,0.1%,7.56,3,0.5%,3.8%
16671,七月与安生,<0.1%,3.47,6,<0.1%,7.5%
16672,逗鸟外传：萌宝满天飞,<0.1%,3.38,3,0.2%,2.3%
16673,地球四季,<0.1%,3.15,3,0.2%,2.1%
16674,李三娘,<0.1%,3.09,27,<0.1%,--
16675,五女拜寿,<0.1%,2.91,76,<0.1%,--
16676,我是哪吒,<0.1%,2.19,7,<0.1%,6.9%
16677,爱神箭,<0.1%,2.19,3,0.1%,3.3%
16678,T台魔王,<0.1%,1.95,13,<0.1%,19.4%
16679,新大头儿子和小头爸爸2一日成才,<0.1%,1.42,25,<0.1%,42.1%
16680,冲天火,<0.1%,1.10,139,<0.1%,100.0%
16681,我的战争,<0.1%,1.04,20,<0.1%,31.1%
16682,惊天破,39.9%,2068.89,22,14.7%,15.7%
16683,湄公河行动,27.7%,1439.65,9,26.4%,6.4%
16684,从你的全世界路过,11.1%,578.04,7,14.8%,5.7%
16685,圆梦巨人,9.6%,502.60,4,18.7%,2.8%
16686,机械师2：复活,2.9%,152.41,29,0.8%,16.7%
16687,王牌逗王牌,1.8%,96.86,5,3.9%,4.5%
16688,勇士,1.5%,80.98,4,4.6%,3.3%
16689,暗杀游戏,0.9%,48.13,2,6.2%,1.2%
16690,爵迹,0.9%,47.71,3,2.3%,3.1%
16691,黑处有什么,0.4%,22.74,3,1.6%,2.6%
16692,侠探杰克：永不回头,0.4%,21.58,5,0.7%,2.6%
16693,遵义会议,0.3%,17.42,44,<0.1%,60.9%
16694,宾虚,0.3%,16.44,2,1.3%,1.4%
16695,毛丰美,0.2%,12.27,117,<0.1%,68.6%
16696,鲁滨逊漂流记,0.1%,9.19,2,1.1%,1.4%
16697,五女拜寿,0.1%,9.16,119,<0.1%,--
16698,疯狂丑小鸭,0.1%,7.83,17,<0.1%,23.9%
16699,幽灵医院,<0.1%,4.90,3,0.4%,3.4%
16700,地球四季,<0.1%,3.46,3,0.2%,2.5%
16701,凶手还未睡,<0.1%,3.32,23,<0.1%,18.7%
16702,李三娘,<0.1%,2.90,26,<0.1%,--
16703,七月与安生,<0.1%,2.47,5,<0.1%,6.2%
16704,逗鸟外传：萌宝满天飞,<0.1%,2.37,2,0.2%,1.8%
16705,驴得水,<0.1%,2.23,8,<0.1%,23.6%
16706,爱神箭,<0.1%,2.11,5,0.1%,5.5%
16707,小明和他的小伙伴们,<0.1%,1.86,88,<0.1%,69.4%
16708,我的战争,<0.1%,1.43,24,<0.1%,25.6%
16709,异性合租的往事,<0.1%,1.34,43,<0.1%,100%
16710,龙珠Z：复活的弗利萨,<0.1%,1.15,4,<0.1%,2.8%
16711,机械师2：复活,49.8%,5164.87,27,27.7%,18.6%
16712,惊天破,19.3%,2005.32,12,24.3%,9.0%
16713,湄公河行动,12.0%,1248.78,20,9.3%,18.8%
16714,侠探杰克：永不回头,10.6%,1106.94,9,19.0%,6.6%
16715,从你的全世界路过,2.0%,217.38,13,2.4%,14.9%
16716,龙珠Z：复活的弗利萨,1.8%,193.57,4,8.6%,3.4%
16717,圆梦巨人,1.8%,190.30,11,2.4%,10.0%
16718,勇士,0.4%,47.38,10,0.7%,11.8%
16719,凶手还未睡,0.3%,41.03,4,2.0%,3.5%
16720,遵义会议,0.1%,18.11,57,<0.1%,87.8%
16721,毛丰美,0.1%,13.98,130,<0.1%,70.5%
16722,黑处有什么,0.1%,11.27,20,<0.1%,24.9%
16723,疯狂丑小鸭,0.1%,10.89,44,<0.1%,70.4%
16724,五女拜寿,<0.1%,8.99,116,<0.1%,--
16725,王牌逗王牌,<0.1%,8.35,5,0.2%,6.5%
16726,爵迹,<0.1%,7.33,6,0.1%,6.6%
16727,鲁滨逊漂流记,<0.1%,6.92,7,0.1%,8.5%
16728,热血雷锋侠之激情营救,<0.1%,5.07,2,0.7%,1.6%
16729,异性合租的往事,<0.1%,4.81,2,0.3%,2.9%
16730,杠上开花,<0.1%,3.20,2,0.3%,1.7%
16731,李三娘,<0.1%,3.07,24,<0.1%,100%
16732,地球四季,<0.1%,2.54,26,<0.1%,33.1%
16733,暗杀游戏,<0.1%,2.43,2,0.1%,2.7%
16734,幽灵医院,<0.1%,2.38,3,0.1%,6.2%
16735,星际迷航3：超越星辰,<0.1%,2.03,102,<0.1%,71.8%
16736,驴得水,<0.1%,1.41,17,<0.1%,51.4%
16737,不许动,<0.1%,1.21,200,<0.1%,--
16738,冰川时代5：星际碰撞,<0.1%,1.20,20,<0.1%,23.7%
16739,爱神箭,<0.1%,1.13,11,<0.1%,22.6%
16740,宾虚,<0.1%,1.05,2,<0.1%,3.6%
16741,我的战争,<0.1%,1.00,31,<0.1%,56.7%
16742,机械师2：复活,43.3%,6300.44,29,29.9%,18.9%
16743,湄公河行动,16.6%,2415.50,31,11.0%,28.5%
16744,惊天破,15.4%,2240.11,14,21.5%,11.1%
16745,侠探杰克：永不回头,10.2%,1495.77,14,15.8%,10.4%
16746,圆梦巨人,4.1%,606.26,25,3.2%,24.1%
16747,从你的全世界路过,3.2%,470.51,22,2.9%,25.4%
16748,龙珠Z：复活的弗利萨,2.7%,399.30,7,8.4%,7.1%
16749,驴得水,1.3%,189.79,53,0.4%,45.4%
16750,鲁滨逊漂流记,0.8%,121.21,22,0.8%,22.7%
16751,凶手还未睡,0.3%,50.59,5,1.7%,5.0%
16752,勇士,0.2%,32.95,8,0.6%,9.5%
16753,呼吸正常,0.2%,32.57,116,<0.1%,100%
16754,王牌逗王牌,0.1%,20.54,11,0.3%,13.6%
16755,爵迹,0.1%,17.98,11,0.1%,13.7%
16756,疯狂丑小鸭,0.1%,16.50,36,<0.1%,56.1%
16757,黑处有什么,<0.1%,13.66,24,<0.1%,32.0%
16758,热血雷锋侠之激情营救,<0.1%,12.69,3,0.8%,3.0%
16759,逗鸟外传：萌宝满天飞,<0.1%,12.08,16,0.1%,17.1%
16760,异性合租的往事,<0.1%,7.95,4,0.3%,5.8%
16761,遵义会议,<0.1%,7.73,29,<0.1%,35.3%
16762,杠上开花,<0.1%,5.82,4,0.2%,4.9%
16763,暗杀游戏,<0.1%,5.01,5,0.1%,6.2%
16764,幽灵医院,<0.1%,4.45,6,0.1%,12.1%
16765,铠甲勇士捕王,<0.1%,4.24,7,0.1%,7.7%
16766,李三娘,<0.1%,3.61,32,<0.1%,100%
16767,五女拜寿,<0.1%,3.31,75,<0.1%,--
16768,地球四季,<0.1%,2.64,17,<0.1%,22.1%
16769,我的诗篇,<0.1%,2.28,71,<0.1%,100%
16770,毛丰美,<0.1%,2.25,188,<0.1%,36.2%
16771,冰川时代5：星际碰撞,<0.1%,2.22,15,<0.1%,12.9%
16772,小明和他的小伙伴们,<0.1%,1.99,111,<0.1%,60.9%
16773,七月与安生,<0.1%,1.62,13,<0.1%,21.4%
16774,宾虚,<0.1%,1.59,5,<0.1%,7.7%
16775,非常父子档,<0.1%,1.53,94,<0.1%,83.0%
16776,我是哪吒,<0.1%,1.49,6,<0.1%,10.8%
16777,爱神箭,<0.1%,1.16,13,<0.1%,18.5%
16778,机械师2：复活,42.6%,5012.24,23,30.4%,14.7%
16779,湄公河行动,17.7%,2090.35,24,12.8%,20.5%
16780,惊天破,14.2%,1676.01,12,20.0%,9.2%
16781,侠探杰克：永不回头,9.7%,1150.70,12,14.6%,8.8%
16782,圆梦巨人,5.3%,630.89,22,3.9%,20.2%
16783,从你的全世界路过,3.8%,456.26,17,3.6%,18.9%
16784,龙珠Z：复活的弗利萨,2.7%,322.46,7,7.6%,6.3%
16785,鲁滨逊漂流记,1.4%,174.76,22,1.2%,22.3%
16786,勇士,0.2%,34.12,8,0.6%,10.1%
16787,凶手还未睡,0.2%,33.34,4,1.6%,3.6%
16788,王牌逗王牌,0.1%,22.16,10,0.3%,12.7%
16789,疯狂丑小鸭,0.1%,18.32,36,<0.1%,60.5%
16790,爵迹,0.1%,17.43,9,0.2%,10.3%
16791,黑处有什么,0.1%,16.66,28,<0.1%,42.1%
16792,热血雷锋侠之激情营救,0.1%,12.84,3,0.7%,3.4%
16793,异性合租的往事,<0.1%,8.63,5,0.3%,6.9%
16794,遵义会议,<0.1%,8.41,32,<0.1%,37.8%
16795,五女拜寿,<0.1%,8.25,119,<0.1%,--
16796,逗鸟外传：萌宝满天飞,<0.1%,6.79,16,<0.1%,14.8%
16797,铠甲勇士捕王,<0.1%,6.34,8,0.1%,9.1%
16798,地球四季,<0.1%,4.89,20,<0.1%,26.0%
16799,李三娘,<0.1%,3.46,29,<0.1%,100%
16800,幽灵医院,<0.1%,3.33,4,0.1%,7.8%
16801,驴得水,<0.1%,3.25,41,<0.1%,75.6%
16802,小明和他的小伙伴们,<0.1%,2.85,147,<0.1%,72.0%
16803,毛丰美,<0.1%,2.52,211,<0.1%,40.0%
16804,我的诗篇,<0.1%,2.34,90,<0.1%,100%
16805,七月与安生,<0.1%,2.33,14,<0.1%,21.6%
16806,暗杀游戏,<0.1%,1.98,2,0.1%,2.7%
16807,杠上开花,<0.1%,1.71,2,0.2%,1.6%
16808,我是哪吒,<0.1%,1.58,5,<0.1%,6.6%
16809,T台魔王,<0.1%,1.45,49,<0.1%,100%
16810,宾虚,<0.1%,1.18,4,<0.1%,6.1%
16811,机械师2：复活,45.9%,2158.83,11,31.4%,6.8%
16812,湄公河行动,17.6%,826.14,10,14.3%,8.0%
16813,惊天破,15.4%,725.80,6,19.9%,4.5%
16814,侠探杰克：永不回头,10.0%,472.94,6,14.6%,4.0%
16815,从你的全世界路过,4.5%,212.85,8,4.4%,8.0%
16816,圆梦巨人,2.1%,102.54,4,3.7%,3.7%
16817,龙珠Z：复活的弗利萨,1.0%,47.57,2,5.5%,1.3%
16818,勇士,0.6%,28.34,6,0.8%,6.5%
16819,凶手还未睡,0.4%,20.55,3,1.7%,2.4%
16820,王牌逗王牌,0.2%,11.21,4,0.4%,5.0%
16821,爵迹,0.2%,9.97,5,0.2%,5.7%
16822,毛丰美,0.1%,8.66,126,<0.1%,69.1%
16823,黑处有什么,0.1%,8.04,13,0.1%,15.4%
16824,疯狂丑小鸭,0.1%,6.93,34,<0.1%,45.8%
16825,遵义会议,0.1%,6.17,25,<0.1%,33.7%
16826,五女拜寿,0.1%,5.39,101,<0.1%,--
16827,异性合租的往事,0.1%,4.99,2,0.3%,2.6%
16828,鲁滨逊漂流记,<0.1%,4.64,2,0.3%,2.0%
16829,李三娘,<0.1%,3.27,25,<0.1%,--
16830,热血雷锋侠之激情营救,<0.1%,2.87,2,0.3%,1.3%
16831,小明和他的小伙伴们,<0.1%,1.97,329,<0.1%,96.1%
16832,幽灵医院,<0.1%,1.74,2,0.1%,3.7%
16833,杠上开花,<0.1%,1.47,1,0.2%,1.2%
16834,暗杀游戏,<0.1%,1.25,1,0.2%,1.1%
16835,Hi，高考君,<0.1%,1.10,75,<0.1%,--
16836,机械师2：复活,44.2%,1936.57,10,31.6%,6.1%
16837,湄公河行动,18.8%,823.26,9,15.2%,7.4%
16838,惊天破,14.8%,648.91,6,19.2%,4.2%
16839,侠探杰克：永不回头,10.4%,455.33,6,14.2%,4.1%
16840,从你的全世界路过,5.0%,220.45,7,4.9%,7.5%
16841,圆梦巨人,2.3%,104.93,4,3.9%,3.7%
16842,龙珠Z：复活的弗利萨,0.8%,37.60,2,4.8%,1.2%
16843,勇士,0.7%,32.89,7,0.8%,7.4%
16844,凶手还未睡,0.4%,18.47,2,1.6%,2.2%
16845,王牌逗王牌,0.2%,12.94,4,0.5%,4.9%
16846,毛丰美,0.2%,10.31,111,<0.1%,73.2%
16847,爵迹,0.2%,9.57,5,0.2%,5.3%
16848,遵义会议,0.1%,8.36,29,<0.1%,32.8%
16849,黑处有什么,0.1%,7.89,12,0.1%,14.8%
16850,疯狂丑小鸭,0.1%,7.05,33,<0.1%,48.5%
16851,异性合租的往事,0.1%,4.99,2,0.3%,2.9%
16852,鲁滨逊漂流记,0.1%,4.85,3,0.3%,2.3%
16853,李三娘,<0.1%,3.05,20,<0.1%,--
16854,驴得水,<0.1%,2.48,104,<0.1%,95.6%
16855,幽灵医院,<0.1%,2.14,3,0.1%,4.4%
16856,四渡赤水,<0.1%,1.86,11,<0.1%,35.0%
16857,地球四季,<0.1%,1.45,9,<0.1%,10.4%
16858,暗杀游戏,<0.1%,1.19,1,0.2%,0.8%
16859,七月与安生,<0.1%,1.17,5,<0.1%,7.4%
16860,杠上开花,<0.1%,1.04,1,0.2%,1.0%
16861,Hi，高考君,<0.1%,1.03,104,<0.1%,--
16862,机械师2：复活,42.8%,1692.86,9,31.7%,5.3%
16863,湄公河行动,19.0%,752.44,8,15.7%,6.6%
16864,惊天破,14.5%,575.67,5,18.8%,3.9%
16865,侠探杰克：永不回头,10.5%,416.83,5,13.9%,3.8%
16866,从你的全世界路过,5.4%,215.25,7,5.3%,6.6%
16867,圆梦巨人,2.4%,95.98,4,3.8%,3.5%
16868,勇士,0.9%,35.63,8,0.9%,8.8%
16869,龙珠Z：复活的弗利萨,0.8%,32.39,2,4.5%,1.2%
16870,凶手还未睡,0.4%,16.97,2,1.6%,2.1%
16871,毛丰美,0.3%,15.51,111,<0.1%,75.3%
16872,王牌逗王牌,0.3%,13.37,4,0.6%,4.6%
16873,遵义会议,0.2%,10.69,34,<0.1%,41.9%
16874,爵迹,0.2%,8.67,4,0.2%,4.3%
16875,疯狂丑小鸭,0.1%,7.77,36,<0.1%,49.6%
16876,黑处有什么,0.1%,7.58,10,0.1%,13.6%
16877,鲁滨逊漂流记,0.1%,6.49,3,0.3%,3.0%
16878,五女拜寿,0.1%,3.95,85,<0.1%,--
16879,李三娘,<0.1%,3.91,22,<0.1%,--
16880,异性合租的往事,<0.1%,3.77,2,0.3%,2.4%
16881,小明和他的小伙伴们,<0.1%,2.09,164,<0.1%,75.6%
16882,大会师,<0.1%,1.92,3,0.1%,3.4%
16883,幽灵医院,<0.1%,1.92,2,0.1%,3.8%
16884,驴得水,<0.1%,1.33,50,<0.1%,41.8%
16885,我是哪吒,<0.1%,1.24,13,<0.1%,17.8%
16886,非常父子档,<0.1%,1.17,63,<0.1%,98.1%
16887,七月与安生,<0.1%,1.10,5,<0.1%,6.3%
16888,杠上开花,<0.1%,1.08,1,0.2%,1.0%
16889,Hi，高考君,<0.1%,1.03,104,<0.1%,--
16890,机械师2：复活,41.1%,1536.64,8,31.3%,4.8%
16891,湄公河行动,19.3%,722.90,8,15.8%,6.2%
16892,惊天破,14.2%,531.39,5,18.5%,3.6%
16893,侠探杰克：永不回头,10.6%,395.88,5,13.6%,3.6%
16894,从你的全世界路过,5.7%,214.03,6,5.5%,6.3%
16895,圆梦巨人,2.3%,89.30,4,3.8%,3.2%
16896,勇士,1.2%,44.96,9,0.9%,9.8%
16897,但丁密码,0.9%,35.66,8,0.6%,3.9%
16898,龙珠Z：复活的弗利萨,0.7%,27.75,2,4.2%,1.0%
16899,黑处有什么,0.4%,15.98,16,0.1%,22.1%
16900,凶手还未睡,0.3%,14.57,2,1.5%,1.9%
16901,毛丰美,0.3%,14.14,116,<0.1%,80.9%
16902,王牌逗王牌,0.3%,13.35,4,0.6%,4.2%
16903,遵义会议,0.2%,9.29,30,<0.1%,44.8%
16904,驴得水,0.2%,9.29,8,0.2%,5.9%
16905,疯狂丑小鸭,0.1%,5.75,33,<0.1%,41.7%
16906,爵迹,0.1%,5.40,3,0.2%,3.2%
16907,李三娘,0.1%,3.93,25,<0.1%,--
16908,鲁滨逊漂流记,0.1%,3.78,2,0.3%,1.8%
16909,五女拜寿,<0.1%,3.21,52,<0.1%,--
16910,育婴室,<0.1%,2.53,10,<0.1%,8.6%
16911,小明和他的小伙伴们,<0.1%,2.05,22,<0.1%,19.1%
16912,幽灵医院,<0.1%,1.71,2,0.1%,3.3%
16913,异性合租的往事,<0.1%,1.27,1,0.3%,1.0%
16914,我的战争,<0.1%,1.25,17,<0.1%,44.5%
16915,大会师,<0.1%,1.21,2,0.1%,2.7%
16916,七月与安生,<0.1%,1.18,5,<0.1%,6.3%
16917,大火种,<0.1%,1.17,69,<0.1%,100%
16918,我是哪吒,<0.1%,1.06,10,<0.1%,14.5%
16919,Hi，高考君,<0.1%,1.03,104,<0.1%,--
16920,杠上开花,<0.1%,1.01,1,0.2%,1.0%
16921,但丁密码,32.7%,2422.60,15,25.2%,9.5%
16922,驴得水,21.2%,1575.84,10,24.8%,8.3%
16923,机械师2：复活,18.8%,1392.63,15,13.9%,11.4%
16924,湄公河行动,8.9%,661.00,16,6.4%,14.8%
16925,魔发精灵,6.0%,444.33,6,11.3%,4.8%
16926,小明和他的小伙伴们,2.8%,213.92,9,5.1%,8.5%
16927,育婴室,2.0%,155.21,9,3.1%,9.2%
16928,惊天破,2.0%,148.39,7,3.2%,6.9%
16929,侠探杰克：永不回头,1.2%,89.95,7,1.9%,7.3%
16930,从你的全世界路过,0.9%,69.64,10,1.0%,12.2%
16931,勇士,0.5%,39.83,29,0.2%,34.0%
16932,枕边有张脸2,0.5%,38.91,6,1.3%,6.4%
16933,圆梦巨人,0.4%,33.46,9,0.5%,11.1%
16934,黑处有什么,0.2%,19.36,47,<0.1%,84.7%
16935,毛丰美,0.2%,16.00,127,<0.1%,78.5%
16936,遵义会议,0.1%,12.96,45,<0.1%,61.6%
16937,龙珠Z：复活的弗利萨,<0.1%,5.38,3,0.2%,3.7%
16938,捉迷藏,<0.1%,3.62,243,<0.1%,71.5%
16939,大会师,<0.1%,3.07,16,<0.1%,28.8%
16940,疯狂丑小鸭,<0.1%,3.04,31,<0.1%,58.1%
16941,鲁滨逊漂流记,<0.1%,2.67,5,<0.1%,7.3%
16942,盛先生的花儿,<0.1%,2.57,103,<0.1%,100%
16943,五女拜寿,<0.1%,1.88,43,<0.1%,--
16944,非常父子档,<0.1%,1.79,47,<0.1%,47.6%
16945,王牌逗王牌,<0.1%,1.66,3,0.1%,5.0%
16946,大火种,<0.1%,1.59,80,<0.1%,100%
16947,爵迹,<0.1%,1.44,4,<0.1%,4.0%
16948,李三娘,<0.1%,1.33,14,<0.1%,100%
16949,凶手还未睡,<0.1%,1.25,2,<0.1%,3.3%
16950,麦兜响当当,<0.1%,1.20,202,<0.1%,74.6%
16951,Hi，高考君,<0.1%,1.03,104,<0.1%,--
16952,那年我对你的承诺,<0.1%,1.01,27,<0.1%,100%
16953,但丁密码,29.3%,3500.95,21,24.3%,13.2%
16954,机械师2：复活,19.0%,2270.65,21,14.8%,16.7%
16955,驴得水,18.2%,2181.50,15,22.3%,12.0%
16956,魔发精灵,12.2%,1457.87,16,13.4%,13.5%
16957,湄公河行动,10.8%,1297.79,24,7.7%,22.8%
16958,小明和他的小伙伴们,2.1%,261.10,11,4.5%,11.4%
16959,惊天破,1.7%,207.25,10,2.8%,10.7%
16960,侠探杰克：永不回头,1.2%,153.44,12,1.7%,13.3%
16961,育婴室,1.2%,149.26,9,2.9%,9.3%
16962,从你的全世界路过,1.0%,127.04,19,0.9%,22.1%
16963,圆梦巨人,0.9%,107.50,17,0.8%,18.7%
16964,枕边有张脸2,0.3%,45.47,7,1.2%,8.3%
16965,鲁滨逊漂流记,0.2%,24.64,12,0.3%,12.7%
16966,黑处有什么,0.1%,20.84,49,<0.1%,100%
16967,勇士,0.1%,17.98,20,0.1%,24.9%
16968,龙珠Z：复活的弗利萨,<0.1%,10.66,4,0.4%,4.6%
16969,捉迷藏,<0.1%,7.57,297,<0.1%,77.3%
16970,非常父子档,<0.1%,6.59,28,<0.1%,27.0%
16971,王牌逗王牌,<0.1%,4.27,7,0.1%,10.7%
16972,毛丰美,<0.1%,3.99,148,<0.1%,53.9%
16973,我的诗篇,<0.1%,3.17,65,<0.1%,100%
16974,大会师,<0.1%,2.98,18,<0.1%,36.9%
16975,爵迹,<0.1%,2.86,5,<0.1%,6.7%
16976,盛先生的花儿,<0.1%,2.79,184,<0.1%,99.6%
16977,杠上开花,<0.1%,2.77,11,<0.1%,15.9%
16978,李三娘,<0.1%,2.25,16,<0.1%,100%
16979,遵义会议,<0.1%,1.83,17,<0.1%,17.7%
16980,五女拜寿,<0.1%,1.69,39,<0.1%,--
16981,逗鸟外传：萌宝满天飞,<0.1%,1.36,9,<0.1%,9.5%
16982,Hi，高考君,<0.1%,1.33,107,<0.1%,--
16983,铠甲勇士捕王,<0.1%,1.21,4,<0.1%,4.8%
16984,地球四季,<0.1%,1.16,13,<0.1%,17.1%
16985,但丁密码,26.0%,2572.28,16,23.8%,9.9%
16986,驴得水,20.8%,2062.48,15,21.4%,11.9%
16987,机械师2：复活,18.3%,1815.17,16,15.5%,12.7%
16988,魔发精灵,13.6%,1349.40,15,13.4%,12.6%
16989,湄公河行动,10.6%,1052.75,18,8.4%,16.6%
16990,小明和他的小伙伴们,2.2%,223.39,10,4.4%,10.1%
16991,惊天破,1.8%,180.63,9,2.7%,9.4%
16992,侠探杰克：永不回头,1.3%,134.65,11,1.7%,12.0%
16993,从你的全世界路过,1.1%,116.68,15,1.1%,16.4%
16994,圆梦巨人,1.0%,103.91,15,0.9%,15.7%
16995,育婴室,1.0%,103.67,6,2.8%,6.5%
16996,枕边有张脸2,0.3%,33.47,5,1.2%,5.7%
16997,鲁滨逊漂流记,0.2%,23.98,11,0.3%,11.2%
16998,黑处有什么,0.2%,20.53,48,<0.1%,86.6%
16999,捉迷藏,0.1%,16.60,232,<0.1%,76.3%
17000,勇士,0.1%,15.58,20,0.1%,25.8%
17001,龙珠Z：复活的弗利萨,0.1%,12.09,5,0.4%,5.3%
17002,王牌逗王牌,<0.1%,6.27,8,0.1%,10.3%
17003,盛先生的花儿,<0.1%,5.14,156,<0.1%,--
17004,我的诗篇,<0.1%,3.44,64,<0.1%,84.1%
17005,毛丰美,<0.1%,3.35,224,<0.1%,53.8%
17006,爵迹,<0.1%,2.45,5,<0.1%,5.3%
17007,大会师,<0.1%,2.34,15,<0.1%,27.7%
17008,铠甲勇士捕王,<0.1%,1.90,6,<0.1%,6.2%
17009,热血雷锋侠之激情营救,<0.1%,1.84,6,<0.1%,11.0%
17010,五女拜寿,<0.1%,1.76,43,<0.1%,--
17011,Hi，高考君,<0.1%,1.35,78,<0.1%,--
17012,逗鸟外传：萌宝满天飞,<0.1%,1.34,8,<0.1%,8.4%
17013,凶手还未睡,<0.1%,1.32,3,<0.1%,3.8%
17014,地球四季,<0.1%,1.29,15,<0.1%,20.5%
17015,非常父子档,<0.1%,1.24,23,<0.1%,24.6%
17016,驴得水,26.3%,1094.20,9,21.8%,6.8%
17017,但丁密码,24.5%,1019.81,7,24.0%,4.4%
17018,机械师2：复活,20.5%,853.87,8,16.8%,6.0%
17019,湄公河行动,10.8%,450.17,9,8.7%,7.3%
17020,魔发精灵,4.0%,167.77,3,10.1%,2.2%
17021,小明和他的小伙伴们,2.4%,100.17,5,4.6%,4.7%
17022,育婴室,2.3%,98.39,6,3.2%,5.9%
17023,惊天破,2.3%,98.21,5,3.0%,5.0%
17024,从你的全世界路过,1.3%,58.10,7,1.3%,7.3%
17025,侠探杰克：永不回头,1.3%,53.99,4,2.0%,4.5%
17026,枕边有张脸2,0.8%,35.94,5,1.5%,5.2%
17027,勇士,0.5%,24.23,22,0.1%,26.5%
17028,黑处有什么,0.4%,19.41,41,<0.1%,64.9%
17029,圆梦巨人,0.3%,16.45,3,0.8%,3.3%
17030,捉迷藏,0.2%,11.30,166,<0.1%,100%
17031,遵义会议,0.1%,4.34,27,<0.1%,44.4%
17032,五女拜寿,<0.1%,3.64,47,<0.1%,--
17033,毛丰美,<0.1%,3.52,131,<0.1%,54.0%
17034,李三娘,<0.1%,2.97,24,<0.1%,--
17035,王牌逗王牌,<0.1%,2.41,3,0.1%,4.0%
17036,龙珠Z：复活的弗利萨,<0.1%,2.01,2,0.2%,1.7%
17037,爵迹,<0.1%,1.63,4,<0.1%,3.9%
17038,Hi，高考君,<0.1%,1.34,90,<0.1%,--
17039,大会师,<0.1%,1.34,7,<0.1%,13.2%
17040,凶手还未睡,<0.1%,1.27,2,0.1%,2.8%
17041,我的圣途,<0.1%,1.05,176,<0.1%,97.9%
17042,盛先生的花儿,<0.1%,1.00,86,<0.1%,100%
17043,非常父子档,<0.1%,1.00,200,<0.1%,--
17044,驴得水,28.3%,1103.72,9,21.1%,7.0%
17045,但丁密码,22.9%,893.72,7,22.3%,4.0%
17046,机械师2：复活,19.9%,776.96,8,16.4%,5.5%
17047,湄公河行动,11.3%,441.70,9,8.9%,7.4%
17048,魔发精灵,3.1%,122.14,3,8.1%,2.0%
17049,钢铁骑士,2.5%,99.05,3,7.3%,2.3%
17050,小明和他的小伙伴们,2.1%,83.46,5,4.0%,4.6%
17051,惊天破,2.0%,79.03,5,2.6%,4.7%
17052,从你的全世界路过,1.4%,56.60,7,1.4%,7.0%
17053,育婴室,1.3%,51.43,4,2.4%,4.3%
17054,侠探杰克：永不回头,1.1%,45.76,4,1.7%,4.4%
17055,勇士,0.4%,17.34,17,0.1%,21.3%
17056,枕边有张脸2,0.4%,16.62,3,1.1%,3.6%
17057,一句顶一万句,0.3%,14.28,185,<0.1%,--
17058,圆梦巨人,0.3%,12.69,3,0.6%,3.1%
17059,黑处有什么,0.2%,11.46,36,<0.1%,54.4%
17060,捉迷藏,0.2%,7.80,93,<0.1%,51.4%
17061,遵义会议,0.1%,6.12,32,<0.1%,54.7%
17062,毛丰美,0.1%,5.10,122,<0.1%,54.9%
17063,李三娘,<0.1%,3.21,27,<0.1%,--
17064,五女拜寿,<0.1%,2.93,80,<0.1%,--
17065,鲁滨逊漂流记,<0.1%,2.78,5,<0.1%,4.8%
17066,辣警霸王花,<0.1%,1.62,41,<0.1%,--
17067,凶手还未睡,<0.1%,1.04,3,<0.1%,3.8%
17068,驴得水,30.3%,1100.15,9,21.0%,6.9%
17069,但丁密码,22.2%,806.67,7,20.8%,3.9%
17070,机械师2：复活,19.3%,702.01,7,16.3%,5.0%
17071,湄公河行动,10.8%,392.35,8,8.8%,7.3%
17072,魔发精灵,3.1%,115.01,3,6.9%,2.2%
17073,脑残粉,2.1%,77.57,3,6.5%,2.2%
17074,小明和他的小伙伴们,1.9%,72.28,5,3.5%,4.6%
17075,惊天破,1.7%,61.76,4,2.2%,4.2%
17076,从你的全世界路过,1.3%,48.11,6,1.3%,6.2%
17077,钢铁骑士,1.1%,42.64,2,5.8%,1.2%
17078,侠探杰克：永不回头,1.1%,42.02,4,1.4%,4.5%
17079,育婴室,1.1%,40.51,4,2.1%,3.9%
17080,勇士,0.5%,18.77,19,0.1%,20.2%
17081,枕边有张脸2,0.3%,13.46,3,0.9%,3.4%
17082,捉迷藏,0.3%,11.94,152,<0.1%,78.7%
17083,黑处有什么,0.3%,11.72,38,<0.1%,48.5%
17084,圆梦巨人,0.2%,9.28,3,0.5%,2.9%
17085,毛丰美,0.2%,8.04,135,<0.1%,66.4%
17086,遵义会议,0.1%,6.70,37,<0.1%,58.9%
17087,五女拜寿,0.1%,4.55,76,<0.1%,--
17088,李三娘,<0.1%,3.03,22,<0.1%,--
17089,那年我对你的承诺,<0.1%,1.86,50,<0.1%,100%
17090,刑警兄弟,<0.1%,1.10,69,<0.1%,97.6%
17091,凶手还未睡,<0.1%,1.08,3,<0.1%,4.6%
17092,驴得水,28.0%,1066.00,9,21.3%,6.4%
17093,但丁密码,18.8%,715.63,6,20.3%,3.5%
17094,机械师2：复活,17.0%,650.74,6,16.4%,4.6%
17095,湄公河行动,10.4%,398.26,8,9.0%,7.1%
17096,奇异博士,10.4%,396.87,36,1.4%,17.3%
17097,魔发精灵,2.5%,95.89,3,6.7%,1.9%
17098,小明和他的小伙伴们,1.7%,67.94,5,3.4%,4.3%
17099,惊天破,1.4%,56.83,4,2.2%,3.8%
17100,脑残粉,1.3%,50.31,2,5.6%,1.6%
17101,从你的全世界路过,1.2%,48.74,6,1.3%,6.0%
17102,侠探杰克：永不回头,1.0%,38.12,4,1.4%,4.3%
17103,育婴室,0.9%,36.22,4,2.0%,3.6%
17104,钢铁骑士,0.8%,30.55,2,5.0%,1.0%
17105,我的圣途,0.6%,23.49,9,0.4%,9.8%
17106,勇士,0.5%,20.93,21,0.1%,25.1%
17107,捉迷藏,0.4%,15.88,13,0.1%,9.9%
17108,枕边有张脸2,0.3%,13.19,3,0.9%,3.2%
17109,毛丰美,0.2%,10.87,135,<0.1%,71.8%
17110,圆梦巨人,0.2%,9.98,3,0.5%,3.0%
17111,遵义会议,0.2%,8.89,43,<0.1%,64.5%
17112,黑处有什么,0.1%,7.20,26,<0.1%,32.4%
17113,爱的蟹逅,0.1%,4.76,1058,<0.1%,100.0%
17114,李三娘,<0.1%,3.12,25,<0.1%,--
17115,五女拜寿,<0.1%,2.86,74,<0.1%,--
17116,大火种,<0.1%,1.52,77,<0.1%,--
17117,凶手还未睡,<0.1%,1.45,4,<0.1%,5.5%
17118,盛先生的花儿,<0.1%,1.30,50,<0.1%,31.4%
17119,奇异博士,68.1%,8143.57,29,36.5%,17.9%
17120,捉迷藏,10.1%,1214.82,13,14.1%,11.3%
17121,驴得水,5.8%,702.34,17,6.1%,16.3%
17122,一句顶一万句,3.4%,410.84,7,10.3%,6.5%
17123,蜡笔小新：梦境世界大突击,2.6%,312.82,7,8.3%,6.4%
17124,湄公河行动,2.2%,263.17,20,2.2%,20.2%
17125,但丁密码,1.9%,232.22,11,3.0%,9.8%
17126,机械师2：复活,1.7%,209.18,9,3.3%,8.5%
17127,非常父子档,1.3%,163.73,5,5.7%,4.5%
17128,魔发精灵,0.4%,52.26,7,1.1%,6.3%
17129,笑林足球,0.2%,26.23,3,1.5%,3.0%
17130,勇士,0.1%,23.09,41,<0.1%,52.1%
17131,恐怖笔记,0.1%,21.74,4,0.9%,4.4%
17132,从你的全世界路过,0.1%,15.31,9,0.2%,10.3%
17133,不离不弃,0.1%,13.60,3,0.9%,2.7%
17134,盛先生的花儿,0.1%,12.99,2,1.2%,1.7%
17135,遵义会议,0.1%,12.06,60,<0.1%,69.9%
17136,狱中惊魂,0.1%,12.00,5,0.4%,5.3%
17137,小明和他的小伙伴们,<0.1%,11.51,7,0.3%,9.1%
17138,我的圣途,<0.1%,9.47,14,0.1%,17.9%
17139,惊天破,<0.1%,7.13,4,0.2%,6.0%
17140,毛丰美,<0.1%,6.45,108,<0.1%,57.2%
17141,育婴室,<0.1%,5.73,4,0.2%,5.2%
17142,脑残粉,<0.1%,4.71,3,0.3%,2.4%
17143,侠探杰克：永不回头,<0.1%,3.24,4,0.1%,6.7%
17144,钢铁骑士,<0.1%,3.06,2,0.4%,1.3%
17145,枕边有张脸2,<0.1%,2.68,3,0.1%,5.7%
17146,圆梦巨人,<0.1%,2.19,4,<0.1%,4.9%
17147,建党伟业,<0.1%,2.12,1,0.4%,1.0%
17148,奇异博士,67.6%,12012.77,39,38.6%,24.1%
17149,捉迷藏,8.3%,1477.93,15,14.2%,13.4%
17150,驴得水,6.6%,1182.60,24,7.1%,22.9%
17151,蜡笔小新：梦境世界大突击,3.9%,709.58,13,9.8%,12.4%
17152,湄公河行动,2.4%,437.03,27,2.6%,27.8%
17153,魔发精灵,2.3%,419.48,18,3.3%,16.6%
17154,但丁密码,2.0%,367.08,18,2.6%,17.1%
17155,机械师2：复活,1.8%,336.66,14,3.3%,13.4%
17156,一句顶一万句,1.4%,257.30,6,7.2%,5.9%
17157,非常父子档,1.1%,199.59,8,4.2%,7.4%
17158,爵迹,0.6%,107.51,140,<0.1%,100%
17159,从你的全世界路过,0.2%,36.59,16,0.3%,20.0%
17160,恐怖笔记,0.1%,27.04,6,0.8%,6.4%
17161,笑林足球,0.1%,22.74,4,0.9%,4.0%
17162,小明和他的小伙伴们,0.1%,18.90,11,0.3%,14.0%
17163,圆梦巨人,<0.1%,12.08,10,0.1%,13.3%
17164,勇士,<0.1%,11.49,29,<0.1%,24.0%
17165,惊天破,<0.1%,11.44,6,0.2%,9.0%
17166,盛先生的花儿,<0.1%,10.69,3,0.6%,3.2%
17167,不离不弃,<0.1%,10.40,4,0.5%,3.8%
17168,我的圣途,<0.1%,8.52,15,<0.1%,19.0%
17169,育婴室,<0.1%,8.45,5,0.2%,7.4%
17170,狱中惊魂,<0.1%,7.29,4,0.3%,4.4%
17171,侠探杰克：永不回头,<0.1%,5.34,7,0.1%,11.8%
17172,脑残粉,<0.1%,5.28,3,0.2%,4.1%
17173,枕边有张脸2,<0.1%,5.09,5,0.1%,8.9%
17174,钢铁骑士,<0.1%,4.87,3,0.3%,2.6%
17175,毛丰美,<0.1%,3.73,178,<0.1%,44.9%
17176,我的诗篇,<0.1%,3.00,69,<0.1%,100%
17177,辣警霸王花,<0.1%,1.84,115,<0.1%,--
17178,遵义会议,<0.1%,1.60,38,<0.1%,67.8%
17179,被劫持的爱情,<0.1%,1.33,2,0.1%,2.9%
17180,诡咒,<0.1%,1.19,3,<0.1%,3.3%
17181,奇异博士,64.7%,9426.05,31,38.9%,18.9%
17182,捉迷藏,8.2%,1195.99,13,13.8%,11.2%
17183,驴得水,7.5%,1098.79,20,7.8%,19.5%
17184,蜡笔小新：梦境世界大突击,4.2%,621.46,11,9.5%,11.2%
17185,魔发精灵,3.0%,438.21,17,3.5%,16.3%
17186,一句顶一万句,2.8%,416.12,9,7.0%,9.0%
17187,湄公河行动,2.7%,394.82,22,3.0%,22.3%
17188,但丁密码,2.0%,292.51,15,2.6%,14.0%
17189,机械师2：复活,1.8%,271.75,11,3.4%,10.8%
17190,非常父子档,1.0%,151.77,7,3.8%,6.3%
17191,从你的全世界路过,0.2%,30.90,12,0.3%,14.5%
17192,爵迹,0.1%,24.81,91,<0.1%,100%
17193,恐怖笔记,0.1%,18.06,4,0.7%,4.3%
17194,笑林足球,0.1%,16.23,4,0.8%,3.4%
17195,小明和他的小伙伴们,0.1%,15.48,9,0.3%,11.3%
17196,外公芳龄38,0.1%,15.40,163,<0.1%,--
17197,圆梦巨人,<0.1%,12.39,10,0.1%,12.4%
17198,惊天破,<0.1%,10.89,5,0.2%,8.2%
17199,盛先生的花儿,<0.1%,9.95,4,0.4%,3.8%
17200,勇士,<0.1%,9.21,24,<0.1%,24.4%
17201,育婴室,<0.1%,5.92,4,0.2%,5.1%
17202,我的圣途,<0.1%,5.54,10,<0.1%,12.8%
17203,不离不弃,<0.1%,5.33,3,0.4%,2.4%
17204,狱中惊魂,<0.1%,4.99,3,0.2%,3.4%
17205,侠探杰克：永不回头,<0.1%,4.89,6,0.1%,9.8%
17206,钢铁骑士,<0.1%,4.40,2,0.3%,2.4%
17207,枕边有张脸2,<0.1%,3.82,4,0.1%,6.7%
17208,脑残粉,<0.1%,3.37,3,0.2%,2.8%
17209,毛丰美,<0.1%,2.43,162,<0.1%,92.1%
17210,那年我对你的承诺,<0.1%,1.83,48,<0.1%,100%
17211,我的诗篇,<0.1%,1.74,48,<0.1%,73.0%
17212,贫穷富爸爸,<0.1%,1.07,46,<0.1%,33.7%
17213,奇异博士,61.4%,3378.58,12,39.5%,7.4%
17214,捉迷藏,10.7%,588.23,7,14.6%,5.7%
17215,驴得水,8.7%,480.68,8,9.5%,7.8%
17216,一句顶一万句,6.6%,366.15,9,6.9%,8.5%
17217,湄公河行动,2.7%,151.28,8,3.5%,8.1%
17218,机械师2：复活,2.5%,139.40,5,4.2%,5.0%
17219,但丁密码,1.8%,102.34,5,3.1%,4.7%
17220,蜡笔小新：梦境世界大突击,1.5%,85.05,3,6.4%,2.4%
17221,非常父子档,0.9%,51.71,3,3.8%,2.4%
17222,魔发精灵,0.3%,21.78,2,1.6%,1.8%
17223,从你的全世界路过,0.2%,15.92,6,0.4%,6.7%
17224,勇士,0.2%,11.26,27,<0.1%,22.8%
17225,恐怖笔记,0.1%,10.94,3,0.7%,3.0%
17226,小明和他的小伙伴们,0.1%,7.72,4,0.4%,4.8%
17227,惊天破,0.1%,6.60,3,0.2%,4.9%
17228,笑林足球,0.1%,5.75,2,0.8%,1.3%
17229,毛丰美,<0.1%,4.90,182,<0.1%,56.2%
17230,盛先生的花儿,<0.1%,4.42,2,0.4%,2.0%
17231,育婴室,<0.1%,4.23,3,0.3%,3.5%
17232,狱中惊魂,<0.1%,3.98,3,0.2%,2.9%
17233,遵义会议,<0.1%,3.24,35,<0.1%,81.6%
17234,五女拜寿,<0.1%,2.87,74,<0.1%,--
17235,侠探杰克：永不回头,<0.1%,2.43,3,0.1%,4.1%
17236,钢铁骑士,<0.1%,2.32,1,0.3%,1.0%
17237,贫穷富爸爸,<0.1%,2.21,111,<0.1%,57.6%
17238,不离不弃,<0.1%,2.14,1,0.4%,1.1%
17239,我的圣途,<0.1%,1.89,4,<0.1%,4.0%
17240,那年我对你的承诺,<0.1%,1.76,97,<0.1%,100%
17241,枕边有张脸2,<0.1%,1.63,2,0.2%,2.8%
17242,脑残粉,<0.1%,1.54,2,0.1%,1.7%
17243,外公芳龄38,<0.1%,1.38,92,<0.1%,70.7%
17244,圆梦巨人,<0.1%,1.23,2,0.1%,2.3%
17245,龙珠Z：复活的弗利萨,<0.1%,1.13,7,<0.1%,9.2%
17246,奇异博士,61.3%,3089.85,12,38.0%,7.1%
17247,捉迷藏,10.1%,509.50,7,12.8%,5.8%
17248,驴得水,9.2%,468.36,9,9.0%,8.1%
17249,邻家大贱谍,6.6%,335.82,5,13.9%,3.8%
17250,湄公河行动,2.7%,140.27,8,3.3%,8.3%
17251,机械师2：复活,2.1%,106.65,5,3.4%,4.8%
17252,但丁密码,1.6%,85.52,6,2.4%,5.3%
17253,一句顶一万句,1.2%,64.67,4,3.6%,3.4%
17254,蜡笔小新：梦境世界大突击,1.1%,59.54,3,4.4%,2.6%
17255,非常父子档,0.5%,28.87,2,2.5%,2.2%
17256,勇士,0.3%,18.45,33,<0.1%,35.3%
17257,魔发精灵,0.3%,18.10,3,1.2%,2.1%
17258,从你的全世界路过,0.2%,13.28,6,0.4%,6.4%
17259,比利·林恩的中场战事,0.1%,10.05,1005,<0.1%,--
17260,恐怖笔记,0.1%,9.02,3,0.6%,3.1%
17261,小明和他的小伙伴们,0.1%,7.13,5,0.4%,5.2%
17262,五女拜寿,0.1%,6.09,106,<0.1%,--
17263,惊天破,0.1%,5.09,3,0.2%,4.9%
17264,遵义会议,<0.1%,4.51,52,<0.1%,57.0%
17265,育婴室,<0.1%,4.08,3,0.3%,3.2%
17266,盛先生的花儿,<0.1%,3.21,3,0.2%,2.7%
17267,笑林足球,<0.1%,2.61,1,0.5%,1.0%
17268,侠探杰克：永不回头,<0.1%,1.88,3,0.1%,4.4%
17269,脑残粉,<0.1%,1.61,2,0.1%,3.3%
17270,外公芳龄38,<0.1%,1.56,118,<0.1%,51.9%
17271,枕边有张脸2,<0.1%,1.52,2,0.1%,2.9%
17272,钢铁骑士,<0.1%,1.21,1,0.2%,1.1%
17273,我的圣途,<0.1%,1.16,4,<0.1%,4.7%
17274,狱中惊魂,<0.1%,1.13,2,0.1%,1.4%
17275,圆梦巨人,<0.1%,1.12,2,<0.1%,2.9%
17276,不离不弃,<0.1%,1.10,1,0.2%,1.0%
17277,奇异博士,59.7%,2752.86,11,37.9%,6.4%
17278,捉迷藏,10.6%,489.61,6,13.0%,5.5%
17279,驴得水,10.0%,463.61,8,9.4%,7.6%
17280,邻家大贱谍,6.1%,281.74,4,13.4%,3.3%
17281,湄公河行动,3.0%,140.32,8,3.5%,7.6%
17282,机械师2：复活,2.2%,105.30,5,3.5%,4.5%
17283,但丁密码,1.7%,78.77,5,2.3%,4.9%
17284,一句顶一万句,1.2%,57.22,3,3.2%,3.3%
17285,蜡笔小新：梦境世界大突击,1.2%,55.32,3,4.2%,2.5%
17286,非常父子档,0.5%,26.68,2,2.3%,2.1%
17287,勇士,0.3%,17.15,27,<0.1%,27.1%
17288,魔发精灵,0.3%,15.34,2,1.2%,1.8%
17289,从你的全世界路过,0.3%,14.20,5,0.4%,6.2%
17290,恐怖笔记,0.1%,8.30,3,0.6%,2.9%
17291,育婴室,0.1%,7.85,4,0.3%,5.1%
17292,毛丰美,0.1%,6.66,148,<0.1%,65.2%
17293,小明和他的小伙伴们,0.1%,6.29,4,0.4%,4.4%
17294,五女拜寿,0.1%,6.03,103,<0.1%,--
17295,遵义会议,<0.1%,4.55,54,<0.1%,91.9%
17296,惊天破,<0.1%,4.16,3,0.1%,3.8%
17297,减法人生,<0.1%,3.30,2,0.3%,1.6%
17298,笑林足球,<0.1%,3.13,2,0.4%,1.5%
17299,侠探杰克：永不回头,<0.1%,2.39,3,0.1%,4.4%
17300,不离不弃,<0.1%,2.28,2,0.2%,1.9%
17301,异性合租的往事,<0.1%,2.08,24,<0.1%,90.9%
17302,我的圣途,<0.1%,2.02,7,<0.1%,8.9%
17303,生死96小时,<0.1%,1.89,2,0.3%,1.3%
17304,外公芳龄38,<0.1%,1.74,82,<0.1%,44.9%
17305,狱中惊魂,<0.1%,1.43,2,0.1%,1.8%
17306,脑残粉,<0.1%,1.33,2,0.1%,3.1%
17307,情比山高,<0.1%,1.31,6,<0.1%,6.8%
17308,盛先生的花儿,<0.1%,1.28,1,0.2%,1.3%
17309,枕边有张脸2,<0.1%,1.24,2,0.1%,2.4%
17310,不许动,<0.1%,1.12,94,<0.1%,--
17311,奇异博士,55.1%,2322.48,9,36.5%,5.5%
17312,驴得水,9.8%,414.10,8,9.1%,6.8%
17313,捉迷藏,9.8%,412.67,6,12.0%,4.9%
17314,邻家大贱谍,5.3%,225.46,4,11.4%,3.0%
17315,湄公河行动,3.1%,133.88,8,3.3%,7.5%
17316,贫穷富爸爸,2.3%,97.96,4,5.1%,3.2%
17317,机械师2：复活,2.1%,92.11,5,3.2%,4.2%
17318,比利·林恩的中场战事,1.9%,83.58,7,1.1%,3.9%
17319,航海王之黄金城,1.9%,83.20,30,0.5%,21.6%
17320,但丁密码,1.5%,64.68,5,1.8%,4.9%
17321,夺路而逃,1.0%,43.64,4,2.2%,3.3%
17322,蜡笔小新：梦境世界大突击,0.9%,40.94,3,3.5%,2.2%
17323,一句顶一万句,0.9%,39.41,3,2.4%,2.8%
17324,勇士,0.4%,17.88,34,<0.1%,31.4%
17325,魔发精灵,0.3%,16.42,3,1.0%,2.3%
17326,非常父子档,0.3%,16.32,2,1.6%,1.8%
17327,从你的全世界路过,0.3%,13.39,5,0.4%,5.8%
17328,恐怖笔记,0.1%,7.17,3,0.5%,2.9%
17329,五女拜寿,0.1%,6.08,106,<0.1%,--
17330,小明和他的小伙伴们,0.1%,5.31,4,0.3%,4.6%
17331,育婴室,0.1%,4.78,3,0.2%,3.9%
17332,外公芳龄38,<0.1%,4.15,9,<0.1%,7.4%
17333,减法人生,<0.1%,3.96,3,0.2%,2.5%
17334,惊天破,<0.1%,3.74,3,0.1%,4.9%
17335,遵义会议,<0.1%,2.09,45,<0.1%,55.8%
17336,笑林足球,<0.1%,1.66,1,0.3%,1.0%
17337,毛丰美,<0.1%,1.46,70,<0.1%,72.6%
17338,枕边有张脸2,<0.1%,1.45,2,0.1%,3.0%
17339,侠探杰克：永不回头,<0.1%,1.32,3,<0.1%,3.4%
17340,我的圣途,<0.1%,1.24,6,<0.1%,7.7%
17341,新大头儿子和小头爸爸2一日成才,<0.1%,1.14,266,<0.1%,100%
17342,盛先生的花儿,<0.1%,1.13,1,0.1%,1.2%
17343,生死96小时,<0.1%,1.06,2,0.2%,1.3%
17344,脑残粉,<0.1%,1.00,2,<0.1%,2.8%
17345,奇异博士,34.9%,3798.05,25,20.3%,17.5%
17346,比利·林恩的中场战事,23.3%,2538.50,12,28.2%,7.4%
17347,航海王之黄金城,21.7%,2368.03,22,19.0%,18.9%
17348,外公芳龄38,10.1%,1104.59,14,14.7%,13.4%
17349,驴得水,2.0%,221.35,14,2.3%,15.9%
17350,捉迷藏,1.8%,201.32,12,2.5%,13.0%
17351,聊斋新编之画皮新娘,1.0%,112.41,12,1.9%,13.9%
17352,湄公河行动,0.7%,81.95,18,0.8%,20.8%
17353,邻家大贱谍,0.6%,74.77,6,1.9%,6.7%
17354,夺路而逃,0.5%,63.05,6,1.9%,6.8%
17355,贫穷富爸爸,0.5%,62.95,8,1.3%,8.1%
17356,一句顶一万句,0.4%,45.49,18,0.3%,21.1%
17357,但丁密码,0.2%,23.50,12,0.2%,16.1%
17358,机械师2：复活,0.2%,22.38,6,0.5%,7.6%
17359,魔发精灵,0.1%,20.68,9,0.3%,9.7%
17360,勇士,0.1%,19.65,44,<0.1%,44.7%
17361,蜡笔小新：梦境世界大突击,0.1%,12.39,5,0.5%,5.0%
17362,减法人生,0.1%,11.06,3,0.6%,3.4%
17363,从你的全世界路过,<0.1%,9.59,10,0.1%,13.3%
17364,育婴室,<0.1%,6.67,10,<0.1%,18.3%
17365,李三娘,<0.1%,6.22,57,<0.1%,--
17366,脱单宝典,<0.1%,4.62,2,0.4%,2.7%
17367,毛丰美,<0.1%,4.17,78,<0.1%,69.7%
17368,遵义会议,<0.1%,4.09,65,<0.1%,70.1%
17369,非常父子档,<0.1%,3.70,4,0.1%,4.9%
17370,惊天破,<0.1%,2.49,5,<0.1%,9.5%
17371,小明和他的小伙伴们,<0.1%,2.03,6,<0.1%,9.5%
17372,建党伟业,<0.1%,1.84,17,<0.1%,32.5%
17373,恐怖笔记,<0.1%,1.76,5,<0.1%,4.9%
17374,大会师,<0.1%,1.71,70,<0.1%,75.6%
17375,生死96小时,<0.1%,1.25,7,<0.1%,10.7%
17376,奇异博士,43.6%,6623.94,37,23.2%,24.9%
17377,比利·林恩的中场战事,20.2%,3076.39,16,23.5%,10.4%
17378,航海王之黄金城,17.1%,2602.64,20,21.4%,16.5%
17379,外公芳龄38,8.3%,1260.78,17,13.1%,16.7%
17380,驴得水,2.7%,423.06,23,2.5%,26.3%
17381,捉迷藏,1.8%,288.09,16,2.6%,17.4%
17382,魔发精灵,1.0%,162.89,18,1.3%,17.6%
17383,湄公河行动,0.7%,121.33,20,1.0%,24.2%
17384,蜡笔小新：梦境世界大突击,0.6%,102.29,12,1.5%,13.5%
17385,邻家大贱谍,0.6%,98.92,9,1.6%,10.0%
17386,贫穷富爸爸,0.5%,83.58,11,1.1%,12.1%
17387,聊斋新编之画皮新娘,0.4%,71.70,7,1.9%,8.3%
17388,但丁密码,0.3%,49.64,23,0.2%,28.3%
17389,夺路而逃,0.3%,47.97,5,1.6%,6.0%
17390,一句顶一万句,0.2%,35.25,15,0.3%,20.0%
17391,机械师2：复活,0.2%,34.49,9,0.5%,10.9%
17392,从你的全世界路过,<0.1%,14.67,14,0.1%,19.6%
17393,我不是潘金莲,<0.1%,9.61,221,<0.1%,85.1%
17394,育婴室,<0.1%,6.47,11,<0.1%,18.7%
17395,减法人生,<0.1%,4.85,3,0.3%,2.8%
17396,惊天破,<0.1%,4.65,10,<0.1%,15.8%
17397,非常父子档,<0.1%,4.38,4,0.1%,4.7%
17398,圆梦巨人,<0.1%,3.54,8,<0.1%,8.7%
17399,勇士,<0.1%,3.47,12,<0.1%,12.0%
17400,小明和他的小伙伴们,<0.1%,3.31,10,<0.1%,13.9%
17401,我的诗篇,<0.1%,2.88,67,<0.1%,93.0%
17402,恐怖笔记,<0.1%,2.38,4,0.1%,4.8%
17403,最后证言,<0.1%,2.12,7,<0.1%,7.5%
17404,遵义会议,<0.1%,1.90,56,<0.1%,51.8%
17405,侠探杰克：永不回头,<0.1%,1.88,9,<0.1%,14.0%
17406,五女拜寿,<0.1%,1.57,79,<0.1%,--
17407,脑残粉,<0.1%,1.56,7,<0.1%,13.7%
17408,盛先生的花儿,<0.1%,1.56,11,<0.1%,19.7%
17409,笑林足球,<0.1%,1.34,7,<0.1%,13.4%
17410,我的圣途,<0.1%,1.27,19,<0.1%,19.4%
17411,生死96小时,<0.1%,1.24,8,<0.1%,11.1%
17412,毛丰美,<0.1%,1.21,101,<0.1%,63.1%
17413,不离不弃,<0.1%,1.16,6,<0.1%,9.0%
17414,奇异博士,41.9%,4993.71,26,24.9%,17.1%
17415,比利·林恩的中场战事,19.8%,2368.43,13,21.2%,8.9%
17416,航海王之黄金城,16.1%,1924.32,16,20.8%,12.7%
17417,外公芳龄38,9.3%,1111.27,15,13.4%,14.4%
17418,驴得水,3.3%,403.31,20,2.9%,21.3%
17419,捉迷藏,1.9%,228.40,12,2.8%,12.7%
17420,魔发精灵,1.5%,189.25,19,1.5%,18.2%
17421,湄公河行动,0.9%,114.29,17,1.1%,19.2%
17422,蜡笔小新：梦境世界大突击,0.9%,109.69,12,1.5%,13.6%
17423,邻家大贱谍,0.7%,83.57,8,1.6%,8.6%
17424,贫穷富爸爸,0.6%,73.49,11,1.0%,11.5%
17425,聊斋新编之画皮新娘,0.5%,61.06,6,1.9%,6.9%
17426,但丁密码,0.4%,48.29,20,0.2%,23.0%
17427,一句顶一万句,0.2%,34.62,15,0.3%,19.6%
17428,机械师2：复活,0.2%,33.07,8,0.6%,9.4%
17429,夺路而逃,0.2%,32.44,4,1.6%,4.1%
17430,从你的全世界路过,0.1%,13.65,11,0.1%,15.0%
17431,我不是潘金莲,0.1%,12.35,260,<0.1%,100%
17432,冲天火,<0.1%,9.42,132,<0.1%,--
17433,育婴室,<0.1%,6.30,10,<0.1%,16.3%
17434,惊天破,<0.1%,4.50,8,<0.1%,13.5%
17435,我的诗篇,<0.1%,3.75,83,<0.1%,94.9%
17436,减法人生,<0.1%,3.37,2,0.3%,2.4%
17437,非常父子档,<0.1%,3.11,4,0.1%,4.8%
17438,勇士,<0.1%,2.81,9,<0.1%,11.5%
17439,圆梦巨人,<0.1%,2.73,8,<0.1%,8.3%
17440,小明和他的小伙伴们,<0.1%,2.64,8,<0.1%,12.0%
17441,建党伟业,<0.1%,1.89,22,<0.1%,54.0%
17442,异性合租的往事,<0.1%,1.66,53,<0.1%,100%
17443,恐怖笔记,<0.1%,1.60,4,<0.1%,3.7%
17444,遵义会议,<0.1%,1.54,54,<0.1%,43.1%
17445,五女拜寿,<0.1%,1.48,30,<0.1%,--
17446,脑残粉,<0.1%,1.41,7,<0.1%,14.0%
17447,最后证言,<0.1%,1.39,5,<0.1%,4.4%
17448,盛先生的花儿,<0.1%,1.08,10,<0.1%,19.4%
17449,奇异博士,37.3%,1592.06,9,26.3%,5.6%
17450,比利·林恩的中场战事,22.5%,959.66,6,20.8%,4.0%
17451,航海王之黄金城,14.0%,600.00,6,18.7%,4.7%
17452,外公芳龄38,11.9%,509.64,7,14.3%,6.6%
17453,驴得水,3.9%,169.29,8,3.5%,8.1%
17454,捉迷藏,2.6%,113.13,6,3.3%,5.7%
17455,湄公河行动,1.3%,55.76,8,1.3%,8.4%
17456,聊斋新编之画皮新娘,0.9%,42.05,4,2.0%,4.9%
17457,邻家大贱谍,0.7%,31.81,3,1.8%,3.1%
17458,一句顶一万句,0.6%,29.60,12,0.3%,15.8%
17459,贫穷富爸爸,0.5%,24.57,5,1.0%,4.4%
17460,机械师2：复活,0.3%,16.90,4,0.7%,4.2%
17461,但丁密码,0.3%,16.10,7,0.3%,7.4%
17462,夺路而逃,0.3%,14.26,2,1.7%,1.8%
17463,深海浩劫,0.2%,9.09,15,0.1%,10.2%
17464,魔发精灵,0.2%,8.84,3,0.4%,2.9%
17465,勇士,0.1%,7.33,36,<0.1%,100%
17466,蜡笔小新：梦境世界大突击,0.1%,7.25,3,0.6%,2.3%
17467,从你的全世界路过,0.1%,7.01,6,0.2%,7.2%
17468,恐怖笔记,0.1%,6.45,11,<0.1%,9.3%
17469,五女拜寿,0.1%,4.59,50,<0.1%,--
17470,育婴室,<0.1%,1.89,4,<0.1%,6.4%
17471,非常父子档,<0.1%,1.78,2,0.1%,1.9%
17472,小明和他的小伙伴们,<0.1%,1.55,4,0.1%,5.2%
17473,惊天破,<0.1%,1.43,3,<0.1%,5.3%
17474,减法人生,<0.1%,1.43,1,0.2%,1.4%
17475,奇异博士,31.4%,1450.44,9,24.1%,5.4%
17476,深海浩劫,24.2%,1119.08,11,18.9%,8.7%
17477,比利·林恩的中场战事,15.6%,723.06,6,16.1%,3.8%
17478,航海王之黄金城,9.4%,436.68,6,14.2%,4.7%
17479,外公芳龄38,8.6%,397.67,7,11.8%,6.4%
17480,驴得水,2.9%,136.86,8,2.9%,8.3%
17481,捉迷藏,1.6%,75.62,5,2.4%,5.3%
17482,湄公河行动,1.1%,51.92,9,1.2%,9.3%
17483,聊斋新编之画皮新娘,0.6%,29.17,4,1.6%,4.2%
17484,一句顶一万句,0.5%,27.37,15,0.2%,18.4%
17485,贫穷富爸爸,0.3%,18.13,5,0.6%,5.8%
17486,邻家大贱谍,0.3%,16.88,3,1.0%,3.0%
17487,勇士,0.2%,12.69,62,<0.1%,89.2%
17488,机械师2：复活,0.2%,11.58,4,0.5%,3.9%
17489,恐怖笔记,0.2%,11.13,22,<0.1%,17.4%
17490,但丁密码,0.2%,11.02,6,0.2%,7.5%
17491,夺路而逃,0.1%,8.08,2,1.1%,1.6%
17492,魔发精灵,0.1%,8.01,4,0.3%,4.2%
17493,五女拜寿,0.1%,5.21,56,<0.1%,--
17494,从你的全世界路过,0.1%,5.19,5,0.1%,6.1%
17495,蜡笔小新：梦境世界大突击,<0.1%,4.26,2,0.4%,2.1%
17496,惊天破,<0.1%,2.55,7,<0.1%,11.3%
17497,育婴室,<0.1%,2.07,4,<0.1%,7.4%
17498,毛丰美,<0.1%,1.91,64,<0.1%,76.2%
17499,非常父子档,<0.1%,1.78,2,0.1%,2.1%
17500,我们诞生在中国,<0.1%,1.30,55,<0.1%,100.0%
17501,小明和他的小伙伴们,<0.1%,1.17,3,<0.1%,4.9%
17502,白云桥,<0.1%,1.16,145,<0.1%,100%
17503,建党伟业,<0.1%,1.15,20,<0.1%,43.9%
17504,遵义会议,<0.1%,1.04,30,<0.1%,45.6%
17505,奇异博士,31.3%,1376.64,9,24.0%,5.2%
17506,深海浩劫,21.0%,924.43,9,20.2%,6.5%
17507,比利·林恩的中场战事,15.9%,700.49,6,15.2%,3.8%
17508,外公芳龄38,9.0%,396.91,7,12.0%,6.3%
17509,航海王之黄金城,8.7%,382.35,5,13.6%,4.3%
17510,驴得水,3.2%,142.31,8,2.9%,8.0%
17511,捉迷藏,1.6%,74.17,5,2.4%,5.2%
17512,筑梦人,1.5%,66.44,180,<0.1%,--
17513,夏有乔木 雅望天堂,1.4%,64.96,124,<0.1%,84.7%
17514,湄公河行动,1.1%,49.21,8,1.2%,8.2%
17515,一句顶一万句,0.8%,37.32,18,0.3%,21.8%
17516,聊斋新编之画皮新娘,0.6%,29.54,4,1.6%,4.2%
17517,邻家大贱谍,0.3%,14.34,3,1.0%,2.6%
17518,贫穷富爸爸,0.3%,14.27,5,0.6%,4.8%
17519,机械师2：复活,0.2%,12.10,4,0.5%,3.9%
17520,勇士,0.2%,11.60,47,<0.1%,74.0%
17521,但丁密码,0.2%,11.10,6,0.2%,7.1%
17522,恐怖笔记,0.2%,10.47,21,<0.1%,17.6%
17523,夺路而逃,0.1%,6.95,2,1.1%,1.4%
17524,从你的全世界路过,0.1%,6.09,5,0.1%,6.6%
17525,魔发精灵,0.1%,5.99,3,0.3%,3.1%
17526,蜡笔小新：梦境世界大突击,<0.1%,3.98,2,0.4%,2.0%
17527,我不是潘金莲,<0.1%,3.49,84,<0.1%,90.4%
17528,五女拜寿,<0.1%,2.50,38,<0.1%,--
17529,我的圣途,<0.1%,2.10,45,<0.1%,91.6%
17530,育婴室,<0.1%,1.94,4,<0.1%,6.5%
17531,毛丰美,<0.1%,1.89,64,<0.1%,61.0%
17532,惊天破,<0.1%,1.73,4,<0.1%,7.2%
17533,新大头儿子和小头爸爸2一日成才,<0.1%,1.32,248,<0.1%,100%
17534,大火种,<0.1%,1.08,78,<0.1%,--
17535,遵义会议,<0.1%,1.04,27,<0.1%,43.1%
17536,小明和他的小伙伴们,<0.1%,1.03,3,<0.1%,4.6%
17537,非常父子档,<0.1%,1.02,2,0.1%,2.0%
17538,奇异博士,29.7%,1256.72,8,23.8%,4.8%
17539,深海浩劫,18.8%,795.98,7,20.1%,5.5%
17540,比利·林恩的中场战事,15.7%,665.77,5,14.7%,3.6%
17541,外公芳龄38,8.9%,379.16,6,12.0%,5.9%
17542,航海王之黄金城,7.7%,329.09,5,13.1%,3.8%
17543,我不是潘金莲,4.4%,187.64,29,0.9%,17.6%
17544,驴得水,3.2%,136.03,7,3.0%,7.3%
17545,捉迷藏,1.6%,71.32,5,2.4%,4.9%
17546,夏有乔木 雅望天堂,1.4%,62.95,103,<0.1%,81.4%
17547,筑梦人,1.4%,59.56,164,<0.1%,--
17548,湄公河行动,1.2%,51.83,8,1.3%,8.0%
17549,一句顶一万句,1.0%,42.92,20,0.3%,23.7%
17550,聊斋新编之画皮新娘,0.7%,29.98,4,1.6%,4.2%
17551,贫穷富爸爸,0.3%,15.62,5,0.5%,5.3%
17552,勇士,0.3%,14.51,50,<0.1%,84.2%
17553,邻家大贱谍,0.3%,13.44,3,0.9%,2.5%
17554,但丁密码,0.2%,10.78,6,0.2%,6.5%
17555,机械师2：复活,0.2%,10.60,3,0.5%,3.3%
17556,恐怖笔记,0.2%,10.45,21,<0.1%,17.6%
17557,夺路而逃,0.1%,7.05,2,1.1%,1.4%
17558,从你的全世界路过,0.1%,6.22,5,0.2%,6.1%
17559,勇士之门,0.1%,5.53,4,0.2%,2.8%
17560,蜡笔小新：梦境世界大突击,0.1%,4.32,2,0.4%,2.1%
17561,魔发精灵,<0.1%,4.02,2,0.3%,2.2%
17562,毛丰美,<0.1%,3.93,88,<0.1%,72.0%
17563,五女拜寿,<0.1%,3.30,39,<0.1%,--
17564,建党伟业,<0.1%,2.12,26,<0.1%,89.8%
17565,育婴室,<0.1%,1.75,4,<0.1%,5.4%
17566,遵义会议,<0.1%,1.56,33,<0.1%,46.3%
17567,大会师,<0.1%,1.46,38,<0.1%,84.0%
17568,大火种,<0.1%,1.28,78,<0.1%,--
17569,非常父子档,<0.1%,1.16,2,0.1%,2.5%
17570,小明和他的小伙伴们,<0.1%,1.05,3,<0.1%,4.4%
17571,我不是潘金莲,61.8%,7027.38,28,39.0%,20.4%
17572,奇异博士,13.0%,1481.50,19,10.7%,12.3%
17573,勇士之门,5.5%,629.25,6,17.3%,4.8%
17574,深海浩劫,4.8%,553.97,14,6.8%,11.9%
17575,比利·林恩的中场战事,4.8%,548.09,14,3.6%,10.8%
17576,阿拉丁与神灯,3.2%,368.09,8,10.2%,7.3%
17577,航海王之黄金城,2.0%,230.78,11,3.6%,10.8%
17578,夏有乔木 雅望天堂,0.8%,94.35,105,0.1%,81.9%
17579,外公芳龄38,0.7%,88.46,7,2.4%,7.2%
17580,一句顶一万句,0.5%,57.65,34,0.2%,47.3%
17581,白云桥,0.3%,41.10,6,1.3%,6.3%
17582,驴得水,0.3%,39.74,11,0.5%,13.3%
17583,湄公河行动,0.2%,30.56,18,0.3%,21.1%
17584,辣警霸王花,0.2%,24.01,5,1.0%,5.1%
17585,捉迷藏,0.1%,15.34,7,0.3%,8.6%
17586,贫穷富爸爸,0.1%,13.53,18,0.1%,23.9%
17587,恐怖笔记,<0.1%,10.00,42,<0.1%,23.3%
17588,魔发精灵,<0.1%,9.00,7,0.2%,8.6%
17589,勇士,<0.1%,8.74,39,<0.1%,58.8%
17590,聊斋新编之画皮新娘,<0.1%,7.63,4,0.3%,5.5%
17591,毛丰美,<0.1%,7.00,146,<0.1%,100%
17592,育婴室,<0.1%,6.50,19,<0.1%,42.8%
17593,遵义会议,<0.1%,4.78,64,<0.1%,67.4%
17594,筑梦人,<0.1%,4.31,130,<0.1%,--
17595,夺路而逃,<0.1%,3.84,3,0.2%,2.2%
17596,蜡笔小新：梦境世界大突击,<0.1%,3.06,3,0.1%,4.2%
17597,机械师2：复活,<0.1%,2.80,4,0.1%,4.8%
17598,但丁密码,<0.1%,2.74,9,<0.1%,12.0%
17599,塔洛,<0.1%,2.16,111,<0.1%,99.8%
17600,邻家大贱谍,<0.1%,1.95,4,<0.1%,5.2%
17601,从你的全世界路过,<0.1%,1.67,7,<0.1%,8.4%
17602,大火种,<0.1%,1.51,81,<0.1%,--
17603,少年梦,<0.1%,1.36,5,<0.1%,6.4%
17604,我不是潘金莲,47.9%,7623.56,30,37.0%,21.4%
17605,奇异博士,21.4%,3412.41,35,12.9%,23.5%
17606,深海浩劫,6.7%,1072.90,24,7.1%,21.6%
17607,比利·林恩的中场战事,6.3%,1013.18,27,3.7%,21.1%
17608,航海王之黄金城,4.0%,649.83,19,5.6%,19.5%
17609,勇士之门,4.0%,642.02,8,13.6%,6.4%
17610,阿拉丁与神灯,3.5%,569.29,11,9.6%,11.4%
17611,外公芳龄38,1.1%,179.28,13,2.5%,13.8%
17612,魔发精灵,0.8%,133.26,19,1.1%,18.5%
17613,夏有乔木 雅望天堂,0.6%,110.24,115,0.1%,92.0%
17614,驴得水,0.6%,101.42,21,0.6%,25.2%
17615,一句顶一万句,0.4%,74.04,45,0.2%,60.4%
17616,蜡笔小新：梦境世界大突击,0.2%,46.71,10,0.8%,12.0%
17617,白云桥,0.2%,45.58,8,1.1%,8.7%
17618,湄公河行动,0.2%,44.07,20,0.4%,23.1%
17619,辣警霸王花,0.2%,40.99,8,0.8%,9.4%
17620,捉迷藏,0.2%,31.82,12,0.3%,15.1%
17621,贫穷富爸爸,0.1%,18.41,22,0.1%,30.1%
17622,聊斋新编之画皮新娘,<0.1%,11.94,6,0.3%,7.6%
17623,恐怖笔记,<0.1%,11.08,48,<0.1%,30.5%
17624,但丁密码,<0.1%,10.98,23,<0.1%,30.3%
17625,冲天火,<0.1%,9.05,152,<0.1%,81.6%
17626,夺路而逃,<0.1%,6.48,4,0.2%,3.6%
17627,机械师2：复活,<0.1%,6.14,7,0.1%,9.7%
17628,育婴室,<0.1%,5.36,17,<0.1%,27.4%
17629,从你的全世界路过,<0.1%,5.09,13,<0.1%,16.0%
17630,我的诗篇,<0.1%,4.63,70,<0.1%,100%
17631,塔洛,<0.1%,4.04,108,<0.1%,79.7%
17632,邻家大贱谍,<0.1%,3.58,7,<0.1%,11.3%
17633,五女拜寿,<0.1%,1.42,27,<0.1%,--
17634,勇士,<0.1%,1.31,8,<0.1%,17.9%
17635,我不是潘金莲,45.2%,5709.01,24,35.5%,16.6%
17636,奇异博士,21.8%,2753.47,25,14.6%,17.3%
17637,深海浩劫,7.6%,963.85,20,7.8%,17.9%
17638,比利·林恩的中场战事,6.8%,859.68,22,3.9%,17.3%
17639,航海王之黄金城,4.5%,575.63,16,6.2%,15.6%
17640,勇士之门,3.4%,440.77,6,11.8%,5.2%
17641,阿拉丁与神灯,3.1%,401.62,8,9.2%,8.2%
17642,外公芳龄38,1.4%,177.33,12,2.7%,12.7%
17643,魔发精灵,1.2%,155.96,20,1.2%,19.5%
17644,夏有乔木 雅望天堂,0.8%,110.82,113,0.1%,95.8%
17645,驴得水,0.7%,91.09,18,0.7%,21.5%
17646,一句顶一万句,0.5%,64.14,40,0.2%,57.1%
17647,蜡笔小新：梦境世界大突击,0.4%,52.78,11,0.9%,12.3%
17648,湄公河行动,0.3%,46.90,17,0.5%,19.0%
17649,辣警霸王花,0.2%,34.81,7,0.8%,8.6%
17650,白云桥,0.2%,29.94,5,1.1%,5.9%
17651,捉迷藏,0.1%,23.17,9,0.4%,10.3%
17652,贫穷富爸爸,0.1%,17.28,22,0.1%,30.9%
17653,聊斋新编之画皮新娘,<0.1%,11.00,5,0.4%,6.3%
17654,恐怖笔记,<0.1%,10.70,44,<0.1%,26.2%
17655,但丁密码,<0.1%,10.10,20,<0.1%,23.3%
17656,冲天火,<0.1%,6.93,193,<0.1%,84.5%
17657,育婴室,<0.1%,5.59,19,<0.1%,36.3%
17658,机械师2：复活,<0.1%,5.32,7,0.1%,8.6%
17659,夺路而逃,<0.1%,4.83,3,0.2%,2.7%
17660,从你的全世界路过,<0.1%,4.63,11,<0.1%,14.7%
17661,邻家大贱谍,<0.1%,3.29,7,<0.1%,10.1%
17662,塔洛,<0.1%,2.87,61,<0.1%,48.3%
17663,我的诗篇,<0.1%,2.62,73,<0.1%,95.7%
17664,我的圣途,<0.1%,1.79,49,<0.1%,100%
17665,勇士,<0.1%,1.49,9,<0.1%,27.9%
17666,五女拜寿,<0.1%,1.35,26,<0.1%,--
17667,夏威夷之恋,<0.1%,1.22,129,<0.1%,100.0%
17668,我不是潘金莲,50.6%,2414.93,12,34.4%,8.0%
17669,奇异博士,18.3%,876.53,8,16.2%,5.6%
17670,深海浩劫,8.5%,410.07,8,9.2%,7.1%
17671,比利·林恩的中场战事,7.2%,347.38,8,4.7%,6.1%
17672,勇士之门,3.4%,163.09,3,11.3%,2.1%
17673,航海王之黄金城,2.7%,131.63,5,5.1%,4.6%
17674,阿拉丁与神灯,1.9%,94.77,3,8.9%,2.2%
17675,外公芳龄38,1.7%,82.66,5,3.3%,5.4%
17676,一个勺子,1.2%,57.28,103,<0.1%,88.2%
17677,驴得水,0.7%,34.03,7,0.8%,7.8%
17678,湄公河行动,0.4%,23.23,8,0.6%,8.5%
17679,辣警霸王花,0.4%,20.50,5,0.9%,5.1%
17680,白云桥,0.4%,19.33,4,1.1%,4.0%
17681,捉迷藏,0.2%,12.49,4,0.5%,4.8%
17682,勇士,0.2%,11.59,43,<0.1%,38.8%
17683,恐怖笔记,0.2%,11.51,52,<0.1%,28.9%
17684,贫穷富爸爸,0.1%,7.62,12,0.1%,14.0%
17685,聊斋新编之画皮新娘,0.1%,6.62,3,0.4%,3.9%
17686,冲天火,0.1%,5.08,107,<0.1%,70.1%
17687,毛丰美,<0.1%,3.87,185,<0.1%,100%
17688,魔发精灵,<0.1%,3.87,3,0.3%,2.2%
17689,从你的全世界路过,<0.1%,2.83,8,<0.1%,9.8%
17690,但丁密码,<0.1%,2.52,6,<0.1%,7.0%
17691,夺路而逃,<0.1%,2.28,2,0.2%,1.3%
17692,育婴室,<0.1%,2.06,7,<0.1%,13.3%
17693,蜡笔小新：梦境世界大突击,<0.1%,1.78,2,0.2%,1.6%
17694,邻家大贱谍,<0.1%,1.39,2,0.1%,2.8%
17695,塔洛,<0.1%,1.16,40,<0.1%,31.0%
17696,一句顶一万句,<0.1%,1.13,6,<0.1%,8.5%
17697,我不是潘金莲,49.1%,2165.80,11,33.7%,7.4%
17698,奇异博士,18.6%,823.67,8,16.8%,5.1%
17699,深海浩劫,9.1%,404.81,8,10.0%,6.6%
17700,比利·林恩的中场战事,7.6%,338.03,8,5.0%,5.8%
17701,勇士之门,3.0%,134.04,3,10.4%,2.0%
17702,航海王之黄金城,2.5%,112.32,5,5.1%,4.0%
17703,外公芳龄38,1.9%,85.35,5,3.5%,5.3%
17704,阿拉丁与神灯,1.9%,84.57,2,8.2%,2.1%
17705,一个勺子,1.4%,63.77,108,<0.1%,90.4%
17706,驴得水,0.7%,33.82,7,0.9%,7.1%
17707,湄公河行动,0.6%,30.39,9,0.7%,10.0%
17708,辣警霸王花,0.6%,27.37,5,1.0%,5.8%
17709,白云桥,0.3%,15.64,3,1.1%,3.5%
17710,捉迷藏,0.2%,11.61,4,0.5%,4.1%
17711,恐怖笔记,0.2%,10.44,44,<0.1%,27.1%
17712,聊斋新编之画皮新娘,0.1%,7.34,3,0.4%,3.9%
17713,贫穷富爸爸,0.1%,7.27,13,0.1%,16.0%
17714,毛丰美,0.1%,4.74,144,<0.1%,50.6%
17715,但丁密码,0.1%,4.52,7,0.1%,7.2%
17716,魔发精灵,<0.1%,3.91,3,0.2%,2.4%
17717,从你的全世界路过,<0.1%,2.29,5,<0.1%,6.2%
17718,勇士,<0.1%,2.15,16,<0.1%,15.4%
17719,夺路而逃,<0.1%,2.13,2,0.3%,1.2%
17720,塔洛,<0.1%,1.64,39,<0.1%,29.0%
17721,最萌身高差,<0.1%,1.30,22,<0.1%,--
17722,蜡笔小新：梦境世界大突击,<0.1%,1.27,2,0.2%,1.3%
17723,不许动,<0.1%,1.26,280,<0.1%,--
17724,邻家大贱谍,<0.1%,1.25,2,0.1%,2.5%
17725,育婴室,<0.1%,1.25,5,<0.1%,9.9%
17726,海洋奇缘,<0.1%,1.15,193,<0.1%,--
17727,遵义会议,<0.1%,1.03,27,<0.1%,21.8%
17728,我不是潘金莲,47.5%,1964.76,10,33.4%,6.6%
17729,奇异博士,19.1%,791.81,7,17.2%,4.8%
17730,深海浩劫,9.4%,390.41,7,10.4%,6.0%
17731,比利·林恩的中场战事,8.0%,332.72,7,5.2%,5.5%
17732,勇士之门,2.9%,120.78,3,9.9%,1.9%
17733,航海王之黄金城,2.4%,101.10,4,5.1%,3.5%
17734,外公芳龄38,2.1%,86.83,5,3.6%,5.1%
17735,阿拉丁与神灯,1.9%,78.75,2,7.7%,2.0%
17736,一个勺子,1.5%,65.00,118,0.1%,97.7%
17737,驴得水,0.8%,34.83,6,0.9%,6.7%
17738,湄公河行动,0.7%,29.31,8,0.8%,8.4%
17739,辣警霸王花,0.6%,27.63,5,1.0%,5.5%
17740,白云桥,0.3%,14.77,3,1.1%,3.3%
17741,捉迷藏,0.2%,11.44,4,0.6%,3.8%
17742,贫穷富爸爸,0.1%,8.12,15,<0.1%,19.0%
17743,恐怖笔记,0.1%,6.99,33,<0.1%,19.0%
17744,魔发精灵,0.1%,6.57,4,0.2%,4.3%
17745,聊斋新编之画皮新娘,0.1%,6.45,3,0.5%,3.3%
17746,勇士,0.1%,5.50,37,<0.1%,32.9%
17747,毛丰美,<0.1%,4.12,86,<0.1%,83.9%
17748,但丁密码,<0.1%,3.52,5,0.1%,4.8%
17749,塔洛,<0.1%,2.76,26,<0.1%,25.3%
17750,非常父子档,<0.1%,2.38,22,<0.1%,40.0%
17751,从你的全世界路过,<0.1%,2.24,4,0.1%,5.3%
17752,夺路而逃,<0.1%,1.97,2,0.2%,1.1%
17753,神奇动物在哪里,<0.1%,1.73,55,<0.1%,34.2%
17754,一句顶一万句,<0.1%,1.65,8,<0.1%,9.1%
17755,蜡笔小新：梦境世界大突击,<0.1%,1.36,2,0.2%,1.3%
17756,育婴室,<0.1%,1.21,5,<0.1%,10.7%
17757,邻家大贱谍,<0.1%,1.19,2,0.1%,1.8%
17758,我不是潘金莲,43.0%,1759.92,9,32.5%,6.0%
17759,奇异博士,18.4%,754.20,7,17.1%,4.5%
17760,深海浩劫,8.7%,358.36,7,10.4%,5.4%
17761,比利·林恩的中场战事,8.0%,328.70,7,5.2%,5.4%
17762,神奇动物在哪里,6.0%,249.25,26,1.2%,12.4%
17763,勇士之门,2.5%,105.13,2,9.4%,1.7%
17764,航海王之黄金城,2.2%,91.46,4,5.0%,3.2%
17765,外公芳龄38,2.0%,82.10,5,3.7%,4.7%
17766,阿拉丁与神灯,1.6%,67.86,2,7.3%,1.8%
17767,一个勺子,1.6%,65.94,115,0.1%,93.6%
17768,驴得水,0.8%,33.76,6,0.9%,6.5%
17769,湄公河行动,0.6%,28.45,7,0.8%,7.8%
17770,辣警霸王花,0.5%,23.23,5,1.0%,5.1%
17771,白云桥,0.3%,13.43,3,1.0%,3.2%
17772,冲天火,0.2%,11.06,9,0.2%,7.1%
17773,捉迷藏,0.2%,10.50,3,0.6%,3.4%
17774,勇士,0.2%,9.86,56,<0.1%,72.5%
17775,毛丰美,0.1%,7.24,121,<0.1%,61.6%
17776,贫穷富爸爸,0.1%,6.98,13,<0.1%,15.3%
17777,我是处女座,0.1%,6.87,21,0.1%,40.6%
17778,聊斋新编之画皮新娘,0.1%,6.34,3,0.4%,3.4%
17779,名侦探柯南：纯黑的恶梦,0.1%,5.54,11,<0.1%,9.1%
17780,魔发精灵,0.1%,5.50,4,0.2%,3.6%
17781,海洋奇缘,0.1%,5.46,3,0.3%,2.1%
17782,恐怖笔记,0.1%,4.34,28,<0.1%,18.7%
17783,但丁密码,<0.1%,3.40,5,0.1%,4.8%
17784,育婴室,<0.1%,3.08,11,<0.1%,21.6%
17785,塔洛,<0.1%,2.88,40,<0.1%,35.1%
17786,从你的全世界路过,<0.1%,2.43,5,0.1%,5.5%
17787,夺路而逃,<0.1%,1.92,1,0.2%,1.1%
17788,建党伟业,<0.1%,1.79,38,<0.1%,100%
17789,一句顶一万句,<0.1%,1.65,7,<0.1%,8.6%
17790,邻家大贱谍,<0.1%,1.45,2,0.1%,2.4%
17791,我的诗篇,<0.1%,1.41,79,<0.1%,91.3%
17792,蜡笔小新：梦境世界大突击,<0.1%,1.27,2,0.2%,1.2%
17793,神奇动物在哪里,58.0%,7479.76,32,31.7%,20.1%
17794,海洋奇缘,10.3%,1331.69,14,15.0%,10.9%
17795,我不是潘金莲,9.7%,1254.64,18,9.6%,17.2%
17796,冲天火,8.1%,1053.87,12,15.0%,10.8%
17797,名侦探柯南：纯黑的恶梦,4.0%,522.20,13,7.2%,12.2%
17798,我是处女座,2.4%,317.87,15,5.5%,17.6%
17799,奇异博士,1.7%,226.58,11,2.6%,10.7%
17800,比利·林恩的中场战事,1.3%,171.65,19,0.5%,18.2%
17801,最萌身高差,1.0%,138.14,5,4.6%,5.3%
17802,一个勺子,0.7%,92.23,118,0.1%,100%
17803,夏威夷之恋,0.6%,77.93,4,2.9%,4.0%
17804,怨灵地下室,0.3%,45.12,8,1.1%,8.8%
17805,深海浩劫,0.3%,41.84,8,0.7%,9.2%
17806,湄公河行动,0.1%,15.24,18,0.1%,23.3%
17807,航海王之黄金城,<0.1%,11.66,8,0.2%,9.4%
17808,勇士,<0.1%,11.55,62,<0.1%,57.2%
17809,越囧,<0.1%,9.62,4,0.4%,4.3%
17810,外公芳龄38,<0.1%,8.85,4,0.3%,4.0%
17811,贫穷富爸爸,<0.1%,8.09,31,<0.1%,56.0%
17812,勇士之门,<0.1%,6.15,3,0.3%,3.6%
17813,育婴室,<0.1%,5.95,35,<0.1%,94.7%
17814,驴得水,<0.1%,5.73,8,0.1%,10.4%
17815,塔洛,<0.1%,4.38,39,<0.1%,45.0%
17816,辣警霸王花,<0.1%,3.41,5,0.1%,7.9%
17817,聊斋新编之画皮新娘,<0.1%,2.84,5,0.1%,11.1%
17818,阿拉丁与神灯,<0.1%,2.69,2,0.2%,2.2%
17819,筑梦人,<0.1%,2.48,138,<0.1%,--
17820,魔发精灵,<0.1%,2.09,15,<0.1%,25.0%
17821,毛丰美,<0.1%,1.97,48,<0.1%,30.1%
17822,白云桥,<0.1%,1.46,3,0.1%,4.5%
17823,遵义会议,<0.1%,1.27,27,<0.1%,40.5%
17824,恐怖笔记,<0.1%,1.16,34,<0.1%,21.7%
17825,神奇动物在哪里,56.8%,11414.54,44,34.0%,28.1%
17826,海洋奇缘,18.3%,3696.43,30,18.1%,25.4%
17827,我不是潘金莲,8.3%,1677.05,24,9.6%,23.7%
17828,名侦探柯南：纯黑的恶梦,4.8%,974.55,20,8.4%,19.5%
17829,冲天火,4.5%,912.51,11,13.6%,10.2%
17830,奇异博士,2.1%,441.08,20,2.9%,19.2%
17831,比利·林恩的中场战事,1.3%,265.99,30,0.5%,29.1%
17832,最萌身高差,0.6%,137.10,7,3.4%,7.3%
17833,大话西游3,0.5%,115.51,122,0.1%,100%
17834,28岁未成年,0.3%,69.04,45,0.1%,46.3%
17835,深海浩劫,0.2%,59.69,13,0.7%,14.5%
17836,我是处女座,0.2%,59.32,7,2.0%,7.2%
17837,夏威夷之恋,0.2%,54.56,5,2.0%,4.4%
17838,怨灵地下室,0.2%,45.32,7,1.2%,8.1%
17839,航海王之黄金城,0.1%,28.67,14,0.3%,15.6%
17840,湄公河行动,<0.1%,15.85,18,0.1%,22.6%
17841,外公芳龄38,<0.1%,13.12,7,0.3%,7.7%
17842,驴得水,<0.1%,12.71,16,0.1%,21.0%
17843,勇士之门,<0.1%,11.74,6,0.2%,9.6%
17844,越囧,<0.1%,7.07,5,0.2%,4.9%
17845,育婴室,<0.1%,6.97,55,<0.1%,100%
17846,贫穷富爸爸,<0.1%,6.81,30,<0.1%,39.0%
17847,魔发精灵,<0.1%,6.28,12,<0.1%,12.7%
17848,塔洛,<0.1%,6.24,29,<0.1%,32.5%
17849,阿拉丁与神灯,<0.1%,6.12,4,0.2%,7.3%
17850,辣警霸王花,<0.1%,5.16,7,0.1%,10.3%
17851,聊斋新编之画皮新娘,<0.1%,5.08,9,<0.1%,16.5%
17852,我的诗篇,<0.1%,3.49,63,<0.1%,90.5%
17853,白云桥,<0.1%,2.66,5,0.1%,9.0%
17854,但丁密码,<0.1%,2.29,29,<0.1%,45.7%
17855,蜡笔小新：梦境世界大突击,<0.1%,2.19,6,<0.1%,7.3%
17856,捉迷藏,<0.1%,1.55,5,<0.1%,4.8%
17857,从你的全世界路过,<0.1%,1.43,12,<0.1%,16.3%
17858,勇士,<0.1%,1.24,11,<0.1%,17.4%
17859,神奇动物在哪里,54.6%,9165.20,35,34.7%,22.3%
17860,海洋奇缘,20.9%,3511.94,28,19.0%,23.3%
17861,我不是潘金莲,8.9%,1494.52,21,9.9%,20.7%
17862,名侦探柯南：纯黑的恶梦,4.8%,806.34,16,8.6%,15.9%
17863,冲天火,3.9%,665.16,9,12.3%,8.4%
17864,奇异博士,2.1%,354.79,15,3.1%,14.8%
17865,比利·林恩的中场战事,1.4%,236.30,26,0.5%,25.5%
17866,大话西游3,0.6%,111.47,123,0.1%,100%
17867,最萌身高差,0.6%,111.07,6,3.1%,6.6%
17868,深海浩劫,0.2%,46.42,10,0.7%,11.0%
17869,夏威夷之恋,0.2%,43.44,4,1.9%,3.7%
17870,我是处女座,0.2%,34.17,5,1.6%,4.9%
17871,怨灵地下室,0.1%,30.78,5,1.2%,5.3%
17872,航海王之黄金城,0.1%,25.04,12,0.3%,13.1%
17873,湄公河行动,<0.1%,14.82,16,0.1%,20.7%
17874,驴得水,<0.1%,11.98,13,0.1%,17.4%
17875,外公芳龄38,<0.1%,11.51,6,0.3%,7.2%
17876,28岁未成年,<0.1%,10.55,86,<0.1%,70.7%
17877,勇士之门,<0.1%,9.49,6,0.2%,7.9%
17878,越囧,<0.1%,6.44,5,0.2%,5.4%
17879,阿拉丁与神灯,<0.1%,6.13,4,0.2%,6.6%
17880,育婴室,<0.1%,6.01,50,<0.1%,100%
17881,贫穷富爸爸,<0.1%,5.91,27,<0.1%,44.2%
17882,塔洛,<0.1%,5.81,29,<0.1%,33.5%
17883,魔发精灵,<0.1%,5.50,11,<0.1%,12.9%
17884,辣警霸王花,<0.1%,4.48,6,0.1%,10.0%
17885,我的诗篇,<0.1%,4.45,74,<0.1%,100%
17886,聊斋新编之画皮新娘,<0.1%,4.20,7,0.1%,12.9%
17887,热土悲歌,<0.1%,2.76,42,<0.1%,63.2%
17888,超级快递,<0.1%,2.51,458,<0.1%,100.0%
17889,白云桥,<0.1%,1.81,3,0.1%,6.3%
17890,非常父子档,<0.1%,1.80,56,<0.1%,100%
17891,从你的全世界路过,<0.1%,1.52,10,<0.1%,12.8%
17892,勇士,<0.1%,1.26,10,<0.1%,18.2%
17893,蜡笔小新：梦境世界大突击,<0.1%,1.22,4,<0.1%,5.4%
17894,但丁密码,<0.1%,1.09,11,<0.1%,21.5%
17895,神奇动物在哪里,55.8%,3264.65,14,35.3%,8.7%
17896,我不是潘金莲,13.8%,812.23,11,11.2%,10.6%
17897,海洋奇缘,12.2%,714.22,7,16.9%,5.7%
17898,冲天火,5.6%,328.25,5,12.3%,4.5%
17899,名侦探柯南：纯黑的恶梦,3.5%,209.57,5,7.9%,4.8%
17900,奇异博士,2.2%,133.38,6,3.6%,5.2%
17901,比利·林恩的中场战事,1.6%,98.34,10,0.7%,9.5%
17902,大话西游3,1.1%,66.17,110,0.1%,91.0%
17903,最萌身高差,0.8%,51.86,3,3.2%,3.3%
17904,深海浩劫,0.4%,24.49,5,0.9%,5.0%
17905,怨灵地下室,0.3%,21.45,4,1.3%,3.7%
17906,我是处女座,0.2%,14.19,2,1.6%,2.3%
17907,湄公河行动,0.2%,12.78,13,0.2%,16.2%
17908,超级快递,0.2%,12.11,154,<0.1%,--
17909,夏威夷之恋,0.1%,11.07,2,1.5%,1.3%
17910,28岁未成年,0.1%,9.90,59,<0.1%,55.1%
17911,外公芳龄38,0.1%,6.50,3,0.4%,3.4%
17912,航海王之黄金城,0.1%,6.42,4,0.3%,4.3%
17913,贫穷富爸爸,<0.1%,5.02,26,<0.1%,44.4%
17914,驴得水,<0.1%,3.99,7,<0.1%,8.5%
17915,老阿姨,<0.1%,3.94,81,<0.1%,--
17916,热土悲歌,<0.1%,3.16,43,<0.1%,52.2%
17917,辣警霸王花,<0.1%,2.59,4,0.1%,6.1%
17918,不许动,<0.1%,1.58,212,<0.1%,100%
17919,育婴室,<0.1%,1.55,16,<0.1%,45.3%
17920,勇士,<0.1%,1.50,15,<0.1%,21.0%
17921,勇士之门,<0.1%,1.46,1,0.3%,1.2%
17922,越囧,<0.1%,1.43,2,0.2%,1.6%
17923,阿拉丁与神灯,<0.1%,1.39,1,0.3%,1.4%
17924,塔洛,<0.1%,1.30,12,<0.1%,15.1%
17925,白云桥,<0.1%,1.24,2,0.1%,3.6%
17926,毛丰美,<0.1%,1.00,48,<0.1%,71.3%
17927,神奇动物在哪里,53.2%,2934.07,13,35.3%,7.9%
17928,我不是潘金莲,15.8%,873.52,12,11.6%,11.1%
17929,海洋奇缘,12.5%,688.74,7,16.7%,5.6%
17930,冲天火,5.3%,295.24,5,12.0%,4.2%
17931,名侦探柯南：纯黑的恶梦,3.2%,179.39,5,7.7%,4.2%
17932,奇异博士,2.4%,135.47,6,3.8%,5.2%
17933,比利·林恩的中场战事,1.7%,95.60,10,0.7%,9.0%
17934,大话西游3,1.1%,60.63,112,0.1%,99.3%
17935,最萌身高差,0.8%,48.25,3,3.2%,3.1%
17936,深海浩劫,0.5%,28.55,6,0.9%,5.6%
17937,怨灵地下室,0.3%,20.56,3,1.3%,3.6%
17938,28岁未成年,0.2%,16.18,134,<0.1%,71.0%
17939,湄公河行动,0.2%,14.85,12,0.2%,13.4%
17940,我是处女座,0.2%,12.82,2,1.5%,2.2%
17941,夏威夷之恋,0.1%,10.99,2,1.4%,1.4%
17942,外公芳龄38,0.1%,6.80,3,0.4%,3.3%
17943,勇士,0.1%,6.49,41,<0.1%,64.0%
17944,航海王之黄金城,0.1%,6.05,4,0.3%,3.8%
17945,老阿姨,0.1%,5.88,91,<0.1%,--
17946,贫穷富爸爸,<0.1%,4.70,25,<0.1%,40.0%
17947,间谍同盟,<0.1%,4.04,7,0.1%,4.0%
17948,热土悲歌,<0.1%,4.01,51,<0.1%,64.2%
17949,血战钢锯岭,<0.1%,3.97,203,<0.1%,95.2%
17950,驴得水,<0.1%,3.33,7,<0.1%,10.0%
17951,育婴室,<0.1%,2.94,57,<0.1%,100%
17952,阿拉丁与神灯,<0.1%,2.72,2,0.3%,3.2%
17953,辣警霸王花,<0.1%,2.08,3,0.1%,4.3%
17954,越囧,<0.1%,1.96,2,0.1%,2.3%
17955,勇士之门,<0.1%,1.89,1,0.3%,1.5%
17956,不许动,<0.1%,1.27,213,<0.1%,--
17957,白云桥,<0.1%,1.05,2,0.1%,3.4%
17958,神奇动物在哪里,45.2%,2527.57,12,31.9%,7.6%
17959,间谍同盟,17.2%,962.98,9,20.2%,7.2%
17960,我不是潘金莲,15.1%,843.34,13,10.2%,12.3%
17961,海洋奇缘,10.0%,561.13,7,13.5%,5.8%
17962,冲天火,2.8%,156.71,4,7.9%,3.6%
17963,名侦探柯南：纯黑的恶梦,2.1%,118.12,5,5.3%,4.1%
17964,奇异博士,1.5%,84.21,5,2.5%,5.0%
17965,比利·林恩的中场战事,1.4%,79.43,10,0.5%,9.3%
17966,大话西游3,1.0%,59.94,119,0.1%,95.1%
17967,最萌身高差,0.7%,39.35,4,1.9%,4.0%
17968,怨灵地下室,0.2%,16.74,3,1.1%,3.6%
17969,深海浩劫,0.2%,14.21,5,0.5%,5.9%
17970,28岁未成年,0.2%,13.04,104,<0.1%,88.3%
17971,湄公河行动,0.2%,12.70,15,0.2%,18.6%
17972,我是处女座,0.1%,6.86,2,0.7%,2.6%
17973,勇士,0.1%,6.56,43,<0.1%,61.9%
17974,贫穷富爸爸,<0.1%,5.51,34,<0.1%,50.5%
17975,老阿姨,<0.1%,5.20,90,<0.1%,--
17976,夏威夷之恋,<0.1%,5.06,2,0.5%,2.1%
17977,外公芳龄38,<0.1%,4.99,4,0.2%,3.8%
17978,育婴室,<0.1%,4.98,74,<0.1%,100%
17979,航海王之黄金城,<0.1%,4.38,4,0.2%,4.1%
17980,超级快递,<0.1%,3.71,77,<0.1%,53.9%
17981,毛丰美,<0.1%,2.96,62,<0.1%,40.9%
17982,判我有罪,<0.1%,2.81,54,<0.1%,100%
17983,驴得水,<0.1%,2.41,8,<0.1%,10.7%
17984,李三娘,<0.1%,2.33,30,<0.1%,--
17985,辣警霸王花,<0.1%,1.80,3,0.1%,4.5%
17986,勇士之门,<0.1%,1.61,1,0.2%,1.7%
17987,热土悲歌,<0.1%,1.55,39,<0.1%,49.0%
17988,越囧,<0.1%,1.35,2,0.1%,2.2%
17989,白云桥,<0.1%,1.35,3,0.1%,4.3%
17990,阿拉丁与神灯,<0.1%,1.32,2,0.2%,2.0%
17991,沙漠之心,<0.1%,1.24,85,<0.1%,77.6%
17992,神奇动物在哪里,42.8%,2261.58,11,31.3%,6.8%
17993,我不是潘金莲,15.4%,813.79,11,10.3%,11.1%
17994,间谍同盟,13.5%,713.46,7,19.3%,5.4%
17995,海洋奇缘,9.8%,521.35,7,13.1%,5.4%
17996,你的名字。,4.2%,224.99,40,1.0%,25.7%
17997,冲天火,2.5%,136.24,4,7.5%,3.2%
17998,名侦探柯南：纯黑的恶梦,2.0%,109.90,4,5.1%,3.9%
17999,奇异博士,1.5%,84.35,6,2.4%,5.1%
18000,爱你的人,1.3%,69.61,11,1.0%,10.6%
18001,比利·林恩的中场战事,1.3%,69.34,9,0.5%,9.1%
18002,判我有罪,1.2%,65.06,108,0.1%,90.2%
18003,三少爷的剑,0.7%,37.58,12,0.4%,8.5%
18004,最萌身高差,0.4%,23.81,3,1.7%,2.8%
18005,佩小姐的奇幻城堡,0.4%,21.58,6,0.6%,3.5%
18006,28岁未成年,0.3%,17.03,44,<0.1%,49.3%
18007,怨灵地下室,0.2%,14.67,3,1.0%,3.5%
18008,湄公河行动,0.2%,12.98,13,0.2%,15.0%
18009,深海浩劫,0.2%,12.02,4,0.5%,4.5%
18010,育婴室,0.1%,7.83,109,<0.1%,100%
18011,我是处女座,0.1%,5.64,2,0.7%,2.3%
18012,超级快递,<0.1%,4.31,20,<0.1%,18.8%
18013,航海王之黄金城,<0.1%,4.29,4,0.2%,4.1%
18014,贫穷富爸爸,<0.1%,3.92,29,<0.1%,37.6%
18015,外公芳龄38,<0.1%,3.71,3,0.2%,3.0%
18016,夏威夷之恋,<0.1%,2.75,1,0.4%,1.4%
18017,驴得水,<0.1%,2.55,7,<0.1%,9.7%
18018,辣警霸王花,<0.1%,2.25,4,0.1%,5.5%
18019,勇士,<0.1%,1.82,23,<0.1%,34.3%
18020,白云桥,<0.1%,1.42,3,0.1%,5.1%
18021,阿拉丁与神灯,<0.1%,1.18,1,0.1%,1.9%
18022,塔洛,<0.1%,1.16,12,<0.1%,14.1%
18023,极速之巅,<0.1%,1.15,11,<0.1%,9.2%
18024,不许动,<0.1%,1.13,253,<0.1%,100%
18025,你的名字。,45.9%,7629.17,42,29.7%,30.9%
18026,神奇动物在哪里,13.8%,2305.82,27,10.3%,17.7%
18027,佩小姐的奇幻城堡,11.5%,1913.23,16,17.1%,11.8%
18028,三少爷的剑,11.1%,1857.42,15,16.2%,12.7%
18029,超级快递,5.0%,840.55,15,8.7%,15.9%
18030,我不是潘金莲,2.9%,489.62,28,1.8%,32.7%
18031,极速之巅,2.8%,468.04,14,4.5%,13.9%
18032,海洋奇缘,2.2%,368.79,16,3.1%,15.7%
18033,间谍同盟,1.4%,241.94,12,2.7%,12.4%
18034,判我有罪,0.9%,159.60,131,0.1%,98.3%
18035,比利·林恩的中场战事,0.4%,78.93,34,<0.1%,29.6%
18036,28岁未成年,0.4%,66.94,10,1.0%,11.9%
18037,食人岛,0.3%,63.00,6,1.7%,6.5%
18038,湄公河行动,0.1%,23.23,60,<0.1%,60.7%
18039,爱你的人,0.1%,17.45,15,0.1%,17.6%
18040,奇异博士,<0.1%,14.76,9,0.2%,10.0%
18041,名侦探柯南：纯黑的恶梦,<0.1%,13.10,9,0.2%,11.8%
18042,育婴室,<0.1%,8.82,184,<0.1%,100%
18043,最萌身高差,<0.1%,7.17,8,<0.1%,15.8%
18044,勇士,<0.1%,6.26,37,<0.1%,60.0%
18045,贫穷富爸爸,<0.1%,3.68,44,<0.1%,49.5%
18046,深海浩劫,<0.1%,3.42,9,<0.1%,15.7%
18047,冲天火,<0.1%,3.08,2,0.3%,2.2%
18048,老腔,<0.1%,3.03,11,<0.1%,12.3%
18049,沙漠之心,<0.1%,2.43,2,0.2%,1.5%
18050,塔洛,<0.1%,2.32,34,<0.1%,42.0%
18051,东宫皇子,<0.1%,1.82,5,<0.1%,7.7%
18052,不许动,<0.1%,1.54,413,<0.1%,100%
18053,怨灵地下室,<0.1%,1.11,3,<0.1%,3.9%
18054,老阿姨,<0.1%,1.03,103,<0.1%,100%
18055,你的名字。,45.9%,12040.79,54,34.4%,38.9%
18056,神奇动物在哪里,18.0%,4727.94,47,11.7%,32.3%
18057,佩小姐的奇幻城堡,10.9%,2883.64,26,14.9%,21.3%
18058,三少爷的剑,7.2%,1909.08,17,14.3%,14.9%
18059,海洋奇缘,6.7%,1774.84,37,6.5%,35.9%
18060,超级快递,3.9%,1023.33,23,7.1%,24.8%
18061,我不是潘金莲,2.3%,620.77,36,1.8%,42.8%
18062,极速之巅,1.6%,432.65,17,3.2%,18.2%
18063,间谍同盟,1.1%,300.77,21,1.9%,23.2%
18064,判我有罪,0.7%,185.92,135,0.2%,100%
18065,比利·林恩的中场战事,0.4%,114.05,50,<0.1%,42.0%
18066,食人岛,0.2%,52.97,7,1.3%,7.3%
18067,名侦探柯南：纯黑的恶梦,0.1%,50.85,20,0.3%,24.8%
18068,奇异博士,<0.1%,24.96,16,0.1%,17.6%
18069,育婴室,<0.1%,8.82,170,<0.1%,100%
18070,最萌身高差,<0.1%,7.79,10,<0.1%,16.2%
18071,冲天火,<0.1%,7.27,5,0.2%,7.6%
18072,沙漠之心,<0.1%,5.10,7,0.1%,7.2%
18073,湄公河行动,<0.1%,4.45,18,<0.1%,23.0%
18074,我的诗篇,<0.1%,3.25,73,<0.1%,94.8%
18075,东宫皇子,<0.1%,2.88,10,<0.1%,13.1%
18076,航海王之黄金城,<0.1%,2.72,8,<0.1%,8.7%
18077,勇士,<0.1%,2.02,13,<0.1%,45.8%
18078,深海浩劫,<0.1%,1.94,6,<0.1%,12.1%
18079,怨灵地下室,<0.1%,1.80,4,<0.1%,7.2%
18080,爱你的人,<0.1%,1.62,5,<0.1%,7.7%
18081,塔洛,<0.1%,1.59,28,<0.1%,33.3%
18082,锅是铁,<0.1%,1.30,10,<0.1%,19.9%
18083,老腔,<0.1%,1.25,7,<0.1%,7.0%
18084,28岁未成年,<0.1%,1.16,3,<0.1%,7.5%
18085,阿拉丁与神灯,<0.1%,1.07,4,<0.1%,9.3%
18086,越囧,<0.1%,1.06,12,<0.1%,21.4%
18087,驴得水,<0.1%,1.05,20,<0.1%,34.2%
18088,外公芳龄38,<0.1%,1.02,5,<0.1%,5.5%
18089,我在故宫修文物,<0.1%,1.02,205,<0.1%,100.0%
18090,你的名字。,43.0%,8758.47,39,35.1%,27.4%
18091,神奇动物在哪里,17.7%,3610.50,34,12.6%,23.6%
18092,佩小姐的奇幻城堡,10.4%,2119.10,20,14.2%,16.6%
18093,海洋奇缘,8.8%,1803.30,34,7.4%,32.2%
18094,三少爷的剑,7.2%,1471.53,15,12.9%,13.1%
18095,超级快递,4.8%,994.83,21,7.6%,22.7%
18096,我不是潘金莲,2.7%,565.45,33,1.8%,39.1%
18097,极速之巅,1.5%,319.67,14,2.9%,15.0%
18098,间谍同盟,1.2%,247.57,18,1.8%,20.6%
18099,判我有罪,0.8%,182.57,133,0.2%,100%
18100,比利·林恩的中场战事,0.4%,90.22,39,0.1%,34.1%
18101,名侦探柯南：纯黑的恶梦,0.2%,45.91,18,0.4%,22.5%
18102,食人岛,0.1%,37.56,5,1.2%,5.3%
18103,育婴室,<0.1%,8.82,170,<0.1%,100%
18104,最萌身高差,<0.1%,7.90,9,<0.1%,15.4%
18105,28岁未成年,<0.1%,6.16,14,<0.1%,29.0%
18106,湄公河行动,<0.1%,5.88,32,<0.1%,46.4%
18107,我在故宫修文物,<0.1%,5.57,1115,<0.1%,--
18108,冲天火,<0.1%,4.66,4,0.1%,5.6%
18109,沙漠之心,<0.1%,4.29,8,0.1%,8.5%
18110,锅是铁,<0.1%,3.08,15,<0.1%,27.5%
18111,血战钢锯岭,<0.1%,2.76,345,<0.1%,--
18112,航海王之黄金城,<0.1%,2.56,7,<0.1%,7.7%
18113,东宫皇子,<0.1%,2.53,10,<0.1%,15.5%
18114,勇士,<0.1%,2.27,16,<0.1%,54.3%
18115,外公芳龄38,<0.1%,2.07,7,<0.1%,8.0%
18116,我的诗篇,<0.1%,1.59,61,<0.1%,80.9%
18117,深海浩劫,<0.1%,1.57,6,<0.1%,9.8%
18118,爱你的人,<0.1%,1.56,5,<0.1%,9.4%
18119,怨灵地下室,<0.1%,1.41,3,<0.1%,5.3%
18120,你的名字。,43.3%,3151.36,16,33.8%,11.2%
18121,神奇动物在哪里,13.9%,1016.56,10,13.7%,6.9%
18122,佩小姐的奇幻城堡,10.4%,762.73,8,14.7%,6.4%
18123,三少爷的剑,9.8%,718.43,8,13.5%,6.5%
18124,超级快递,7.1%,518.30,11,8.6%,11.4%
18125,我不是潘金莲,5.8%,426.92,21,2.3%,24.5%
18126,海洋奇缘,2.2%,162.74,6,4.6%,5.0%
18127,判我有罪,2.1%,152.87,124,0.1%,96.6%
18128,极速之巅,1.6%,116.66,6,2.9%,6.2%
18129,间谍同盟,1.5%,113.33,8,2.2%,8.1%
18130,比利·林恩的中场战事,0.4%,33.18,15,0.1%,13.8%
18131,食人岛,0.3%,26.98,4,1.3%,4.0%
18132,名侦探柯南：纯黑的恶梦,0.1%,8.96,6,0.2%,6.8%
18133,最萌身高差,<0.1%,6.19,6,<0.1%,8.9%
18134,勇士,<0.1%,5.07,90,<0.1%,55.5%
18135,沙漠之心,<0.1%,4.40,7,0.1%,8.8%
18136,育婴室,<0.1%,3.46,87,<0.1%,100%
18137,不许动,<0.1%,1.85,449,<0.1%,100%
18138,冲天火,<0.1%,1.71,2,0.2%,1.8%
18139,湄公河行动,<0.1%,1.69,16,<0.1%,17.7%
18140,深海浩劫,<0.1%,1.63,5,<0.1%,7.5%
18141,老腔,<0.1%,1.53,8,<0.1%,11.1%
18142,塔洛,<0.1%,1.29,25,<0.1%,27.2%
18143,贫穷富爸爸,<0.1%,1.23,15,<0.1%,14.5%
18144,呆呆计划,<0.1%,1.17,115,<0.1%,68.1%
18145,你的名字。,39.5%,2692.42,14,33.5%,9.7%
18146,神奇动物在哪里,13.6%,931.71,9,14.0%,6.2%
18147,三少爷的剑,10.7%,731.59,8,13.0%,6.8%
18148,佩小姐的奇幻城堡,10.6%,723.22,8,14.4%,6.2%
18149,超级快递,7.5%,515.01,10,9.1%,10.7%
18150,我不是潘金莲,5.8%,396.62,19,2.4%,21.2%
18151,圣诞大赢家,4.4%,304.62,136,0.3%,100%
18152,海洋奇缘,2.2%,151.72,6,4.4%,4.9%
18153,间谍同盟,1.7%,120.05,8,2.3%,8.5%
18154,极速之巅,1.6%,112.42,6,2.8%,6.3%
18155,比利·林恩的中场战事,0.4%,33.70,14,0.1%,11.9%
18156,食人岛,0.3%,23.25,3,1.2%,3.7%
18157,名侦探柯南：纯黑的恶梦,0.1%,7.68,5,0.2%,5.7%
18158,沙漠之心,<0.1%,6.49,9,0.1%,11.1%
18159,最萌身高差,<0.1%,6.16,6,<0.1%,10.0%
18160,长城,<0.1%,5.88,328,<0.1%,--
18161,勇士,<0.1%,4.61,66,<0.1%,84.4%
18162,育婴室,<0.1%,4.00,126,<0.1%,100%
18163,深海浩劫,<0.1%,3.75,9,<0.1%,14.3%
18164,遵义会议,<0.1%,2.11,61,<0.1%,28.8%
18165,不许动,<0.1%,2.03,453,<0.1%,97.9%
18166,夏威夷之恋,<0.1%,1.75,10,<0.1%,13.4%
18167,冲天火,<0.1%,1.73,2,0.2%,1.8%
18168,湄公河行动,<0.1%,1.69,9,<0.1%,10.3%
18169,爱你的人,<0.1%,1.26,3,<0.1%,5.6%
18170,怨灵地下室,<0.1%,1.20,3,<0.1%,3.9%
18171,牡丹仙子之皇帝诏曰,<0.1%,1.14,129,<0.1%,--
18172,我在故宫修文物,<0.1%,1.00,92,<0.1%,100.0%
18173,你的名字。,36.8%,2272.96,12,33.2%,8.2%
18174,神奇动物在哪里,13.1%,810.58,8,13.9%,5.4%
18175,三少爷的剑,11.2%,690.88,8,12.8%,6.5%
18176,佩小姐的奇幻城堡,10.6%,657.63,7,14.1%,5.7%
18177,超级快递,8.3%,513.03,10,9.7%,9.8%
18178,我不是潘金莲,7.0%,435.60,19,2.5%,21.4%
18179,圣诞大赢家,5.7%,351.98,136,0.4%,100%
18180,海洋奇缘,2.3%,143.89,5,4.3%,4.8%
18181,间谍同盟,1.8%,114.67,8,2.3%,8.0%
18182,极速之巅,0.8%,50.26,3,2.7%,3.2%
18183,比利·林恩的中场战事,0.5%,32.36,13,0.1%,10.5%
18184,食人岛,0.3%,20.05,3,1.2%,3.1%
18185,血战钢锯岭,0.2%,16.70,5,0.6%,4.6%
18186,名侦探柯南：纯黑的恶梦,0.1%,6.79,4,0.2%,4.9%
18187,最萌身高差,0.1%,6.60,14,<0.1%,25.9%
18188,湄公河行动,<0.1%,3.49,21,<0.1%,20.3%
18189,勇士,<0.1%,3.45,60,<0.1%,36.9%
18190,深海浩劫,<0.1%,2.49,6,<0.1%,8.5%
18191,育婴室,<0.1%,2.00,72,<0.1%,100%
18192,冲天火,<0.1%,1.78,2,0.2%,1.8%
18193,沙漠之心,<0.1%,1.53,5,<0.1%,6.0%
18194,怨灵地下室,<0.1%,1.29,3,0.1%,3.6%
18195,夏威夷之恋,<0.1%,1.10,5,<0.1%,8.0%
18196,你的名字。,26.9%,1769.28,12,27.0%,8.5%
18197,血战钢锯岭,26.7%,1754.21,12,26.1%,8.7%
18198,神奇动物在哪里,8.8%,578.67,8,10.3%,5.4%
18199,我不是潘金莲,7.5%,498.19,26,1.7%,31.9%
18200,三少爷的剑,6.8%,450.97,7,8.7%,6.6%
18201,佩小姐的奇幻城堡,6.2%,409.81,7,9.5%,6.0%
18202,圣诞大赢家,5.4%,356.61,143,0.4%,100%
18203,超级快递,5.4%,355.46,9,7.7%,9.1%
18204,海洋奇缘,1.3%,87.33,5,2.7%,5.0%
18205,间谍同盟,0.7%,49.97,7,1.1%,7.6%
18206,比利·林恩的中场战事,0.4%,26.85,12,0.1%,9.8%
18207,极速之巅,0.2%,15.74,2,1.4%,2.1%
18208,萨利机长,0.2%,15.35,7,0.3%,2.9%
18209,食人岛,0.2%,14.27,3,0.8%,3.1%
18210,最萌身高差,0.1%,12.38,14,<0.1%,25.9%
18211,28岁未成年,0.1%,9.20,11,0.1%,10.3%
18212,勇士,0.1%,7.16,89,<0.1%,100%
18213,湄公河行动,<0.1%,4.90,27,<0.1%,33.3%
18214,名侦探柯南：纯黑的恶梦,<0.1%,3.75,4,0.1%,5.6%
18215,深海浩劫,<0.1%,1.83,6,<0.1%,9.7%
18216,夏威夷之恋,<0.1%,1.74,9,<0.1%,16.1%
18217,冲天火,<0.1%,1.73,2,0.1%,2.2%
18218,沙漠之心,<0.1%,1.70,10,<0.1%,13.0%
18219,越囧,<0.1%,1.53,31,<0.1%,53.1%
18220,李三娘,<0.1%,1.14,28,<0.1%,100%
18221,你的名字。,22.6%,2417.14,22,18.0%,16.5%
18222,血战钢锯岭,20.3%,2171.08,19,18.6%,13.9%
18223,28岁未成年,18.9%,2024.90,17,20.4%,14.5%
18224,萨利机长,10.2%,1095.71,10,15.8%,7.3%
18225,神奇动物在哪里,5.9%,640.10,17,4.7%,13.2%
18226,我不是潘金莲,5.4%,577.33,52,0.8%,63.7%
18227,圣诞大赢家,3.4%,364.62,142,0.3%,100%
18228,佩小姐的奇幻城堡,2.8%,303.23,13,3.2%,12.8%
18229,三少爷的剑,2.7%,291.77,13,2.5%,14.4%
18230,海洋奇缘,1.5%,168.54,14,1.8%,14.5%
18231,超级快递,1.4%,154.65,11,2.3%,12.1%
18232,呆呆计划,0.8%,89.24,5,3.0%,5.1%
18233,反黑行动组,0.7%,77.52,4,3.8%,3.5%
18234,比利·林恩的中场战事,0.3%,37.02,19,<0.1%,13.2%
18235,凄灵室,0.3%,32.16,5,1.1%,6.2%
18236,间谍同盟,0.2%,22.46,12,0.2%,15.6%
18237,爱上试睡师,0.1%,10.92,2,0.8%,2.3%
18238,塔洛,<0.1%,9.88,7,0.2%,8.0%
18239,食人岛,<0.1%,9.84,4,0.2%,7.3%
18240,勇士,<0.1%,8.50,65,<0.1%,53.6%
18241,最萌身高差,<0.1%,8.06,26,<0.1%,54.6%
18242,极速之巅,<0.1%,3.97,3,0.2%,3.1%
18243,湄公河行动,<0.1%,3.33,30,<0.1%,32.3%
18244,深海浩劫,<0.1%,3.14,16,<0.1%,24.5%
18245,名侦探柯南：纯黑的恶梦,<0.1%,2.63,6,<0.1%,8.0%
18246,辣警霸王花,<0.1%,2.31,5,<0.1%,9.7%
18247,少年,<0.1%,2.20,68,<0.1%,35.2%
18248,老阿姨,<0.1%,2.18,133,<0.1%,100%
18249,沙漠之心,<0.1%,1.96,19,<0.1%,22.6%
18250,李三娘,<0.1%,1.71,36,<0.1%,100%
18251,我的诗篇,<0.1%,1.52,87,<0.1%,100%
18252,越囧,<0.1%,1.40,101,<0.1%,100%
18253,牡丹仙子之皇帝诏曰,<0.1%,1.36,3,<0.1%,4.8%
18254,那美,<0.1%,1.32,28,<0.1%,18.9%
18255,大会师,<0.1%,1.14,107,<0.1%,87.3%
18256,你的名字。,25.2%,4876.62,36,21.0%,26.7%
18257,血战钢锯岭,21.4%,4147.16,34,18.2%,24.9%
18258,28岁未成年,15.4%,2993.42,24,19.8%,20.1%
18259,神奇动物在哪里,8.8%,1703.29,38,5.5%,28.7%
18260,萨利机长,8.1%,1581.80,18,12.6%,12.6%
18261,海洋奇缘,5.7%,1119.62,29,5.4%,28.2%
18262,佩小姐的奇幻城堡,3.6%,705.25,28,3.3%,27.6%
18263,我不是潘金莲,3.3%,638.62,58,0.8%,70.6%
18264,三少爷的剑,2.2%,425.98,20,2.2%,21.2%
18265,圣诞大赢家,1.9%,374.04,147,0.3%,100%
18266,超级快递,1.5%,294.45,18,2.7%,19.9%
18267,呆呆计划,0.4%,79.07,6,2.0%,6.5%
18268,反黑行动组,0.3%,72.57,5,2.3%,4.9%
18269,比利·林恩的中场战事,0.2%,54.94,27,<0.1%,19.7%
18270,间谍同盟,0.1%,36.78,20,0.2%,27.9%
18271,凄灵室,0.1%,33.98,8,0.7%,7.6%
18272,名侦探柯南：纯黑的恶梦,<0.1%,12.27,12,0.1%,15.2%
18273,塔洛,<0.1%,12.09,14,0.1%,18.1%
18274,食人岛,<0.1%,11.05,5,0.2%,8.8%
18275,爱上试睡师,<0.1%,9.67,3,0.5%,3.1%
18276,极速之巅,<0.1%,8.16,5,0.2%,6.4%
18277,少年,<0.1%,5.14,133,<0.1%,100%
18278,辣警霸王花,<0.1%,4.61,9,<0.1%,28.3%
18279,那美,<0.1%,4.06,74,<0.1%,48.5%
18280,我的诗篇,<0.1%,2.68,71,<0.1%,75.6%
18281,沙漠之心,<0.1%,2.04,20,<0.1%,23.2%
18282,牡丹仙子之皇帝诏曰,<0.1%,2.04,10,<0.1%,21.0%
18283,勇士,<0.1%,1.98,19,<0.1%,23.3%
18284,李三娘,<0.1%,1.55,22,<0.1%,96.1%
18285,热血雷锋侠之激情营救,<0.1%,1.10,138,<0.1%,--
18286,湄公河行动,<0.1%,1.08,11,<0.1%,13.6%
18287,血战钢锯岭,23.8%,3672.38,30,18.6%,21.4%
18288,你的名字。,22.0%,3395.74,24,21.8%,17.9%
18289,28岁未成年,14.5%,2250.84,19,19.2%,15.7%
18290,神奇动物在哪里,8.0%,1236.80,25,6.1%,18.6%
18291,海洋奇缘,7.4%,1144.84,27,6.1%,25.9%
18292,萨利机长,7.1%,1107.25,14,11.1%,10.3%
18293,我不是潘金莲,4.1%,641.91,58,0.8%,70.7%
18294,佩小姐的奇幻城堡,3.3%,509.05,19,3.5%,18.6%
18295,三少爷的剑,2.5%,396.65,19,2.1%,20.5%
18296,圣诞大赢家,2.4%,372.08,150,0.3%,100%
18297,超级快递,1.6%,260.14,15,2.8%,16.7%
18298,呆呆计划,0.4%,70.35,6,1.7%,6.6%
18299,反黑行动组,0.2%,44.42,4,1.9%,3.6%
18300,比利·林恩的中场战事,0.2%,33.82,62,<0.1%,19.7%
18301,间谍同盟,0.1%,28.88,16,0.2%,21.1%
18302,凄灵室,0.1%,24.01,6,0.7%,5.7%
18303,少年,0.1%,18.97,170,<0.1%,100%
18304,生门,<0.1%,12.07,86,<0.1%,100%
18305,名侦探柯南：纯黑的恶梦,<0.1%,11.91,11,0.1%,14.5%
18306,食人岛,<0.1%,10.81,5,0.2%,7.8%
18307,塔洛,<0.1%,8.84,12,0.1%,15.3%
18308,爱上试睡师,<0.1%,8.18,3,0.5%,2.6%
18309,极速之巅,<0.1%,7.37,5,0.2%,5.8%
18310,箭士柳白猿,<0.1%,6.11,140,<0.1%,100%
18311,勇士,<0.1%,4.63,41,<0.1%,56.4%
18312,牡丹仙子之皇帝诏曰,<0.1%,2.69,17,<0.1%,40.9%
18313,沙漠之心,<0.1%,2.53,19,<0.1%,24.7%
18314,笨贼别跑,<0.1%,2.14,86,<0.1%,91.4%
18315,最萌身高差,<0.1%,1.94,29,<0.1%,70.8%
18316,热血雷锋侠之激情营救,<0.1%,1.72,144,<0.1%,--
18317,湄公河行动,<0.1%,1.42,15,<0.1%,18.5%
18318,那美,<0.1%,1.00,58,<0.1%,26.1%
18319,血战钢锯岭,29.5%,1843.11,15,20.5%,10.6%
18320,28岁未成年,17.9%,1122.09,10,19.5%,8.5%
18321,你的名字。,14.9%,931.33,8,21.5%,5.6%
18322,我不是潘金莲,7.6%,477.20,40,0.9%,44.5%
18323,萨利机长,7.4%,465.21,7,11.2%,4.8%
18324,笨贼别跑,5.6%,351.32,146,0.3%,100%
18325,神奇动物在哪里,5.0%,317.49,7,6.4%,5.2%
18326,佩小姐的奇幻城堡,2.3%,146.54,6,3.7%,5.5%
18327,超级快递,1.9%,120.88,7,3.3%,7.2%
18328,三少爷的剑,1.5%,98.87,6,2.2%,6.5%
18329,海洋奇缘,1.1%,72.90,4,2.8%,3.9%
18330,呆呆计划,0.5%,36.49,3,1.6%,3.5%
18331,反黑行动组,0.2%,18.52,2,1.9%,1.7%
18332,凄灵室,0.2%,16.64,4,0.7%,4.3%
18333,生门,0.2%,13.28,85,<0.1%,100%
18334,间谍同盟,0.1%,11.80,6,0.2%,7.9%
18335,比利·林恩的中场战事,0.1%,9.68,51,<0.1%,29.4%
18336,长城,0.1%,8.96,243,<0.1%,--
18337,勇士,0.1%,7.80,66,<0.1%,88.9%
18338,食人岛,0.1%,7.31,3,0.2%,4.6%
18339,圣诞大赢家,0.1%,6.88,85,<0.1%,76.2%
18340,我在故宫修文物,<0.1%,5.86,153,<0.1%,100.0%
18341,箭士柳白猿,<0.1%,5.01,90,<0.1%,--
18342,塔洛,<0.1%,4.42,6,0.1%,7.5%
18343,极速之巅,<0.1%,3.26,2,0.2%,2.9%
18344,爱上试睡师,<0.1%,2.78,1,0.5%,0.9%
18345,深海浩劫,<0.1%,2.08,13,<0.1%,19.9%
18346,牡丹仙子之皇帝诏曰,<0.1%,1.90,14,<0.1%,48.2%
18347,名侦探柯南：纯黑的恶梦,<0.1%,1.73,4,<0.1%,4.6%
18348,血战钢锯岭,32.5%,1804.02,14,22.0%,9.6%
18349,28岁未成年,17.7%,983.19,9,19.5%,7.5%
18350,你的名字。,14.2%,786.69,7,20.9%,5.0%
18351,我不是潘金莲,9.8%,543.22,47,1.0%,50.8%
18352,萨利机长,7.7%,429.06,7,10.7%,4.8%
18353,神奇动物在哪里,5.0%,279.10,6,6.5%,4.5%
18354,佩小姐的奇幻城堡,2.4%,136.31,6,3.7%,5.1%
18355,超级快递,2.2%,123.68,7,3.5%,7.1%
18356,三少爷的剑,1.7%,94.24,6,2.2%,6.5%
18357,海洋奇缘,1.1%,65.58,4,2.6%,3.8%
18358,笨贼别跑,0.4%,27.15,46,<0.1%,66.3%
18359,呆呆计划,0.4%,25.98,3,1.5%,2.6%
18360,比利·林恩的中场战事,0.3%,17.68,106,<0.1%,46.5%
18361,反黑行动组,0.2%,15.89,2,1.8%,1.7%
18362,凄灵室,0.2%,15.00,4,0.7%,4.0%
18363,间谍同盟,0.2%,13.07,7,0.2%,8.8%
18364,食人岛,0.1%,7.35,3,0.3%,4.7%
18365,勇士,0.1%,7.34,73,<0.1%,66.6%
18366,塔洛,<0.1%,4.58,7,0.1%,8.4%
18367,李三娘,<0.1%,4.29,40,<0.1%,100%
18368,五女闹京城,<0.1%,3.36,201,<0.1%,100.0%
18369,极速之巅,<0.1%,3.21,2,0.2%,2.7%
18370,深海浩劫,<0.1%,2.63,13,<0.1%,21.3%
18371,爱上试睡师,<0.1%,2.43,1,0.4%,0.9%
18372,少年,<0.1%,2.41,64,<0.1%,40.0%
18373,湄公河行动,<0.1%,2.00,19,<0.1%,21.4%
18374,流金,<0.1%,1.73,3,0.1%,2.4%
18375,我的战争,<0.1%,1.54,206,<0.1%,100.0%
18376,沙漠之心,<0.1%,1.48,19,<0.1%,23.8%
18377,名侦探柯南：纯黑的恶梦,<0.1%,1.46,3,<0.1%,4.1%
18378,牡丹仙子之皇帝诏曰,<0.1%,1.43,10,<0.1%,31.1%
18379,圣诞大赢家,<0.1%,1.04,105,<0.1%,83.1%
18380,血战钢锯岭,33.5%,1749.64,13,22.8%,8.9%
18381,28岁未成年,17.6%,919.95,9,19.8%,6.9%
18382,你的名字。,13.1%,688.08,6,20.2%,4.6%
18383,我不是潘金莲,10.5%,551.48,46,1.1%,51.1%
18384,萨利机长,7.5%,394.65,6,10.6%,4.5%
18385,神奇动物在哪里,4.9%,260.30,6,6.5%,4.3%
18386,佩小姐的奇幻城堡,2.4%,128.88,6,3.7%,4.9%
18387,超级快递,2.3%,122.15,6,3.7%,6.7%
18388,三少爷的剑,1.7%,92.44,6,2.3%,6.3%
18389,海洋奇缘,1.1%,62.07,4,2.6%,3.7%
18390,呆呆计划,0.5%,29.30,3,1.4%,3.0%
18391,凄灵室,0.2%,15.15,4,0.7%,3.9%
18392,反黑行动组,0.2%,14.53,2,1.7%,1.6%
18393,长城,0.2%,13.04,85,<0.1%,100%
18394,间谍同盟,0.2%,11.99,6,0.2%,7.5%
18395,李三娘,0.1%,7.99,68,<0.1%,100%
18396,食人岛,0.1%,7.18,3,0.3%,4.4%
18397,塔洛,<0.1%,3.94,6,0.1%,7.1%
18398,勇士,<0.1%,3.40,44,<0.1%,52.9%
18399,极速之巅,<0.1%,3.26,2,0.2%,2.6%
18400,老阿姨,<0.1%,2.60,172,<0.1%,100%
18401,勇士之门,<0.1%,2.26,31,<0.1%,42.2%
18402,爱上试睡师,<0.1%,1.78,1,0.4%,0.7%
18403,我的战争,<0.1%,1.54,206,<0.1%,100.0%
18404,少年,<0.1%,1.43,43,<0.1%,31.1%
18405,深海浩劫,<0.1%,1.35,9,<0.1%,17.8%
18406,沙漠之心,<0.1%,1.29,17,<0.1%,23.4%
18407,名侦探柯南：纯黑的恶梦,<0.1%,1.22,3,<0.1%,3.4%
18408,长城,54.8%,4829.10,39,17.5%,25.2%
18409,血战钢锯岭,15.0%,1327.66,11,20.7%,8.0%
18410,28岁未成年,7.3%,646.50,7,16.5%,6.1%
18411,我不是潘金莲,6.1%,542.22,50,1.0%,58.6%
18412,你的名字。,5.9%,523.83,6,16.3%,4.6%
18413,萨利机长,2.7%,243.07,5,7.8%,3.8%
18414,神奇动物在哪里,1.8%,161.60,5,5.0%,3.5%
18415,佩小姐的奇幻城堡,0.9%,80.55,4,2.9%,3.8%
18416,超级快递,0.8%,76.95,5,3.2%,4.7%
18417,三少爷的剑,0.7%,69.00,5,1.7%,5.9%
18418,罗曼蒂克消亡史,0.5%,52.25,13,0.4%,8.4%
18419,海洋奇缘,0.5%,44.69,4,1.9%,3.5%
18420,呆呆计划,0.2%,18.31,3,0.9%,2.7%
18421,食人岛,<0.1%,8.60,3,0.2%,6.4%
18422,凄灵室,<0.1%,7.96,3,0.4%,3.5%
18423,间谍同盟,<0.1%,7.33,5,0.2%,6.4%
18424,反黑行动组,<0.1%,6.89,2,1.0%,1.3%
18425,少年,<0.1%,6.43,20,<0.1%,16.7%
18426,老阿姨,<0.1%,4.22,208,<0.1%,100%
18427,塔洛,<0.1%,3.20,6,<0.1%,8.0%
18428,湄公河行动,<0.1%,2.97,21,<0.1%,26.2%
18429,极速之巅,<0.1%,2.82,2,0.2%,2.8%
18430,我的战争,<0.1%,1.51,202,<0.1%,98.2%
18431,大火种,<0.1%,1.47,263,<0.1%,87.3%
18432,勇士,<0.1%,1.44,24,<0.1%,13.5%
18433,名侦探柯南：纯黑的恶梦,<0.1%,1.41,3,<0.1%,4.7%
18434,爱上试睡师,<0.1%,1.06,1,0.3%,0.6%
18435,老腔,<0.1%,1.05,51,<0.1%,100%
18436,沙漠之心,<0.1%,1.00,15,<0.1%,20.7%
18437,长城,69.4%,12346.79,36,43.5%,23.7%
18438,罗曼蒂克消亡史,12.2%,2169.52,14,24.2%,11.6%
18439,血战钢锯岭,6.3%,1129.42,23,7.3%,21.9%
18440,我不是潘金莲,3.0%,544.42,80,0.5%,97.1%
18441,你的名字。,2.0%,360.08,14,4.0%,15.1%
18442,少年,1.8%,323.94,7,7.7%,7.5%
18443,28岁未成年,1.1%,210.82,11,3.0%,12.8%
18444,我在故宫修文物,0.6%,108.66,6,2.7%,6.5%
18445,三少爷的剑,0.5%,103.55,33,0.2%,50.1%
18446,海洋奇缘,0.3%,67.42,12,0.8%,14.0%
18447,萨利机长,0.3%,65.29,14,0.5%,16.5%
18448,神奇动物在哪里,0.3%,58.61,13,0.5%,14.5%
18449,五女闹京城,0.2%,52.59,7,1.3%,6.7%
18450,佩小姐的奇幻城堡,0.1%,19.20,9,0.2%,11.7%
18451,生门,0.1%,18.12,4,0.9%,3.1%
18452,呆呆计划,<0.1%,13.93,10,<0.1%,16.5%
18453,超级快递,<0.1%,13.91,6,0.4%,7.8%
18454,勇士,<0.1%,4.68,71,<0.1%,88.6%
18455,老阿姨,<0.1%,3.73,181,<0.1%,100%
18456,凄灵室,<0.1%,3.36,5,0.1%,5.4%
18457,湄公河行动,<0.1%,2.99,86,<0.1%,77.4%
18458,我的朋友圈,<0.1%,1.89,5,<0.1%,6.8%
18459,李三娘,<0.1%,1.85,29,<0.1%,100%
18460,塔洛,<0.1%,1.62,15,<0.1%,23.2%
18461,间谍同盟,<0.1%,1.06,5,<0.1%,7.8%
18462,食人岛,<0.1%,1.04,2,0.1%,3.6%
18463,长城,67.2%,17014.85,47,44.3%,30.7%
18464,罗曼蒂克消亡史,9.3%,2371.72,16,20.5%,14.3%
18465,血战钢锯岭,8.8%,2230.19,37,8.6%,34.7%
18466,你的名字。,3.4%,883.77,26,5.0%,28.0%
18467,海洋奇缘,2.4%,625.08,28,3.1%,27.8%
18468,我不是潘金莲,2.1%,550.11,78,0.5%,96.4%
18469,28岁未成年,1.3%,345.68,19,2.9%,20.9%
18470,少年,1.2%,311.03,9,6.1%,8.9%
18471,神奇动物在哪里,0.7%,183.88,30,0.7%,31.3%
18472,我在故宫修文物,0.5%,144.19,11,1.9%,11.2%
18473,萨利机长,0.5%,129.54,29,0.5%,32.4%
18474,三少爷的剑,0.4%,102.39,35,0.2%,53.3%
18475,功夫四侠,0.2%,74.84,6,2.2%,6.7%
18476,佩小姐的奇幻城堡,0.2%,63.74,22,0.3%,24.6%
18477,超级快递,0.1%,31.44,12,0.4%,15.7%
18478,五女闹京城,<0.1%,20.19,5,0.5%,5.3%
18479,呆呆计划,<0.1%,11.13,11,<0.1%,17.7%
18480,生门,<0.1%,9.81,4,0.3%,4.0%
18481,凄灵室,<0.1%,5.82,7,0.1%,7.7%
18482,间谍同盟,<0.1%,5.12,25,<0.1%,37.9%
18483,我的诗篇,<0.1%,4.52,82,<0.1%,100%
18484,老阿姨,<0.1%,3.53,199,<0.1%,100%
18485,名侦探柯南：纯黑的恶梦,<0.1%,2.57,9,<0.1%,10.8%
18486,先锋之那时青春,<0.1%,2.36,79,<0.1%,86.7%
18487,我的朋友圈,<0.1%,2.22,8,<0.1%,11.2%
18488,食人岛,<0.1%,2.21,3,0.1%,6.3%
18489,塔洛,<0.1%,1.77,17,<0.1%,28.9%
18490,勇士,<0.1%,1.45,22,<0.1%,20.3%
18491,那美,<0.1%,1.26,84,<0.1%,52.7%
18492,长城,62.6%,12934.37,36,44.7%,23.1%
18493,血战钢锯岭,10.8%,2229.30,32,10.2%,29.1%
18494,罗曼蒂克消亡史,9.6%,1991.44,16,18.0%,13.9%
18495,你的名字。,3.9%,809.05,20,6.0%,21.3%
18496,海洋奇缘,3.3%,692.20,27,3.6%,26.5%
18497,我不是潘金莲,2.5%,529.39,79,0.5%,93.9%
18498,28岁未成年,1.5%,315.22,15,3.2%,17.2%
18499,少年,1.0%,214.82,7,5.2%,7.5%
18500,神奇动物在哪里,0.9%,190.54,26,0.8%,26.2%
18501,我在故宫修文物,0.5%,119.14,10,1.8%,9.9%
18502,萨利机长,0.5%,115.77,24,0.6%,27.1%
18503,三少爷的剑,0.5%,104.22,36,0.2%,48.5%
18504,佩小姐的奇幻城堡,0.3%,62.36,19,0.4%,21.3%
18505,功夫四侠,0.2%,57.10,5,2.0%,6.1%
18506,超级快递,0.1%,35.06,13,0.4%,16.1%
18507,五女闹京城,0.1%,21.15,4,0.4%,5.1%
18508,情圣,<0.1%,15.06,157,<0.1%,--
18509,生门,<0.1%,10.96,6,0.3%,5.5%
18510,呆呆计划,<0.1%,7.93,7,<0.1%,11.7%
18511,凄灵室,<0.1%,4.72,6,0.1%,5.9%
18512,间谍同盟,<0.1%,3.90,22,<0.1%,44.5%
18513,老阿姨,<0.1%,3.44,194,<0.1%,100%
18514,我的诗篇,<0.1%,2.89,72,<0.1%,100.0%
18515,名侦探柯南：纯黑的恶梦,<0.1%,2.40,8,<0.1%,12.4%
18516,食人岛,<0.1%,2.22,3,0.1%,5.7%
18517,勇士之门,<0.1%,1.63,87,<0.1%,100%
18518,那美,<0.1%,1.57,119,<0.1%,74.1%
18519,热血雷锋侠之激情营救,<0.1%,1.54,111,<0.1%,--
18520,塔洛,<0.1%,1.54,14,<0.1%,24.2%
18521,勇士,<0.1%,1.49,32,<0.1%,28.6%
18522,我的朋友圈,<0.1%,1.40,6,<0.1%,7.8%
18523,反黑行动组,<0.1%,1.37,3,<0.1%,5.3%
18524,飞天窑女,<0.1%,1.27,16,<0.1%,41.9%
18525,长城,61.4%,5309.41,16,44.6%,10.7%
18526,血战钢锯岭,11.7%,1010.73,14,12.4%,12.3%
18527,罗曼蒂克消亡史,10.0%,871.35,8,17.4%,7.0%
18528,我不是潘金莲,4.8%,417.28,68,0.5%,76.3%
18529,你的名字。,3.0%,265.97,8,6.0%,7.5%
18530,28岁未成年,2.1%,182.58,8,4.1%,8.4%
18531,少年,1.3%,117.88,5,5.3%,4.9%
18532,海洋奇缘,0.7%,63.50,7,1.4%,6.7%
18533,神奇动物在哪里,0.7%,62.81,9,0.9%,9.3%
18534,萨利机长,0.6%,59.86,10,0.8%,10.8%
18535,我在故宫修文物,0.5%,44.04,4,1.9%,3.8%
18536,超级快递,0.2%,22.31,6,0.6%,7.3%
18537,佩小姐的奇幻城堡,0.2%,20.28,7,0.4%,7.4%
18538,五女闹京城,0.1%,13.11,4,0.4%,4.3%
18539,呆呆计划,0.1%,10.56,9,<0.1%,13.8%
18540,三少爷的剑,<0.1%,5.21,3,0.3%,3.5%
18541,生门,<0.1%,4.85,3,0.3%,3.0%
18542,情圣,<0.1%,4.65,978,<0.1%,71.4%
18543,凄灵室,<0.1%,4.12,4,0.2%,4.1%
18544,老阿姨,<0.1%,3.53,236,<0.1%,89.9%
18545,功夫四侠,<0.1%,2.85,1,0.8%,0.8%
18546,间谍同盟,<0.1%,2.16,7,<0.1%,10.7%
18547,飞天窑女,<0.1%,1.41,12,<0.1%,46.6%
18548,湄公河行动,<0.1%,1.22,28,<0.1%,59.1%
18549,食人岛,<0.1%,1.19,2,0.1%,2.9%
18550,长城,56.7%,4662.99,15,44.1%,9.2%
18551,血战钢锯岭,12.4%,1026.36,13,13.4%,11.3%
18552,罗曼蒂克消亡史,9.7%,797.99,8,16.5%,6.8%
18553,我不是潘金莲,8.6%,713.89,91,0.7%,91.0%
18554,你的名字。,3.0%,247.86,7,6.2%,6.8%
18555,28岁未成年,2.2%,185.92,8,4.4%,8.0%
18556,少年,1.4%,122.93,5,4.8%,5.8%
18557,海洋奇缘,0.8%,69.06,8,1.4%,7.6%
18558,萨利机长,0.7%,60.86,10,0.9%,10.4%
18559,神奇动物在哪里,0.7%,59.49,8,1.0%,8.4%
18560,我在故宫修文物,0.4%,35.61,4,1.8%,3.2%
18561,超级快递,0.3%,25.89,7,0.7%,7.4%
18562,佩小姐的奇幻城堡,0.2%,19.93,7,0.4%,7.2%
18563,五女闹京城,0.1%,13.30,3,0.3%,4.3%
18564,呆呆计划,0.1%,9.85,8,<0.1%,13.9%
18565,五女拜寿,0.1%,8.53,138,<0.1%,--
18566,生门,<0.1%,5.22,4,0.2%,3.5%
18567,凄灵室,<0.1%,4.37,4,0.2%,4.2%
18568,三少爷的剑,<0.1%,4.30,3,0.3%,2.8%
18569,情圣,<0.1%,2.95,62,<0.1%,67.2%
18570,功夫四侠,<0.1%,2.74,1,0.7%,0.9%
18571,老阿姨,<0.1%,2.71,156,<0.1%,69.1%
18572,间谍同盟,<0.1%,2.57,8,<0.1%,12.3%
18573,贫穷富爸爸,<0.1%,1.62,47,<0.1%,91.5%
18574,飞天窑女,<0.1%,1.30,12,<0.1%,34.8%
18575,热血雷锋侠之激情营救,<0.1%,1.30,131,<0.1%,--
18576,食人岛,<0.1%,1.19,2,0.1%,3.0%
18577,长城,55.9%,4116.08,13,43.9%,8.4%
18578,血战钢锯岭,13.0%,956.37,12,13.9%,10.3%
18579,罗曼蒂克消亡史,9.4%,694.97,7,16.1%,6.2%
18580,我不是潘金莲,8.2%,606.03,83,0.7%,79.8%
18581,你的名字。,3.0%,226.46,6,6.4%,6.0%
18582,28岁未成年,2.5%,190.19,7,4.7%,7.7%
18583,少年,1.6%,124.02,6,4.5%,6.6%
18584,海洋奇缘,0.9%,66.73,7,1.5%,7.2%
18585,萨利机长,0.7%,56.84,9,0.9%,9.4%
18586,神奇动物在哪里,0.7%,56.63,8,1.0%,8.0%
18587,超级快递,0.4%,30.53,7,0.8%,8.0%
18588,我在故宫修文物,0.3%,27.99,3,1.7%,2.7%
18589,佩小姐的奇幻城堡,0.2%,19.09,6,0.4%,7.0%
18590,呆呆计划,0.1%,12.65,13,<0.1%,23.6%
18591,五女拜寿,0.1%,8.12,131,<0.1%,--
18592,五女闹京城,0.1%,7.54,3,0.3%,3.1%
18593,生门,<0.1%,4.78,3,0.2%,3.1%
18594,凄灵室,<0.1%,4.71,4,0.2%,4.3%
18595,三少爷的剑,<0.1%,3.93,2,0.3%,2.7%
18596,老阿姨,<0.1%,3.54,236,<0.1%,90.0%
18597,功夫四侠,<0.1%,2.75,1,0.6%,0.9%
18598,勇士,<0.1%,2.58,35,<0.1%,57.6%
18599,飞天窑女,<0.1%,2.34,23,<0.1%,53.9%
18600,我是处女座,<0.1%,1.89,17,<0.1%,13.0%
18601,间谍同盟,<0.1%,1.63,5,<0.1%,7.1%
18602,热血雷锋侠之激情营救,<0.1%,1.49,188,<0.1%,100%
18603,开罗宣言,<0.1%,1.46,163,<0.1%,--
18604,贫穷富爸爸,<0.1%,1.21,28,<0.1%,41.7%
18605,长城,51.1%,3700.46,12,43.0%,7.4%
18606,血战钢锯岭,13.3%,963.19,12,14.1%,9.9%
18607,罗曼蒂克消亡史,9.6%,695.62,7,15.6%,6.2%
18608,我不是潘金莲,5.8%,424.89,71,0.6%,70.0%
18609,铁道飞虎,3.8%,277.76,37,0.8%,26.5%
18610,你的名字。,3.0%,222.57,6,6.3%,5.8%
18611,摆渡人,2.7%,201.04,30,0.9%,17.9%
18612,28岁未成年,2.4%,175.33,7,4.7%,6.9%
18613,少年,1.9%,143.87,7,4.3%,7.8%
18614,萨利机长,0.8%,61.53,10,0.9%,9.6%
18615,神奇动物在哪里,0.7%,52.89,7,0.9%,7.3%
18616,海洋奇缘,0.6%,46.08,6,1.4%,5.3%
18617,我在故宫修文物,0.3%,28.36,3,1.6%,2.8%
18618,超级快递,0.3%,26.83,6,0.8%,6.8%
18619,佩小姐的奇幻城堡,0.2%,15.82,5,0.4%,5.5%
18620,五女闹京城,0.1%,11.62,3,0.3%,4.1%
18621,呆呆计划,0.1%,8.01,9,<0.1%,12.5%
18622,生门,<0.1%,5.87,4,0.2%,4.1%
18623,恐怖笔记,<0.1%,5.02,144,<0.1%,--
18624,三少爷的剑,<0.1%,4.17,2,0.3%,2.6%
18625,凄灵室,<0.1%,3.63,4,0.2%,3.4%
18626,功夫四侠,<0.1%,2.81,1,0.5%,1.0%
18627,勇士,<0.1%,2.70,44,<0.1%,72.7%
18628,间谍同盟,<0.1%,1.87,6,<0.1%,7.6%
18629,老阿姨,<0.1%,1.84,237,<0.1%,100%
18630,热血雷锋侠之激情营救,<0.1%,1.50,188,<0.1%,100%
18631,食人岛,<0.1%,1.25,2,0.1%,2.8%
18632,湄公河行动,<0.1%,1.18,17,<0.1%,25.7%
18633,绝对控制,<0.1%,1.13,59,<0.1%,73.9%
18634,越囧,<0.1%,1.08,55,<0.1%,60.3%
18635,开罗宣言,<0.1%,1.06,178,<0.1%,--
18636,飞天窑女,<0.1%,1.05,13,<0.1%,34.7%
18637,摆渡人,44.2%,7942.06,29,37.4%,21.7%
18638,铁道飞虎,29.3%,5276.40,22,29.0%,18.0%
18639,长城,20.2%,3634.25,23,19.5%,17.7%
18640,血战钢锯岭,2.6%,484.42,23,3.0%,25.3%
18641,罗曼蒂克消亡史,1.0%,183.26,12,1.9%,15.3%
18642,掠夺者,0.6%,121.63,5,4.0%,6.0%
18643,你的名字。,0.3%,71.51,11,0.9%,14.4%
18644,海洋奇缘,0.2%,46.64,13,0.5%,16.0%
18645,我不是潘金莲,0.1%,31.75,57,<0.1%,100%
18646,少年,0.1%,28.08,26,0.2%,39.3%
18647,萨利机长,0.1%,20.54,21,0.1%,28.4%
18648,神奇动物在哪里,0.1%,20.18,20,0.1%,20.0%
18649,28岁未成年,<0.1%,12.56,5,0.4%,6.7%
18650,失心者,<0.1%,11.11,3,0.7%,2.8%
18651,我在故宫修文物,<0.1%,7.96,8,0.1%,9.5%
18652,功夫四侠,<0.1%,6.66,5,0.2%,7.4%
18653,一路逆风,<0.1%,6.19,145,<0.1%,71.6%
18654,佩小姐的奇幻城堡,<0.1%,3.86,9,<0.1%,12.1%
18655,超级快递,<0.1%,3.62,5,0.1%,6.2%
18656,勇士,<0.1%,3.06,59,<0.1%,75.6%
18657,警魂之命悬一线,<0.1%,3.06,102,<0.1%,--
18658,湄公河行动,<0.1%,2.34,69,<0.1%,79.5%
18659,有迹可循,<0.1%,1.89,1,0.3%,1.2%
18660,绝对控制,<0.1%,1.87,12,<0.1%,9.4%
18661,三少爷的剑,<0.1%,1.35,3,<0.1%,3.5%
18662,珍珠塔,<0.1%,1.35,452,<0.1%,--
18663,比利·林恩的中场战事,<0.1%,1.34,22,<0.1%,62.9%
18664,情圣,<0.1%,1.23,26,<0.1%,22.5%
18665,生门,<0.1%,1.15,7,<0.1%,7.1%
18666,那美,<0.1%,1.10,88,<0.1%,94.6%
18667,摆渡人,37.0%,11665.99,42,35.2%,30.3%
18668,铁道飞虎,25.9%,8166.01,37,25.7%,30.5%
18669,长城,25.9%,8159.90,45,20.8%,35.2%
18670,血战钢锯岭,3.8%,1218.84,43,3.7%,44.4%
18671,海洋奇缘,1.7%,542.28,31,2.4%,31.3%
18672,罗曼蒂克消亡史,1.1%,365.39,26,1.6%,32.4%
18673,你的名字。,0.9%,295.53,26,1.5%,31.0%
18674,绝对控制,0.7%,250.90,14,2.5%,15.1%
18675,情圣,0.6%,216.47,54,0.5%,50.8%
18676,我不是潘金莲,0.5%,162.35,124,0.1%,100%
18677,掠夺者,0.3%,97.16,7,2.1%,8.6%
18678,神奇动物在哪里,0.2%,66.24,35,0.1%,38.0%
18679,你好，疯子！,0.1%,40.94,38,0.1%,38.5%
18680,28岁未成年,0.1%,37.70,14,0.4%,19.2%
18681,萨利机长,0.1%,36.51,33,0.1%,43.0%
18682,勃沙特的长征,<0.1%,29.70,220,<0.1%,--
18683,功夫四侠,<0.1%,27.26,6,0.8%,8.2%
18684,我在故宫修文物,<0.1%,15.24,17,0.1%,20.0%
18685,佩小姐的奇幻城堡,<0.1%,14.37,18,<0.1%,28.4%
18686,少年,<0.1%,11.94,18,0.1%,28.7%
18687,失心者,<0.1%,8.10,4,0.3%,4.5%
18688,超级快递,<0.1%,5.07,9,<0.1%,13.4%
18689,警魂之命悬一线,<0.1%,5.04,126,<0.1%,--
18690,一路逆风,<0.1%,4.65,138,<0.1%,52.1%
18691,三少爷的剑,<0.1%,3.36,7,<0.1%,10.0%
18692,我的女神女汉子,<0.1%,3.07,8,<0.1%,12.1%
18693,生门,<0.1%,3.04,32,<0.1%,50.2%
18694,有迹可循,<0.1%,2.74,2,0.2%,1.7%
18695,我的诗篇,<0.1%,2.04,75,<0.1%,100%
18696,比利·林恩的中场战事,<0.1%,1.86,27,<0.1%,87.0%
18697,那年夏天你去了哪里,<0.1%,1.77,40,<0.1%,62.4%
18698,食人岛,<0.1%,1.74,4,<0.1%,12.1%
18699,珍珠塔,<0.1%,1.70,486,<0.1%,49.0%
18700,猪猪侠之英雄猪少年,<0.1%,1.69,131,<0.1%,100.0%
18701,凄灵室,<0.1%,1.55,7,<0.1%,8.2%
18702,勇士,<0.1%,1.36,41,<0.1%,40.8%
18703,摆渡人,31.5%,8265.10,32,33.4%,23.3%
18704,铁道飞虎,30.4%,7987.49,37,25.6%,30.8%
18705,长城,25.2%,6617.09,35,22.5%,26.7%
18706,血战钢锯岭,5.0%,1312.24,40,4.5%,38.5%
18707,海洋奇缘,2.3%,602.77,35,2.4%,34.4%
18708,罗曼蒂克消亡史,1.3%,340.58,24,1.6%,29.0%
18709,你的名字。,1.2%,325.70,24,1.9%,27.8%
18710,情圣,0.7%,205.96,56,0.5%,53.1%
18711,绝对控制,0.5%,133.40,10,2.1%,10.2%
18712,掠夺者,0.2%,65.20,6,1.7%,7.2%
18713,神奇动物在哪里,0.2%,57.95,35,0.1%,34.1%
18714,我不是潘金莲,0.1%,50.59,90,<0.1%,100%
18715,萨利机长,0.1%,43.80,33,0.1%,37.3%
18716,28岁未成年,0.1%,33.76,13,0.4%,17.1%
18717,功夫四侠,0.1%,31.95,7,0.8%,9.0%
18718,佩小姐的奇幻城堡,<0.1%,19.41,18,0.1%,24.9%
18719,我在故宫修文物,<0.1%,14.68,15,0.1%,16.3%
18720,少年,<0.1%,12.16,21,0.1%,34.0%
18721,恐怖笔记,<0.1%,10.68,178,<0.1%,--
18722,一路逆风,<0.1%,7.45,229,<0.1%,71.2%
18723,冒牌卧底,<0.1%,6.96,111,<0.1%,100.0%
18724,警魂之命悬一线,<0.1%,6.80,126,<0.1%,--
18725,失心者,<0.1%,5.23,3,0.3%,3.3%
18726,超级快递,<0.1%,5.06,8,0.1%,11.1%
18727,三少爷的剑,<0.1%,2.59,6,<0.1%,6.9%
18728,有迹可循,<0.1%,2.31,2,0.1%,1.9%
18729,生门,<0.1%,2.10,25,<0.1%,26.6%
18730,比利·林恩的中场战事,<0.1%,1.85,31,<0.1%,91.8%
18731,珍珠塔,<0.1%,1.84,528,<0.1%,53.2%
18732,我是处女座,<0.1%,1.60,22,<0.1%,17.4%
18733,我的诗篇,<0.1%,1.57,61,<0.1%,96.4%
18734,食人岛,<0.1%,1.55,4,<0.1%,12.3%
18735,勇士,<0.1%,1.25,43,<0.1%,38.6%
18736,铁道飞虎,34.4%,3028.94,15,26.5%,11.8%
18737,摆渡人,29.0%,2555.20,12,31.1%,8.8%
18738,长城,22.9%,2015.30,12,24.0%,8.5%
18739,血战钢锯岭,6.6%,581.66,16,5.9%,15.3%
18740,罗曼蒂克消亡史,1.8%,162.64,11,2.1%,12.2%
18741,你的名字。,1.1%,102.78,11,1.5%,12.1%
18742,绝对控制,0.6%,59.72,5,2.4%,4.5%
18743,我不是潘金莲,0.5%,51.13,76,<0.1%,100%
18744,掠夺者,0.4%,36.79,4,1.9%,4.1%
18745,海洋奇缘,0.3%,30.56,6,0.8%,5.8%
18746,少年,0.2%,22.92,30,0.1%,47.1%
18747,28岁未成年,0.2%,19.11,6,0.5%,7.6%
18748,萨利机长,0.2%,18.47,14,0.1%,14.8%
18749,神奇动物在哪里,0.1%,17.24,14,0.1%,14.0%
18750,一路逆风,0.1%,8.96,227,<0.1%,100%
18751,警魂之命悬一线,<0.1%,8.54,178,<0.1%,--
18752,我在故宫修文物,<0.1%,7.57,7,0.1%,7.0%
18753,恐怖笔记,<0.1%,7.56,126,<0.1%,--
18754,五女闹京城,<0.1%,5.33,7,<0.1%,12.7%
18755,佩小姐的奇幻城堡,<0.1%,4.95,7,0.1%,8.5%
18756,功夫四侠,<0.1%,4.70,3,0.3%,3.1%
18757,情圣,<0.1%,4.58,51,<0.1%,54.3%
18758,失心者,<0.1%,4.07,2,0.3%,2.4%
18759,爱上试睡师,<0.1%,3.96,39,<0.1%,93.5%
18760,超级快递,<0.1%,2.58,3,0.1%,4.2%
18761,反黑行动组,<0.1%,2.11,23,<0.1%,65.9%
18762,珍珠塔,<0.1%,1.85,531,<0.1%,53.5%
18763,生门,<0.1%,1.56,13,<0.1%,13.5%
18764,铁道飞虎,36.4%,2962.26,15,26.9%,11.1%
18765,摆渡人,26.3%,2136.81,11,29.6%,8.0%
18766,长城,22.4%,1821.04,11,24.1%,7.7%
18767,血战钢锯岭,7.2%,589.25,15,6.6%,13.7%
18768,罗曼蒂克消亡史,2.1%,172.54,11,2.3%,11.8%
18769,你的名字。,1.1%,95.36,9,1.7%,10.2%
18770,我不是潘金莲,0.6%,55.94,83,<0.1%,100%
18771,绝对控制,0.6%,52.20,4,2.4%,4.2%
18772,掠夺者,0.3%,29.74,3,1.8%,3.6%
18773,海洋奇缘,0.3%,27.91,6,0.8%,5.3%
18774,少年,0.2%,22.07,27,0.1%,42.3%
18775,萨利机长,0.2%,19.89,14,0.2%,14.5%
18776,神奇动物在哪里,0.2%,18.59,13,0.1%,13.0%
18777,28岁未成年,0.2%,16.83,5,0.5%,6.5%
18778,五女闹京城,0.1%,9.86,13,<0.1%,28.8%
18779,警魂之命悬一线,0.1%,8.54,178,<0.1%,--
18780,恐怖笔记,<0.1%,7.56,126,<0.1%,--
18781,我在故宫修文物,<0.1%,7.27,6,0.2%,6.3%
18782,佩小姐的奇幻城堡,<0.1%,6.25,10,0.1%,12.2%
18783,一路逆风,<0.1%,3.82,124,<0.1%,71.7%
18784,呆呆计划,<0.1%,3.82,20,<0.1%,40.5%
18785,失心者,<0.1%,2.95,2,0.3%,2.0%
18786,功夫四侠,<0.1%,2.55,3,0.2%,3.2%
18787,爱上试睡师,<0.1%,2.50,27,<0.1%,90.2%
18788,间谍同盟,<0.1%,2.22,22,<0.1%,33.1%
18789,地球四季,<0.1%,2.13,366,<0.1%,72.8%
18790,珍珠塔,<0.1%,1.98,566,<0.1%,57.1%
18791,超级快递,<0.1%,1.94,3,0.1%,3.3%
18792,反黑行动组,<0.1%,1.92,20,<0.1%,56.7%
18793,比利·林恩的中场战事,<0.1%,1.89,39,<0.1%,100%
18794,生门,<0.1%,1.86,16,<0.1%,15.5%
18795,情圣,<0.1%,1.63,47,<0.1%,39.1%
18796,勇士,<0.1%,1.37,63,<0.1%,68.9%
18797,湄公河行动,<0.1%,1.30,31,<0.1%,44.7%
18798,我的女神女汉子,<0.1%,1.01,3,0.1%,3.6%
18799,铁道飞虎,37.1%,2800.47,14,27.1%,10.2%
18800,摆渡人,24.5%,1852.59,10,28.5%,7.2%
18801,长城,21.4%,1620.13,10,24.0%,6.9%
18802,血战钢锯岭,7.6%,576.34,14,7.1%,12.5%
18803,罗曼蒂克消亡史,2.2%,169.02,10,2.4%,10.9%
18804,冒牌卧底,1.6%,124.73,32,0.6%,39.8%
18805,你的名字。,1.1%,87.59,8,1.8%,8.9%
18806,绝对控制,0.6%,46.45,4,2.3%,3.7%
18807,掠夺者,0.4%,31.77,3,1.7%,3.8%
18808,我不是潘金莲,0.3%,29.59,57,<0.1%,100%
18809,海洋奇缘,0.3%,26.82,6,0.8%,5.1%
18810,少年,0.2%,21.65,28,0.1%,41.1%
18811,萨利机长,0.2%,21.61,13,0.2%,13.7%
18812,神奇动物在哪里,0.2%,16.01,11,0.1%,10.6%
18813,恐怖笔记,0.1%,14.82,146,<0.1%,--
18814,28岁未成年,0.1%,13.27,4,0.6%,5.3%
18815,爸爸的3次婚礼,0.1%,7.75,128,<0.1%,100%
18816,五女闹京城,<0.1%,7.49,10,<0.1%,27.9%
18817,佩小姐的奇幻城堡,<0.1%,6.96,10,0.1%,10.3%
18818,功夫四侠,<0.1%,6.76,5,0.2%,7.4%
18819,你好，疯子！,<0.1%,6.68,171,<0.1%,--
18820,警魂之命悬一线,<0.1%,6.40,178,<0.1%,--
18821,我在故宫修文物,<0.1%,5.71,5,0.2%,5.1%
18822,呆呆计划,<0.1%,4.96,20,<0.1%,38.9%
18823,一路逆风,<0.1%,4.66,115,<0.1%,75.8%
18824,湄公河行动,<0.1%,2.36,44,<0.1%,64.2%
18825,失心者,<0.1%,2.26,2,0.3%,1.6%
18826,生门,<0.1%,2.18,19,<0.1%,23.8%
18827,勇士,<0.1%,2.13,71,<0.1%,100%
18828,超级快递,<0.1%,2.10,3,0.1%,3.6%
18829,比利·林恩的中场战事,<0.1%,1.98,48,<0.1%,100%
18830,珍珠塔,<0.1%,1.87,535,<0.1%,48.9%
18831,试睡员48小时,<0.1%,1.58,100,<0.1%,100%
18832,贫穷富爸爸,<0.1%,1.15,42,<0.1%,59.4%
18833,铁道飞虎,31.4%,2512.20,13,23.5%,9.6%
18834,长城,19.0%,1521.30,10,20.0%,7.1%
18835,摆渡人,18.5%,1484.64,10,22.0%,7.2%
18836,情圣,9.7%,779.36,13,9.4%,10.6%
18837,冒牌卧底,9.5%,761.70,11,11.4%,12.0%
18838,血战钢锯岭,6.4%,517.52,15,5.5%,13.0%
18839,罗曼蒂克消亡史,1.7%,140.38,12,1.6%,12.1%
18840,你的名字。,0.9%,72.03,9,1.2%,9.5%
18841,绝对控制,0.3%,27.27,4,1.1%,4.3%
18842,海洋奇缘,0.2%,22.38,6,0.5%,5.6%
18843,萨利机长,0.2%,20.14,18,0.1%,17.9%
18844,少年,0.2%,17.59,32,0.1%,52.4%
18845,我不是潘金莲,0.2%,16.14,42,<0.1%,82.9%
18846,神奇动物在哪里,0.1%,15.29,13,0.1%,12.1%
18847,掠夺者,0.1%,14.90,3,0.8%,3.6%
18848,五女闹京城,0.1%,8.16,13,<0.1%,34.3%
18849,28岁未成年,<0.1%,7.30,4,0.3%,5.2%
18850,我在故宫修文物,<0.1%,5.69,7,0.1%,7.2%
18851,泰迪熊之玩具大战,<0.1%,5.13,161,<0.1%,--
18852,呆呆计划,<0.1%,4.97,24,<0.1%,75.6%
18853,功夫四侠,<0.1%,4.32,7,0.1%,8.4%
18854,战狼,<0.1%,3.64,53,<0.1%,100%
18855,佩小姐的奇幻城堡,<0.1%,3.62,7,<0.1%,8.2%
18856,那年夏天你去了哪里,<0.1%,2.84,7,<0.1%,5.6%
18857,勇士,<0.1%,1.90,74,<0.1%,37.5%
18858,珍珠塔,<0.1%,1.82,523,<0.1%,52.7%
18859,你好，疯子！,<0.1%,1.62,10,<0.1%,8.9%
18860,生门,<0.1%,1.60,11,<0.1%,14.8%
18861,港囧,<0.1%,1.50,43,<0.1%,--
18862,超级快递,<0.1%,1.27,3,<0.1%,3.4%
18863,贫穷富爸爸,<0.1%,1.25,56,<0.1%,96.5%
18864,失心者,<0.1%,1.08,2,0.1%,1.6%
18865,铁道飞虎,28.0%,3959.70,25,18.3%,18.7%
18866,情圣,24.1%,3409.57,21,24.6%,16.0%
18867,长城,17.0%,2404.45,21,13.5%,14.7%
18868,摆渡人,10.8%,1532.26,17,12.3%,13.6%
18869,那年夏天你去了哪里,7.5%,1067.41,12,14.7%,10.3%
18870,血战钢锯岭,4.1%,592.28,33,2.4%,28.3%
18871,你好，疯子！,2.5%,365.11,9,7.0%,8.3%
18872,冒牌卧底,1.2%,178.62,20,1.3%,23.8%
18873,罗曼蒂克消亡史,0.8%,123.03,26,0.5%,28.3%
18874,三少爷的剑,0.8%,121.03,136,<0.1%,100%
18875,海洋奇缘,0.5%,72.24,20,0.5%,20.6%
18876,你的名字。,0.4%,69.56,20,0.4%,21.9%
18877,北极大冒险,0.2%,39.50,8,0.7%,8.5%
18878,爸爸的3次婚礼,0.1%,26.17,3,1.6%,2.8%
18879,萨利机长,0.1%,23.04,36,<0.1%,32.6%
18880,神奇动物在哪里,0.1%,20.13,26,<0.1%,25.8%
18881,佩小姐的奇幻城堡,0.1%,15.57,43,<0.1%,48.4%
18882,功夫四侠,<0.1%,13.82,22,0.1%,32.0%
18883,绝对控制,<0.1%,11.91,9,0.1%,13.4%
18884,我在故宫修文物,<0.1%,11.60,34,<0.1%,41.0%
18885,少年,<0.1%,6.74,56,<0.1%,79.5%
18886,勇士,<0.1%,6.47,65,<0.1%,100%
18887,我不是潘金莲,<0.1%,5.93,35,<0.1%,69.3%
18888,战狼,<0.1%,5.78,79,<0.1%,100%
18889,掠夺者,<0.1%,4.93,5,0.1%,9.9%
18890,呆呆计划,<0.1%,3.75,25,<0.1%,78.3%
18891,湄公河行动,<0.1%,3.58,112,<0.1%,100%
18892,泰迪熊之玩具大战,<0.1%,3.25,146,<0.1%,--
18893,比利·林恩的中场战事,<0.1%,2.09,42,<0.1%,100%
18894,五女闹京城,<0.1%,2.09,4,<0.1%,10.3%
18895,28岁未成年,<0.1%,1.19,3,<0.1%,5.0%
18896,生门,<0.1%,1.07,18,<0.1%,24.3%
18897,情圣,24.2%,6209.21,40,21.0%,30.5%
18898,铁道飞虎,23.0%,5918.03,37,17.6%,26.6%
18899,长城,19.7%,5064.87,40,14.2%,27.4%
18900,摆渡人,11.5%,2972.27,34,10.9%,29.2%
18901,血战钢锯岭,4.6%,1182.02,53,2.7%,43.3%
18902,那年夏天你去了哪里,4.3%,1106.38,14,11.2%,12.9%
18903,冰雪女王2：冬日魔咒,3.8%,999.31,19,7.0%,18.1%
18904,你好，疯子！,1.5%,397.33,14,3.9%,14.6%
18905,猪猪侠之英雄猪少年,1.3%,348.18,15,3.4%,14.2%
18906,三少爷的剑,0.9%,245.06,144,0.1%,100%
18907,罗曼蒂克消亡史,0.8%,206.67,41,0.5%,41.3%
18908,海洋奇缘,0.7%,199.18,37,0.6%,33.7%
18909,你的名字。,0.7%,181.43,35,0.6%,37.2%
18910,冒牌卧底,0.6%,172.63,35,0.6%,42.2%
18911,超级幼儿园,0.2%,55.58,5,1.5%,5.3%
18912,神奇动物在哪里,0.2%,52.76,44,0.1%,40.8%
18913,北极大冒险,0.1%,48.71,15,0.4%,16.2%
18914,萨利机长,0.1%,32.74,43,<0.1%,43.8%
18915,辛巴达与美人鱼公主,<0.1%,25.02,6,0.6%,5.5%
18916,我不是潘金莲,<0.1%,23.31,72,<0.1%,100%
18917,爸爸的3次婚礼,<0.1%,21.84,5,0.6%,6.2%
18918,战狼,<0.1%,18.90,112,<0.1%,100%
18919,五女闹京城,<0.1%,16.04,32,<0.1%,93.1%
18920,掠夺者,<0.1%,11.35,11,0.1%,23.9%
18921,绝对控制,<0.1%,10.89,14,<0.1%,21.5%
18922,佩小姐的奇幻城堡,<0.1%,10.62,29,<0.1%,42.2%
18923,人鱼校花,<0.1%,9.79,4,0.4%,4.0%
18924,我在故宫修文物,<0.1%,5.94,21,<0.1%,24.6%
18925,少年,<0.1%,5.79,62,<0.1%,85.9%
18926,呆呆计划,<0.1%,5.71,42,<0.1%,100%
18927,李三娘,<0.1%,4.16,43,<0.1%,100%
18928,有迹可循,<0.1%,3.94,4,<0.1%,5.4%
18929,泰迪熊之玩具大战,<0.1%,3.25,146,<0.1%,--
18930,港囧,<0.1%,2.69,90,<0.1%,--
18931,28岁未成年,<0.1%,2.52,9,<0.1%,14.4%
18932,单身日记：好孕来袭,<0.1%,2.27,9,<0.1%,6.4%
18933,超级快递,<0.1%,1.90,13,<0.1%,10.2%
18934,失心者,<0.1%,1.30,6,<0.1%,7.1%
18935,功夫四侠,<0.1%,1.20,5,<0.1%,7.3%
18936,冰雪女王,<0.1%,1.20,4,<0.1%,5.7%
18937,凄灵室,<0.1%,1.15,13,<0.1%,17.6%
18938,食人岛,<0.1%,1.11,4,<0.1%,9.4%
18939,情圣,25.4%,6808.95,40,21.1%,30.9%
18940,铁道飞虎,24.9%,6687.68,39,18.1%,27.8%
18941,长城,19.6%,5257.90,37,15.3%,25.9%
18942,摆渡人,10.2%,2743.63,30,10.9%,26.5%
18943,血战钢锯岭,5.1%,1376.59,48,3.3%,39.1%
18944,冰雪女王2：冬日魔咒,4.2%,1125.08,19,7.2%,18.4%
18945,那年夏天你去了哪里,2.2%,611.39,10,8.1%,9.3%
18946,猪猪侠之英雄猪少年,2.0%,548.38,20,3.8%,18.9%
18947,海洋奇缘,1.2%,325.82,45,0.8%,40.4%
18948,你好，疯子！,0.9%,253.67,12,2.8%,11.9%
18949,你的名字。,0.7%,201.77,31,0.7%,33.4%
18950,罗曼蒂克消亡史,0.6%,177.84,34,0.4%,35.7%
18951,单身日记：好孕来袭,0.6%,166.88,9,2.2%,7.8%
18952,冒牌卧底,0.6%,166.73,38,0.5%,49.6%
18953,神奇动物在哪里,0.2%,60.74,44,0.1%,41.3%
18954,北极大冒险,0.1%,53.08,16,0.4%,17.2%
18955,超级幼儿园,0.1%,41.03,5,1.1%,5.2%
18956,萨利机长,0.1%,31.00,37,<0.1%,33.5%
18957,辛巴达与美人鱼公主,0.1%,29.99,6,0.7%,6.1%
18958,爸爸的3次婚礼,<0.1%,16.02,6,0.4%,6.5%
18959,一路逆风,<0.1%,12.66,230,<0.1%,100%
18960,超能龙骑侠,<0.1%,10.26,8,0.1%,6.8%
18961,佩小姐的奇幻城堡,<0.1%,8.59,24,<0.1%,36.3%
18962,绝对控制,<0.1%,7.20,11,<0.1%,17.4%
18963,掠夺者,<0.1%,5.62,7,0.1%,14.5%
18964,我在故宫修文物,<0.1%,5.02,15,<0.1%,20.2%
18965,三少爷的剑,<0.1%,3.15,19,<0.1%,21.7%
18966,人鱼校花,<0.1%,2.39,3,0.1%,2.6%
18967,28岁未成年,<0.1%,2.26,8,<0.1%,9.2%
18968,比利·林恩的中场战事,<0.1%,1.66,32,<0.1%,81.1%
18969,少年,<0.1%,1.55,24,<0.1%,53.0%
18970,冰雪女王,<0.1%,1.33,5,<0.1%,7.1%
18971,食人岛,<0.1%,1.16,4,<0.1%,10.2%
18972,试睡员48小时,<0.1%,1.14,72,<0.1%,100%
18973,有迹可循,<0.1%,1.05,2,<0.1%,2.9%
18974,情圣,29.7%,4747.04,28,21.8%,20.9%
18975,铁道飞虎,23.1%,3681.45,21,18.8%,14.6%
18976,长城,16.5%,2640.80,18,16.1%,12.8%
18977,摆渡人,8.7%,1397.46,16,11.1%,13.5%
18978,血战钢锯岭,5.6%,894.39,29,3.7%,23.7%
18979,冰雪女王2：冬日魔咒,4.3%,697.11,13,7.1%,12.1%
18980,猪猪侠之英雄猪少年,2.6%,427.85,16,3.8%,15.3%
18981,那年夏天你去了哪里,1.7%,279.01,6,6.8%,5.4%
18982,海洋奇缘,1.6%,265.00,32,0.9%,29.0%
18983,冒牌卧底,1.0%,174.39,42,0.5%,54.9%
18984,你好，疯子！,0.9%,150.63,8,2.4%,8.5%
18985,罗曼蒂克消亡史,0.8%,129.18,26,0.4%,26.5%
18986,单身日记：好孕来袭,0.7%,121.63,8,1.8%,7.5%
18987,你的名字。,0.6%,110.58,19,0.7%,20.4%
18988,神奇动物在哪里,0.2%,40.94,27,0.1%,25.7%
18989,北极大冒险,0.2%,36.63,12,0.3%,13.2%
18990,超级幼儿园,0.1%,25.03,4,0.9%,4.1%
18991,萨利机长,0.1%,23.81,28,<0.1%,26.2%
18992,辛巴达与美人鱼公主,0.1%,15.97,5,0.5%,4.7%
18993,一路逆风,<0.1%,14.87,229,<0.1%,100%
18994,超能龙骑侠,<0.1%,10.20,9,0.1%,7.1%
18995,绝对控制,<0.1%,9.85,14,<0.1%,24.6%
18996,爸爸的3次婚礼,<0.1%,9.38,4,0.4%,4.3%
18997,我在故宫修文物,<0.1%,4.62,13,<0.1%,13.0%
18998,掠夺者,<0.1%,3.67,4,0.1%,8.3%
18999,超级快递,<0.1%,2.36,34,<0.1%,20.2%
19000,少年,<0.1%,1.83,34,<0.1%,55.9%
19001,人鱼校花,<0.1%,1.33,2,0.1%,2.0%
19002,28岁未成年,<0.1%,1.08,4,<0.1%,6.7%
19003,情圣,39.7%,2768.14,17,24.1%,12.4%
19004,铁道飞虎,23.1%,1610.84,9,20.3%,6.5%
19005,长城,14.9%,1042.81,8,17.4%,5.3%
19006,摆渡人,8.4%,590.84,7,12.0%,6.0%
19007,血战钢锯岭,5.1%,357.85,12,4.4%,9.5%
19008,那年夏天你去了哪里,1.8%,130.36,3,6.9%,2.7%
19009,冒牌卧底,1.2%,84.78,19,0.5%,29.1%
19010,你好，疯子！,1.1%,80.17,4,2.9%,4.3%
19011,单身日记：好孕来袭,0.9%,65.09,4,2.2%,3.8%
19012,冰雪女王2：冬日魔咒,0.9%,62.96,2,4.4%,2.0%
19013,罗曼蒂克消亡史,0.7%,55.67,10,0.6%,10.3%
19014,你的名字。,0.5%,36.21,9,0.5%,9.1%
19015,海洋奇缘,0.3%,23.80,7,0.4%,6.8%
19016,神奇动物在哪里,0.1%,9.04,8,0.1%,7.2%
19017,萨利机长,0.1%,8.20,10,<0.1%,10.0%
19018,北极大冒险,0.1%,8.09,3,0.4%,3.6%
19019,一路逆风,<0.1%,5.33,139,<0.1%,69.0%
19020,少年,<0.1%,5.21,58,<0.1%,93.9%
19021,爸爸的3次婚礼,<0.1%,4.95,2,0.5%,2.1%
19022,超级幼儿园,<0.1%,2.01,1,0.4%,0.7%
19023,我在故宫修文物,<0.1%,1.96,5,<0.1%,5.8%
19024,掠夺者,<0.1%,1.90,2,0.1%,3.5%
19025,绝对控制,<0.1%,1.80,3,0.1%,3.5%
19026,星球大战外传：侠盗一号,<0.1%,1.73,109,<0.1%,--
19027,有家,<0.1%,1.29,59,<0.1%,60.7%
19028,情圣,41.6%,2565.83,15,25.2%,11.0%
19029,铁道飞虎,19.8%,1221.61,8,20.2%,5.1%
19030,长城,15.7%,970.85,7,17.4%,5.1%
19031,摆渡人,8.4%,520.03,7,11.8%,5.4%
19032,血战钢锯岭,5.6%,350.17,11,4.7%,9.0%
19033,那年夏天你去了哪里,1.6%,102.34,3,6.4%,2.4%
19034,冒牌卧底,1.3%,80.28,18,0.4%,28.1%
19035,你好，疯子！,1.2%,77.46,5,2.8%,4.3%
19036,单身日记：好孕来袭,0.9%,56.94,4,2.1%,3.5%
19037,冰雪女王2：冬日魔咒,0.8%,51.15,2,3.9%,1.9%
19038,罗曼蒂克消亡史,0.8%,50.66,9,0.7%,8.7%
19039,你的名字。,0.5%,32.92,8,0.6%,7.9%
19040,海洋奇缘,0.3%,19.04,6,0.4%,5.7%
19041,神奇动物在哪里,0.1%,8.50,8,0.1%,6.5%
19042,北极大冒险,0.1%,8.29,3,0.4%,3.4%
19043,萨利机长,0.1%,6.61,8,0.1%,7.3%
19044,一路逆风,0.1%,6.48,117,<0.1%,91.9%
19045,少年,<0.1%,5.87,62,<0.1%,100%
19046,我在故宫修文物,<0.1%,2.72,8,<0.1%,8.9%
19047,爸爸的3次婚礼,<0.1%,2.35,1,0.5%,0.9%
19048,超级幼儿园,<0.1%,2.17,1,0.4%,1.0%
19049,生门,<0.1%,2.14,34,<0.1%,63.9%
19050,28岁未成年,<0.1%,1.96,5,<0.1%,7.8%
19051,掠夺者,<0.1%,1.86,2,0.1%,3.0%
19052,绝对控制,<0.1%,1.64,3,0.1%,3.3%
19053,有迹可循,<0.1%,1.09,1,<0.1%,1.2%
19054,情圣,37.4%,2362.93,14,25.5%,10.0%
19055,铁道飞虎,17.5%,1106.32,7,19.8%,5.0%
19056,长城,16.0%,1013.76,8,17.2%,5.5%
19057,摆渡人,7.9%,500.55,6,11.5%,5.5%
19058,星球大战外传：侠盗一号,6.1%,387.36,31,1.4%,15.1%
19059,血战钢锯岭,5.3%,337.52,10,4.8%,8.6%
19060,冒牌卧底,2.7%,172.02,39,0.6%,52.3%
19061,那年夏天你去了哪里,1.4%,91.57,3,5.9%,2.4%
19062,你好，疯子！,1.1%,75.38,4,2.7%,4.3%
19063,冰雪女王2：冬日魔咒,0.9%,59.02,3,3.6%,2.4%
19064,罗曼蒂克消亡史,0.7%,48.89,8,0.6%,8.4%
19065,单身日记：好孕来袭,0.7%,48.25,4,2.0%,3.2%
19066,你的名字。,0.5%,32.64,7,0.6%,7.7%
19067,海洋奇缘,0.3%,19.84,7,0.4%,6.4%
19068,北极大冒险,0.1%,7.96,3,0.3%,3.7%
19069,神奇动物在哪里,0.1%,7.89,7,0.1%,6.6%
19070,萨利机长,0.1%,6.49,7,0.1%,6.7%
19071,少年,<0.1%,5.38,62,<0.1%,88.9%
19072,人鱼校花,<0.1%,3.12,6,<0.1%,9.2%
19073,我在故宫修文物,<0.1%,2.58,6,<0.1%,7.3%
19074,掠夺者,<0.1%,2.07,2,0.1%,3.8%
19075,爸爸的3次婚礼,<0.1%,2.01,1,0.4%,0.9%
19076,有迹可循,<0.1%,1.33,1,<0.1%,1.6%
19077,绝对控制,<0.1%,1.28,2,0.1%,2.4%
19078,超级幼儿园,<0.1%,1.12,1,0.3%,0.6%
19079,星球大战外传：侠盗一号,59.9%,7166.71,23,40.2%,14.5%
19080,情圣,17.9%,2143.63,19,16.3%,17.7%
19081,铁道飞虎,8.3%,993.82,12,10.5%,11.3%
19082,长城,4.3%,514.79,9,7.4%,8.5%
19083,血战钢锯岭,1.8%,217.40,17,1.8%,16.4%
19084,摆渡人,1.7%,211.63,8,3.5%,9.4%
19085,玩命直播,1.6%,195.42,8,4.1%,8.8%
19086,一万公里的约定,1.0%,119.85,4,5.4%,3.7%
19087,冒牌卧底,0.6%,75.71,49,0.1%,95.3%
19088,一路逆风,0.6%,72.99,4,3.2%,3.7%
19089,冰雪女王2：冬日魔咒,0.5%,60.79,5,2.1%,4.5%
19090,恐怖理发店,0.4%,54.03,6,1.5%,7.3%
19091,罗曼蒂克消亡史,0.2%,29.35,15,0.2%,17.4%
19092,海洋奇缘,0.1%,20.96,12,0.2%,12.2%
19093,你的名字。,0.1%,19.10,12,0.2%,13.5%
19094,你好，疯子！,0.1%,15.98,6,0.3%,6.5%
19095,那年夏天你去了哪里,<0.1%,11.92,3,0.6%,3.2%
19096,单身日记：好孕来袭,<0.1%,9.25,7,0.1%,8.0%
19097,神奇动物在哪里,<0.1%,4.32,12,<0.1%,14.2%
19098,萨利机长,<0.1%,3.82,12,<0.1%,13.3%
19099,我们的青春不怕疼,<0.1%,2.30,3,0.1%,2.3%
19100,少年,<0.1%,2.19,122,<0.1%,74.8%
19101,北极大冒险,<0.1%,1.67,3,<0.1%,4.0%
19102,超级幼儿园,<0.1%,1.06,2,0.1%,2.3%
19103,浪漫搭档,<0.1%,1.01,1,0.3%,0.5%
19104,星球大战外传：侠盗一号,50.7%,8541.76,26,38.5%,16.3%
19105,情圣,19.0%,3203.00,27,15.9%,24.4%
19106,铁道飞虎,9.3%,1570.56,19,9.5%,18.3%
19107,猪猪侠之英雄猪少年,5.1%,872.12,15,8.3%,14.8%
19108,长城,5.0%,848.00,16,6.4%,15.4%
19109,血战钢锯岭,2.5%,436.91,31,1.8%,29.8%
19110,玩命直播,1.8%,313.72,15,3.3%,15.5%
19111,摆渡人,1.6%,283.92,14,2.7%,15.5%
19112,冰雪女王2：冬日魔咒,0.9%,160.18,9,2.5%,8.4%
19113,海洋奇缘,0.6%,101.75,22,0.5%,20.6%
19114,一万公里的约定,0.5%,85.42,5,2.9%,4.5%
19115,冒牌卧底,0.5%,84.56,59,0.1%,100%
19116,一路逆风,0.3%,57.69,5,1.6%,5.1%
19117,恐怖理发店,0.2%,50.04,6,1.3%,7.2%
19118,罗曼蒂克消亡史,0.2%,49.53,23,0.2%,28.0%
19119,你的名字。,0.2%,49.37,21,0.3%,23.4%
19120,辛巴达与美人鱼公主,0.2%,33.70,4,1.4%,3.8%
19121,你好，疯子！,0.1%,19.09,10,0.2%,12.9%
19122,单身日记：好孕来袭,<0.1%,15.71,14,0.1%,15.6%
19123,那年夏天你去了哪里,<0.1%,11.85,4,0.3%,4.9%
19124,神奇动物在哪里,<0.1%,10.97,21,<0.1%,22.7%
19125,超能龙骑侠,<0.1%,10.51,4,0.4%,3.0%
19126,萨利机长,<0.1%,8.82,25,<0.1%,25.0%
19127,北极大冒险,<0.1%,6.18,10,<0.1%,12.4%
19128,大卫贝肯之倒霉特工熊,<0.1%,2.88,251,<0.1%,97.6%
19129,我们的青春不怕疼,<0.1%,2.62,8,<0.1%,9.5%
19130,少年,<0.1%,2.20,158,<0.1%,92.3%
19131,我在故宫修文物,<0.1%,1.50,10,<0.1%,13.9%
19132,超级幼儿园,<0.1%,1.05,2,0.1%,2.6%
19133,星球大战外传：侠盗一号,45.2%,6342.77,20,37.4%,12.5%
19134,情圣,21.6%,3026.25,25,16.7%,21.8%
19135,铁道飞虎,10.4%,1465.59,17,9.8%,16.5%
19136,猪猪侠之英雄猪少年,5.7%,807.49,13,8.6%,13.3%
19137,长城,5.5%,781.48,14,6.8%,13.6%
19138,血战钢锯岭,2.8%,397.30,27,1.8%,25.7%
19139,玩命直播,1.9%,274.78,12,3.6%,12.2%
19140,摆渡人,1.8%,263.40,12,2.8%,13.9%
19141,冰雪女王2：冬日魔咒,1.0%,147.37,9,2.4%,8.2%
19142,海洋奇缘,0.7%,101.79,22,0.6%,19.8%
19143,一万公里的约定,0.4%,60.70,4,2.4%,4.0%
19144,你的名字。,0.3%,49.30,18,0.3%,20.9%
19145,罗曼蒂克消亡史,0.3%,45.02,20,0.2%,24.7%
19146,一路逆风,0.3%,43.69,5,1.4%,4.7%
19147,恐怖理发店,0.2%,40.57,5,1.3%,5.9%
19148,冒牌卧底,0.2%,30.84,34,<0.1%,73.1%
19149,辛巴达与美人鱼公主,0.2%,28.06,4,1.2%,3.8%
19150,你好，疯子！,0.1%,15.98,8,0.2%,10.6%
19151,单身日记：好孕来袭,0.1%,15.16,13,0.1%,13.5%
19152,神奇动物在哪里,<0.1%,11.89,20,<0.1%,20.3%
19153,大卫贝肯之倒霉特工熊,<0.1%,11.21,126,<0.1%,100%
19154,那年夏天你去了哪里,<0.1%,11.10,4,0.3%,4.5%
19155,萨利机长,<0.1%,7.49,23,<0.1%,22.7%
19156,超能龙骑侠,<0.1%,6.95,3,0.3%,2.7%
19157,北极大冒险,<0.1%,6.23,9,<0.1%,12.7%
19158,生门,<0.1%,2.24,42,<0.1%,100%
19159,少年,<0.1%,2.13,88,<0.1%,49.2%
19160,逗逗迪迪之美梦年年,<0.1%,1.58,198,<0.1%,100%
19161,我在故宫修文物,<0.1%,1.09,8,<0.1%,9.4%
19162,星球大战外传：侠盗一号,40.5%,2532.16,9,37.0%,5.7%
19163,情圣,27.6%,1723.47,14,19.0%,11.9%
19164,铁道飞虎,11.4%,714.80,9,11.1%,8.0%
19165,长城,6.8%,426.02,8,7.9%,7.0%
19166,血战钢锯岭,3.0%,189.44,12,2.4%,11.0%
19167,摆渡人,2.5%,156.34,7,3.4%,7.4%
19168,猪猪侠之英雄猪少年,2.0%,130.07,4,5.0%,4.1%
19169,玩命直播,1.9%,121.16,5,4.1%,5.0%
19170,恐怖理发店,0.5%,33.19,4,1.4%,4.8%
19171,冒牌卧底,0.5%,32.36,34,0.1%,76.5%
19172,一万公里的约定,0.4%,28.11,2,2.3%,2.0%
19173,你的名字。,0.3%,22.35,10,0.3%,10.3%
19174,冰雪女王2：冬日魔咒,0.3%,21.30,3,1.1%,3.0%
19175,罗曼蒂克消亡史,0.3%,20.60,8,0.2%,9.4%
19176,一路逆风,0.3%,19.52,3,1.3%,2.4%
19177,海洋奇缘,0.3%,18.83,10,0.2%,9.2%
19178,你好，疯子！,0.1%,11.20,5,0.3%,5.9%
19179,单身日记：好孕来袭,0.1%,6.92,5,0.1%,5.2%
19180,青海湖畔,0.1%,6.78,10,<0.1%,8.9%
19181,那年夏天你去了哪里,<0.1%,5.60,2,0.4%,2.1%
19182,神奇动物在哪里,<0.1%,4.30,9,<0.1%,9.1%
19183,辛巴达与美人鱼公主,<0.1%,3.13,1,0.5%,1.1%
19184,掠夺者,<0.1%,1.74,4,<0.1%,8.4%
19185,少年,<0.1%,1.71,66,<0.1%,40.2%
19186,老师也疯狂,<0.1%,1.36,273,<0.1%,--
19187,我们的青春不怕疼,<0.1%,1.16,6,<0.1%,8.5%
19188,北极大冒险,<0.1%,1.06,2,<0.1%,3.4%
19189,星球大战外传：侠盗一号,38.5%,2380.21,9,35.5%,5.6%
19190,情圣,28.0%,1732.52,13,20.0%,11.3%
19191,铁道飞虎,11.9%,736.72,9,11.3%,8.2%
19192,长城,7.4%,461.87,8,8.3%,7.2%
19193,血战钢锯岭,3.2%,203.66,12,2.7%,10.7%
19194,摆渡人,2.5%,159.51,7,3.5%,7.4%
19195,猪猪侠之英雄猪少年,2.3%,145.42,5,5.0%,4.7%
19196,玩命直播,1.7%,110.34,5,3.9%,4.8%
19197,冒牌卧底,0.5%,36.46,37,0.1%,77.1%
19198,恐怖理发店,0.5%,31.56,4,1.4%,4.6%
19199,海洋奇缘,0.3%,23.85,12,0.3%,10.9%
19200,你的名字。,0.3%,23.55,9,0.4%,10.1%
19201,冰雪女王2：冬日魔咒,0.3%,22.85,4,1.1%,3.4%
19202,一万公里的约定,0.3%,22.55,2,2.0%,1.9%
19203,罗曼蒂克消亡史,0.3%,21.75,8,0.3%,8.5%
19204,一路逆风,0.2%,14.80,3,1.1%,2.2%
19205,你好，疯子！,0.1%,10.42,5,0.3%,5.4%
19206,单身日记：好孕来袭,0.1%,6.88,5,0.1%,5.6%
19207,那年夏天你去了哪里,0.1%,6.30,3,0.4%,2.5%
19208,神奇动物在哪里,<0.1%,5.20,9,<0.1%,9.8%
19209,辛巴达与美人鱼公主,<0.1%,3.65,2,0.4%,1.6%
19210,超级幼儿园,<0.1%,2.32,7,<0.1%,10.6%
19211,掠夺者,<0.1%,2.10,4,<0.1%,9.5%
19212,北极大冒险,<0.1%,2.09,5,<0.1%,7.4%
19213,少年,<0.1%,1.45,43,<0.1%,32.0%
19214,我在故宫修文物,<0.1%,1.18,10,<0.1%,12.3%
19215,星球大战外传：侠盗一号,36.9%,2315.67,9,34.3%,5.7%
19216,情圣,28.3%,1771.46,13,20.7%,10.9%
19217,铁道飞虎,12.4%,776.63,9,11.5%,8.5%
19218,长城,7.9%,495.17,8,8.5%,7.6%
19219,血战钢锯岭,3.4%,216.38,12,2.8%,10.6%
19220,猪猪侠之英雄猪少年,2.8%,176.32,6,5.4%,5.2%
19221,摆渡人,2.6%,165.11,7,3.6%,7.5%
19222,玩命直播,1.7%,109.90,5,3.7%,5.1%
19223,恐怖理发店,0.4%,30.77,4,1.4%,4.5%
19224,海洋奇缘,0.4%,30.57,12,0.3%,11.4%
19225,冰雪女王2：冬日魔咒,0.4%,28.63,4,1.1%,4.0%
19226,你的名字。,0.4%,28.48,10,0.4%,10.5%
19227,罗曼蒂克消亡史,0.3%,22.09,8,0.3%,8.0%
19228,一万公里的约定,0.3%,19.78,2,1.8%,1.9%
19229,一路逆风,0.2%,14.39,3,1.0%,2.4%
19230,你好，疯子！,0.1%,11.04,5,0.3%,5.5%
19231,单身日记：好孕来袭,0.1%,7.03,5,0.1%,5.6%
19232,神奇动物在哪里,0.1%,6.49,10,<0.1%,11.4%
19233,那年夏天你去了哪里,<0.1%,5.46,2,0.4%,2.2%
19234,辛巴达与美人鱼公主,<0.1%,4.93,2,0.4%,2.3%
19235,冒牌卧底,<0.1%,3.98,11,<0.1%,24.9%
19236,我在故宫修文物,<0.1%,3.14,27,<0.1%,41.6%
19237,超级幼儿园,<0.1%,2.97,9,<0.1%,14.2%
19238,北极大冒险,<0.1%,2.71,5,<0.1%,7.1%
19239,少年,<0.1%,1.72,54,<0.1%,40.9%
19240,我们的青春不怕疼,<0.1%,1.02,5,<0.1%,7.6%
19241,星球大战外传：侠盗一号,36.0%,2277.06,9,33.3%,5.7%
19242,情圣,27.3%,1729.99,13,20.9%,10.4%
19243,铁道飞虎,12.4%,789.42,9,11.6%,8.5%
19244,长城,8.5%,539.94,9,8.5%,8.1%
19245,血战钢锯岭,3.5%,224.40,12,2.9%,10.6%
19246,猪猪侠之英雄猪少年,3.1%,196.69,6,5.8%,5.4%
19247,摆渡人,2.5%,163.29,7,3.5%,7.5%
19248,玩命直播,1.5%,96.47,5,3.4%,4.7%
19249,太空旅客,0.7%,46.89,14,0.5%,8.2%
19250,海洋奇缘,0.5%,36.89,12,0.4%,11.2%
19251,你的名字。,0.5%,34.97,11,0.4%,11.8%
19252,冰雪女王2：冬日魔咒,0.5%,32.84,4,1.2%,4.2%
19253,恐怖理发店,0.4%,29.13,4,1.3%,4.5%
19254,罗曼蒂克消亡史,0.3%,23.55,8,0.3%,8.6%
19255,一万公里的约定,0.2%,17.96,2,1.6%,1.9%
19256,一路逆风,0.2%,14.71,3,0.9%,2.7%
19257,你好，疯子！,0.1%,10.46,5,0.3%,5.5%
19258,神奇动物在哪里,0.1%,9.04,13,<0.1%,14.5%
19259,单身日记：好孕来袭,0.1%,6.85,5,0.1%,5.5%
19260,那年夏天你去了哪里,0.1%,6.49,3,0.4%,2.8%
19261,超级幼儿园,<0.1%,5.50,13,<0.1%,18.3%
19262,魔弦传说,<0.1%,4.73,6,0.1%,3.8%
19263,辛巴达与美人鱼公主,<0.1%,4.10,2,0.4%,1.9%
19264,冒牌卧底,<0.1%,2.99,9,<0.1%,21.5%
19265,北极大冒险,<0.1%,2.80,5,<0.1%,7.2%
19266,我在故宫修文物,<0.1%,1.86,11,<0.1%,13.5%
19267,少年,<0.1%,1.71,51,<0.1%,40.8%
19268,我们的青春不怕疼,<0.1%,1.23,7,<0.1%,11.1%
19269,太空旅客,37.6%,3914.84,19,26.1%,12.3%
19270,星球大战外传：侠盗一号,17.3%,1806.03,14,15.1%,9.3%
19271,情圣,14.2%,1482.76,18,11.0%,16.3%
19272,大卫贝肯之倒霉特工熊,10.2%,1062.26,17,8.4%,16.0%
19273,魔弦传说,6.8%,715.03,7,14.2%,5.4%
19274,铁道飞虎,3.9%,408.81,14,3.4%,14.8%
19275,天空之眼,2.6%,276.41,6,7.1%,4.9%
19276,长城,2.5%,266.86,13,2.5%,12.3%
19277,血战钢锯岭,1.1%,118.87,18,0.8%,19.0%
19278,少年巴比伦,0.8%,84.51,3,4.2%,3.1%
19279,猪猪侠之英雄猪少年,0.4%,46.44,6,1.0%,6.8%
19280,超能龙骑侠,0.4%,43.66,4,1.7%,3.5%
19281,摆渡人,0.3%,40.05,8,0.6%,11.1%
19282,你的名字。,0.1%,18.03,14,0.1%,15.3%
19283,恐怖理发店,0.1%,15.32,5,0.5%,5.9%
19284,海洋奇缘,0.1%,13.31,14,0.1%,14.6%
19285,玩命直播,<0.1%,9.66,5,0.3%,5.4%
19286,逗逗迪迪之美梦年年,<0.1%,9.35,4,0.5%,3.3%
19287,罗曼蒂克消亡史,<0.1%,8.72,12,<0.1%,13.2%
19288,我的诗篇,<0.1%,7.44,4,0.3%,3.5%
19289,超级幼儿园,<0.1%,6.93,36,<0.1%,57.3%
19290,冒牌卧底,<0.1%,4.30,25,<0.1%,81.7%
19291,神奇动物在哪里,<0.1%,3.45,14,<0.1%,15.9%
19292,冰雪女王2：冬日魔咒,<0.1%,3.42,4,0.1%,4.6%
19293,我在故宫修文物,<0.1%,3.33,54,<0.1%,54.1%
19294,少年,<0.1%,2.17,60,<0.1%,48.1%
19295,你好，疯子！,<0.1%,2.01,5,<0.1%,6.4%
19296,北极大冒险,<0.1%,1.86,13,<0.1%,29.9%
19297,那年夏天你去了哪里,<0.1%,1.69,3,<0.1%,3.5%
19298,一万公里的约定,<0.1%,1.60,2,<0.1%,3.7%
19299,有家,<0.1%,1.58,52,<0.1%,73.1%
19300,单身日记：好孕来袭,<0.1%,1.06,4,<0.1%,6.6%
19301,青海湖畔,<0.1%,1.03,85,<0.1%,100%
19302,一路逆风,<0.1%,1.02,4,<0.1%,5.2%
19303,太空旅客,32.6%,4785.14,22,25.7%,13.9%
19304,星球大战外传：侠盗一号,17.9%,2630.87,19,14.8%,13.3%
19305,情圣,14.4%,2127.30,23,11.9%,20.6%
19306,大卫贝肯之倒霉特工熊,11.5%,1697.19,21,10.3%,18.9%
19307,魔弦传说,5.6%,831.45,10,10.9%,7.9%
19308,铁道飞虎,4.1%,616.31,19,3.7%,20.1%
19309,熊出没·奇幻空间,3.9%,586.25,19,4.1%,16.0%
19310,长城,2.5%,373.82,16,2.7%,15.3%
19311,天空之眼,2.2%,329.43,8,5.1%,8.1%
19312,血战钢锯岭,1.5%,231.34,26,1.0%,26.5%
19313,猪猪侠之英雄猪少年,0.6%,97.14,9,1.4%,9.5%
19314,超能龙骑侠,0.4%,66.43,6,1.5%,5.6%
19315,少年巴比伦,0.3%,56.94,4,2.5%,3.5%
19316,摆渡人,0.3%,54.29,10,0.7%,12.8%
19317,你的名字。,0.2%,38.53,20,0.2%,22.9%
19318,海洋奇缘,0.2%,34.16,20,0.2%,19.1%
19319,恐怖理发店,0.1%,18.85,5,0.6%,6.4%
19320,罗曼蒂克消亡史,0.1%,14.93,18,<0.1%,22.0%
19321,我的诗篇,<0.1%,13.56,10,0.1%,10.4%
19322,玩命直播,<0.1%,10.11,5,0.2%,5.9%
19323,神奇动物在哪里,<0.1%,8.25,20,<0.1%,24.8%
19324,冰雪女王2：冬日魔咒,<0.1%,8.11,7,0.1%,7.4%
19325,超级幼儿园,<0.1%,7.99,34,<0.1%,40.7%
19326,逗逗迪迪之美梦年年,<0.1%,6.84,4,0.3%,4.0%
19327,冒牌卧底,<0.1%,5.23,35,<0.1%,54.5%
19328,单身日记：好孕来袭,<0.1%,2.83,12,<0.1%,19.3%
19329,你好，疯子！,<0.1%,2.48,7,<0.1%,10.2%
19330,少年,<0.1%,2.34,56,<0.1%,52.2%
19331,北极大冒险,<0.1%,2.14,8,<0.1%,12.9%
19332,一万公里的约定,<0.1%,2.01,3,<0.1%,5.2%
19333,一路逆风,<0.1%,1.69,5,<0.1%,5.6%
19334,那年夏天你去了哪里,<0.1%,1.54,3,<0.1%,3.3%
19335,辛巴达与美人鱼公主,<0.1%,1.21,3,<0.1%,4.6%
19336,我们的青春不怕疼,<0.1%,1.05,22,<0.1%,34.5%
19337,太空旅客,31.2%,4098.26,19,24.9%,12.2%
19338,星球大战外传：侠盗一号,16.6%,2185.01,16,14.9%,11.3%
19339,情圣,15.5%,2036.55,21,12.7%,18.6%
19340,大卫贝肯之倒霉特工熊,11.8%,1551.05,18,11.1%,15.9%
19341,熊出没·奇幻空间,5.2%,688.91,21,4.2%,18.7%
19342,魔弦传说,5.0%,661.19,9,9.8%,7.2%
19343,铁道飞虎,4.5%,601.27,17,4.1%,17.6%
19344,长城,2.8%,368.03,15,2.9%,14.3%
19345,天空之眼,2.1%,281.54,8,4.7%,7.7%
19346,血战钢锯岭,1.6%,221.34,23,1.1%,23.1%
19347,猪猪侠之英雄猪少年,0.7%,94.62,9,1.5%,8.9%
19348,超能龙骑侠,0.4%,60.33,6,1.4%,5.7%
19349,摆渡人,0.3%,48.63,8,0.7%,10.9%
19350,少年巴比伦,0.3%,47.79,4,2.1%,3.5%
19351,你的名字。,0.3%,39.70,18,0.2%,20.1%
19352,海洋奇缘,0.2%,37.61,20,0.2%,18.5%
19353,恐怖理发店,0.1%,18.32,5,0.6%,5.8%
19354,罗曼蒂克消亡史,<0.1%,10.41,13,<0.1%,18.6%
19355,我的诗篇,<0.1%,8.96,8,0.1%,7.8%
19356,神奇动物在哪里,<0.1%,8.57,19,<0.1%,20.6%
19357,玩命直播,<0.1%,8.49,5,0.2%,5.0%
19358,冰雪女王2：冬日魔咒,<0.1%,7.15,6,0.1%,6.2%
19359,逗逗迪迪之美梦年年,<0.1%,6.42,4,0.2%,3.8%
19360,超级幼儿园,<0.1%,6.20,25,<0.1%,33.1%
19361,冒牌卧底,<0.1%,4.82,33,<0.1%,64.5%
19362,一万公里的约定,<0.1%,3.06,4,<0.1%,6.8%
19363,我在故宫修文物,<0.1%,2.61,37,<0.1%,70.1%
19364,单身日记：好孕来袭,<0.1%,2.50,11,<0.1%,18.8%
19365,少年,<0.1%,2.24,63,<0.1%,52.5%
19366,你好，疯子！,<0.1%,2.09,6,<0.1%,7.0%
19367,那年夏天你去了哪里,<0.1%,2.00,4,<0.1%,5.1%
19368,一路逆风,<0.1%,1.54,4,<0.1%,6.0%
19369,北极大冒险,<0.1%,1.52,7,<0.1%,11.2%
19370,我们的青春不怕疼,<0.1%,1.00,23,<0.1%,33.2%
19371,太空旅客,31.1%,2052.22,11,25.6%,6.7%
19372,情圣,19.8%,1306.49,13,14.4%,11.4%
19373,星球大战外传：侠盗一号,15.8%,1039.78,8,15.9%,5.7%
19374,大卫贝肯之倒霉特工熊,11.2%,742.42,9,11.5%,8.3%
19375,铁道飞虎,6.0%,395.16,10,4.9%,10.0%
19376,魔弦传说,4.7%,312.19,5,9.2%,4.0%
19377,长城,3.3%,222.78,10,2.9%,9.1%
19378,天空之眼,2.2%,146.08,5,4.9%,4.2%
19379,血战钢锯岭,1.7%,115.11,11,1.4%,11.0%
19380,猪猪侠之英雄猪少年,0.7%,47.37,5,1.5%,4.9%
19381,摆渡人,0.6%,39.97,6,0.9%,7.6%
19382,少年巴比伦,0.3%,25.93,2,2.0%,2.2%
19383,你的名字。,0.3%,23.63,11,0.3%,11.9%
19384,恐怖理发店,0.2%,17.32,4,0.7%,5.3%
19385,超能龙骑侠,0.2%,14.85,3,0.9%,2.4%
19386,海洋奇缘,0.2%,14.06,10,0.2%,9.0%
19387,冰雪女王2：冬日魔咒,0.1%,8.90,8,0.1%,9.5%
19388,超级幼儿园,0.1%,7.47,53,<0.1%,73.6%
19389,玩命直播,<0.1%,6.39,4,0.3%,3.8%
19390,神奇动物在哪里,<0.1%,4.67,11,<0.1%,11.4%
19391,我的诗篇,<0.1%,4.59,6,0.1%,6.9%
19392,冒牌卧底,<0.1%,4.20,31,<0.1%,74.0%
19393,罗曼蒂克消亡史,<0.1%,4.02,8,<0.1%,11.3%
19394,青海湖畔,<0.1%,3.47,201,<0.1%,45.6%
19395,湄公河行动,<0.1%,2.67,264,<0.1%,--
19396,少年,<0.1%,2.23,56,<0.1%,51.7%
19397,你好，疯子！,<0.1%,2.15,6,<0.1%,7.7%
19398,逗逗迪迪之美梦年年,<0.1%,1.74,2,0.2%,1.6%
19399,单身日记：好孕来袭,<0.1%,1.35,6,<0.1%,8.7%
19400,一万公里的约定,<0.1%,1.30,2,0.1%,3.0%
19401,一路逆风,<0.1%,1.04,3,<0.1%,3.4%
19402,我在故宫修文物,<0.1%,1.00,33,<0.1%,33.6%
19403,太空旅客,30.0%,1928.00,10,25.4%,6.3%
19404,情圣,20.5%,1317.70,13,15.1%,11.0%
19405,星球大战外传：侠盗一号,15.7%,1008.18,8,15.8%,5.6%
19406,大卫贝肯之倒霉特工熊,11.4%,733.52,9,11.8%,8.0%
19407,铁道飞虎,6.2%,401.21,10,5.2%,9.9%
19408,魔弦传说,4.6%,299.51,5,8.5%,4.3%
19409,长城,3.5%,228.15,10,3.1%,8.7%
19410,天空之眼,2.1%,137.09,5,4.5%,4.3%
19411,血战钢锯岭,1.9%,123.16,11,1.6%,10.8%
19412,猪猪侠之英雄猪少年,0.7%,49.13,5,1.6%,4.8%
19413,摆渡人,0.6%,39.89,6,0.9%,7.4%
19414,你的名字。,0.3%,23.08,10,0.3%,11.0%
19415,少年巴比伦,0.3%,22.26,2,1.8%,2.2%
19416,海洋奇缘,0.2%,17.04,10,0.2%,9.4%
19417,恐怖理发店,0.2%,16.83,4,0.7%,4.9%
19418,超能龙骑侠,0.2%,14.19,3,0.8%,2.6%
19419,玩命直播,<0.1%,6.16,3,0.3%,3.6%
19420,超级幼儿园,<0.1%,5.65,44,<0.1%,63.3%
19421,神奇动物在哪里,<0.1%,4.72,10,<0.1%,10.4%
19422,罗曼蒂克消亡史,<0.1%,4.60,9,<0.1%,12.2%
19423,冒牌卧底,<0.1%,3.59,23,<0.1%,50.6%
19424,冰雪女王2：冬日魔咒,<0.1%,3.11,3,0.1%,3.5%
19425,北极大冒险,<0.1%,2.33,12,<0.1%,20.4%
19426,我的诗篇,<0.1%,2.04,3,0.1%,3.5%
19427,辛巴达与美人鱼公主,<0.1%,1.95,7,<0.1%,11.4%
19428,你好，疯子！,<0.1%,1.90,4,<0.1%,6.6%
19429,逗逗迪迪之美梦年年,<0.1%,1.77,2,0.1%,1.9%
19430,勇士,<0.1%,1.41,75,<0.1%,94.7%
19431,单身日记：好孕来袭,<0.1%,1.16,4,<0.1%,5.9%
19432,太空旅客,29.7%,1830.82,10,25.1%,6.1%
19433,情圣,21.2%,1307.94,12,15.7%,10.4%
19434,星球大战外传：侠盗一号,15.0%,927.41,8,15.6%,5.2%
19435,大卫贝肯之倒霉特工熊,11.1%,686.35,8,11.9%,7.4%
19436,铁道飞虎,6.3%,393.18,10,5.3%,9.5%
19437,魔弦传说,4.5%,282.50,5,8.0%,4.3%
19438,长城,3.9%,244.55,10,3.4%,8.7%
19439,天空之眼,2.0%,129.22,5,4.3%,4.3%
19440,血战钢锯岭,2.0%,125.68,11,1.6%,10.3%
19441,猪猪侠之英雄猪少年,0.7%,45.78,4,1.7%,4.3%
19442,摆渡人,0.6%,40.21,6,1.0%,7.1%
19443,你的名字。,0.4%,24.83,10,0.3%,10.2%
19444,少年巴比伦,0.3%,20.08,2,1.7%,2.1%
19445,海洋奇缘,0.2%,17.75,10,0.2%,9.1%
19446,恐怖理发店,0.2%,17.07,4,0.8%,4.8%
19447,超能龙骑侠,0.1%,10.66,3,0.7%,2.1%
19448,玩命直播,<0.1%,5.62,3,0.3%,3.4%
19449,超级幼儿园,<0.1%,5.46,37,<0.1%,46.3%
19450,神奇动物在哪里,<0.1%,4.73,10,<0.1%,10.1%
19451,冒牌卧底,<0.1%,4.69,29,<0.1%,76.8%
19452,罗曼蒂克消亡史,<0.1%,4.53,10,<0.1%,12.6%
19453,冰雪女王2：冬日魔咒,<0.1%,4.33,4,0.1%,4.3%
19454,勇士,<0.1%,3.02,81,<0.1%,75.8%
19455,我的诗篇,<0.1%,2.11,3,0.1%,3.4%
19456,单身日记：好孕来袭,<0.1%,1.99,9,<0.1%,14.7%
19457,你好，疯子！,<0.1%,1.96,4,<0.1%,6.1%
19458,北极大冒险,<0.1%,1.59,8,<0.1%,13.0%
19459,逗逗迪迪之美梦年年,<0.1%,1.54,2,0.1%,1.5%
19460,湄公河行动,<0.1%,1.43,71,<0.1%,89.6%
19461,太空旅客,29.1%,1732.93,9,24.9%,5.8%
19462,情圣,21.2%,1261.81,11,16.0%,9.7%
19463,星球大战外传：侠盗一号,14.4%,861.11,7,15.4%,4.9%
19464,大卫贝肯之倒霉特工熊,11.0%,657.40,8,12.0%,7.1%
19465,铁道飞虎,6.6%,392.57,10,5.4%,9.2%
19466,魔弦传说,4.6%,274.60,5,7.7%,4.3%
19467,长城,4.1%,249.22,9,3.5%,8.5%
19468,天空之眼,2.1%,130.59,5,4.1%,4.5%
19469,血战钢锯岭,2.1%,129.31,11,1.7%,10.3%
19470,猪猪侠之英雄猪少年,0.7%,46.22,4,1.7%,4.1%
19471,摆渡人,0.6%,40.54,6,1.0%,7.0%
19472,你的名字。,0.4%,25.21,9,0.4%,9.9%
19473,海洋奇缘,0.3%,19.20,10,0.2%,9.7%
19474,恐怖理发店,0.3%,17.83,4,0.8%,5.0%
19475,少年巴比伦,0.2%,17.41,2,1.5%,2.0%
19476,降临,0.2%,15.67,11,0.2%,6.9%
19477,超能龙骑侠,0.1%,11.40,3,0.7%,2.2%
19478,玩命直播,<0.1%,5.44,3,0.3%,3.2%
19479,神奇动物在哪里,<0.1%,5.06,10,<0.1%,9.6%
19480,勇士,<0.1%,5.04,88,<0.1%,73.9%
19481,北极大冒险,<0.1%,4.49,23,<0.1%,39.7%
19482,超级幼儿园,<0.1%,3.81,33,<0.1%,35.4%
19483,罗曼蒂克消亡史,<0.1%,3.79,7,<0.1%,8.4%
19484,湄公河行动,<0.1%,3.32,128,<0.1%,--
19485,冰雪女王2：冬日魔咒,<0.1%,3.09,3,0.1%,3.4%
19486,单身日记：好孕来袭,<0.1%,2.64,10,<0.1%,16.5%
19487,冒牌卧底,<0.1%,2.36,16,<0.1%,43.9%
19488,我的诗篇,<0.1%,2.20,4,0.1%,4.3%
19489,熊出没·奇幻空间,<0.1%,1.99,36,<0.1%,67.3%
19490,逗逗迪迪之美梦年年,<0.1%,1.80,2,0.1%,1.8%
19491,你好，疯子！,<0.1%,1.69,4,<0.1%,5.6%
19492,那年夏天你去了哪里,<0.1%,1.13,2,<0.1%,2.4%
19493,降临,27.0%,1957.17,12,23.5%,8.0%
19494,太空旅客,20.9%,1511.04,10,18.6%,7.0%
19495,情圣,17.9%,1296.47,13,13.8%,11.5%
19496,星球大战外传：侠盗一号,10.3%,744.36,8,11.3%,5.8%
19497,大卫贝肯之倒霉特工熊,9.1%,658.00,9,10.7%,7.8%
19498,铁道飞虎,4.3%,312.72,11,3.9%,10.6%
19499,长城,2.9%,216.03,10,2.7%,9.4%
19500,魔弦传说,1.9%,141.62,5,3.8%,4.9%
19501,血战钢锯岭,1.5%,114.24,13,1.2%,13.0%
19502,天空之眼,0.6%,45.44,4,1.5%,4.6%
19503,心惊胆战,0.5%,37.01,4,1.4%,4.8%
19504,猪猪侠之英雄猪少年,0.4%,36.01,5,1.2%,4.6%
19505,摆渡人,0.3%,28.35,6,0.6%,8.4%
19506,你的名字。,0.3%,23.01,11,0.3%,11.5%
19507,海洋奇缘,0.2%,16.50,11,0.2%,10.6%
19508,蛋计划,0.2%,16.01,3,1.2%,2.3%
19509,少年巴比伦,0.1%,7.54,2,0.5%,2.9%
19510,恐怖理发店,0.1%,7.25,4,0.3%,5.2%
19511,超级幼儿园,<0.1%,5.56,31,<0.1%,51.6%
19512,大魔法师孟兜兜,<0.1%,5.04,2,0.7%,1.3%
19513,神奇动物在哪里,<0.1%,4.87,12,<0.1%,12.9%
19514,勇士,<0.1%,4.71,83,<0.1%,69.3%
19515,超能龙骑侠,<0.1%,4.37,2,0.3%,2.1%
19516,冒牌卧底,<0.1%,4.01,30,<0.1%,75.8%
19517,罗曼蒂克消亡史,<0.1%,3.82,8,<0.1%,11.4%
19518,我的诗篇,<0.1%,3.00,10,<0.1%,12.5%
19519,单身日记：好孕来袭,<0.1%,2.37,22,<0.1%,44.2%
19520,冰雪女王2：冬日魔咒,<0.1%,2.05,3,0.1%,3.2%
19521,玩命直播,<0.1%,2.03,3,0.1%,3.2%
19522,湄公河行动,<0.1%,1.98,110,<0.1%,--
19523,缺失的爱,<0.1%,1.46,1,0.2%,0.9%
19524,降临,21.1%,2061.17,13,22.0%,8.3%
19525,太空旅客,21.0%,2046.33,14,17.8%,9.3%
19526,情圣,16.5%,1610.73,15,13.8%,13.5%
19527,星球大战外传：侠盗一号,10.4%,1015.52,11,10.4%,7.8%
19528,熊出没·奇幻空间,8.8%,863.19,16,7.0%,14.3%
19529,大卫贝肯之倒霉特工熊,8.4%,825.44,11,9.6%,10.1%
19530,铁道飞虎,4.0%,393.71,13,3.7%,13.2%
19531,长城,2.7%,269.53,12,2.7%,11.2%
19532,魔弦传说,1.8%,176.01,7,3.1%,7.2%
19533,血战钢锯岭,1.7%,172.30,18,1.2%,18.2%
19534,天空之眼,0.5%,49.67,5,1.2%,5.8%
19535,猪猪侠之英雄猪少年,0.3%,35.24,5,1.0%,5.3%
19536,你的名字。,0.3%,34.27,14,0.3%,15.2%
19537,摆渡人,0.3%,30.91,7,0.5%,9.5%
19538,海洋奇缘,0.2%,28.73,16,0.2%,16.3%
19539,心惊胆战,0.2%,28.50,4,1.2%,4.2%
19540,超能龙骑侠,0.1%,12.15,5,0.3%,5.0%
19541,蛋计划,<0.1%,9.53,2,0.7%,2.1%
19542,超级幼儿园,<0.1%,7.85,43,<0.1%,89.6%
19543,神奇动物在哪里,<0.1%,7.63,16,<0.1%,15.3%
19544,我的诗篇,<0.1%,7.16,18,<0.1%,22.4%
19545,恐怖理发店,<0.1%,7.01,4,0.3%,5.4%
19546,少年巴比伦,<0.1%,6.30,2,0.4%,3.1%
19547,罗曼蒂克消亡史,<0.1%,5.02,11,<0.1%,13.8%
19548,勇士,<0.1%,3.55,64,<0.1%,53.2%
19549,大魔法师孟兜兜,<0.1%,3.41,2,0.4%,1.4%
19550,一万公里的约定,<0.1%,2.64,5,<0.1%,9.4%
19551,冰雪女王2：冬日魔咒,<0.1%,2.46,4,<0.1%,4.8%
19552,玩命直播,<0.1%,2.34,3,0.1%,4.1%
19553,你好，疯子！,<0.1%,1.38,5,<0.1%,9.3%
19554,单身日记：好孕来袭,<0.1%,1.12,7,<0.1%,13.7%
19555,缺失的爱,<0.1%,1.09,2,0.1%,1.6%
19556,太空旅客,21.1%,1470.54,10,18.5%,6.6%
19557,降临,20.3%,1418.75,9,22.0%,6.0%
19558,情圣,19.4%,1349.73,12,14.9%,10.6%
19559,大卫贝肯之倒霉特工熊,11.6%,807.36,9,11.6%,8.4%
19560,星球大战外传：侠盗一号,10.6%,742.67,8,10.9%,5.7%
19561,铁道飞虎,4.9%,347.84,11,4.2%,10.7%
19562,长城,3.6%,256.37,10,3.1%,9.6%
19563,魔弦传说,2.1%,147.46,6,3.7%,5.2%
19564,血战钢锯岭,1.8%,131.59,13,1.3%,12.8%
19565,猪猪侠之英雄猪少年,0.7%,52.91,6,1.4%,5.7%
19566,天空之眼,0.5%,38.51,4,1.3%,4.2%
19567,你的名字。,0.4%,28.47,11,0.3%,11.9%
19568,海洋奇缘,0.4%,27.95,13,0.2%,12.4%
19569,摆渡人,0.3%,27.61,6,0.6%,7.8%
19570,心惊胆战,0.3%,24.45,3,1.3%,3.6%
19571,蛋计划,0.1%,10.02,2,0.7%,2.2%
19572,超能龙骑侠,<0.1%,6.94,3,0.3%,2.5%
19573,恐怖理发店,<0.1%,6.75,4,0.3%,5.2%
19574,神奇动物在哪里,<0.1%,6.03,12,<0.1%,11.7%
19575,超级幼儿园,<0.1%,5.18,31,<0.1%,42.2%
19576,少年巴比伦,<0.1%,5.01,2,0.4%,2.4%
19577,游戏规则,<0.1%,4.97,125,<0.1%,100%
19578,一万公里的约定,<0.1%,3.63,6,<0.1%,9.5%
19579,罗曼蒂克消亡史,<0.1%,3.54,7,<0.1%,9.6%
19580,勇士,<0.1%,3.32,60,<0.1%,50.1%
19581,我的诗篇,<0.1%,3.09,11,<0.1%,12.9%
19582,冰雪女王2：冬日魔咒,<0.1%,2.37,3,0.1%,3.2%
19583,大魔法师孟兜兜,<0.1%,2.33,1,0.4%,1.0%
19584,了不起的菲丽西,<0.1%,2.19,104,<0.1%,67.9%
19585,玩命直播,<0.1%,2.00,3,0.1%,3.3%
19586,熊出没·奇幻空间,<0.1%,2.00,2,0.1%,5.3%
19587,北极大冒险,<0.1%,1.22,6,<0.1%,8.7%
19588,你好，疯子！,<0.1%,1.06,4,<0.1%,6.2%
19589,太空旅客,21.3%,1285.50,9,19.0%,6.0%
19590,情圣,20.6%,1245.73,11,15.7%,9.7%
19591,降临,19.5%,1177.09,8,21.2%,5.5%
19592,大卫贝肯之倒霉特工熊,11.1%,673.14,8,11.5%,7.5%
19593,星球大战外传：侠盗一号,10.3%,625.29,7,11.1%,5.0%
19594,铁道飞虎,5.0%,306.93,10,4.0%,9.9%
19595,长城,4.0%,244.00,10,3.4%,8.9%
19596,魔弦传说,2.0%,122.56,5,3.5%,4.7%
19597,血战钢锯岭,1.9%,116.03,11,1.4%,11.3%
19598,猪猪侠之英雄猪少年,0.7%,43.81,5,1.4%,5.1%
19599,天空之眼,0.6%,37.51,4,1.3%,4.2%
19600,你的名字。,0.4%,26.81,11,0.3%,11.1%
19601,海洋奇缘,0.3%,22.50,12,0.2%,11.2%
19602,心惊胆战,0.3%,22.48,3,1.3%,3.6%
19603,摆渡人,0.3%,20.76,6,0.5%,7.5%
19604,恐怖理发店,0.1%,6.50,3,0.3%,4.6%
19605,蛋计划,<0.1%,5.82,2,0.6%,1.7%
19606,少年巴比伦,<0.1%,4.87,2,0.4%,2.1%
19607,超能龙骑侠,<0.1%,4.61,2,0.3%,2.0%
19608,超级幼儿园,<0.1%,4.60,29,<0.1%,41.5%
19609,神奇动物在哪里,<0.1%,4.58,10,<0.1%,9.7%
19610,健忘村,<0.1%,4.06,105,<0.1%,--
19611,冰雪女王2：冬日魔咒,<0.1%,3.64,5,0.1%,5.0%
19612,罗曼蒂克消亡史,<0.1%,3.11,6,<0.1%,8.1%
19613,勇士,<0.1%,2.43,45,<0.1%,37.5%
19614,玩命直播,<0.1%,2.11,3,0.1%,3.5%
19615,大魔法师孟兜兜,<0.1%,1.82,1,0.3%,1.2%
19616,我的诗篇,<0.1%,1.79,6,<0.1%,7.3%
19617,太空旅客,21.2%,1297.04,9,18.9%,6.0%
19618,情圣,20.6%,1261.92,11,15.9%,9.6%
19619,降临,18.7%,1144.53,8,20.3%,5.5%
19620,大卫贝肯之倒霉特工熊,11.2%,687.63,8,11.5%,7.6%
19621,星球大战外传：侠盗一号,10.6%,650.59,8,11.0%,5.3%
19622,铁道飞虎,5.2%,319.58,11,4.1%,10.0%
19623,长城,4.4%,269.34,10,3.5%,9.4%
19624,魔弦传说,1.9%,122.20,5,3.4%,4.9%
19625,血战钢锯岭,1.9%,121.09,11,1.5%,11.4%
19626,猪猪侠之英雄猪少年,0.7%,48.01,6,1.4%,5.8%
19627,天空之眼,0.5%,34.64,4,1.3%,4.1%
19628,你的名字。,0.4%,28.06,10,0.4%,11.0%
19629,海洋奇缘,0.3%,23.82,13,0.2%,12.1%
19630,摆渡人,0.3%,21.02,6,0.5%,7.4%
19631,心惊胆战,0.3%,20.29,3,1.2%,3.4%
19632,老师也疯狂,0.1%,10.13,2,0.9%,1.8%
19633,恐怖理发店,<0.1%,5.90,3,0.3%,4.4%
19634,神奇动物在哪里,<0.1%,5.73,12,<0.1%,11.4%
19635,蛋计划,<0.1%,5.03,2,0.4%,1.8%
19636,少年巴比伦,<0.1%,4.58,2,0.4%,2.1%
19637,超能龙骑侠,<0.1%,4.05,2,0.3%,1.8%
19638,罗曼蒂克消亡史,<0.1%,3.82,7,<0.1%,9.5%
19639,超级幼儿园,<0.1%,2.77,21,<0.1%,29.0%
19640,冒牌卧底,<0.1%,2.51,22,<0.1%,74.9%
19641,冰雪女王2：冬日魔咒,<0.1%,2.49,3,0.1%,3.4%
19642,我的诗篇,<0.1%,2.46,8,<0.1%,11.0%
19643,健忘村,<0.1%,2.39,15,<0.1%,12.2%
19644,玩命直播,<0.1%,2.05,3,0.1%,3.4%
19645,勇士,<0.1%,1.70,35,<0.1%,29.2%
19646,大魔法师孟兜兜,<0.1%,1.63,1,0.3%,1.3%
19647,太空旅客,20.4%,1263.62,9,18.1%,6.0%
19648,情圣,19.3%,1197.43,11,15.4%,9.2%
19649,降临,17.3%,1076.15,9,18.2%,5.8%
19650,大卫贝肯之倒霉特工熊,10.7%,667.32,8,11.4%,7.4%
19651,星球大战外传：侠盗一号,10.0%,623.37,8,10.1%,5.3%
19652,健忘村,5.5%,345.14,9,5.8%,6.7%
19653,铁道飞虎,4.7%,294.71,10,4.0%,9.4%
19654,长城,4.2%,260.05,10,3.4%,9.1%
19655,血战钢锯岭,2.0%,126.56,12,1.4%,11.8%
19656,魔弦传说,1.8%,112.20,5,3.2%,4.8%
19657,猪猪侠之英雄猪少年,0.7%,46.19,5,1.4%,5.5%
19658,天空之眼,0.5%,31.64,4,1.1%,4.2%
19659,你的名字。,0.4%,29.35,11,0.4%,11.2%
19660,摆渡人,0.3%,19.07,6,0.5%,6.8%
19661,辛巴达与美人鱼公主,0.2%,16.22,28,<0.1%,36.8%
19662,心惊胆战,0.2%,16.15,3,1.0%,3.0%
19663,老师也疯狂,0.1%,7.23,2,0.8%,1.5%
19664,乘风破浪,0.1%,6.34,529,<0.1%,--
19665,恐怖理发店,<0.1%,5.55,3,0.3%,4.6%
19666,蛋计划,<0.1%,4.57,2,0.4%,2.0%
19667,少年巴比伦,<0.1%,3.98,2,0.4%,2.2%
19668,罗曼蒂克消亡史,<0.1%,3.83,7,<0.1%,8.2%
19669,超能龙骑侠,<0.1%,3.75,2,0.3%,1.7%
19670,冰雪女王2：冬日魔咒,<0.1%,3.73,4,0.1%,4.5%
19671,超级幼儿园,<0.1%,2.24,18,<0.1%,26.8%
19672,玩命直播,<0.1%,1.92,3,0.1%,3.3%
19673,青海湖畔,<0.1%,1.81,47,<0.1%,61.5%
19674,大魔法师孟兜兜,<0.1%,1.44,1,0.2%,1.4%
19675,我不是潘金莲,<0.1%,1.42,41,<0.1%,94.2%
19676,北极大冒险,<0.1%,1.19,6,<0.1%,12.0%
19677,勇士,<0.1%,1.07,28,<0.1%,25.8%
19678,太空旅客,20.3%,1161.93,8,18.1%,5.5%
19679,情圣,18.5%,1058.89,10,15.5%,8.1%
19680,降临,17.3%,989.32,8,17.9%,5.3%
19681,大卫贝肯之倒霉特工熊,10.9%,626.24,8,11.5%,6.9%
19682,星球大战外传：侠盗一号,10.4%,599.17,7,10.0%,5.1%
19683,健忘村,5.3%,303.91,7,6.4%,5.5%
19684,铁道飞虎,4.8%,277.72,9,4.1%,8.8%
19685,长城,4.3%,250.14,10,3.4%,8.7%
19686,血战钢锯岭,2.3%,134.83,13,1.5%,12.4%
19687,魔弦传说,1.8%,107.09,5,3.1%,4.6%
19688,猪猪侠之英雄猪少年,0.7%,43.28,5,1.4%,5.0%
19689,天空之眼,0.5%,31.45,4,1.1%,4.3%
19690,你的名字。,0.5%,29.19,10,0.4%,10.7%
19691,辛巴达与美人鱼公主,0.3%,18.08,31,<0.1%,45.4%
19692,摆渡人,0.3%,17.57,5,0.5%,6.4%
19693,心惊胆战,0.2%,13.44,3,1.0%,2.6%
19694,老师也疯狂,0.1%,7.93,2,0.7%,1.8%
19695,恐怖理发店,<0.1%,4.54,3,0.3%,3.7%
19696,罗曼蒂克消亡史,<0.1%,4.17,7,<0.1%,9.2%
19697,超能龙骑侠,<0.1%,3.91,2,0.3%,1.8%
19698,蛋计划,<0.1%,3.70,2,0.4%,1.6%
19699,少年巴比伦,<0.1%,3.22,2,0.4%,1.8%
19700,冰雪女王2：冬日魔咒,<0.1%,3.20,4,0.1%,4.2%
19701,玩命直播,<0.1%,1.82,3,0.1%,3.3%
19702,超级幼儿园,<0.1%,1.73,17,<0.1%,24.2%
19703,大魔法师孟兜兜,<0.1%,1.36,1,0.2%,1.3%
19704,单身日记：好孕来袭,<0.1%,1.22,11,<0.1%,14.8%
19705,西游伏妖篇,26.6%,1186.32,78,3.3%,47.8%
19706,大闹天竺,12.5%,557.42,52,2.6%,39.2%
19707,情圣,8.5%,379.90,7,14.3%,6.0%
19708,太空旅客,8.5%,378.97,6,16.1%,3.8%
19709,功夫瑜伽,7.6%,338.76,34,2.2%,30.0%
19710,大卫贝肯之倒霉特工熊,6.9%,311.03,7,12.4%,6.0%
19711,降临,6.3%,282.82,5,15.3%,3.5%
19712,乘风破浪,5.1%,230.51,27,1.6%,25.0%
19713,星球大战外传：侠盗一号,4.8%,216.46,6,8.8%,3.9%
19714,健忘村,3.5%,157.74,9,4.8%,7.4%
19715,长城,3.0%,133.67,10,3.5%,8.7%
19716,铁道飞虎,2.1%,93.90,7,3.8%,6.7%
19717,血战钢锯岭,1.0%,46.10,9,1.4%,8.9%
19718,魔弦传说,0.9%,41.49,4,2.7%,4.0%
19719,猪猪侠之英雄猪少年,0.5%,22.52,5,1.5%,4.6%
19720,辛巴达与美人鱼公主,0.4%,18.23,54,<0.1%,57.0%
19721,你的名字。,0.3%,13.34,9,0.4%,8.7%
19722,天空之眼,0.1%,8.72,3,0.8%,2.9%
19723,摆渡人,0.1%,7.49,5,0.4%,6.2%
19724,心惊胆战,<0.1%,3.68,3,0.5%,2.9%
19725,超级幼儿园,<0.1%,1.91,34,<0.1%,67.0%
19726,冰雪女王2：冬日魔咒,<0.1%,1.89,4,0.1%,4.0%
19727,老师也疯狂,<0.1%,1.75,1,0.4%,1.1%
19728,超能龙骑侠,<0.1%,1.60,2,0.2%,2.0%
19729,恐怖理发店,<0.1%,1.38,3,0.1%,4.7%
19730,蛋计划,<0.1%,1.31,2,0.3%,1.5%
19731,少年巴比伦,<0.1%,1.27,2,0.2%,2.0%
19732,罗曼蒂克消亡史,<0.1%,1.11,5,<0.1%,5.9%
19733,西游伏妖篇,43.9%,35448.61,84,33.5%,56.6%
19734,大闹天竺,23.3%,18795.61,65,25.8%,54.5%
19735,功夫瑜伽,17.1%,13804.13,66,17.2%,63.4%
19736,乘风破浪,8.4%,6773.83,46,12.5%,48.2%
19737,熊出没·奇幻空间,6.4%,5194.54,58,8.0%,60.3%
19738,健忘村,0.2%,220.59,13,1.6%,15.6%
19739,游戏规则,0.2%,219.16,88,0.2%,85.4%
19740,降临,<0.1%,32.01,36,<0.1%,41.8%
19741,太空旅客,<0.1%,29.25,27,<0.1%,39.4%
19742,大卫贝肯之倒霉特工熊,<0.1%,20.84,18,<0.1%,23.3%
19743,长城,<0.1%,18.68,63,<0.1%,81.2%
19744,星球大战外传：侠盗一号,<0.1%,10.88,19,<0.1%,30.0%
19745,血战钢锯岭,<0.1%,9.03,40,<0.1%,44.1%
19746,心惊胆战,<0.1%,4.04,5,<0.1%,14.5%
19747,情圣,<0.1%,3.56,12,<0.1%,22.3%
19748,你的名字。,<0.1%,1.97,24,<0.1%,28.4%
19749,天空之眼,<0.1%,1.96,36,<0.1%,61.1%
19750,魔弦传说,<0.1%,1.68,10,<0.1%,15.9%
19751,恐怖理发店,<0.1%,1.55,4,<0.1%,14.9%
19752,辛巴达与美人鱼公主,<0.1%,1.46,6,<0.1%,13.8%
19753,猪猪侠之英雄猪少年,<0.1%,1.00,6,<0.1%,11.6%
19754,西游伏妖篇,38.0%,22215.71,55,33.0%,36.1%
19755,功夫瑜伽,22.3%,13046.89,58,18.8%,53.7%
19756,大闹天竺,20.2%,11820.07,46,23.3%,38.6%
19757,乘风破浪,10.1%,5916.88,41,12.6%,42.1%
19758,熊出没·奇幻空间,8.4%,4924.62,45,9.8%,46.0%
19759,游戏规则,0.3%,225.40,91,0.2%,84.1%
19760,健忘村,0.1%,108.39,10,1.0%,13.2%
19761,降临,<0.1%,50.19,42,<0.1%,45.1%
19762,太空旅客,<0.1%,32.25,36,<0.1%,45.5%
19763,大卫贝肯之倒霉特工熊,<0.1%,23.27,17,0.1%,17.0%
19764,长城,<0.1%,16.07,50,<0.1%,75.4%
19765,血战钢锯岭,<0.1%,12.15,37,<0.1%,38.1%
19766,星球大战外传：侠盗一号,<0.1%,11.82,25,<0.1%,37.4%
19767,情圣,<0.1%,5.88,13,<0.1%,17.8%
19768,心惊胆战,<0.1%,2.75,4,<0.1%,9.9%
19769,辛巴达与美人鱼公主,<0.1%,2.61,9,<0.1%,19.9%
19770,你的名字。,<0.1%,2.35,21,<0.1%,28.3%
19771,魔弦传说,<0.1%,2.33,14,<0.1%,21.8%
19772,超能龙骑侠,<0.1%,1.49,34,<0.1%,35.6%
19773,我不是潘金莲,<0.1%,1.35,42,<0.1%,100%
19774,恐怖理发店,<0.1%,1.27,4,<0.1%,10.4%
19775,李三娘,<0.1%,1.25,53,<0.1%,100%
19776,老师也疯狂,<0.1%,1.16,7,<0.1%,18.1%
19777,猪猪侠之英雄猪少年,<0.1%,1.14,6,<0.1%,8.3%
19778,西游伏妖篇,34.1%,18632.38,49,31.5%,32.0%
19779,功夫瑜伽,26.7%,14565.83,57,21.2%,50.2%
19780,大闹天竺,16.8%,9201.15,40,21.0%,34.6%
19781,乘风破浪,11.9%,6536.72,42,13.2%,42.9%
19782,熊出没·奇幻空间,9.0%,4946.00,43,10.6%,42.2%
19783,游戏规则,0.4%,233.14,94,0.2%,86.2%
19784,健忘村,0.1%,79.82,9,0.8%,12.1%
19785,降临,0.1%,64.03,38,0.1%,40.1%
19786,太空旅客,0.1%,58.83,24,0.1%,24.1%
19787,长城,<0.1%,52.20,37,0.1%,36.1%
19788,大卫贝肯之倒霉特工熊,<0.1%,26.09,16,0.1%,15.8%
19789,血战钢锯岭,<0.1%,19.25,37,<0.1%,43.7%
19790,星球大战外传：侠盗一号,<0.1%,11.59,21,<0.1%,28.5%
19791,天空之眼,<0.1%,9.27,73,<0.1%,82.4%
19792,情圣,<0.1%,7.19,15,<0.1%,17.7%
19793,你的名字。,<0.1%,5.04,22,<0.1%,25.6%
19794,心惊胆战,<0.1%,2.62,4,<0.1%,10.8%
19795,辛巴达与美人鱼公主,<0.1%,2.56,10,<0.1%,24.1%
19796,魔弦传说,<0.1%,2.18,10,<0.1%,8.7%
19797,恐怖理发店,<0.1%,1.58,4,<0.1%,10.1%
19798,李三娘,<0.1%,1.50,69,<0.1%,100%
19799,超能龙骑侠,<0.1%,1.41,31,<0.1%,44.6%
19800,猪猪侠之英雄猪少年,<0.1%,1.31,7,<0.1%,10.9%
19801,老师也疯狂,<0.1%,1.26,8,<0.1%,26.9%
19802,功夫瑜伽,30.7%,15412.12,55,23.7%,45.0%
19803,西游伏妖篇,30.1%,15114.89,44,29.2%,28.8%
19804,乘风破浪,14.4%,7212.85,43,14.6%,42.9%
19805,大闹天竺,14.0%,7036.36,35,18.8%,31.7%
19806,熊出没·奇幻空间,9.2%,4648.14,39,11.1%,37.9%
19807,游戏规则,0.5%,255.59,96,0.2%,88.4%
19808,降临,0.1%,79.99,37,0.1%,37.0%
19809,健忘村,0.1%,69.43,9,0.7%,11.4%
19810,太空旅客,0.1%,64.13,22,0.2%,23.1%
19811,长城,0.1%,53.56,38,0.1%,37.2%
19812,大卫贝肯之倒霉特工熊,<0.1%,32.43,15,0.2%,16.5%
19813,血战钢锯岭,<0.1%,30.94,32,<0.1%,36.5%
19814,星球大战外传：侠盗一号,<0.1%,14.18,22,<0.1%,27.7%
19815,情圣,<0.1%,7.32,12,<0.1%,15.5%
19816,你的名字。,<0.1%,6.57,21,<0.1%,24.2%
19817,心惊胆战,<0.1%,2.82,4,<0.1%,10.8%
19818,魔弦传说,<0.1%,2.06,10,<0.1%,12.1%
19819,勃沙特的长征,<0.1%,1.91,111,<0.1%,100%
19820,恐怖理发店,<0.1%,1.75,4,<0.1%,12.1%
19821,猪猪侠之英雄猪少年,<0.1%,1.58,8,<0.1%,8.8%
19822,玩命直播,<0.1%,1.57,28,<0.1%,70.8%
19823,李三娘,<0.1%,1.49,62,<0.1%,100%
19824,辛巴达与美人鱼公主,<0.1%,1.07,5,<0.1%,11.0%
19825,超能龙骑侠,<0.1%,1.07,20,<0.1%,31.4%
19826,功夫瑜伽,33.5%,16160.28,55,25.3%,41.7%
19827,西游伏妖篇,27.2%,13116.22,41,26.8%,27.9%
19828,乘风破浪,15.6%,7510.29,43,15.6%,41.9%
19829,大闹天竺,12.2%,5879.76,33,16.7%,31.3%
19830,熊出没·奇幻空间,9.0%,4353.90,39,10.4%,37.7%
19831,了不起的菲丽西,1.0%,495.72,21,2.5%,20.4%
19832,游戏规则,0.5%,257.79,97,0.2%,88.1%
19833,降临,0.1%,77.31,34,0.1%,33.8%
19834,太空旅客,0.1%,61.83,21,0.2%,21.2%
19835,健忘村,0.1%,50.58,7,0.6%,9.2%
19836,血战钢锯岭,<0.1%,36.87,33,0.1%,34.6%
19837,长城,<0.1%,34.71,25,0.1%,22.8%
19838,大卫贝肯之倒霉特工熊,<0.1%,24.10,15,0.1%,17.5%
19839,星球大战外传：侠盗一号,<0.1%,11.72,19,<0.1%,23.7%
19840,情圣,<0.1%,8.13,14,<0.1%,15.2%
19841,你的名字。,<0.1%,7.44,21,<0.1%,25.0%
19842,心惊胆战,<0.1%,2.79,4,<0.1%,10.2%
19843,东北往事之破马张飞,<0.1%,2.53,126,<0.1%,76.7%
19844,恐怖理发店,<0.1%,2.29,5,<0.1%,13.8%
19845,玩命直播,<0.1%,2.05,42,<0.1%,100%
19846,李三娘,<0.1%,1.49,58,<0.1%,100%
19847,一路逆风,<0.1%,1.35,45,<0.1%,100%
19848,勃沙特的长征,<0.1%,1.25,117,<0.1%,100.0%
19849,魔弦传说,<0.1%,1.23,10,<0.1%,13.7%
19850,罗曼蒂克消亡史,<0.1%,1.09,14,<0.1%,22.1%
19851,天空之眼,<0.1%,1.06,11,<0.1%,20.0%
19852,功夫瑜伽,34.1%,15625.31,52,26.2%,37.8%
19853,西游伏妖篇,26.0%,11919.62,40,25.6%,27.8%
19854,乘风破浪,17.3%,7927.88,43,16.9%,40.5%
19855,大闹天竺,11.0%,5059.63,31,15.6%,30.0%
19856,熊出没·奇幻空间,8.9%,4093.88,38,10.5%,35.9%
19857,了不起的菲丽西,1.1%,535.37,21,2.5%,21.0%
19858,游戏规则,0.5%,264.53,97,0.3%,89.2%
19859,降临,0.1%,78.84,32,0.2%,32.1%
19860,太空旅客,0.1%,64.93,21,0.2%,21.2%
19861,健忘村,<0.1%,41.99,7,0.6%,8.5%
19862,血战钢锯岭,<0.1%,37.27,32,0.1%,33.8%
19863,长城,<0.1%,34.80,25,0.1%,23.1%
19864,大卫贝肯之倒霉特工熊,<0.1%,21.55,15,0.1%,16.8%
19865,星球大战外传：侠盗一号,<0.1%,12.51,17,<0.1%,21.3%
19866,东北往事之破马张飞,<0.1%,12.40,16,<0.1%,14.1%
19867,你的名字。,<0.1%,8.88,21,<0.1%,26.7%
19868,情圣,<0.1%,8.14,12,<0.1%,14.9%
19869,勃沙特的长征,<0.1%,3.83,155,<0.1%,--
19870,天空之眼,<0.1%,3.10,22,<0.1%,44.2%
19871,心惊胆战,<0.1%,2.59,4,<0.1%,9.4%
19872,恐怖理发店,<0.1%,2.38,5,<0.1%,12.4%
19873,李三娘,<0.1%,1.60,61,<0.1%,100%
19874,功夫瑜伽,32.7%,12972.43,47,24.7%,33.0%
19875,西游伏妖篇,23.2%,9199.93,37,22.4%,25.8%
19876,乘风破浪,17.9%,7101.79,41,16.2%,37.4%
19877,大闹天竺,9.1%,3599.62,27,12.9%,28.1%
19878,熊出没·奇幻空间,8.0%,3171.30,35,9.2%,33.6%
19879,东北往事之破马张飞,6.6%,2638.67,28,10.2%,26.6%
19880,了不起的菲丽西,0.9%,379.00,18,2.1%,18.6%
19881,游戏规则,0.6%,266.34,96,0.3%,87.8%
19882,降临,0.1%,52.83,26,0.1%,27.1%
19883,太空旅客,0.1%,41.00,16,0.2%,16.5%
19884,长城,<0.1%,35.62,26,0.1%,25.9%
19885,健忘村,<0.1%,29.20,6,0.5%,7.5%
19886,血战钢锯岭,<0.1%,25.47,27,<0.1%,28.1%
19887,大卫贝肯之倒霉特工熊,<0.1%,11.08,10,0.1%,11.9%
19888,决战食神,<0.1%,8.74,180,<0.1%,97.2%
19889,星球大战外传：侠盗一号,<0.1%,6.92,13,<0.1%,16.4%
19890,情圣,<0.1%,3.95,9,<0.1%,13.6%
19891,心惊胆战,<0.1%,2.50,4,<0.1%,9.0%
19892,恐怖理发店,<0.1%,1.67,4,<0.1%,10.2%
19893,李三娘,<0.1%,1.30,43,<0.1%,100%
19894,功夫瑜伽,33.3%,11087.71,40,25.2%,27.9%
19895,西游伏妖篇,23.0%,7683.17,32,22.0%,22.8%
19896,乘风破浪,20.3%,6761.24,38,17.5%,33.3%
19897,大闹天竺,8.5%,2835.38,23,12.5%,23.8%
19898,熊出没·奇幻空间,7.9%,2632.21,29,9.5%,27.9%
19899,东北往事之破马张飞,5.0%,1665.21,21,9.0%,19.4%
19900,了不起的菲丽西,1.0%,351.05,16,2.2%,16.4%
19901,降临,0.1%,63.18,27,0.1%,28.1%
19902,太空旅客,0.1%,46.91,17,0.2%,17.6%
19903,血战钢锯岭,<0.1%,29.59,27,0.1%,28.8%
19904,健忘村,<0.1%,29.27,6,0.5%,7.5%
19905,长城,<0.1%,29.21,20,0.1%,20.5%
19906,大卫贝肯之倒霉特工熊,<0.1%,9.25,9,0.1%,10.5%
19907,星球大战外传：侠盗一号,<0.1%,8.03,14,<0.1%,18.9%
19908,决战食神,<0.1%,7.77,213,<0.1%,95.6%
19909,游戏规则,<0.1%,5.12,43,<0.1%,51.9%
19910,情圣,<0.1%,3.46,9,<0.1%,13.0%
19911,心惊胆战,<0.1%,2.27,3,0.1%,7.7%
19912,勃沙特的长征,<0.1%,2.14,134,<0.1%,100.0%
19913,李三娘,<0.1%,2.09,40,<0.1%,96.0%
19914,辛巴达与美人鱼公主,<0.1%,1.88,10,<0.1%,20.5%
19915,恐怖理发店,<0.1%,1.45,3,<0.1%,8.8%
19916,天空之眼,<0.1%,1.11,30,<0.1%,26.1%
19917,魔弦传说,<0.1%,1.01,8,<0.1%,10.2%
19918,功夫瑜伽,32.7%,11340.53,41,25.2%,28.4%
19919,乘风破浪,22.4%,7785.53,41,18.1%,35.5%
19920,西游伏妖篇,20.9%,7262.86,31,21.5%,22.0%
19921,熊出没·奇幻空间,8.5%,2956.67,34,9.1%,32.7%
19922,大闹天竺,7.7%,2691.52,23,11.8%,23.9%
19923,东北往事之破马张飞,4.5%,1565.41,23,7.6%,21.5%
19924,了不起的菲丽西,1.3%,456.17,24,2.0%,23.9%
19925,萤火奇兵,0.8%,309.06,14,2.6%,13.6%
19926,降临,0.1%,68.67,29,0.2%,30.5%
19927,太空旅客,0.1%,50.39,18,0.2%,18.9%
19928,健忘村,0.1%,38.92,8,0.4%,10.4%
19929,血战钢锯岭,0.1%,34.89,29,0.1%,29.9%
19930,长城,<0.1%,28.29,20,0.1%,20.2%
19931,决战食神,<0.1%,13.49,142,<0.1%,65.3%
19932,大卫贝肯之倒霉特工熊,<0.1%,11.52,12,<0.1%,15.1%
19933,星球大战外传：侠盗一号,<0.1%,9.38,16,<0.1%,19.6%
19934,游戏规则,<0.1%,5.73,65,<0.1%,75.5%
19935,情圣,<0.1%,3.67,9,<0.1%,11.6%
19936,勃沙特的长征,<0.1%,2.09,130,<0.1%,100%
19937,一路逆风,<0.1%,1.99,49,<0.1%,100%
19938,心惊胆战,<0.1%,1.70,3,<0.1%,6.3%
19939,李三娘,<0.1%,1.47,35,<0.1%,100%
19940,恐怖理发店,<0.1%,1.37,4,<0.1%,10.0%
19941,功夫瑜伽,33.1%,7191.73,27,25.5%,18.6%
19942,乘风破浪,22.8%,4972.79,27,18.8%,22.9%
19943,西游伏妖篇,21.3%,4637.77,21,21.4%,15.0%
19944,大闹天竺,8.3%,1809.42,16,11.7%,16.8%
19945,熊出没·奇幻空间,7.7%,1678.77,20,9.1%,19.3%
19946,东北往事之破马张飞,4.2%,914.45,15,7.0%,14.5%
19947,了不起的菲丽西,1.0%,238.09,13,2.0%,13.1%
19948,萤火奇兵,0.5%,116.69,7,2.3%,6.2%
19949,降临,0.1%,31.80,14,0.2%,14.8%
19950,健忘村,0.1%,25.60,5,0.5%,6.4%
19951,太空旅客,0.1%,23.41,9,0.2%,9.2%
19952,长城,<0.1%,20.03,14,0.1%,15.0%
19953,血战钢锯岭,<0.1%,17.76,16,0.1%,17.8%
19954,决战食神,<0.1%,12.68,159,<0.1%,75.5%
19955,游戏规则,<0.1%,9.42,81,<0.1%,99.0%
19956,大卫贝肯之倒霉特工熊,<0.1%,5.16,6,0.1%,6.7%
19957,情圣,<0.1%,3.46,8,<0.1%,10.7%
19958,心惊胆战,<0.1%,1.65,3,<0.1%,5.5%
19959,李三娘,<0.1%,1.58,41,<0.1%,100%
19960,辛巴达与美人鱼公主,<0.1%,1.45,14,<0.1%,44.0%
19961,恐怖理发店,<0.1%,1.09,3,<0.1%,8.1%
19962,勃沙特的长征,<0.1%,1.04,96,<0.1%,100.0%
19963,功夫瑜伽,33.1%,6210.10,24,25.6%,16.2%
19964,乘风破浪,23.8%,4468.63,24,19.6%,19.8%
19965,西游伏妖篇,20.1%,3765.43,18,21.1%,12.7%
19966,大闹天竺,8.5%,1593.42,15,11.6%,15.5%
19967,熊出没·奇幻空间,7.8%,1471.11,18,9.3%,16.8%
19968,东北往事之破马张飞,4.0%,756.50,14,6.5%,13.3%
19969,了不起的菲丽西,1.2%,234.57,12,2.1%,12.4%
19970,萤火奇兵,0.4%,92.60,6,2.0%,5.8%
19971,降临,0.1%,33.07,14,0.2%,14.0%
19972,太空旅客,0.1%,26.01,9,0.2%,9.1%
19973,健忘村,0.1%,25.99,5,0.6%,6.0%
19974,长城,0.1%,21.52,14,0.1%,15.7%
19975,决战食神,<0.1%,7.35,132,<0.1%,81.9%
19976,大卫贝肯之倒霉特工熊,<0.1%,5.61,6,0.1%,7.1%
19977,游戏规则,<0.1%,4.26,67,<0.1%,100%
19978,情圣,<0.1%,3.15,7,<0.1%,9.3%
19979,天空之眼,<0.1%,2.31,24,<0.1%,38.9%
19980,心惊胆战,<0.1%,1.53,2,0.1%,4.7%
19981,勃沙特的长征,<0.1%,1.41,127,<0.1%,100.0%
19982,李三娘,<0.1%,1.03,29,<0.1%,100%
19983,功夫瑜伽,32.4%,5227.56,20,25.7%,13.7%
19984,乘风破浪,24.8%,4005.36,21,20.1%,17.2%
19985,西游伏妖篇,19.6%,3176.31,15,20.9%,10.9%
19986,大闹天竺,8.6%,1398.88,13,11.5%,13.6%
19987,熊出没·奇幻空间,7.6%,1238.99,15,9.4%,14.1%
19988,东北往事之破马张飞,3.9%,643.49,13,6.2%,12.0%
19989,了不起的菲丽西,1.3%,216.47,11,2.2%,11.1%
19990,萤火奇兵,0.4%,68.27,5,1.7%,4.8%
19991,降临,0.1%,31.92,12,0.2%,11.8%
19992,太空旅客,0.1%,24.12,8,0.2%,7.8%
19993,健忘村,0.1%,24.10,4,0.6%,5.3%
19994,长城,0.1%,23.42,15,0.1%,16.4%
19995,决战食神,<0.1%,14.53,154,<0.1%,--
19996,大卫贝肯之倒霉特工熊,<0.1%,5.22,6,0.1%,6.2%
19997,游戏规则,<0.1%,4.05,64,<0.1%,100%
19998,情圣,<0.1%,3.37,8,<0.1%,13.1%
19999,罗曼蒂克消亡史,<0.1%,2.79,47,<0.1%,98.7%
20000,完美有多美,<0.1%,2.78,186,<0.1%,100.0%
20001,李三娘,<0.1%,1.68,35,<0.1%,100%
20002,心惊胆战,<0.1%,1.59,2,0.1%,4.5%
20003,青海湖畔,<0.1%,1.51,313,<0.1%,100.0%
20004,功夫瑜伽,30.7%,4728.60,19,25.5%,12.6%
20005,乘风破浪,24.1%,3705.86,19,20.2%,15.8%
20006,西游伏妖篇,18.4%,2830.28,14,20.4%,9.8%
20007,大闹天竺,8.4%,1305.01,12,11.4%,12.8%
20008,熊出没·奇幻空间,7.7%,1198.07,15,9.3%,13.8%
20009,东北往事之破马张飞,4.1%,633.10,13,6.0%,11.8%
20010,极限特工：终极回归,3.4%,527.24,56,0.9%,28.6%
20011,了不起的菲丽西,1.4%,215.57,11,2.2%,11.0%
20012,萤火奇兵,0.4%,63.90,5,1.6%,4.9%
20013,决战食神,0.2%,36.46,15,0.2%,11.5%
20014,降临,0.1%,28.95,10,0.2%,10.4%
20015,长城,0.1%,25.26,17,0.1%,17.0%
20016,太空旅客,0.1%,23.93,8,0.2%,8.0%
20017,健忘村,0.1%,23.08,4,0.6%,5.4%
20018,大卫贝肯之倒霉特工熊,<0.1%,4.81,6,0.1%,6.4%
20019,情圣,<0.1%,3.84,10,<0.1%,14.9%
20020,游戏规则,<0.1%,3.54,8,<0.1%,14.0%
20021,完美有多美,<0.1%,2.87,95,<0.1%,69.9%
20022,心惊胆战,<0.1%,1.62,2,0.1%,5.2%
20023,李三娘,<0.1%,1.39,35,<0.1%,100%
20024,极限特工：终极回归,52.1%,14313.64,47,30.3%,29.5%
20025,功夫瑜伽,12.9%,3554.03,26,13.6%,21.3%
20026,决战食神,12.1%,3348.12,21,18.7%,18.2%
20027,乘风破浪,9.0%,2496.64,23,10.9%,21.4%
20028,西游伏妖篇,5.5%,1527.84,18,8.4%,17.4%
20029,熊出没·奇幻空间,3.4%,950.94,19,5.4%,19.7%
20030,游戏规则,1.7%,471.94,10,5.1%,11.2%
20031,大闹天竺,1.3%,365.63,12,3.2%,14.3%
20032,东北往事之破马张飞,0.7%,196.04,18,1.2%,19.8%
20033,了不起的菲丽西,0.4%,117.27,14,0.9%,14.0%
20034,萤火奇兵,<0.1%,24.62,7,0.4%,9.0%
20035,大脚印,<0.1%,22.55,4,0.6%,4.2%
20036,长城,<0.1%,13.92,53,<0.1%,59.4%
20037,降临,<0.1%,11.57,16,<0.1%,19.0%
20038,太空旅客,<0.1%,5.27,14,<0.1%,17.2%
20039,健忘村,<0.1%,4.40,6,<0.1%,9.2%
20040,大卫贝肯之倒霉特工熊,<0.1%,2.42,7,<0.1%,9.0%
20041,李三娘,<0.1%,1.96,40,<0.1%,100%
20042,完美有多美,<0.1%,1.94,143,<0.1%,82.1%
20043,辛巴达与美人鱼公主,<0.1%,1.51,23,<0.1%,36.7%
20044,心惊胆战,<0.1%,1.47,3,<0.1%,5.8%
20045,天空之眼,<0.1%,1.13,29,<0.1%,51.2%
20046,极限特工：终极回归,48.2%,16418.30,51,31.6%,31.8%
20047,功夫瑜伽,13.2%,4519.31,34,13.0%,29.0%
20048,乘风破浪,10.1%,3456.39,32,10.4%,30.8%
20049,决战食神,9.4%,3207.53,21,16.5%,18.9%
20050,西游伏妖篇,5.6%,1908.93,24,7.6%,24.3%
20051,熊出没·奇幻空间,5.1%,1744.96,28,6.7%,27.7%
20052,爱乐之城,3.5%,1202.88,35,3.8%,29.4%
20053,游戏规则,1.6%,554.98,16,3.6%,18.3%
20054,大闹天竺,1.2%,420.44,16,2.7%,19.9%
20055,东北往事之破马张飞,0.7%,241.35,26,1.1%,28.9%
20056,了不起的菲丽西,0.6%,235.50,21,1.1%,21.3%
20057,萤火奇兵,0.1%,48.97,12,0.4%,14.3%
20058,降临,<0.1%,17.74,24,<0.1%,28.2%
20059,长城,<0.1%,10.93,45,<0.1%,52.1%
20060,太空旅客,<0.1%,8.63,23,<0.1%,27.2%
20061,大脚印,<0.1%,6.82,3,0.2%,2.6%
20062,大卫贝肯之倒霉特工熊,<0.1%,4.03,9,<0.1%,11.9%
20063,健忘村,<0.1%,3.73,6,<0.1%,8.4%
20064,心惊胆战,<0.1%,1.99,3,<0.1%,7.3%
20065,李三娘,<0.1%,1.93,44,<0.1%,100%
20066,疯岳撬佳人,<0.1%,1.16,145,<0.1%,100.0%
20067,极限特工：终极回归,48.8%,12173.18,37,32.6%,22.7%
20068,功夫瑜伽,13.2%,3302.89,23,14.1%,19.6%
20069,乘风破浪,12.0%,3015.41,25,11.6%,24.2%
20070,决战食神,7.9%,1982.88,14,15.7%,12.4%
20071,熊出没·奇幻空间,5.9%,1472.41,23,7.1%,22.3%
20072,西游伏妖篇,5.8%,1450.96,17,8.1%,17.4%
20073,游戏规则,2.4%,621.68,19,3.5%,20.8%
20074,大闹天竺,1.3%,346.42,12,3.0%,15.0%
20075,了不起的菲丽西,0.9%,239.11,20,1.2%,20.5%
20076,东北往事之破马张飞,0.8%,200.77,21,1.2%,22.8%
20077,萤火奇兵,0.1%,41.34,11,0.4%,12.3%
20078,降临,<0.1%,23.08,23,<0.1%,25.5%
20079,长城,<0.1%,12.41,44,<0.1%,55.1%
20080,太空旅客,<0.1%,8.60,17,<0.1%,20.1%
20081,健忘村,<0.1%,4.69,6,<0.1%,9.1%
20082,大卫贝肯之倒霉特工熊,<0.1%,4.64,10,<0.1%,14.0%
20083,大脚印,<0.1%,3.66,2,0.2%,1.8%
20084,铁道飞虎,<0.1%,3.22,32,<0.1%,100%
20085,罗曼蒂克消亡史,<0.1%,2.86,52,<0.1%,100%
20086,勃沙特的长征,<0.1%,1.66,151,<0.1%,100%
20087,心惊胆战,<0.1%,1.47,2,<0.1%,5.0%
20088,李三娘,<0.1%,1.46,24,<0.1%,64.4%
20089,完美有多美,<0.1%,1.31,90,<0.1%,61.8%
20090,情圣,<0.1%,1.28,10,<0.1%,17.3%
20091,极限特工：终极回归,49.4%,6692.14,22,32.9%,13.2%
20092,乘风破浪,14.6%,1985.63,16,12.5%,15.4%
20093,功夫瑜伽,13.2%,1787.55,13,14.8%,10.6%
20094,决战食神,7.4%,1001.70,8,15.3%,6.7%
20095,西游伏妖篇,5.7%,771.95,10,8.5%,9.3%
20096,游戏规则,3.2%,444.25,14,3.4%,15.4%
20097,熊出没·奇幻空间,2.2%,308.57,7,5.3%,6.7%
20098,大闹天竺,1.6%,217.31,7,3.2%,8.9%
20099,东北往事之破马张飞,1.1%,155.90,15,1.4%,16.5%
20100,了不起的菲丽西,0.4%,55.89,7,0.9%,6.8%
20101,合约男女,0.2%,39.15,47,<0.1%,40.2%
20102,爱乐之城,0.2%,27.97,22,0.1%,12.2%
20103,长城,0.1%,14.34,44,<0.1%,59.6%
20104,降临,<0.1%,9.02,9,<0.1%,10.0%
20105,萤火奇兵,<0.1%,5.03,2,0.3%,2.6%
20106,健忘村,<0.1%,2.97,4,<0.1%,4.9%
20107,太空旅客,<0.1%,1.88,8,<0.1%,9.4%
20108,铁道飞虎,<0.1%,1.81,12,<0.1%,23.7%
20109,大脚印,<0.1%,1.11,1,0.2%,0.7%
20110,心惊胆战,<0.1%,1.03,2,0.1%,3.7%
20111,情圣,<0.1%,1.02,6,<0.1%,7.9%
20112,极限特工：终极回归,42.4%,16642.51,61,26.7%,38.7%
20113,爱乐之城,18.2%,7136.46,38,20.3%,28.2%
20114,合约男女,8.7%,3411.21,29,12.8%,28.4%
20115,疯岳撬佳人,8.6%,3380.21,31,12.7%,30.3%
20116,功夫瑜伽,7.9%,3101.43,40,7.5%,38.4%
20117,乘风破浪,6.5%,2557.21,41,6.0%,42.5%
20118,决战食神,3.1%,1253.80,24,5.6%,23.7%
20119,西游伏妖篇,2.0%,784.71,26,2.9%,28.9%
20120,游戏规则,0.8%,322.57,29,1.2%,33.1%
20121,熊出没·奇幻空间,0.5%,204.69,13,1.6%,13.9%
20122,东北往事之破马张飞,0.3%,147.02,41,0.4%,49.0%
20123,大闹天竺,0.3%,136.77,18,0.7%,25.8%
20124,了不起的菲丽西,<0.1%,33.98,12,0.2%,13.0%
20125,完美有多美,<0.1%,28.28,113,<0.1%,77.9%
20126,长城,<0.1%,14.58,75,<0.1%,98.5%
20127,心惊胆战,<0.1%,4.40,6,0.1%,15.8%
20128,情圣,<0.1%,2.71,17,<0.1%,22.7%
20129,萤火奇兵,<0.1%,2.62,3,0.1%,4.9%
20130,降临,<0.1%,2.34,12,<0.1%,16.5%
20131,青海湖畔,<0.1%,2.24,562,<0.1%,100.0%
20132,李三娘,<0.1%,2.18,48,<0.1%,100%
20133,一树一树紫花开,<0.1%,2.08,21,<0.1%,66.5%
20134,欧爸的情人,<0.1%,1.98,9,<0.1%,10.0%
20135,恐怖理发店,<0.1%,1.78,7,<0.1%,20.1%
20136,铁道飞虎,<0.1%,1.18,16,<0.1%,25.4%
20137,极限特工：终极回归,45.2%,5145.21,20,28.8%,12.3%
20138,爱乐之城,13.8%,1578.40,11,17.6%,8.0%
20139,功夫瑜伽,9.9%,1133.37,13,9.0%,12.5%
20140,乘风破浪,9.0%,1024.90,16,7.6%,15.4%
20141,疯岳撬佳人,5.6%,641.51,8,11.1%,6.9%
20142,合约男女,4.5%,516.32,7,10.1%,6.2%
20143,西游伏妖篇,3.0%,341.36,10,3.6%,10.3%
20144,游戏规则,2.7%,315.83,24,1.6%,25.8%
20145,决战食神,2.5%,286.15,7,5.4%,6.1%
20146,熊出没·奇幻空间,1.3%,155.31,8,2.2%,8.2%
20147,东北往事之破马张飞,0.9%,103.74,23,0.6%,28.3%
20148,大闹天竺,0.5%,65.66,6,1.0%,8.5%
20149,了不起的菲丽西,0.2%,27.50,9,0.3%,9.0%
20150,长城,0.1%,15.13,66,<0.1%,73.2%
20151,降临,<0.1%,3.26,11,<0.1%,14.5%
20152,铁道飞虎,<0.1%,3.17,35,<0.1%,40.6%
20153,大脚印,<0.1%,2.03,18,<0.1%,32.7%
20154,有迹可循,<0.1%,1.95,650,<0.1%,--
20155,萤火奇兵,<0.1%,1.83,2,0.1%,3.0%
20156,勃沙特的长征,<0.1%,1.46,131,<0.1%,99.6%
20157,心惊胆战,<0.1%,1.14,2,0.1%,4.1%
20158,极限特工：终极回归,42.5%,4128.96,16,29.5%,9.7%
20159,爱乐之城,13.4%,1308.70,10,16.4%,7.2%
20160,功夫瑜伽,10.8%,1048.53,12,9.8%,10.5%
20161,乘风破浪,9.7%,947.55,14,8.5%,13.1%
20162,合约男女,5.9%,576.52,7,9.1%,7.0%
20163,疯岳撬佳人,5.0%,487.97,7,10.1%,5.9%
20164,游戏规则,3.4%,332.50,23,1.8%,24.3%
20165,西游伏妖篇,2.9%,290.85,8,4.0%,8.4%
20166,决战食神,2.4%,233.58,6,5.3%,5.1%
20167,东北往事之破马张飞,1.2%,122.53,22,0.7%,26.9%
20168,熊出没·奇幻空间,1.1%,115.61,6,2.2%,6.3%
20169,大闹天竺,0.5%,56.15,6,1.1%,7.4%
20170,了不起的菲丽西,0.2%,19.57,7,0.3%,6.7%
20171,长城,0.1%,10.88,45,<0.1%,50.1%
20172,欢乐好声音,<0.1%,3.83,5,<0.1%,2.0%
20173,上海王,<0.1%,3.48,15,<0.1%,13.6%
20174,萤火奇兵,<0.1%,2.72,3,0.1%,4.5%
20175,降临,<0.1%,2.65,8,<0.1%,9.6%
20176,铁道飞虎,<0.1%,1.95,15,<0.1%,19.2%
20177,李三娘,<0.1%,1.25,30,<0.1%,76.6%
20178,心惊胆战,<0.1%,1.07,2,0.1%,3.9%
20179,极限特工：终极回归,41.3%,5190.44,21,27.5%,12.7%
20180,爱乐之城,12.0%,1515.22,17,10.6%,13.4%
20181,欢乐好声音,11.8%,1481.13,11,16.2%,7.8%
20182,功夫瑜伽,8.2%,1032.12,15,7.4%,14.0%
20183,乘风破浪,7.4%,929.48,17,6.6%,16.8%
20184,游戏规则,4.4%,555.68,30,2.2%,31.3%
20185,疯岳撬佳人,2.5%,323.10,8,5.0%,8.0%
20186,上海王,2.3%,297.42,7,6.0%,6.3%
20187,完美有多美,2.3%,296.51,6,6.4%,6.2%
20188,西游伏妖篇,1.9%,243.44,10,2.4%,11.7%
20189,合约男女,1.8%,236.24,8,3.7%,8.1%
20190,东北往事之破马张飞,1.0%,131.38,33,0.5%,39.5%
20191,决战食神,0.9%,121.22,7,2.0%,7.2%
20192,熊出没·奇幻空间,0.6%,84.03,9,1.0%,9.7%
20193,大闹天竺,0.3%,48.93,6,0.6%,8.6%
20194,血伞凶灵,0.1%,22.65,6,0.5%,7.1%
20195,长城,<0.1%,12.43,62,<0.1%,85.7%
20196,了不起的菲丽西,<0.1%,8.45,8,0.1%,8.3%
20197,降临,<0.1%,2.03,17,<0.1%,19.6%
20198,铁道飞虎,<0.1%,2.02,21,<0.1%,56.7%
20199,勃沙特的长征,<0.1%,1.43,85,<0.1%,62.6%
20200,心惊胆战,<0.1%,1.19,2,0.1%,4.9%
20201,极限特工：终极回归,37.4%,7496.71,28,28.1%,17.1%
20202,欢乐好声音,17.8%,3574.32,23,16.7%,18.0%
20203,爱乐之城,12.3%,2464.88,26,10.7%,20.7%
20204,功夫瑜伽,8.5%,1707.81,22,8.2%,20.7%
20205,乘风破浪,7.7%,1542.99,24,7.5%,23.9%
20206,游戏规则,3.6%,728.24,34,2.4%,35.6%
20207,熊出没·奇幻空间,2.1%,422.05,20,2.4%,20.4%
20208,西游伏妖篇,2.0%,405.61,16,2.6%,17.8%
20209,疯岳撬佳人,1.9%,395.95,11,4.3%,11.2%
20210,合约男女,1.4%,292.46,10,3.3%,10.8%
20211,上海王,1.4%,280.33,8,3.9%,8.3%
20212,完美有多美,0.9%,193.94,6,4.6%,5.5%
20213,决战食神,0.8%,176.90,11,1.9%,11.2%
20214,东北往事之破马张飞,0.7%,141.40,32,0.5%,38.2%
20215,大闹天竺,0.3%,61.70,10,0.6%,14.0%
20216,了不起的菲丽西,0.1%,39.81,16,0.2%,16.7%
20217,血伞凶灵,0.1%,24.46,7,0.5%,7.6%
20218,长城,<0.1%,16.34,71,<0.1%,83.8%
20219,来自月亮的我,<0.1%,8.01,25,<0.1%,29.3%
20220,萤火奇兵,<0.1%,4.52,6,0.1%,8.1%
20221,降临,<0.1%,4.17,21,<0.1%,25.3%
20222,铁道飞虎,<0.1%,1.71,18,<0.1%,37.9%
20223,我的诗篇,<0.1%,1.69,68,<0.1%,100%
20224,心惊胆战,<0.1%,1.50,3,<0.1%,6.6%
20225,勃沙特的长征,<0.1%,1.33,118,<0.1%,90.4%
20226,太空旅客,<0.1%,1.25,12,<0.1%,15.9%
20227,李三娘,<0.1%,1.05,27,<0.1%,64.0%
20228,极限特工：终极回归,35.0%,5781.72,22,28.1%,13.3%
20229,欢乐好声音,19.6%,3250.04,22,16.7%,16.6%
20230,爱乐之城,11.7%,1937.71,20,10.8%,16.3%
20231,功夫瑜伽,8.5%,1414.13,17,8.7%,16.2%
20232,乘风破浪,7.5%,1247.61,19,8.0%,18.4%
20233,游戏规则,4.4%,726.80,33,2.5%,34.2%
20234,熊出没·奇幻空间,2.8%,470.32,19,2.9%,18.8%
20235,西游伏妖篇,2.1%,355.58,13,2.8%,14.4%
20236,疯岳撬佳人,1.9%,313.93,9,4.1%,9.4%
20237,合约男女,1.4%,235.43,9,3.1%,9.2%
20238,上海王,1.3%,224.77,8,3.2%,7.9%
20239,决战食神,0.8%,145.86,9,1.8%,9.4%
20240,完美有多美,0.7%,117.66,4,3.7%,4.2%
20241,东北往事之破马张飞,0.4%,66.65,19,0.5%,20.6%
20242,大闹天竺,0.3%,58.44,8,0.7%,11.9%
20243,刺客信条,0.3%,54.60,114,<0.1%,49.3%
20244,了不起的菲丽西,0.2%,41.57,16,0.3%,17.0%
20245,血伞凶灵,0.1%,16.98,5,0.5%,5.3%
20246,长城,<0.1%,13.73,57,<0.1%,66.8%
20247,来自月亮的我,<0.1%,6.49,24,<0.1%,27.8%
20248,萤火奇兵,<0.1%,3.79,5,0.1%,7.0%
20249,降临,<0.1%,3.34,15,<0.1%,20.9%
20250,大脚印,<0.1%,2.36,26,<0.1%,65.8%
20251,铁道飞虎,<0.1%,1.68,18,<0.1%,39.0%
20252,太空旅客,<0.1%,1.38,10,<0.1%,13.5%
20253,勃沙特的长征,<0.1%,1.23,108,<0.1%,82.7%
20254,心惊胆战,<0.1%,1.18,3,<0.1%,6.1%
20255,极限特工：终极回归,37.5%,2517.47,10,28.9%,6.2%
20256,欢乐好声音,13.8%,928.16,8,15.1%,5.6%
20257,爱乐之城,11.1%,745.20,9,11.3%,6.6%
20258,功夫瑜伽,10.0%,670.80,8,9.7%,7.2%
20259,乘风破浪,9.0%,609.00,9,9.0%,8.6%
20260,游戏规则,5.5%,372.65,23,1.9%,23.2%
20261,西游伏妖篇,2.5%,168.02,6,3.3%,6.3%
20262,疯岳撬佳人,2.4%,165.67,5,4.4%,5.0%
20263,合约男女,1.9%,127.28,5,3.3%,5.0%
20264,上海王,1.7%,115.08,6,2.9%,5.5%
20265,决战食神,1.0%,67.67,4,2.1%,4.2%
20266,完美有多美,0.6%,44.37,2,3.2%,1.9%
20267,熊出没·奇幻空间,0.6%,42.92,4,1.5%,3.6%
20268,东北往事之破马张飞,0.6%,42.33,12,0.6%,12.5%
20269,大闹天竺,0.4%,32.36,4,0.9%,5.8%
20270,血伞凶灵,0.2%,13.74,4,0.5%,4.2%
20271,长城,0.1%,10.44,41,<0.1%,46.4%
20272,来自月亮的我,<0.1%,5.91,25,<0.1%,28.8%
20273,了不起的菲丽西,<0.1%,5.34,5,0.1%,4.8%
20274,一条狗的使命,<0.1%,3.27,192,<0.1%,100.0%
20275,铁道飞虎,<0.1%,1.05,12,<0.1%,37.8%
20276,极限特工：终极回归,36.3%,2313.67,10,29.0%,5.7%
20277,欢乐好声音,14.0%,891.70,8,14.8%,5.5%
20278,爱乐之城,10.6%,677.53,8,11.3%,6.1%
20279,功夫瑜伽,10.4%,664.27,8,10.0%,6.8%
20280,乘风破浪,9.2%,591.20,9,9.4%,8.1%
20281,游戏规则,6.7%,431.43,25,2.0%,25.2%
20282,西游伏妖篇,2.8%,181.00,6,3.5%,6.0%
20283,疯岳撬佳人,2.2%,146.13,5,4.3%,4.6%
20284,合约男女,1.9%,123.24,5,3.4%,4.8%
20285,上海王,1.4%,89.98,5,2.6%,4.9%
20286,决战食神,0.9%,62.53,4,2.1%,3.8%
20287,熊出没·奇幻空间,0.7%,45.46,4,1.4%,3.9%
20288,大闹天竺,0.6%,43.31,5,1.0%,6.3%
20289,东北往事之破马张飞,0.5%,32.90,9,0.6%,10.3%
20290,完美有多美,0.5%,32.65,2,2.7%,1.7%
20291,血伞凶灵,0.1%,11.29,3,0.5%,3.5%
20292,长城,0.1%,11.12,38,<0.1%,43.8%
20293,来自月亮的我,<0.1%,4.68,27,<0.1%,28.6%
20294,了不起的菲丽西,<0.1%,3.08,3,0.1%,2.7%
20295,铁道飞虎,<0.1%,1.31,13,<0.1%,36.8%
20296,极限特工：终极回归,34.7%,2083.76,9,29.1%,5.2%
20297,欢乐好声音,14.1%,847.15,7,14.6%,5.4%
20298,功夫瑜伽,10.4%,630.10,7,10.2%,6.5%
20299,爱乐之城,10.1%,609.46,7,11.2%,5.5%
20300,乘风破浪,9.4%,568.62,8,9.6%,7.7%
20301,游戏规则,8.5%,513.59,28,2.2%,27.1%
20302,西游伏妖篇,2.8%,169.45,6,3.7%,5.6%
20303,疯岳撬佳人,2.3%,143.90,5,4.2%,4.6%
20304,合约男女,1.9%,117.93,5,3.3%,4.6%
20305,上海王,1.3%,82.91,5,2.5%,4.8%
20306,决战食神,0.9%,57.94,4,2.1%,3.6%
20307,熊出没·奇幻空间,0.6%,37.08,4,1.4%,3.6%
20308,大闹天竺,0.5%,34.06,4,1.0%,5.3%
20309,东北往事之破马张飞,0.5%,31.77,9,0.6%,10.3%
20310,完美有多美,0.4%,28.69,2,2.5%,1.7%
20311,长城,0.2%,12.15,34,<0.1%,38.9%
20312,血伞凶灵,0.2%,12.04,4,0.5%,3.7%
20313,了不起的菲丽西,0.1%,6.60,4,0.1%,4.0%
20314,来自月亮的我,<0.1%,4.33,28,<0.1%,29.8%
20315,刺客信条,<0.1%,2.34,121,<0.1%,--
20316,铁道飞虎,<0.1%,1.18,12,<0.1%,24.8%
20317,极限特工：终极回归,25.0%,1887.33,8,27.9%,4.8%
20318,生化危机：终章,21.5%,1624.53,79,2.4%,47.0%
20319,欢乐好声音,10.4%,786.91,7,14.0%,5.0%
20320,游戏规则,8.3%,624.88,31,2.3%,30.0%
20321,功夫瑜伽,7.9%,598.29,7,9.9%,6.1%
20322,爱乐之城,7.5%,568.97,7,10.6%,5.2%
20323,乘风破浪,7.2%,543.86,8,9.4%,7.2%
20324,刺客信条,2.3%,177.62,15,1.3%,9.2%
20325,西游伏妖篇,2.1%,158.23,5,3.6%,5.1%
20326,疯岳撬佳人,1.8%,137.25,5,4.0%,4.4%
20327,合约男女,1.4%,110.52,5,3.2%,4.4%
20328,上海王,0.9%,73.07,5,2.3%,4.5%
20329,决战食神,0.7%,53.64,4,2.0%,3.3%
20330,熊出没·奇幻空间,0.5%,39.25,4,1.3%,3.9%
20331,大闹天竺,0.4%,32.83,4,1.0%,5.0%
20332,东北往事之破马张飞,0.4%,30.61,8,0.6%,9.1%
20333,完美有多美,0.3%,23.87,2,2.2%,1.5%
20334,长城,0.1%,11.42,29,<0.1%,36.3%
20335,血伞凶灵,0.1%,9.06,3,0.5%,3.0%
20336,摆渡人,0.1%,8.96,113,<0.1%,100%
20337,了不起的菲丽西,<0.1%,3.89,4,0.1%,3.8%
20338,来自月亮的我,<0.1%,3.89,29,<0.1%,30.6%
20339,情圣,<0.1%,3.76,8,<0.1%,8.5%
20340,勃沙特的长征,<0.1%,1.77,99,<0.1%,100%
20341,我们诞生在中国,<0.1%,1.05,350,<0.1%,--
20342,生化危机：终章,74.6%,21330.79,55,42.9%,37.4%
20343,刺客信条,14.0%,4023.09,18,24.2%,14.2%
20344,极限特工：终极回归,4.2%,1209.38,12,11.0%,11.9%
20345,欢乐好声音,2.4%,705.46,13,6.1%,13.2%
20346,爱乐之城,1.3%,390.81,14,3.0%,15.1%
20347,乘风破浪,0.9%,260.65,10,3.3%,11.2%
20348,功夫瑜伽,0.8%,236.35,9,2.9%,9.7%
20349,游戏规则,0.5%,162.60,30,0.5%,33.8%
20350,熊出没·奇幻空间,0.1%,46.99,7,0.8%,7.8%
20351,上海王,0.1%,35.61,14,0.3%,16.0%
20352,疯岳撬佳人,0.1%,31.65,5,0.8%,6.1%
20353,西游伏妖篇,<0.1%,26.03,5,0.5%,6.8%
20354,合约男女,<0.1%,19.32,4,0.5%,5.2%
20355,东北往事之破马张飞,<0.1%,15.35,12,0.2%,15.5%
20356,长城,<0.1%,13.51,68,<0.1%,100%
20357,大闹天竺,<0.1%,11.83,5,0.2%,7.0%
20358,完美有多美,<0.1%,7.79,4,0.2%,5.2%
20359,决战食神,<0.1%,5.88,3,0.2%,3.6%
20360,血伞凶灵,<0.1%,4.15,3,0.1%,4.0%
20361,了不起的菲丽西,<0.1%,3.18,7,<0.1%,7.8%
20362,勃沙特的长征,<0.1%,2.61,171,<0.1%,100%
20363,摆渡人,<0.1%,2.42,107,<0.1%,100%
20364,三缺一,<0.1%,1.27,1,0.4%,0.5%
20365,为爱担当,<0.1%,1.15,2,0.1%,1.5%
20366,生化危机：终章,69.8%,25029.79,56,46.5%,38.3%
20367,刺客信条,12.9%,4648.11,22,21.7%,17.6%
20368,欢乐好声音,5.9%,2126.64,29,8.0%,29.6%
20369,极限特工：终极回归,4.9%,1761.71,20,9.3%,20.2%
20370,爱乐之城,1.8%,679.52,27,2.6%,29.8%
20371,乘风破浪,1.1%,417.87,17,2.9%,21.0%
20372,功夫瑜伽,1.0%,371.03,16,2.4%,18.5%
20373,熊出没·奇幻空间,0.7%,285.61,17,1.9%,19.2%
20374,游戏规则,0.4%,172.13,36,0.4%,40.3%
20375,上海王,0.1%,50.04,22,0.2%,25.5%
20376,一条狗的使命,0.1%,48.22,82,<0.1%,80.6%
20377,疯岳撬佳人,0.1%,48.06,9,0.7%,11.0%
20378,西游伏妖篇,0.1%,42.90,9,0.4%,12.5%
20379,合约男女,<0.1%,27.18,7,0.4%,9.0%
20380,东北往事之破马张飞,<0.1%,20.39,16,0.2%,22.0%
20381,大闹天竺,<0.1%,18.17,8,0.2%,12.5%
20382,长城,<0.1%,18.10,87,<0.1%,100%
20383,了不起的菲丽西,<0.1%,17.50,15,0.1%,17.3%
20384,完美有多美,<0.1%,15.52,8,0.2%,12.6%
20385,决战食神,<0.1%,11.94,8,0.1%,9.4%
20386,血伞凶灵,<0.1%,5.79,5,0.1%,6.1%
20387,勃沙特的长征,<0.1%,3.05,206,<0.1%,100%
20388,萤火奇兵,<0.1%,2.96,4,<0.1%,7.8%
20389,为爱担当,<0.1%,1.86,5,<0.1%,5.6%
20390,恐怖理发店,<0.1%,1.36,4,<0.1%,10.9%
20391,三缺一,<0.1%,1.02,1,0.2%,0.8%
20392,生化危机：终章,67.2%,17431.81,39,46.8%,26.5%
20393,刺客信条,11.7%,3038.30,15,20.5%,12.2%
20394,欢乐好声音,7.9%,2054.13,27,8.4%,26.9%
20395,极限特工：终极回归,5.6%,1466.75,17,9.4%,16.8%
20396,爱乐之城,2.1%,556.67,22,2.6%,23.7%
20397,乘风破浪,1.3%,337.77,14,3.0%,16.4%
20398,功夫瑜伽,1.2%,329.47,13,2.5%,15.5%
20399,熊出没·奇幻空间,1.2%,311.40,18,2.0%,19.3%
20400,游戏规则,0.5%,144.22,35,0.4%,37.4%
20401,上海王,0.1%,49.67,23,0.2%,26.5%
20402,西游伏妖篇,0.1%,39.29,8,0.5%,11.0%
20403,疯岳撬佳人,0.1%,33.81,6,0.6%,8.2%
20404,合约男女,<0.1%,22.41,6,0.4%,7.8%
20405,东北往事之破马张飞,<0.1%,22.06,17,0.2%,24.0%
20406,了不起的菲丽西,<0.1%,19.03,16,0.1%,18.0%
20407,长城,<0.1%,17.48,90,<0.1%,100%
20408,大闹天竺,<0.1%,15.65,7,0.2%,10.3%
20409,决战食神,<0.1%,9.57,7,0.1%,9.0%
20410,完美有多美,<0.1%,9.23,5,0.2%,6.7%
20411,血伞凶灵,<0.1%,4.09,4,0.1%,4.1%
20412,萤火奇兵,<0.1%,2.76,4,<0.1%,8.0%
20413,恐怖理发店,<0.1%,1.26,4,<0.1%,10.0%
20414,勃沙特的长征,<0.1%,1.12,93,<0.1%,100%
20415,生化危机：终章,67.2%,6369.82,16,45.5%,10.8%
20416,刺客信条,11.1%,1051.75,6,20.4%,4.6%
20417,极限特工：终极回归,7.6%,719.75,8,11.1%,7.4%
20418,欢乐好声音,4.2%,401.98,7,7.0%,6.8%
20419,爱乐之城,3.2%,303.87,11,3.3%,11.3%
20420,乘风破浪,1.8%,170.46,6,3.7%,7.1%
20421,功夫瑜伽,1.7%,162.19,6,3.1%,6.4%
20422,游戏规则,1.3%,127.36,32,0.4%,36.8%
20423,熊出没·奇幻空间,0.2%,24.32,5,0.7%,4.8%
20424,西游伏妖篇,0.2%,23.46,4,0.6%,4.8%
20425,长城,0.2%,22.83,89,<0.1%,100%
20426,疯岳撬佳人,0.2%,21.14,4,0.8%,4.2%
20427,东北往事之破马张飞,0.1%,14.01,9,0.3%,12.1%
20428,合约男女,0.1%,13.11,3,0.5%,3.8%
20429,大闹天竺,0.1%,9.68,3,0.3%,4.6%
20430,完美有多美,<0.1%,4.67,2,0.2%,3.2%
20431,血伞凶灵,<0.1%,4.65,3,0.2%,3.6%
20432,决战食神,<0.1%,4.33,3,0.2%,3.2%
20433,上海王,<0.1%,4.13,2,0.2%,2.4%
20434,了不起的菲丽西,<0.1%,3.46,7,<0.1%,7.9%
20435,勃沙特的长征,<0.1%,1.01,103,<0.1%,100%
20436,生化危机：终章,62.5%,5069.11,14,44.9%,8.8%
20437,刺客信条,11.5%,933.50,6,19.3%,4.4%
20438,极限特工：终极回归,9.0%,736.84,8,11.9%,7.2%
20439,欢乐好声音,4.9%,398.39,7,7.1%,6.7%
20440,爱乐之城,4.7%,385.76,12,4.1%,11.9%
20441,乘风破浪,2.1%,172.00,7,3.8%,7.1%
20442,功夫瑜伽,1.8%,152.91,6,3.0%,6.4%
20443,游戏规则,1.4%,117.70,31,0.4%,35.1%
20444,疯岳撬佳人,0.2%,21.58,4,0.9%,4.1%
20445,熊出没·奇幻空间,0.2%,20.67,4,0.6%,4.6%
20446,西游伏妖篇,0.2%,19.38,4,0.6%,4.6%
20447,合约男女,0.1%,14.74,3,0.6%,3.8%
20448,东北往事之破马张飞,0.1%,13.34,8,0.3%,10.1%
20449,决战食神,0.1%,11.59,7,0.2%,8.5%
20450,上海王,0.1%,8.65,4,0.2%,5.1%
20451,大闹天竺,0.1%,8.22,4,0.2%,4.7%
20452,血伞凶灵,<0.1%,5.16,3,0.2%,3.8%
20453,完美有多美,<0.1%,3.66,2,0.2%,2.7%
20454,了不起的菲丽西,<0.1%,2.43,5,<0.1%,5.1%
20455,生化危机：终章,61.7%,3961.55,11,44.6%,6.9%
20456,刺客信条,11.5%,742.80,5,18.5%,3.6%
20457,极限特工：终极回归,10.5%,679.45,7,12.5%,6.2%
20458,爱乐之城,5.3%,343.52,9,4.9%,8.6%
20459,欢乐好声音,4.6%,301.12,5,7.2%,4.9%
20460,乘风破浪,2.2%,146.57,6,3.6%,6.4%
20461,功夫瑜伽,1.9%,125.97,5,3.1%,5.1%
20462,游戏规则,0.2%,19.06,8,0.2%,9.1%
20463,疯岳撬佳人,0.2%,18.83,3,1.0%,3.3%
20464,合约男女,0.2%,14.29,3,0.6%,3.6%
20465,西游伏妖篇,0.2%,14.20,4,0.5%,4.1%
20466,东北往事之破马张飞,0.1%,9.18,5,0.3%,6.2%
20467,熊出没·奇幻空间,0.1%,7.29,2,0.6%,1.7%
20468,大闹天竺,<0.1%,5.98,3,0.2%,4.0%
20469,血伞凶灵,<0.1%,5.39,3,0.2%,3.6%
20470,上海王,<0.1%,4.99,2,0.2%,2.6%
20471,决战食神,<0.1%,4.10,2,0.3%,2.4%
20472,了不起的菲丽西,<0.1%,2.31,23,<0.1%,31.2%
20473,浪漫搭档,<0.1%,1.83,77,<0.1%,100%
20474,完美有多美,<0.1%,1.83,1,0.2%,1.3%
20475,生化危机：终章,53.9%,3240.90,9,43.3%,5.7%
20476,极限特工：终极回归,10.5%,632.45,6,12.5%,5.6%
20477,刺客信条,10.3%,619.74,4,17.6%,3.1%
20478,金刚狼3：殊死一战,8.8%,529.94,35,1.8%,17.9%
20479,爱乐之城,5.2%,317.37,8,5.0%,7.6%
20480,欢乐好声音,4.6%,279.17,5,7.1%,4.5%
20481,乘风破浪,2.4%,144.48,6,3.6%,6.0%
20482,功夫瑜伽,1.9%,116.23,5,3.1%,4.7%
20483,疯岳撬佳人,0.2%,17.96,3,1.0%,3.0%
20484,游戏规则,0.2%,17.37,8,0.2%,8.9%
20485,西游伏妖篇,0.2%,14.10,3,0.5%,3.8%
20486,合约男女,0.2%,13.43,3,0.6%,3.3%
20487,一条狗的使命,0.2%,12.69,9,0.2%,7.7%
20488,东北往事之破马张飞,0.1%,9.96,5,0.3%,6.3%
20489,熊出没·奇幻空间,0.1%,6.45,2,0.5%,1.5%
20490,上海王,<0.1%,6.00,3,0.2%,3.1%
20491,大闹天竺,<0.1%,5.63,3,0.2%,3.7%
20492,血伞凶灵,<0.1%,5.10,3,0.2%,3.5%
20493,决战食神,<0.1%,4.52,2,0.2%,2.5%
20494,乐高蝙蝠侠大电影,<0.1%,2.60,2,0.1%,1.1%
20495,完美有多美,<0.1%,1.63,1,0.2%,1.2%
20496,勇士,<0.1%,1.50,600,<0.1%,86.4%
20497,了不起的菲丽西,<0.1%,1.21,21,<0.1%,45.1%
20498,惊魂绣花鞋,<0.1%,1.21,6,<0.1%,6.1%
20499,金刚狼3：殊死一战,59.9%,10335.30,33,38.7%,21.9%
20500,生化危机：终章,18.7%,3230.06,17,22.3%,13.7%
20501,一条狗的使命,14.2%,2449.21,21,16.0%,20.8%
20502,乐高蝙蝠侠大电影,2.2%,391.50,5,9.7%,4.4%
20503,爱乐之城,1.1%,192.19,16,1.3%,17.6%
20504,极限特工：终极回归,1.0%,174.88,7,2.9%,7.8%
20505,欢乐好声音,0.7%,128.16,11,1.3%,10.9%
20506,刺客信条,0.7%,122.69,5,3.0%,4.8%
20507,惊魂绣花鞋,0.6%,112.45,9,1.9%,10.4%
20508,乘风破浪,0.2%,36.87,7,0.6%,9.8%
20509,功夫瑜伽,0.1%,26.67,6,0.5%,7.6%
20510,游戏规则,0.1%,17.67,36,<0.1%,48.6%
20511,熊出没·奇幻空间,<0.1%,4.76,4,0.1%,4.4%
20512,西游伏妖篇,<0.1%,3.77,4,<0.1%,6.6%
20513,疯岳撬佳人,<0.1%,3.04,3,0.1%,3.1%
20514,上海王,<0.1%,2.93,5,<0.1%,8.2%
20515,合约男女,<0.1%,1.99,3,0.1%,3.6%
20516,东北往事之破马张飞,<0.1%,1.94,5,<0.1%,8.0%
20517,完美有多美,<0.1%,1.92,5,<0.1%,5.9%
20518,决战食神,<0.1%,1.43,3,<0.1%,4.1%
20519,大闹天竺,<0.1%,1.04,2,<0.1%,3.7%
20520,金刚狼3：殊死一战,51.6%,13679.70,42,38.3%,27.3%
20521,生化危机：终章,19.3%,5118.41,27,21.4%,21.9%
20522,一条狗的使命,18.0%,4773.60,36,16.9%,35.4%
20523,乐高蝙蝠侠大电影,4.1%,1105.96,13,9.9%,12.6%
20524,欢乐好声音,2.1%,573.80,24,2.6%,24.0%
20525,爱乐之城,1.2%,339.61,26,1.3%,30.3%
20526,极限特工：终极回归,1.0%,288.57,13,2.5%,14.5%
20527,刺客信条,0.8%,212.86,11,2.1%,11.9%
20528,惊魂绣花鞋,0.4%,124.86,10,1.8%,11.5%
20529,熊出没·奇幻空间,0.2%,75.14,16,0.5%,17.7%
20530,游戏规则,0.2%,60.11,62,0.1%,69.4%
20531,乘风破浪,0.2%,60.07,13,0.6%,18.1%
20532,功夫瑜伽,0.1%,49.22,11,0.4%,15.2%
20533,西游伏妖篇,<0.1%,6.08,7,<0.1%,11.5%
20534,疯岳撬佳人,<0.1%,4.65,4,0.1%,7.0%
20535,合约男女,<0.1%,4.00,6,<0.1%,9.5%
20536,大闹天竺,<0.1%,2.65,6,<0.1%,9.8%
20537,上海王,<0.1%,2.18,4,<0.1%,6.1%
20538,决战食神,<0.1%,1.59,4,<0.1%,4.8%
20539,完美有多美,<0.1%,1.42,3,<0.1%,3.7%
20540,金刚狼3：殊死一战,47.1%,9615.49,30,37.7%,19.5%
20541,一条狗的使命,23.2%,4741.34,33,18.6%,31.3%
20542,生化危机：终章,17.2%,3520.56,19,21.1%,15.5%
20543,乐高蝙蝠侠大电影,4.6%,955.32,12,8.9%,12.4%
20544,欢乐好声音,2.8%,577.00,23,2.8%,22.9%
20545,爱乐之城,1.2%,260.83,20,1.4%,22.9%
20546,极限特工：终极回归,1.1%,233.46,11,2.5%,12.0%
20547,刺客信条,0.7%,146.11,8,2.0%,8.8%
20548,熊出没·奇幻空间,0.4%,96.53,17,0.7%,18.1%
20549,惊魂绣花鞋,0.4%,83.46,7,1.8%,7.9%
20550,游戏规则,0.3%,62.76,62,0.1%,69.9%
20551,乘风破浪,0.2%,47.02,10,0.6%,13.8%
20552,功夫瑜伽,0.2%,46.84,11,0.4%,14.1%
20553,西游伏妖篇,<0.1%,5.04,6,<0.1%,9.5%
20554,疯岳撬佳人,<0.1%,4.34,4,0.1%,6.6%
20555,合约男女,<0.1%,3.20,5,<0.1%,7.9%
20556,上海王,<0.1%,2.23,5,<0.1%,7.8%
20557,浪漫搭档,<0.1%,2.08,57,<0.1%,100%
20558,大闹天竺,<0.1%,1.93,5,<0.1%,7.4%
20559,了不起的菲丽西,<0.1%,1.30,12,<0.1%,15.7%
20560,决战食神,<0.1%,1.14,3,<0.1%,3.7%
20561,帅位,<0.1%,1.07,38,<0.1%,40.6%
20562,金刚狼3：殊死一战,47.5%,3593.68,13,37.0%,8.2%
20563,一条狗的使命,27.5%,2077.10,14,20.9%,12.8%
20564,生化危机：终章,17.1%,1295.01,8,21.5%,6.2%
20565,极限特工：终极回归,1.6%,121.12,5,3.2%,5.3%
20566,乐高蝙蝠侠大电影,1.3%,101.48,2,6.4%,1.9%
20567,爱乐之城,1.1%,87.05,7,1.6%,7.1%
20568,欢乐好声音,0.7%,57.22,4,1.9%,3.5%
20569,惊魂绣花鞋,0.7%,56.92,5,2.0%,5.4%
20570,刺客信条,0.6%,50.75,3,2.3%,2.9%
20571,游戏规则,0.5%,43.17,51,0.1%,59.7%
20572,乘风破浪,0.3%,24.91,5,0.8%,5.9%
20573,功夫瑜伽,0.2%,21.60,4,0.6%,5.1%
20574,疯岳撬佳人,<0.1%,2.97,3,0.2%,3.3%
20575,西游伏妖篇,<0.1%,2.85,3,0.1%,3.8%
20576,熊出没·奇幻空间,<0.1%,2.25,2,0.2%,1.4%
20577,合约男女,<0.1%,1.84,3,0.1%,3.5%
20578,床下有人3,<0.1%,1.46,49,<0.1%,58.3%
20579,大闹天竺,<0.1%,1.25,2,<0.1%,3.5%
20580,上海王,<0.1%,1.09,3,<0.1%,3.0%
20581,决战食神,<0.1%,1.03,3,<0.1%,3.2%
20582,金刚狼3：殊死一战,43.8%,3082.16,11,36.3%,7.2%
20583,一条狗的使命,30.9%,2174.16,14,22.6%,12.1%
20584,生化危机：终章,16.8%,1184.97,7,21.1%,5.9%
20585,极限特工：终极回归,1.7%,125.20,5,3.3%,5.2%
20586,爱乐之城,1.3%,97.60,7,1.7%,7.7%
20587,乐高蝙蝠侠大电影,1.2%,88.75,2,5.6%,1.9%
20588,欢乐好声音,0.7%,55.31,4,1.9%,3.5%
20589,惊魂绣花鞋,0.7%,52.61,4,2.0%,4.9%
20590,游戏规则,0.6%,45.33,54,0.1%,62.5%
20591,刺客信条,0.6%,44.76,3,2.1%,2.8%
20592,功夫瑜伽,0.3%,27.17,5,0.6%,6.2%
20593,乘风破浪,0.3%,26.58,5,0.8%,6.0%
20594,西游伏妖篇,<0.1%,3.93,4,0.1%,4.8%
20595,疯岳撬佳人,<0.1%,3.84,3,0.2%,4.0%
20596,最终幻想15：王者之剑,<0.1%,3.81,159,<0.1%,100.0%
20597,熊出没·奇幻空间,<0.1%,2.66,2,0.2%,1.8%
20598,合约男女,<0.1%,2.59,3,0.1%,4.2%
20599,决战食神,<0.1%,1.92,5,<0.1%,6.2%
20600,完美有多美,<0.1%,1.78,5,<0.1%,5.3%
20601,大闹天竺,<0.1%,1.61,3,<0.1%,3.8%
20602,贫穷富爸爸,<0.1%,1.34,224,<0.1%,--
20603,上海王,<0.1%,1.05,3,<0.1%,3.1%
20604,金刚狼3：殊死一战,38.7%,4456.15,17,35.4%,10.9%
20605,一条狗的使命,34.9%,4020.60,24,24.1%,20.9%
20606,生化危机：终章,15.6%,1796.52,11,20.5%,9.3%
20607,爱乐之城,2.4%,281.41,17,2.1%,18.3%
20608,极限特工：终极回归,1.9%,221.76,9,3.4%,9.2%
20609,乐高蝙蝠侠大电影,1.4%,167.99,5,5.0%,4.2%
20610,欢乐好声音,1.4%,161.82,11,1.9%,10.5%
20611,游戏规则,0.7%,87.52,68,0.1%,72.3%
20612,惊魂绣花鞋,0.5%,63.39,5,2.0%,6.1%
20613,乘风破浪,0.5%,59.91,10,0.9%,12.5%
20614,刺客信条,0.5%,58.35,4,2.0%,4.0%
20615,功夫瑜伽,0.4%,53.97,9,0.7%,11.1%
20616,疯岳撬佳人,<0.1%,11.23,6,0.2%,8.6%
20617,熊出没·奇幻空间,<0.1%,8.16,5,0.2%,5.2%
20618,合约男女,<0.1%,6.66,7,0.1%,8.8%
20619,完美有多美,<0.1%,6.25,17,<0.1%,27.0%
20620,西游伏妖篇,<0.1%,5.82,5,0.1%,5.9%
20621,上海王,<0.1%,4.47,10,<0.1%,13.6%
20622,大闹天竺,<0.1%,2.86,5,<0.1%,6.7%
20623,决战食神,<0.1%,2.67,6,<0.1%,9.3%
20624,为爱担当,<0.1%,2.23,80,<0.1%,60.8%
20625,贫穷富爸爸,<0.1%,1.57,254,<0.1%,100%
20626,诡眼,<0.1%,1.25,358,<0.1%,--
20627,金刚狼3：殊死一战,38.8%,2153.75,9,35.0%,5.3%
20628,一条狗的使命,34.7%,1924.60,11,24.8%,9.5%
20629,生化危机：终章,16.9%,940.07,6,20.5%,4.8%
20630,极限特工：终极回归,1.9%,110.36,4,3.4%,4.4%
20631,爱乐之城,1.4%,79.66,5,1.8%,5.8%
20632,乐高蝙蝠侠大电影,1.1%,64.56,2,4.7%,1.6%
20633,游戏规则,1.1%,62.12,59,0.1%,63.6%
20634,欢乐好声音,0.8%,46.04,3,1.8%,3.0%
20635,惊魂绣花鞋,0.7%,41.75,4,2.0%,3.9%
20636,刺客信条,0.6%,37.36,3,2.0%,2.5%
20637,乘风破浪,0.4%,23.02,4,0.9%,4.7%
20638,功夫瑜伽,0.3%,21.02,4,0.7%,4.3%
20639,最终幻想15：王者之剑,0.1%,8.42,6,0.2%,3.8%
20640,玛格丽特的春天,0.1%,7.27,23,<0.1%,19.5%
20641,碟仙诡谭2,<0.1%,3.64,11,<0.1%,10.1%
20642,西游伏妖篇,<0.1%,3.52,3,0.1%,3.6%
20643,熊出没·奇幻空间,<0.1%,3.40,3,0.2%,2.6%
20644,疯岳撬佳人,<0.1%,3.00,2,0.2%,2.7%
20645,合约男女,<0.1%,1.74,2,0.1%,2.7%
20646,大闹天竺,<0.1%,1.29,2,<0.1%,3.0%
20647,金刚狼3：殊死一战,34.1%,3198.08,17,23.7%,10.3%
20648,一条狗的使命,34.0%,3184.88,23,18.2%,18.5%
20649,生化危机：终章,10.2%,963.86,11,10.3%,10.0%
20650,最终幻想15：王者之剑,8.1%,764.51,7,17.3%,5.0%
20651,天才捕手,3.7%,349.53,5,10.6%,4.1%
20652,碟仙诡谭2,3.0%,286.77,10,3.7%,10.9%
20653,玛格丽特的春天,1.6%,156.55,5,4.6%,5.1%
20654,夜色撩人,1.2%,116.01,3,5.3%,3.0%
20655,欢乐好声音,0.7%,71.21,9,0.9%,8.9%
20656,爱乐之城,0.6%,61.60,13,0.5%,15.2%
20657,乐高蝙蝠侠大电影,0.5%,55.61,5,1.3%,5.3%
20658,诡眼,0.3%,33.62,7,0.7%,7.5%
20659,极限特工：终极回归,0.3%,33.55,8,0.4%,9.0%
20660,游戏规则,0.3%,29.56,63,<0.1%,78.4%
20661,乘风破浪,0.1%,18.24,8,0.2%,10.2%
20662,刺客信条,0.1%,9.73,4,0.3%,4.6%
20663,功夫瑜伽,<0.1%,9.07,5,0.2%,6.9%
20664,熊出没·奇幻空间,<0.1%,6.39,5,0.1%,5.4%
20665,惊魂绣花鞋,<0.1%,3.97,3,0.2%,5.2%
20666,斗魂之熊孩子,<0.1%,3.33,4,0.1%,5.3%
20667,疯岳撬佳人,<0.1%,1.40,2,<0.1%,3.1%
20668,西游伏妖篇,<0.1%,1.29,4,<0.1%,5.3%
20669,合约男女,<0.1%,1.07,3,<0.1%,3.8%
20670,一条狗的使命,37.8%,6483.25,37,22.2%,29.0%
20671,金刚狼3：殊死一战,33.1%,5677.91,27,24.5%,16.8%
20672,生化危机：终章,11.4%,1953.03,19,11.3%,17.7%
20673,最终幻想15：王者之剑,4.7%,815.44,8,13.9%,6.3%
20674,欢乐好声音,2.5%,443.32,19,2.6%,18.8%
20675,乐高蝙蝠侠大电影,2.1%,375.34,14,3.1%,14.9%
20676,天才捕手,2.0%,357.12,6,7.5%,5.7%
20677,碟仙诡谭2,1.5%,267.13,10,3.5%,10.4%
20678,玛格丽特的春天,0.9%,166.35,7,3.4%,7.4%
20679,爱乐之城,0.7%,120.87,21,0.5%,24.2%
20680,极限特工：终极回归,0.4%,81.88,14,0.6%,15.8%
20681,夜色撩人,0.4%,81.36,3,3.5%,3.1%
20682,熊出没·奇幻空间,0.4%,80.52,14,0.7%,14.7%
20683,功夫瑜伽,0.2%,38.02,13,0.2%,15.9%
20684,诡眼,0.2%,35.36,9,0.5%,11.0%
20685,游戏规则,0.1%,32.64,72,<0.1%,80.2%
20686,乘风破浪,0.1%,27.62,12,0.2%,16.1%
20687,刺客信条,0.1%,23.51,8,0.2%,11.1%
20688,斗魂之熊孩子,<0.1%,15.95,13,0.1%,18.8%
20689,西游伏妖篇,<0.1%,10.41,9,<0.1%,11.9%
20690,惊魂绣花鞋,<0.1%,6.15,5,0.2%,8.5%
20691,大闹天竺,<0.1%,4.47,7,<0.1%,10.7%
20692,决战食神,<0.1%,2.13,11,<0.1%,11.7%
20693,疯岳撬佳人,<0.1%,1.27,3,<0.1%,3.9%
20694,上海王,<0.1%,1.03,6,<0.1%,7.8%
20695,一条狗的使命,39.8%,5235.72,27,24.3%,21.1%
20696,金刚狼3：殊死一战,30.2%,3973.67,19,24.9%,11.7%
20697,生化危机：终章,11.7%,1544.67,14,12.3%,12.8%
20698,最终幻想15：王者之剑,3.8%,511.13,6,11.5%,4.9%
20699,欢乐好声音,3.5%,469.12,18,3.0%,17.6%
20700,乐高蝙蝠侠大电影,2.9%,390.46,14,3.3%,14.7%
20701,天才捕手,1.8%,240.76,5,6.2%,4.5%
20702,碟仙诡谭2,1.1%,153.35,6,3.4%,6.1%
20703,玛格丽特的春天,0.9%,119.79,6,3.1%,5.8%
20704,爱乐之城,0.7%,99.30,16,0.6%,18.1%
20705,熊出没·奇幻空间,0.7%,98.50,15,0.8%,15.6%
20706,极限特工：终极回归,0.6%,78.90,12,0.7%,12.6%
20707,夜色撩人,0.3%,51.76,3,2.9%,2.4%
20708,游戏规则,0.2%,34.02,76,<0.1%,83.8%
20709,功夫瑜伽,0.2%,30.97,11,0.3%,13.3%
20710,乘风破浪,0.2%,28.92,11,0.3%,13.3%
20711,诡眼,0.1%,24.75,7,0.5%,8.7%
20712,刺客信条,0.1%,18.80,6,0.3%,7.7%
20713,斗魂之熊孩子,0.1%,18.36,16,0.1%,22.5%
20714,惊魂绣花鞋,<0.1%,5.25,4,0.2%,6.6%
20715,完美有多美,<0.1%,3.55,27,<0.1%,52.3%
20716,西游伏妖篇,<0.1%,3.16,7,<0.1%,9.3%
20717,决战食神,<0.1%,1.96,11,<0.1%,13.5%
20718,大闹天竺,<0.1%,1.07,4,<0.1%,5.4%
20719,一条狗的使命,39.6%,1768.99,10,26.1%,7.2%
20720,金刚狼3：殊死一战,30.9%,1380.26,7,25.9%,4.4%
20721,生化危机：终章,14.0%,626.90,6,13.6%,5.1%
20722,最终幻想15：王者之剑,4.0%,179.34,3,10.6%,2.0%
20723,碟仙诡谭2,2.1%,95.48,4,3.5%,4.1%
20724,天才捕手,2.0%,92.94,3,5.9%,2.0%
20725,玛格丽特的春天,1.1%,51.56,3,3.2%,2.7%
20726,极限特工：终极回归,1.0%,45.13,6,0.9%,6.0%
20727,欢乐好声音,0.9%,40.77,3,1.7%,2.8%
20728,爱乐之城,0.7%,34.15,6,0.7%,6.0%
20729,游戏规则,0.5%,26.07,72,<0.1%,88.0%
20730,乐高蝙蝠侠大电影,0.5%,25.29,2,1.7%,1.8%
20731,夜色撩人,0.5%,25.29,2,2.8%,1.3%
20732,乘风破浪,0.3%,15.74,5,0.4%,5.7%
20733,功夫瑜伽,0.3%,13.96,5,0.3%,5.4%
20734,诡眼,0.2%,10.22,4,0.5%,4.1%
20735,刺客信条,0.1%,7.16,2,0.4%,2.5%
20736,惊魂绣花鞋,<0.1%,3.32,3,0.2%,3.7%
20737,熊出没·奇幻空间,<0.1%,3.25,2,0.2%,1.8%
20738,合约男女,<0.1%,2.29,8,<0.1%,11.0%
20739,疯岳撬佳人,<0.1%,2.22,4,<0.1%,5.6%
20740,斗魂之熊孩子,<0.1%,1.54,4,<0.1%,5.2%
20741,西游伏妖篇,<0.1%,1.47,3,<0.1%,3.1%
20742,了不起的菲丽西,<0.1%,1.02,22,<0.1%,38.4%
20743,一条狗的使命,41.0%,1868.41,10,27.0%,7.3%
20744,金刚狼3：殊死一战,29.6%,1347.72,7,26.0%,4.3%
20745,生化危机：终章,13.9%,634.66,6,14.2%,5.0%
20746,最终幻想15：王者之剑,3.7%,171.32,3,9.4%,2.2%
20747,碟仙诡谭2,2.0%,94.35,4,3.3%,4.2%
20748,天才捕手,2.0%,94.02,3,5.2%,2.3%
20749,极限特工：终极回归,1.1%,52.54,6,1.1%,6.1%
20750,玛格丽特的春天,1.1%,50.21,3,3.0%,2.8%
20751,欢乐好声音,0.9%,44.73,4,1.7%,3.1%
20752,爱乐之城,0.7%,34.73,7,0.6%,7.0%
20753,游戏规则,0.6%,29.23,77,<0.1%,91.2%
20754,夜色撩人,0.5%,25.60,2,2.5%,1.5%
20755,乐高蝙蝠侠大电影,0.5%,24.45,2,1.7%,1.8%
20756,乘风破浪,0.3%,17.33,5,0.5%,5.5%
20757,功夫瑜伽,0.3%,15.62,5,0.4%,5.0%
20758,刺客信条,0.1%,8.88,3,0.4%,3.1%
20759,诡眼,0.1%,8.67,3,0.4%,3.6%
20760,小阴谋大爱情,0.1%,5.95,2,0.7%,1.4%
20761,惊魂绣花鞋,<0.1%,3.84,3,0.2%,4.0%
20762,熊出没·奇幻空间,<0.1%,3.02,2,0.2%,1.9%
20763,大闹天竺,<0.1%,2.82,7,<0.1%,10.1%
20764,西游伏妖篇,<0.1%,2.01,3,<0.1%,3.4%
20765,完美有多美,<0.1%,1.55,8,<0.1%,14.2%
20766,贫穷富爸爸,<0.1%,1.44,193,<0.1%,100%
20767,一条狗的使命,40.4%,1603.43,9,27.5%,6.2%
20768,金刚狼3：殊死一战,29.2%,1162.58,6,26.0%,3.8%
20769,生化危机：终章,14.5%,577.78,5,14.6%,4.5%
20770,最终幻想15：王者之剑,3.3%,132.86,3,8.8%,1.9%
20771,碟仙诡谭2,2.1%,85.14,4,3.4%,3.8%
20772,天才捕手,2.0%,82.19,3,4.9%,2.2%
20773,极限特工：终极回归,1.3%,53.40,6,1.2%,5.5%
20774,玛格丽特的春天,1.1%,46.89,3,3.0%,2.6%
20775,欢乐好声音,1.0%,42.24,4,1.6%,3.1%
20776,爱乐之城,0.8%,35.38,7,0.6%,6.7%
20777,游戏规则,0.6%,26.29,75,<0.1%,87.1%
20778,乐高蝙蝠侠大电影,0.6%,24.72,2,1.6%,2.0%
20779,夜色撩人,0.5%,21.90,2,2.3%,1.3%
20780,功夫瑜伽,0.4%,18.47,6,0.5%,6.7%
20781,乘风破浪,0.4%,17.58,5,0.6%,5.2%
20782,刺客信条,0.2%,8.50,2,0.4%,2.4%
20783,诡眼,0.2%,7.95,3,0.4%,3.5%
20784,小阴谋大爱情,0.1%,4.34,1,0.6%,1.2%
20785,惊魂绣花鞋,<0.1%,3.50,3,0.2%,3.6%
20786,大闹天竺,<0.1%,2.65,6,<0.1%,7.6%
20787,熊出没·奇幻空间,<0.1%,2.56,2,0.2%,1.6%
20788,西游伏妖篇,<0.1%,2.09,3,0.1%,3.1%
20789,贫穷富爸爸,<0.1%,1.35,151,<0.1%,--
20790,遵义会议,<0.1%,1.26,630,<0.1%,--
20791,一条狗的使命,37.7%,1474.28,8,27.5%,5.6%
20792,金刚狼3：殊死一战,27.7%,1084.67,6,25.7%,3.5%
20793,生化危机：终章,14.3%,560.34,5,14.7%,4.2%
20794,美女与野兽,5.1%,202.25,19,1.2%,9.5%
20795,最终幻想15：王者之剑,2.9%,115.66,2,8.3%,1.7%
20796,天才捕手,2.0%,80.88,3,4.7%,2.2%
20797,碟仙诡谭2,1.9%,76.71,4,3.3%,3.5%
20798,极限特工：终极回归,1.4%,57.21,6,1.3%,5.4%
20799,玛格丽特的春天,1.1%,43.98,3,2.9%,2.6%
20800,欢乐好声音,1.0%,42.31,4,1.6%,3.2%
20801,爱乐之城,0.8%,33.18,6,0.6%,6.2%
20802,游戏规则,0.6%,24.82,73,<0.1%,77.5%
20803,乐高蝙蝠侠大电影,0.4%,19.46,2,1.6%,1.5%
20804,夜色撩人,0.4%,19.27,2,2.2%,1.3%
20805,乘风破浪,0.4%,18.94,5,0.6%,5.0%
20806,功夫瑜伽,0.4%,16.78,4,0.5%,4.7%
20807,刺客信条,0.2%,8.69,2,0.5%,2.5%
20808,诡眼,0.1%,6.94,3,0.4%,3.2%
20809,惊魂绣花鞋,0.1%,4.05,3,0.2%,4.0%
20810,小阴谋大爱情,<0.1%,3.73,1,0.5%,1.1%
20811,上海王,<0.1%,2.93,10,<0.1%,14.6%
20812,贫穷富爸爸,<0.1%,2.53,282,<0.1%,100%
20813,熊出没·奇幻空间,<0.1%,2.45,2,0.2%,1.4%
20814,西游伏妖篇,<0.1%,2.16,3,0.1%,3.3%
20815,大闹天竺,<0.1%,1.42,3,<0.1%,3.4%
20816,美女与野兽,69.0%,8372.09,25,40.5%,16.4%
20817,一条狗的使命,15.1%,1840.60,13,19.4%,11.7%
20818,金刚狼3：殊死一战,8.7%,1055.43,10,15.1%,8.7%
20819,生化危机：终章,3.6%,437.65,7,8.3%,6.7%
20820,麦兜响当当,0.7%,88.05,3,5.2%,2.7%
20821,通灵姐妹,0.6%,76.14,6,2.2%,6.0%
20822,极限特工：终极回归,0.2%,29.76,7,0.5%,7.6%
20823,最终幻想15：王者之剑,0.2%,27.21,3,1.5%,2.7%
20824,欢乐好声音,0.2%,27.16,7,0.5%,6.7%
20825,天才捕手,0.1%,23.93,4,0.8%,4.0%
20826,游戏规则,0.1%,22.71,77,<0.1%,83.2%
20827,碟仙诡谭2,0.1%,22.47,4,0.9%,4.3%
20828,爱乐之城,0.1%,20.28,8,0.2%,9.0%
20829,乐高蝙蝠侠大电影,0.1%,17.54,4,0.5%,4.7%
20830,乘风破浪,<0.1%,10.58,5,0.2%,7.1%
20831,玛格丽特的春天,<0.1%,8.86,2,0.7%,2.5%
20832,功夫瑜伽,<0.1%,8.08,5,0.2%,5.5%
20833,熊出没·奇幻空间,<0.1%,4.48,4,0.1%,4.2%
20834,夜色撩人,<0.1%,4.14,2,0.4%,1.6%
20835,刺客信条,<0.1%,3.01,3,0.1%,3.2%
20836,走出尘埃,<0.1%,2.78,1,0.4%,1.0%
20837,诡眼,<0.1%,2.77,4,0.1%,6.8%
20838,上海王,<0.1%,2.28,29,<0.1%,63.3%
20839,铁道飞虎,<0.1%,2.19,257,<0.1%,100%
20840,斗魂之熊孩子,<0.1%,1.77,9,<0.1%,13.2%
20841,小阴谋大爱情,<0.1%,1.69,1,0.2%,1.1%
20842,滚出来，凶手,<0.1%,1.65,1,0.2%,1.3%
20843,惊魂绣花鞋,<0.1%,1.47,2,0.1%,3.4%
20844,西游伏妖篇,<0.1%,1.01,3,<0.1%,3.7%
20845,美女与野兽,63.7%,12806.71,35,41.0%,23.0%
20846,一条狗的使命,17.6%,3547.99,25,18.9%,22.2%
20847,金刚狼3：殊死一战,9.4%,1893.97,17,14.0%,16.5%
20848,生化危机：终章,3.9%,791.66,13,7.5%,13.0%
20849,麦兜响当当,1.7%,360.26,7,7.5%,7.5%
20850,欢乐好声音,0.7%,155.96,17,1.1%,16.6%
20851,乐高蝙蝠侠大电影,0.5%,114.56,12,1.0%,13.8%
20852,通灵姐妹,0.4%,84.84,7,1.9%,7.1%
20853,熊出没·奇幻空间,0.2%,59.22,14,0.5%,14.4%
20854,极限特工：终极回归,0.2%,47.36,12,0.4%,13.6%
20855,最终幻想15：王者之剑,0.2%,43.25,5,1.1%,5.6%
20856,爱乐之城,0.1%,38.47,15,0.2%,18.2%
20857,天才捕手,0.1%,32.86,7,0.5%,7.7%
20858,碟仙诡谭2,0.1%,30.22,5,0.8%,6.1%
20859,乘风破浪,<0.1%,17.42,10,0.2%,12.9%
20860,功夫瑜伽,<0.1%,16.98,10,0.2%,12.1%
20861,玛格丽特的春天,<0.1%,12.24,4,0.5%,4.8%
20862,斗魂之熊孩子,<0.1%,10.04,21,<0.1%,32.2%
20863,刺客信条,<0.1%,5.65,4,0.1%,5.6%
20864,夜色撩人,<0.1%,4.33,2,0.3%,2.1%
20865,诡眼,<0.1%,3.94,5,0.1%,9.8%
20866,走出尘埃,<0.1%,2.83,2,0.2%,1.6%
20867,惊魂绣花鞋,<0.1%,2.72,4,0.1%,5.4%
20868,小阴谋大爱情,<0.1%,2.25,2,0.1%,1.8%
20869,西游伏妖篇,<0.1%,1.89,6,<0.1%,8.0%
20870,滚出来，凶手,<0.1%,1.60,2,0.1%,2.1%
20871,大闹天竺,<0.1%,1.03,5,<0.1%,6.3%
20872,美女与野兽,61.4%,9626.77,27,41.0%,17.3%
20873,一条狗的使命,18.4%,2895.65,20,19.3%,17.9%
20874,金刚狼3：殊死一战,9.4%,1474.49,14,14.1%,12.9%
20875,生化危机：终章,4.2%,658.73,10,7.7%,10.8%
20876,麦兜响当当,2.1%,329.49,7,7.0%,7.3%
20877,欢乐好声音,1.0%,170.03,17,1.2%,17.2%
20878,乐高蝙蝠侠大电影,0.8%,130.21,14,1.1%,15.3%
20879,熊出没·奇幻空间,0.4%,71.43,14,0.6%,15.7%
20880,通灵姐妹,0.3%,56.10,5,1.9%,4.9%
20881,极限特工：终极回归,0.3%,49.36,12,0.5%,13.3%
20882,最终幻想15：王者之剑,0.2%,35.26,5,1.0%,5.1%
20883,爱乐之城,0.2%,33.75,13,0.2%,15.4%
20884,天才捕手,0.1%,28.82,6,0.5%,7.0%
20885,碟仙诡谭2,0.1%,22.86,4,0.8%,4.7%
20886,功夫瑜伽,0.1%,21.16,14,0.2%,18.7%
20887,乘风破浪,<0.1%,14.50,8,0.2%,11.3%
20888,斗魂之熊孩子,<0.1%,12.67,29,<0.1%,37.9%
20889,玛格丽特的春天,<0.1%,9.78,3,0.5%,4.1%
20890,刺客信条,<0.1%,5.11,4,0.1%,5.3%
20891,夜色撩人,<0.1%,4.01,2,0.3%,2.0%
20892,惊魂绣花鞋,<0.1%,2.44,3,0.1%,4.4%
20893,诡眼,<0.1%,2.22,3,0.1%,6.0%
20894,走出尘埃,<0.1%,2.02,2,0.2%,1.5%
20895,小阴谋大爱情,<0.1%,2.02,2,0.1%,1.8%
20896,西游伏妖篇,<0.1%,1.76,5,<0.1%,6.6%
20897,滚出来，凶手,<0.1%,1.51,3,0.1%,3.0%
20898,领袖1935,<0.1%,1.36,389,<0.1%,100.0%
20899,猪猪侠之英雄猪少年,<0.1%,1.15,14,<0.1%,16.6%
20900,李三娘,<0.1%,1.00,39,<0.1%,100%
20901,美女与野兽,62.2%,3319.07,11,40.7%,6.7%
20902,一条狗的使命,18.1%,968.98,7,20.8%,6.1%
20903,金刚狼3：殊死一战,10.1%,542.49,6,15.2%,4.8%
20904,生化危机：终章,5.3%,283.80,5,8.7%,4.4%
20905,通灵姐妹,0.7%,38.35,3,2.0%,3.5%
20906,麦兜响当当,0.5%,28.28,2,3.9%,1.2%
20907,极限特工：终极回归,0.4%,26.24,5,0.6%,5.7%
20908,碟仙诡谭2,0.3%,16.79,3,0.9%,3.3%
20909,欢乐好声音,0.2%,14.20,3,0.6%,2.8%
20910,最终幻想15：王者之剑,0.2%,13.69,2,1.2%,1.8%
20911,天才捕手,0.2%,13.46,3,0.6%,2.9%
20912,爱乐之城,0.2%,12.82,5,0.3%,5.5%
20913,功夫瑜伽,0.1%,9.41,5,0.2%,5.6%
20914,乘风破浪,0.1%,8.37,4,0.3%,5.4%
20915,乐高蝙蝠侠大电影,0.1%,7.39,2,0.5%,1.7%
20916,玛格丽特的春天,0.1%,6.95,2,0.7%,2.2%
20917,夜色撩人,<0.1%,5.10,2,0.4%,2.2%
20918,熊出没·奇幻空间,<0.1%,2.81,2,0.2%,2.0%
20919,贫穷富爸爸,<0.1%,2.50,279,<0.1%,100%
20920,刺客信条,<0.1%,2.01,2,0.1%,1.9%
20921,诡眼,<0.1%,1.97,3,0.1%,4.7%
20922,惊魂绣花鞋,<0.1%,1.78,2,0.1%,3.5%
20923,走出尘埃,<0.1%,1.68,1,0.2%,1.2%
20924,西游伏妖篇,<0.1%,1.18,3,<0.1%,3.6%
20925,美女与野兽,59.8%,2925.86,10,40.3%,6.0%
20926,一条狗的使命,18.2%,894.49,7,21.1%,5.6%
20927,金刚狼3：殊死一战,10.1%,496.93,5,15.4%,4.4%
20928,生化危机：终章,5.5%,273.15,4,9.1%,4.1%
20929,金刚：骷髅岛,1.6%,79.32,255,<0.1%,77.0%
20930,通灵姐妹,0.6%,32.77,3,1.9%,3.0%
20931,极限特工：终极回归,0.5%,27.59,5,0.7%,5.4%
20932,麦兜响当当,0.5%,25.47,2,3.5%,1.2%
20933,碟仙诡谭2,0.3%,16.50,3,0.9%,3.0%
20934,爱乐之城,0.2%,14.09,5,0.3%,5.5%
20935,欢乐好声音,0.2%,14.05,3,0.6%,2.8%
20936,天才捕手,0.2%,13.70,3,0.6%,3.0%
20937,最终幻想15：王者之剑,0.2%,13.33,2,1.2%,1.8%
20938,乘风破浪,0.1%,9.53,5,0.3%,5.8%
20939,功夫瑜伽,0.1%,8.61,4,0.3%,4.7%
20940,乐高蝙蝠侠大电影,0.1%,6.81,2,0.5%,1.7%
20941,玛格丽特的春天,0.1%,6.21,2,0.7%,2.0%
20942,夜色撩人,<0.1%,3.85,2,0.4%,1.6%
20943,熊出没·奇幻空间,<0.1%,2.89,2,0.2%,2.1%
20944,刺客信条,<0.1%,2.36,2,0.1%,2.1%
20945,煎饼侠,<0.1%,2.23,63,<0.1%,52.7%
20946,港囧,<0.1%,2.02,51,<0.1%,100%
20947,惊魂绣花鞋,<0.1%,1.74,2,0.1%,3.6%
20948,诡眼,<0.1%,1.49,2,0.1%,3.7%
20949,西游伏妖篇,<0.1%,1.14,3,<0.1%,3.2%
20950,上海王,<0.1%,1.07,47,<0.1%,45.6%
20951,贫穷富爸爸,<0.1%,1.04,139,<0.1%,100%
20952,美女与野兽,58.3%,2511.26,8,40.1%,5.2%
20953,一条狗的使命,18.8%,809.57,6,21.2%,5.1%
20954,金刚狼3：殊死一战,11.2%,482.62,5,15.5%,4.3%
20955,生化危机：终章,6.0%,258.62,4,9.2%,3.9%
20956,通灵姐妹,0.6%,29.47,3,1.9%,2.8%
20957,极限特工：终极回归,0.6%,29.34,5,0.7%,5.4%
20958,麦兜响当当,0.4%,21.34,2,3.3%,1.1%
20959,爱乐之城,0.3%,16.19,5,0.3%,6.1%
20960,碟仙诡谭2,0.3%,16.11,3,0.9%,3.0%
20961,天才捕手,0.3%,13.26,3,0.6%,2.8%
20962,乘风破浪,0.2%,12.83,7,0.3%,9.5%
20963,欢乐好声音,0.2%,12.53,3,0.6%,2.6%
20964,最终幻想15：王者之剑,0.2%,12.35,2,1.1%,1.7%
20965,功夫瑜伽,0.2%,9.11,4,0.3%,4.7%
20966,嫌疑人x的献身,0.1%,6.60,139,<0.1%,72.0%
20967,玛格丽特的春天,0.1%,6.49,2,0.7%,2.0%
20968,煎饼侠,0.1%,6.14,90,<0.1%,69.4%
20969,乐高蝙蝠侠大电影,0.1%,6.08,2,0.5%,1.6%
20970,八月,<0.1%,3.88,137,<0.1%,100.0%
20971,港囧,<0.1%,3.20,62,<0.1%,100%
20972,我的青春期,<0.1%,3.14,85,<0.1%,100%
20973,夜色撩人,<0.1%,2.99,1,0.4%,1.2%
20974,熊出没·奇幻空间,<0.1%,2.61,2,0.2%,1.9%
20975,游戏规则,<0.1%,2.03,41,<0.1%,100%
20976,刺客信条,<0.1%,1.74,1,0.2%,1.3%
20977,惊魂绣花鞋,<0.1%,1.68,2,0.1%,3.1%
20978,贫穷富爸爸,<0.1%,1.37,229,<0.1%,100%
20979,西游伏妖篇,<0.1%,1.35,3,<0.1%,3.5%
20980,诡眼,<0.1%,1.31,2,0.1%,3.4%
20981,李三娘,<0.1%,1.30,25,<0.1%,54.8%
20982,美女与野兽,46.3%,2178.59,7,38.9%,4.5%
20983,金刚：骷髅岛,18.1%,854.89,52,2.0%,27.3%
20984,一条狗的使命,15.9%,748.69,6,20.8%,4.7%
20985,金刚狼3：殊死一战,9.6%,451.80,5,15.3%,3.9%
20986,生化危机：终章,5.0%,238.94,4,8.9%,3.6%
20987,极限特工：终极回归,0.5%,26.60,5,0.8%,4.7%
20988,通灵姐妹,0.5%,25.09,3,1.8%,2.4%
20989,麦兜响当当,0.4%,20.18,2,3.1%,1.1%
20990,天才捕手,0.3%,14.15,3,0.6%,3.1%
20991,碟仙诡谭2,0.2%,14.01,3,0.9%,2.6%
20992,爱乐之城,0.2%,13.07,4,0.3%,4.8%
20993,欢乐好声音,0.2%,12.19,3,0.6%,2.6%
20994,最终幻想15：王者之剑,0.2%,10.61,2,1.1%,1.5%
20995,乘风破浪,0.1%,9.11,4,0.3%,5.2%
20996,功夫瑜伽,0.1%,7.99,4,0.3%,4.0%
20997,欢乐喜剧人,0.1%,7.59,4,0.3%,5.2%
20998,煎饼侠,0.1%,6.82,91,<0.1%,70.3%
20999,乐高蝙蝠侠大电影,0.1%,5.92,2,0.5%,1.7%
21000,玛格丽特的春天,0.1%,5.74,2,0.7%,1.8%
21001,嫌疑人x的献身,<0.1%,4.18,237,<0.1%,96.8%
21002,港囧,<0.1%,3.30,59,<0.1%,100%
21003,我的青春期,<0.1%,3.23,82,<0.1%,100%
21004,熊出没·奇幻空间,<0.1%,2.63,2,0.2%,1.9%
21005,夜色撩人,<0.1%,2.34,1,0.4%,1.0%
21006,李三娘,<0.1%,2.00,35,<0.1%,70.3%
21007,游戏规则,<0.1%,2.00,41,<0.1%,100%
21008,刺客信条,<0.1%,1.97,2,0.1%,1.8%
21009,贫穷富爸爸,<0.1%,1.94,259,<0.1%,100%
21010,惊魂绣花鞋,<0.1%,1.59,2,0.1%,3.1%
21011,诡眼,<0.1%,1.53,2,0.1%,3.7%
21012,金刚：骷髅岛,76.6%,15064.06,39,45.1%,25.5%
21013,欢乐喜剧人,9.7%,1920.17,12,21.4%,11.4%
21014,美女与野兽,9.3%,1844.55,15,14.4%,13.6%
21015,一条狗的使命,2.5%,495.94,9,7.3%,9.5%
21016,金刚狼3：殊死一战,0.7%,139.19,5,3.8%,5.1%
21017,八月,0.3%,72.45,3,3.1%,3.1%
21018,麦兜响当当,0.1%,25.98,3,1.4%,3.7%
21019,通灵姐妹,<0.1%,14.31,4,0.5%,4.0%
21020,欢乐好声音,<0.1%,13.47,6,0.2%,5.8%
21021,嫌疑人x的献身,<0.1%,6.41,62,<0.1%,69.3%
21022,碟仙诡谭2,<0.1%,5.98,3,0.3%,3.4%
21023,极限特工：终极回归,<0.1%,5.72,4,0.2%,4.3%
21024,爱乐之城,<0.1%,5.15,6,<0.1%,7.2%
21025,熊出没·奇幻空间,<0.1%,5.10,4,0.1%,4.4%
21026,乐高蝙蝠侠大电影,<0.1%,4.24,3,0.2%,3.0%
21027,李三娘,<0.1%,3.30,49,<0.1%,100%
21028,乘风破浪,<0.1%,2.46,3,<0.1%,3.8%
21029,功夫瑜伽,<0.1%,2.43,3,0.1%,3.2%
21030,天才捕手,<0.1%,2.02,3,<0.1%,4.0%
21031,游戏规则,<0.1%,2.01,81,<0.1%,--
21032,惊魂绣花鞋,<0.1%,1.30,3,<0.1%,4.6%
21033,金刚：骷髅岛,71.7%,19368.28,46,46.8%,30.2%
21034,美女与野兽,14.3%,3871.29,30,14.9%,27.4%
21035,欢乐喜剧人,6.2%,1699.28,12,17.4%,11.9%
21036,一条狗的使命,4.3%,1163.31,20,7.5%,21.3%
21037,金刚狼3：殊死一战,1.1%,309.06,11,3.5%,12.2%
21038,麦兜响当当,0.5%,140.73,7,3.2%,7.4%
21039,欢乐好声音,0.3%,91.09,15,0.7%,14.5%
21040,八月,0.3%,83.70,5,2.0%,5.3%
21041,熊出没·奇幻空间,0.2%,62.45,14,0.5%,14.6%
21042,乐高蝙蝠侠大电影,0.1%,46.72,10,0.5%,11.1%
21043,通灵姐妹,<0.1%,23.91,5,0.5%,6.3%
21044,极限特工：终极回归,<0.1%,10.96,7,0.1%,8.7%
21045,碟仙诡谭2,<0.1%,10.63,5,0.3%,5.4%
21046,爱乐之城,<0.1%,9.45,11,<0.1%,12.6%
21047,嫌疑人x的献身,<0.1%,9.09,122,<0.1%,81.5%
21048,我的青春期,<0.1%,8.68,121,<0.1%,100%
21049,斗魂之熊孩子,<0.1%,5.34,35,<0.1%,36.4%
21050,煎饼侠,<0.1%,5.00,120,<0.1%,85.6%
21051,天才捕手,<0.1%,4.84,7,<0.1%,9.7%
21052,功夫瑜伽,<0.1%,4.67,6,<0.1%,8.0%
21053,乘风破浪,<0.1%,4.55,6,<0.1%,8.3%
21054,游戏规则,<0.1%,4.05,68,<0.1%,100%
21055,李三娘,<0.1%,3.48,58,<0.1%,72.8%
21056,最终幻想15：王者之剑,<0.1%,3.24,3,0.1%,3.7%
21057,惊魂绣花鞋,<0.1%,2.21,4,<0.1%,7.3%
21058,诡眼,<0.1%,1.08,2,<0.1%,4.0%
21059,西游伏妖篇,<0.1%,1.02,5,<0.1%,7.2%
21060,猪猪侠之英雄猪少年,<0.1%,1.02,10,<0.1%,12.1%
21061,金刚：骷髅岛,70.9%,14818.52,35,47.1%,23.1%
21062,美女与野兽,13.8%,2890.38,21,15.8%,19.2%
21063,欢乐喜剧人,6.1%,1275.13,10,15.5%,10.1%
21064,一条狗的使命,4.6%,969.10,16,8.2%,16.3%
21065,金刚狼3：殊死一战,1.2%,252.86,9,3.5%,10.0%
21066,麦兜响当当,0.6%,127.10,6,3.1%,6.8%
21067,非凡任务,0.5%,123.90,62,0.2%,54.8%
21068,欢乐好声音,0.4%,87.95,14,0.8%,13.7%
21069,八月,0.3%,72.35,5,1.8%,5.2%
21070,熊出没·奇幻空间,0.2%,58.62,13,0.6%,13.4%
21071,乐高蝙蝠侠大电影,0.2%,46.77,10,0.6%,11.3%
21072,通灵姐妹,<0.1%,18.01,4,0.5%,5.1%
21073,绑架者,<0.1%,16.67,148,<0.1%,--
21074,极限特工：终极回归,<0.1%,10.90,7,0.1%,8.2%
21075,有完没完,<0.1%,9.77,175,<0.1%,--
21076,爱乐之城,<0.1%,9.08,10,<0.1%,10.8%
21077,嫌疑人x的献身,<0.1%,7.36,181,<0.1%,95.7%
21078,我的青春期,<0.1%,6.57,110,<0.1%,100%
21079,碟仙诡谭2,<0.1%,6.51,3,0.3%,3.4%
21080,乘风破浪,<0.1%,6.50,17,<0.1%,25.4%
21081,功夫瑜伽,<0.1%,5.73,8,<0.1%,9.1%
21082,煎饼侠,<0.1%,4.14,99,<0.1%,87.0%
21083,游戏规则,<0.1%,4.05,63,<0.1%,100%
21084,天才捕手,<0.1%,3.84,6,<0.1%,7.7%
21085,斗魂之熊孩子,<0.1%,3.66,26,<0.1%,35.7%
21086,最终幻想15：王者之剑,<0.1%,2.68,3,0.1%,3.6%
21087,李三娘,<0.1%,1.85,45,<0.1%,72.1%
21088,上海王,<0.1%,1.82,77,<0.1%,72.8%
21089,惊魂绣花鞋,<0.1%,1.46,3,<0.1%,4.4%
21090,诡眼,<0.1%,1.07,2,<0.1%,4.0%
21091,金刚：骷髅岛,76.3%,5856.10,16,47.5%,10.2%
21092,美女与野兽,11.1%,857.66,7,17.2%,5.8%
21093,欢乐喜剧人,5.6%,436.55,5,15.1%,4.4%
21094,一条狗的使命,3.9%,304.54,5,9.2%,5.0%
21095,金刚狼3：殊死一战,1.3%,100.17,4,4.3%,3.6%
21096,八月,0.4%,34.31,3,2.0%,2.4%
21097,通灵姐妹,0.1%,15.03,4,0.6%,4.2%
21098,嫌疑人x的献身,0.1%,12.81,141,<0.1%,--
21099,麦兜响当当,<0.1%,6.71,1,1.4%,0.9%
21100,极限特工：终极回归,<0.1%,6.62,4,0.2%,3.8%
21101,碟仙诡谭2,<0.1%,6.22,3,0.3%,3.3%
21102,欢乐好声音,<0.1%,5.48,2,0.3%,2.1%
21103,绑架者,<0.1%,5.42,1078,<0.1%,78.7%
21104,爱乐之城,<0.1%,3.54,4,0.1%,3.7%
21105,游戏规则,<0.1%,3.47,55,<0.1%,100%
21106,贫穷富爸爸,<0.1%,3.21,215,<0.1%,100%
21107,乐高蝙蝠侠大电影,<0.1%,1.99,2,0.2%,1.4%
21108,李三娘,<0.1%,1.91,47,<0.1%,88.6%
21109,天才捕手,<0.1%,1.70,2,<0.1%,2.9%
21110,惊魂绣花鞋,<0.1%,1.32,2,0.1%,3.8%
21111,金刚：骷髅岛,72.8%,4754.36,13,47.1%,8.3%
21112,美女与野兽,12.3%,806.98,6,17.3%,5.4%
21113,欢乐喜剧人,6.1%,400.58,5,14.0%,4.4%
21114,一条狗的使命,4.6%,300.57,5,9.5%,4.8%
21115,金刚狼3：殊死一战,1.5%,102.57,4,4.4%,3.5%
21116,八月,0.5%,33.09,3,1.8%,2.6%
21117,嫌疑人x的献身,0.3%,22.60,231,<0.1%,86.8%
21118,领袖1935,0.2%,13.20,2,1.1%,1.7%
21119,通灵姐妹,0.1%,12.95,3,0.6%,3.5%
21120,西游伏妖篇,0.1%,12.48,7,<0.1%,10.2%
21121,碟仙诡谭2,0.1%,10.39,4,0.3%,5.3%
21122,极限特工：终极回归,0.1%,8.02,4,0.2%,4.1%
21123,麦兜响当当,0.1%,6.88,1,1.2%,1.0%
21124,欢乐好声音,<0.1%,5.22,2,0.3%,2.1%
21125,天才捕手,<0.1%,5.07,6,0.1%,8.9%
21126,有完没完,<0.1%,4.43,146,<0.1%,54.0%
21127,爱乐之城,<0.1%,3.93,4,0.1%,3.8%
21128,贫穷富爸爸,<0.1%,3.83,233,<0.1%,100%
21129,游戏规则,<0.1%,3.56,52,<0.1%,100%
21130,乐高蝙蝠侠大电影,<0.1%,1.80,2,0.2%,1.3%
21131,惊魂绣花鞋,<0.1%,1.41,3,0.1%,3.7%
21132,功夫瑜伽,<0.1%,1.38,3,<0.1%,2.8%
21133,最终幻想15：王者之剑,<0.1%,1.33,2,0.1%,1.4%
21134,金刚：骷髅岛,72.0%,4327.68,12,47.3%,7.6%
21135,美女与野兽,13.1%,789.64,6,17.6%,5.3%
21136,欢乐喜剧人,5.8%,353.97,4,13.7%,3.9%
21137,一条狗的使命,5.0%,303.35,5,9.7%,4.7%
21138,金刚狼3：殊死一战,1.8%,109.53,4,4.6%,3.7%
21139,八月,0.5%,31.45,3,1.8%,2.4%
21140,通灵姐妹,0.2%,14.24,3,0.6%,3.9%
21141,碟仙诡谭2,0.1%,9.88,4,0.4%,4.8%
21142,极限特工：终极回归,0.1%,8.15,4,0.3%,4.0%
21143,麦兜响当当,0.1%,8.10,2,1.2%,1.3%
21144,领袖1935,0.1%,6.82,3,0.4%,2.4%
21145,欢乐好声音,<0.1%,5.58,3,0.3%,2.3%
21146,爱乐之城,<0.1%,4.97,4,0.1%,4.6%
21147,嫌疑人x的献身,<0.1%,4.24,124,<0.1%,88.3%
21148,绑架者,<0.1%,3.98,177,<0.1%,79.1%
21149,天才捕手,<0.1%,3.04,4,0.1%,4.6%
21150,贫穷富爸爸,<0.1%,2.85,239,<0.1%,100%
21151,夜色撩人,<0.1%,2.41,11,<0.1%,20.4%
21152,游戏规则,<0.1%,2.19,39,<0.1%,100%
21153,乐高蝙蝠侠大电影,<0.1%,1.90,2,0.2%,1.3%
21154,有完没完,<0.1%,1.76,77,<0.1%,43.2%
21155,惊魂绣花鞋,<0.1%,1.20,2,0.1%,3.3%
21156,功夫瑜伽,<0.1%,1.08,2,<0.1%,2.5%
21157,李三娘,<0.1%,1.03,24,<0.1%,75.3%
21158,金刚：骷髅岛,68.4%,3773.19,10,47.0%,6.6%
21159,美女与野兽,14.1%,780.92,6,17.6%,5.2%
21160,欢乐喜剧人,6.2%,344.15,4,13.4%,3.9%
21161,一条狗的使命,5.9%,325.74,5,9.8%,5.0%
21162,金刚狼3：殊死一战,2.1%,117.45,4,4.7%,3.9%
21163,嫌疑人x的献身,0.8%,45.66,18,0.3%,12.7%
21164,八月,0.5%,28.48,3,1.7%,2.4%
21165,绑架者,0.2%,15.27,8,0.2%,6.4%
21166,通灵姐妹,0.2%,14.50,3,0.6%,3.8%
21167,极限特工：终极回归,0.1%,10.18,5,0.3%,4.7%
21168,领袖1935,0.1%,9.99,5,0.3%,4.9%
21169,碟仙诡谭2,0.1%,8.76,4,0.4%,4.3%
21170,麦兜响当当,0.1%,8.12,2,1.2%,1.2%
21171,欢乐好声音,0.1%,7.96,4,0.3%,3.3%
21172,爱乐之城,<0.1%,5.42,4,0.1%,4.8%
21173,贫穷富爸爸,<0.1%,2.62,292,<0.1%,100%
21174,天才捕手,<0.1%,2.43,3,<0.1%,3.8%
21175,乐高蝙蝠侠大电影,<0.1%,2.00,2,0.2%,1.4%
21176,游戏规则,<0.1%,1.29,49,<0.1%,100%
21177,惊魂绣花鞋,<0.1%,1.29,2,0.1%,3.2%
21178,嫌疑人x的献身,40.0%,4647.97,20,29.7%,15.4%
21179,金刚：骷髅岛,28.2%,3281.80,14,26.7%,9.2%
21180,绑架者,14.2%,1654.80,10,21.8%,8.5%
21181,非凡任务,12.3%,1431.58,19,8.9%,18.9%
21182,美女与野兽,2.9%,346.60,8,5.3%,7.6%
21183,一条狗的使命,0.7%,86.52,6,2.0%,6.9%
21184,欢乐喜剧人,0.6%,78.56,5,2.2%,5.7%
21185,金刚狼3：殊死一战,0.1%,22.40,4,0.8%,4.1%
21186,通灵姐妹,<0.1%,8.55,5,0.2%,6.1%
21187,八月,<0.1%,7.42,4,0.2%,4.4%
21188,麦兜响当当,<0.1%,5.21,2,0.6%,1.7%
21189,领袖1935,<0.1%,5.19,10,<0.1%,14.4%
21190,有完没完,<0.1%,4.08,21,<0.1%,26.3%
21191,欢乐好声音,<0.1%,4.02,4,0.1%,3.3%
21192,乐高蝙蝠侠大电影,<0.1%,3.77,6,0.1%,7.8%
21193,功夫瑜伽,<0.1%,2.73,3,<0.1%,3.2%
21194,碟仙诡谭2,<0.1%,2.21,3,0.1%,3.6%
21195,爱乐之城,<0.1%,1.67,5,<0.1%,4.8%
21196,李三娘,<0.1%,1.60,37,<0.1%,80.9%
21197,极限特工：终极回归,<0.1%,1.38,3,<0.1%,2.7%
21198,游戏规则,<0.1%,1.26,39,<0.1%,100%
21199,天才捕手,<0.1%,1.11,4,<0.1%,7.4%
21200,金刚：骷髅岛,33.3%,4951.95,24,21.8%,15.3%
21201,嫌疑人x的献身,31.7%,4712.07,22,24.7%,16.4%
21202,非凡任务,14.1%,2105.96,14,17.1%,12.1%
21203,绑架者,9.1%,1355.02,10,15.5%,9.2%
21204,有完没完,5.4%,805.46,13,8.7%,13.4%
21205,美女与野兽,2.6%,394.27,18,2.2%,20.0%
21206,冰雪大作战,1.8%,282.06,6,6.3%,5.8%
21207,一条狗的使命,0.5%,75.42,15,0.6%,19.1%
21208,欢乐喜剧人,0.3%,48.01,10,0.5%,13.9%
21209,怨灵宿舍之白纸女生,0.3%,47.94,8,0.9%,8.6%
21210,金刚狼3：殊死一战,0.1%,18.13,7,0.3%,7.8%
21211,八月,<0.1%,9.31,12,<0.1%,14.1%
21212,游戏规则,<0.1%,9.08,77,<0.1%,100%
21213,领袖1935,<0.1%,7.89,24,<0.1%,36.0%
21214,麦兜响当当,<0.1%,4.73,3,0.1%,3.9%
21215,欢乐好声音,<0.1%,4.36,10,<0.1%,10.5%
21216,碟仙诡谭2,<0.1%,2.38,8,<0.1%,10.6%
21217,乐高蝙蝠侠大电影,<0.1%,2.22,5,<0.1%,5.7%
21218,爱乐之城,<0.1%,1.36,6,<0.1%,5.7%
21219,贫穷富爸爸,<0.1%,1.13,253,<0.1%,66.8%
21220,金刚：骷髅岛,38.1%,8167.67,37,23.5%,23.5%
21221,嫌疑人x的献身,31.0%,6639.94,30,24.9%,22.3%
21222,非凡任务,10.8%,2331.45,17,15.6%,14.3%
21223,绑架者,6.7%,1435.07,12,13.4%,11.3%
21224,冰雪大作战,4.1%,887.70,13,8.4%,13.2%
21225,美女与野兽,4.1%,886.40,32,2.9%,33.3%
21226,有完没完,3.2%,688.21,13,7.2%,13.5%
21227,一条狗的使命,0.8%,179.01,27,0.8%,31.7%
21228,怨灵宿舍之白纸女生,0.1%,41.50,6,0.9%,7.1%
21229,金刚狼3：殊死一战,0.1%,36.99,14,0.3%,16.3%
21230,欢乐喜剧人,0.1%,22.52,6,0.5%,7.6%
21231,欢乐好声音,<0.1%,20.74,19,0.1%,19.3%
21232,麦兜响当当,<0.1%,10.82,5,0.2%,6.2%
21233,八月,<0.1%,9.54,11,<0.1%,12.7%
21234,游戏规则,<0.1%,5.85,66,<0.1%,100%
21235,乐高蝙蝠侠大电影,<0.1%,5.34,8,<0.1%,9.4%
21236,爱乐之城,<0.1%,3.63,11,<0.1%,11.1%
21237,李三娘,<0.1%,2.67,59,<0.1%,100%
21238,夜色撩人,<0.1%,2.21,42,<0.1%,100%
21239,极限特工：终极回归,<0.1%,2.19,8,<0.1%,9.6%
21240,领袖1935,<0.1%,2.03,12,<0.1%,15.0%
21241,碟仙诡谭2,<0.1%,1.49,5,<0.1%,7.5%
21242,斗魂之熊孩子,<0.1%,1.48,33,<0.1%,69.8%
21243,天才捕手,<0.1%,1.38,7,<0.1%,14.8%
21244,金刚：骷髅岛,38.4%,8490.77,37,25.0%,23.5%
21245,嫌疑人x的献身,29.6%,6538.12,30,25.2%,21.9%
21246,非凡任务,10.8%,2395.95,18,14.7%,16.3%
21247,绑架者,6.4%,1432.73,14,12.0%,13.1%
21248,美女与野兽,5.2%,1152.83,31,4.0%,30.7%
21249,冰雪大作战,4.3%,957.72,14,8.4%,14.4%
21250,有完没完,3.0%,666.56,14,6.7%,14.5%
21251,一条狗的使命,1.0%,226.97,31,0.9%,33.9%
21252,怨灵宿舍之白纸女生,0.2%,46.97,7,1.0%,8.1%
21253,金刚狼3：殊死一战,0.1%,38.03,20,0.2%,23.3%
21254,欢乐好声音,0.1%,33.71,22,0.1%,24.2%
21255,欢乐喜剧人,0.1%,24.07,7,0.4%,9.1%
21256,麦兜响当当,<0.1%,11.48,6,0.2%,6.7%
21257,八月,<0.1%,9.84,11,<0.1%,13.0%
21258,游戏规则,<0.1%,6.19,65,<0.1%,100%
21259,爱乐之城,<0.1%,4.70,12,<0.1%,13.5%
21260,极限特工：终极回归,<0.1%,4.63,11,<0.1%,12.9%
21261,李三娘,<0.1%,2.22,44,<0.1%,96.4%
21262,碟仙诡谭2,<0.1%,2.05,6,<0.1%,8.7%
21263,天才捕手,<0.1%,1.49,5,<0.1%,9.6%
21264,通灵姐妹,<0.1%,1.16,3,<0.1%,5.1%
21265,猪猪侠之英雄猪少年,<0.1%,1.16,11,<0.1%,14.4%
21266,金刚：骷髅岛,38.0%,6053.01,26,25.9%,16.4%
21267,嫌疑人x的献身,27.0%,4313.06,20,25.2%,14.7%
21268,非凡任务,11.2%,1794.19,14,14.1%,12.9%
21269,绑架者,6.7%,1082.28,11,11.3%,10.6%
21270,冰雪大作战,5.7%,912.36,14,8.2%,14.1%
21271,美女与野兽,5.3%,850.60,21,4.5%,19.7%
21272,有完没完,3.3%,532.48,11,6.5%,12.2%
21273,一条狗的使命,1.3%,212.27,25,1.1%,26.1%
21274,欢乐好声音,0.2%,42.87,24,0.2%,25.9%
21275,怨灵宿舍之白纸女生,0.2%,32.19,5,1.0%,5.6%
21276,金刚狼3：殊死一战,0.1%,29.31,16,0.2%,18.2%
21277,欢乐喜剧人,0.1%,22.59,7,0.4%,8.5%
21278,麦兜响当当,<0.1%,12.31,6,0.2%,7.3%
21279,八月,<0.1%,7.63,9,<0.1%,9.9%
21280,游戏规则,<0.1%,7.60,77,<0.1%,100%
21281,极限特工：终极回归,<0.1%,3.65,8,<0.1%,10.7%
21282,爱乐之城,<0.1%,3.64,10,<0.1%,10.6%
21283,李三娘,<0.1%,2.46,54,<0.1%,86.5%
21284,碟仙诡谭2,<0.1%,1.38,4,<0.1%,5.7%
21285,猪猪侠之英雄猪少年,<0.1%,1.38,13,<0.1%,16.1%
21286,天才捕手,<0.1%,1.10,4,<0.1%,10.9%
21287,功夫瑜伽,<0.1%,1.07,9,<0.1%,11.5%
21288,金刚：骷髅岛,35.4%,1894.77,9,27.0%,5.4%
21289,嫌疑人x的献身,31.0%,1661.04,8,26.1%,6.0%
21290,非凡任务,14.7%,786.10,7,15.0%,5.9%
21291,绑架者,8.7%,465.10,5,11.9%,4.8%
21292,有完没完,3.8%,206.25,5,6.8%,4.8%
21293,美女与野兽,3.5%,190.43,5,4.6%,4.8%
21294,一条狗的使命,0.7%,42.69,6,1.1%,5.8%
21295,冰雪大作战,0.6%,35.07,2,4.3%,1.1%
21296,怨灵宿舍之白纸女生,0.3%,21.09,3,1.0%,3.7%
21297,游戏规则,0.1%,7.84,76,<0.1%,100%
21298,金刚狼3：殊死一战,0.1%,7.77,4,0.2%,4.6%
21299,欢乐喜剧人,0.1%,6.52,2,0.5%,2.3%
21300,八月,<0.1%,3.14,4,0.1%,4.1%
21301,玛格丽特的春天,<0.1%,1.82,34,<0.1%,91.5%
21302,极限特工：终极回归,<0.1%,1.67,4,<0.1%,3.7%
21303,老师也疯狂,<0.1%,1.53,512,<0.1%,--
21304,贫穷富爸爸,<0.1%,1.53,512,<0.1%,--
21305,碟仙诡谭2,<0.1%,1.48,4,<0.1%,6.4%
21306,爱乐之城,<0.1%,1.39,4,<0.1%,3.7%
21307,欢乐好声音,<0.1%,1.29,2,<0.1%,2.0%
21308,领袖1935,<0.1%,1.19,8,<0.1%,11.6%
21309,李三娘,<0.1%,1.03,25,<0.1%,85.2%
21310,金刚：骷髅岛,32.9%,1629.42,8,26.9%,4.6%
21311,嫌疑人x的献身,28.7%,1422.81,7,25.7%,5.1%
21312,非凡任务,14.6%,726.04,6,14.9%,5.4%
21313,绑架者,8.6%,425.85,5,11.6%,4.4%
21314,攻壳机动队,4.6%,232.24,17,1.5%,9.8%
21315,有完没完,3.7%,185.78,4,6.7%,4.4%
21316,美女与野兽,3.6%,180.19,5,4.6%,4.4%
21317,一条狗的使命,0.8%,41.93,6,1.1%,5.5%
21318,冰雪大作战,0.5%,26.45,1,3.7%,1.0%
21319,怨灵宿舍之白纸女生,0.3%,18.21,3,1.0%,3.2%
21320,游戏规则,0.3%,15.17,84,<0.1%,100%
21321,金刚狼3：殊死一战,0.1%,8.37,4,0.2%,4.3%
21322,欢乐喜剧人,0.1%,6.12,2,0.5%,2.0%
21323,猪猪侠之英雄猪少年,<0.1%,4.16,31,<0.1%,35.1%
21324,领袖1935,<0.1%,3.50,14,<0.1%,22.4%
21325,八月,<0.1%,2.95,3,0.1%,3.6%
21326,碟仙诡谭2,<0.1%,2.91,8,<0.1%,11.4%
21327,贫穷富爸爸,<0.1%,1.85,310,<0.1%,--
21328,极限特工：终极回归,<0.1%,1.72,3,<0.1%,3.5%
21329,李三娘,<0.1%,1.43,30,<0.1%,92.9%
21330,爱乐之城,<0.1%,1.19,3,<0.1%,2.8%
21331,欢乐好声音,<0.1%,1.11,2,<0.1%,1.8%
21332,攻壳机动队,51.1%,4965.65,15,39.2%,9.4%
21333,金刚：骷髅岛,17.9%,1743.74,12,17.1%,10.1%
21334,嫌疑人x的献身,16.2%,1576.10,13,15.4%,11.0%
21335,非凡任务,6.1%,595.34,9,7.8%,9.0%
21336,绑架者,2.7%,267.15,6,5.1%,6.4%
21337,美女与野兽,1.3%,131.27,9,1.7%,9.3%
21338,有完没完,0.9%,90.66,6,2.3%,6.9%
21339,一念无明,0.9%,87.87,3,3.4%,3.2%
21340,点五步,0.5%,57.79,7,1.3%,7.4%
21341,冰雪大作战,0.4%,45.80,3,1.9%,3.2%
21342,一条狗的使命,0.3%,33.43,9,0.5%,9.6%
21343,游戏规则,0.3%,29.21,98,<0.1%,100%
21344,麦兜当当伴我心,0.1%,14.78,3,0.9%,2.7%
21345,惊悚小说,0.1%,11.95,3,0.7%,2.8%
21346,怨灵宿舍之白纸女生,<0.1%,7.56,4,0.3%,4.4%
21347,领袖1935,<0.1%,4.77,32,<0.1%,26.1%
21348,李三娘,<0.1%,4.60,58,<0.1%,100%
21349,六月与弓箭,<0.1%,3.54,3,0.1%,2.6%
21350,金刚狼3：殊死一战,<0.1%,3.52,4,0.1%,5.1%
21351,猪猪侠之英雄猪少年,<0.1%,3.49,32,<0.1%,55.5%
21352,欢乐喜剧人,<0.1%,2.85,2,0.2%,2.7%
21353,海角有个五店市,<0.1%,2.75,4,0.1%,4.0%
21354,鸡飞狗跳,<0.1%,2.43,2,0.3%,1.4%
21355,贫穷富爸爸,<0.1%,1.93,323,<0.1%,100%
21356,欢乐好声音,<0.1%,1.50,4,<0.1%,4.3%
21357,八月,<0.1%,1.34,4,<0.1%,4.8%
21358,攻壳机动队,39.6%,5734.95,17,36.8%,10.4%
21359,金刚：骷髅岛,22.4%,3244.31,21,17.6%,17.5%
21360,嫌疑人x的献身,18.6%,2704.08,20,15.5%,17.9%
21361,非凡任务,6.7%,979.02,15,7.4%,15.3%
21362,绑架者,2.7%,395.69,10,4.6%,10.4%
21363,冰雪大作战,2.6%,388.63,10,4.9%,10.2%
21364,美女与野兽,2.5%,374.70,18,2.2%,19.1%
21365,有完没完,1.0%,154.02,10,2.1%,12.5%
21366,一念无明,1.0%,146.68,7,2.6%,7.0%
21367,一条狗的使命,0.7%,105.37,19,0.7%,21.1%
21368,麦兜当当伴我心,0.4%,66.41,6,1.7%,6.4%
21369,点五步,0.3%,49.58,9,0.8%,10.0%
21370,游戏规则,0.1%,27.82,96,<0.1%,100%
21371,欢乐好声音,0.1%,18.45,14,0.1%,15.1%
21372,惊悚小说,<0.1%,13.12,3,0.6%,3.2%
21373,怨灵宿舍之白纸女生,<0.1%,11.70,5,0.3%,6.5%
21374,金刚狼3：殊死一战,<0.1%,10.14,9,0.1%,11.6%
21375,欢乐喜剧人,<0.1%,7.62,5,0.2%,7.1%
21376,李三娘,<0.1%,4.06,56,<0.1%,100%
21377,猪猪侠之英雄猪少年,<0.1%,3.55,20,<0.1%,29.3%
21378,八月,<0.1%,2.70,9,<0.1%,11.3%
21379,海角有个五店市,<0.1%,2.70,5,<0.1%,6.0%
21380,麦兜响当当,<0.1%,2.40,3,0.1%,2.7%
21381,鸡飞狗跳,<0.1%,2.39,2,0.1%,2.4%
21382,爱乐之城,<0.1%,2.18,8,<0.1%,7.3%
21383,六月与弓箭,<0.1%,1.61,2,<0.1%,2.6%
21384,极限特工：终极回归,<0.1%,1.50,6,<0.1%,7.2%
21385,斗魂之熊孩子,<0.1%,1.28,42,<0.1%,52.2%
21386,碟仙诡谭2,<0.1%,1.17,6,<0.1%,7.7%
21387,攻壳机动队,33.8%,3918.90,12,34.8%,7.5%
21388,金刚：骷髅岛,24.3%,2812.91,17,18.6%,13.9%
21389,嫌疑人x的献身,18.8%,2180.59,16,16.2%,13.7%
21390,非凡任务,7.6%,889.90,13,7.6%,13.4%
21391,冰雪大作战,3.7%,433.84,11,5.1%,11.0%
21392,绑架者,3.0%,357.85,9,4.5%,9.6%
21393,美女与野兽,2.9%,343.37,15,2.5%,15.8%
21394,一念无明,1.2%,147.56,8,2.3%,7.7%
21395,有完没完,1.2%,142.49,9,2.2%,11.0%
21396,一条狗的使命,0.9%,107.47,17,0.8%,18.6%
21397,点五步,0.6%,71.87,14,0.7%,15.5%
21398,麦兜当当伴我心,0.5%,68.41,6,1.6%,7.0%
21399,欢乐好声音,0.1%,19.29,13,0.1%,13.8%
21400,游戏规则,0.1%,16.98,86,<0.1%,100%
21401,金刚狼3：殊死一战,<0.1%,9.78,8,0.1%,10.7%
21402,惊悚小说,<0.1%,9.50,3,0.6%,2.5%
21403,怨灵宿舍之白纸女生,<0.1%,8.39,4,0.3%,4.7%
21404,欢乐喜剧人,<0.1%,6.21,4,0.2%,5.6%
21405,猪猪侠之英雄猪少年,<0.1%,2.90,17,<0.1%,25.1%
21406,玛格丽特的春天,<0.1%,2.74,47,<0.1%,100%
21407,八月,<0.1%,2.48,8,<0.1%,10.8%
21408,麦兜响当当,<0.1%,2.42,3,0.1%,2.8%
21409,极限特工：终极回归,<0.1%,1.81,6,<0.1%,7.9%
21410,爱乐之城,<0.1%,1.79,7,<0.1%,6.5%
21411,领袖1935,<0.1%,1.78,26,<0.1%,33.3%
21412,鸡飞狗跳,<0.1%,1.77,2,0.1%,1.9%
21413,六月与弓箭,<0.1%,1.50,3,<0.1%,3.0%
21414,斗魂之熊孩子,<0.1%,1.45,33,<0.1%,29.2%
21415,海角有个五店市,<0.1%,1.35,3,<0.1%,3.7%
21416,李三娘,<0.1%,1.13,37,<0.1%,100%
21417,攻壳机动队,32.2%,1383.17,5,33.6%,3.1%
21418,金刚：骷髅岛,25.1%,1076.63,7,20.1%,5.3%
21419,嫌疑人x的献身,20.3%,870.96,7,17.5%,5.5%
21420,非凡任务,9.3%,398.96,6,8.7%,5.7%
21421,绑架者,4.1%,175.95,4,5.3%,4.4%
21422,美女与野兽,2.2%,95.81,5,2.6%,4.7%
21423,一念无明,2.2%,94.53,5,2.5%,5.0%
21424,有完没完,1.5%,66.62,4,2.6%,4.6%
21425,点五步,0.7%,31.06,8,0.6%,8.8%
21426,一条狗的使命,0.6%,27.32,5,0.8%,5.2%
21427,冰雪大作战,0.3%,16.10,2,2.1%,1.1%
21428,惊悚小说,0.1%,7.07,2,0.7%,1.9%
21429,怨灵宿舍之白纸女生,0.1%,6.59,3,0.4%,3.3%
21430,麦兜当当伴我心,0.1%,4.93,2,0.7%,1.3%
21431,欢乐喜剧人,<0.1%,3.55,2,0.2%,2.7%
21432,金刚狼3：殊死一战,<0.1%,3.51,3,0.1%,3.7%
21433,领袖1935,<0.1%,3.46,23,<0.1%,18.5%
21434,李三娘,<0.1%,1.94,43,<0.1%,79.6%
21435,大话西游之大圣娶亲,<0.1%,1.86,233,<0.1%,--
21436,游戏规则,<0.1%,1.81,37,<0.1%,100%
21437,六月与弓箭,<0.1%,1.49,3,<0.1%,3.2%
21438,八月,<0.1%,1.22,6,<0.1%,6.8%
21439,铁道飞虎,<0.1%,1.15,356,<0.1%,100%
21440,欢乐好声音,<0.1%,1.02,3,<0.1%,2.2%
21441,攻壳机动队,30.0%,1193.32,5,32.0%,2.8%
21442,金刚：骷髅岛,25.3%,1004.10,7,20.9%,4.8%
21443,嫌疑人x的献身,20.8%,826.58,6,18.0%,5.2%
21444,非凡任务,9.7%,385.40,6,9.0%,5.3%
21445,绑架者,4.2%,167.96,4,5.4%,4.2%
21446,一念无明,2.5%,99.44,5,2.7%,5.0%
21447,美女与野兽,2.3%,92.94,5,2.7%,4.4%
21448,有完没完,1.5%,62.73,4,2.7%,4.3%
21449,点五步,1.2%,49.13,14,0.6%,14.0%
21450,一条狗的使命,0.6%,27.37,5,0.8%,5.1%
21451,冰雪大作战,0.3%,13.94,1,1.9%,1.0%
21452,怨灵宿舍之白纸女生,0.1%,6.13,3,0.4%,3.0%
21453,惊悚小说,0.1%,5.82,2,0.6%,1.6%
21454,金刚狼3：殊死一战,<0.1%,3.83,3,0.1%,3.5%
21455,欢乐喜剧人,<0.1%,2.73,2,0.2%,2.6%
21456,领袖1935,<0.1%,2.34,15,<0.1%,12.6%
21457,麦兜当当伴我心,<0.1%,2.22,1,0.6%,0.7%
21458,六月与弓箭,<0.1%,1.35,3,<0.1%,3.1%
21459,李三娘,<0.1%,1.31,33,<0.1%,71.0%
21460,八月,<0.1%,1.02,3,<0.1%,3.7%
21461,攻壳机动队,28.4%,991.86,4,31.2%,2.4%
21462,金刚：骷髅岛,25.9%,905.27,6,21.2%,4.2%
21463,嫌疑人x的献身,20.9%,730.25,6,18.2%,4.5%
21464,非凡任务,9.9%,345.80,5,9.2%,4.7%
21465,绑架者,4.3%,151.31,4,5.5%,3.8%
21466,一念无明,2.6%,93.76,5,2.7%,4.5%
21467,美女与野兽,2.4%,84.78,4,2.7%,3.9%
21468,有完没完,1.7%,59.94,4,2.7%,4.0%
21469,点五步,0.9%,32.56,9,0.5%,9.1%
21470,一条狗的使命,0.7%,25.17,5,0.8%,4.6%
21471,冰雪大作战,0.3%,12.77,1,1.8%,1.1%
21472,欢乐喜剧人,0.2%,7.59,7,0.2%,9.9%
21473,怨灵宿舍之白纸女生,0.1%,6.26,3,0.4%,3.0%
21474,惊悚小说,0.1%,5.31,2,0.6%,1.5%
21475,领袖1935,0.1%,4.44,20,<0.1%,17.2%
21476,金刚狼3：殊死一战,<0.1%,3.31,3,0.1%,3.0%
21477,春娇救志明,<0.1%,2.42,84,<0.1%,78.2%
21478,麦兜当当伴我心,<0.1%,2.33,1,0.5%,0.8%
21479,李三娘,<0.1%,1.71,40,<0.1%,79.5%
21480,八月,<0.1%,1.00,4,<0.1%,4.8%
21481,速度与激情8,59.4%,6270.66,93,7.4%,61.7%
21482,大话西游之大圣娶亲,15.7%,1661.29,31,8.0%,26.7%
21483,金刚：骷髅岛,6.9%,732.57,5,18.7%,3.5%
21484,攻壳机动队,6.8%,726.48,4,25.6%,2.0%
21485,嫌疑人x的献身,5.1%,548.11,5,15.7%,3.5%
21486,非凡任务,2.1%,226.97,4,7.6%,3.4%
21487,绑架者,0.9%,104.13,3,4.7%,2.8%
21488,一念无明,0.6%,71.86,4,2.2%,3.9%
21489,美女与野兽,0.6%,69.77,4,2.3%,3.5%
21490,有完没完,0.3%,39.40,3,2.2%,3.0%
21491,点五步,0.2%,29.29,12,0.4%,12.0%
21492,一条狗的使命,0.1%,19.18,4,0.7%,3.7%
21493,冰雪大作战,0.1%,11.24,2,1.5%,1.1%
21494,爱情冻住了,<0.1%,4.44,131,<0.1%,57.6%
21495,怨灵宿舍之白纸女生,<0.1%,3.37,2,0.3%,2.3%
21496,领袖1935,<0.1%,3.37,22,<0.1%,13.0%
21497,金刚狼3：殊死一战,<0.1%,2.57,3,0.1%,2.7%
21498,惊悚小说,<0.1%,2.39,1,0.4%,1.0%
21499,欢乐喜剧人,<0.1%,2.13,2,0.2%,2.0%
21500,李三娘,<0.1%,1.91,59,<0.1%,100%
21501,麦兜当当伴我心,<0.1%,1.79,1,0.4%,0.7%
21502,春娇救志明,<0.1%,1.15,49,<0.1%,27.4%
21503,速度与激情8,92.4%,41707.28,71,67.6%,51.0%
21504,大话西游之大圣娶亲,6.1%,2793.99,28,15.6%,30.8%
21505,指甲刀人魔,0.3%,139.63,4,5.4%,4.0%
21506,攻壳机动队,0.2%,133.00,6,2.7%,5.7%
21507,金刚：骷髅岛,0.2%,109.44,7,2.1%,7.0%
21508,嫌疑人x的献身,0.1%,88.66,7,1.5%,7.6%
21509,一念无明,<0.1%,21.61,8,0.3%,9.5%
21510,爱情冻住了,<0.1%,17.25,3,1.1%,2.3%
21511,冰雪大作战,<0.1%,14.51,4,0.6%,3.8%
21512,点五步,<0.1%,13.68,40,<0.1%,44.9%
21513,怨灵宿舍之人偶老师,<0.1%,12.48,5,0.4%,6.4%
21514,非凡任务,<0.1%,11.87,4,0.4%,4.2%
21515,绑架者,<0.1%,5.29,3,0.2%,2.7%
21516,一条狗的使命,<0.1%,4.01,6,<0.1%,7.1%
21517,李三娘,<0.1%,3.67,66,<0.1%,98.8%
21518,麦兜当当伴我心,<0.1%,2.54,3,0.1%,2.6%
21519,铁道飞虎,<0.1%,2.24,187,<0.1%,82.5%
21520,领袖1935,<0.1%,1.92,20,<0.1%,12.7%
21521,大话西游3,<0.1%,1.21,3,<0.1%,7.4%
21522,六月与弓箭,<0.1%,1.12,9,<0.1%,24.5%
21523,血狼犬,<0.1%,1.07,525,<0.1%,100.0%
21524,速度与激情8,91.3%,48750.28,74,72.1%,54.5%
21525,大话西游之大圣娶亲,6.6%,3568.56,35,15.2%,39.6%
21526,攻壳机动队,0.3%,193.58,13,1.5%,14.9%
21527,金刚：骷髅岛,0.3%,167.57,14,1.4%,16.0%
21528,傲娇与偏见,0.2%,150.32,74,0.2%,79.3%
21529,嫌疑人x的献身,0.2%,131.75,14,1.0%,17.9%
21530,冰雪大作战,0.2%,115.95,8,1.9%,8.9%
21531,指甲刀人魔,0.2%,113.65,5,3.3%,5.6%
21532,一念无明,<0.1%,27.79,17,0.1%,20.5%
21533,美女与野兽,<0.1%,26.33,16,0.1%,19.4%
21534,麦兜当当伴我心,<0.1%,13.55,5,0.4%,5.5%
21535,怨灵宿舍之人偶老师,<0.1%,13.32,6,0.3%,8.7%
21536,点五步,<0.1%,13.15,44,<0.1%,46.3%
21537,一条狗的使命,<0.1%,12.28,15,0.1%,17.8%
21538,非凡任务,<0.1%,12.01,6,0.2%,7.9%
21539,爱情冻住了,<0.1%,8.57,3,0.4%,3.0%
21540,欢乐好声音,<0.1%,5.49,12,<0.1%,13.4%
21541,绑架者,<0.1%,5.00,4,0.1%,4.6%
21542,大话西游3,<0.1%,2.17,5,<0.1%,13.1%
21543,有完没完,<0.1%,2.07,3,0.1%,4.8%
21544,猪猪侠之英雄猪少年,<0.1%,1.92,20,<0.1%,28.7%
21545,八月,<0.1%,1.35,17,<0.1%,24.1%
21546,李三娘,<0.1%,1.19,42,<0.1%,100%
21547,麦兜响当当,<0.1%,1.12,3,<0.1%,3.7%
21548,大话西游之月光宝盒,<0.1%,1.12,14,<0.1%,27.9%
21549,怨灵宿舍之白纸女生,<0.1%,1.08,3,<0.1%,5.5%
21550,领袖1935,<0.1%,1.02,13,<0.1%,22.8%
21551,速度与激情8,91.8%,38474.35,59,73.0%,43.3%
21552,大话西游之大圣娶亲,6.2%,2635.92,26,15.5%,29.2%
21553,攻壳机动队,0.3%,166.22,13,1.4%,14.2%
21554,金刚：骷髅岛,0.3%,160.02,14,1.4%,16.4%
21555,冰雪大作战,0.3%,138.15,10,1.8%,11.6%
21556,嫌疑人x的献身,0.2%,105.09,13,0.9%,15.7%
21557,指甲刀人魔,0.1%,67.62,4,2.8%,3.8%
21558,一念无明,<0.1%,26.19,18,0.1%,20.3%
21559,美女与野兽,<0.1%,25.15,17,0.1%,20.3%
21560,麦兜当当伴我心,<0.1%,13.33,6,0.3%,6.4%
21561,点五步,<0.1%,12.97,41,<0.1%,41.9%
21562,一条狗的使命,<0.1%,11.35,16,0.1%,20.0%
21563,非凡任务,<0.1%,10.17,5,0.2%,7.4%
21564,怨灵宿舍之人偶老师,<0.1%,9.47,5,0.3%,6.0%
21565,欢乐好声音,<0.1%,6.35,17,<0.1%,17.7%
21566,恋恋有声,<0.1%,5.68,90,<0.1%,93.5%
21567,爱情冻住了,<0.1%,5.68,2,0.3%,2.6%
21568,喜欢·你,<0.1%,4.79,108,<0.1%,100%
21569,绑架者,<0.1%,4.04,3,0.1%,3.3%
21570,猪猪侠之英雄猪少年,<0.1%,3.05,30,<0.1%,45.5%
21571,欢乐喜剧人,<0.1%,2.58,22,<0.1%,64.4%
21572,李三娘,<0.1%,2.38,48,<0.1%,100%
21573,有完没完,<0.1%,1.88,3,0.1%,4.9%
21574,麦兜响当当,<0.1%,1.30,4,<0.1%,5.2%
21575,大话西游3,<0.1%,1.23,3,<0.1%,7.2%
21576,港囧,<0.1%,1.11,47,<0.1%,100%
21577,速度与激情8,92.2%,16286.16,29,69.5%,20.8%
21578,大话西游之大圣娶亲,6.0%,1060.26,10,17.4%,10.8%
21579,金刚：骷髅岛,0.4%,78.90,5,2.1%,5.2%
21580,攻壳机动队,0.4%,72.02,5,2.1%,4.5%
21581,嫌疑人x的献身,0.2%,50.75,5,1.5%,5.1%
21582,指甲刀人魔,0.1%,32.36,2,3.6%,1.4%
21583,一念无明,<0.1%,14.23,7,0.2%,7.8%
21584,怨灵宿舍之人偶老师,<0.1%,10.14,4,0.5%,4.7%
21585,非凡任务,<0.1%,9.00,3,0.4%,3.8%
21586,绑架者,<0.1%,3.63,2,0.2%,2.6%
21587,傲娇与偏见,<0.1%,3.31,148,<0.1%,99.7%
21588,爱情冻住了,<0.1%,3.31,2,0.4%,1.4%
21589,冰雪大作战,<0.1%,3.12,1,0.5%,1.0%
21590,一条狗的使命,<0.1%,2.78,4,0.1%,3.6%
21591,李三娘,<0.1%,2.07,46,<0.1%,100%
21592,窦娥奇冤,<0.1%,2.07,345,<0.1%,100.0%
21593,有完没完,<0.1%,1.59,2,0.1%,2.6%
21594,领袖1935,<0.1%,1.48,22,<0.1%,13.2%
21595,港囧,<0.1%,1.05,30,<0.1%,100%
21596,速度与激情8,90.7%,12127.66,22,68.8%,15.8%
21597,大话西游之大圣娶亲,6.9%,922.11,9,17.6%,9.3%
21598,金刚：骷髅岛,0.6%,82.02,5,2.4%,5.2%
21599,攻壳机动队,0.5%,72.28,4,2.2%,4.2%
21600,嫌疑人x的献身,0.4%,56.60,5,1.7%,5.1%
21601,指甲刀人魔,0.2%,31.14,2,3.4%,1.4%
21602,一念无明,0.1%,13.67,6,0.2%,6.9%
21603,非凡任务,<0.1%,10.28,4,0.4%,4.0%
21604,怨灵宿舍之人偶老师,<0.1%,10.24,4,0.5%,4.3%
21605,绑架者,<0.1%,4.75,3,0.2%,3.1%
21606,领袖1935,<0.1%,4.56,35,<0.1%,38.9%
21607,冰雪大作战,<0.1%,3.40,1,0.5%,1.2%
21608,一条狗的使命,<0.1%,3.01,4,0.1%,4.0%
21609,血狼犬,<0.1%,2.70,68,<0.1%,55.9%
21610,爱情冻住了,<0.1%,2.49,1,0.4%,1.1%
21611,李三娘,<0.1%,2.27,51,<0.1%,100%
21612,有完没完,<0.1%,2.27,3,0.1%,3.3%
21613,贫穷富爸爸,<0.1%,1.38,308,<0.1%,--
21614,速度与激情8,88.7%,9357.33,17,68.2%,12.3%
21615,大话西游之大圣娶亲,8.0%,847.56,8,17.6%,8.5%
21616,金刚：骷髅岛,0.8%,87.90,5,2.7%,4.8%
21617,攻壳机动队,0.7%,75.35,4,2.4%,4.1%
21618,嫌疑人x的献身,0.5%,59.72,5,1.8%,4.8%
21619,指甲刀人魔,0.2%,28.87,2,3.2%,1.4%
21620,一念无明,0.1%,13.85,6,0.3%,6.5%
21621,非凡任务,0.1%,11.95,4,0.4%,4.3%
21622,怨灵宿舍之人偶老师,0.1%,10.71,4,0.5%,4.3%
21623,绑架者,<0.1%,4.89,3,0.2%,3.1%
21624,一条狗的使命,<0.1%,4.03,4,0.1%,4.6%
21625,爱情冻住了,<0.1%,3.33,2,0.4%,1.5%
21626,冰雪大作战,<0.1%,3.16,1,0.5%,1.0%
21627,领袖1935,<0.1%,2.80,27,<0.1%,22.2%
21628,上海王,<0.1%,2.24,562,<0.1%,100.0%
21629,春娇救志明,<0.1%,2.18,42,<0.1%,33.6%
21630,八月,<0.1%,1.88,39,<0.1%,52.5%
21631,贫穷富爸爸,<0.1%,1.87,313,<0.1%,--
21632,金刚狼3：殊死一战,<0.1%,1.46,5,<0.1%,6.6%
21633,有完没完,<0.1%,1.44,2,0.1%,1.7%
21634,港囧,<0.1%,1.17,36,<0.1%,100%
21635,速度与激情8,80.1%,7684.82,16,61.3%,10.8%
21636,傲娇与偏见,11.0%,1060.19,11,16.0%,10.3%
21637,大话西游之大圣娶亲,6.3%,608.55,8,13.3%,7.9%
21638,金刚：骷髅岛,0.7%,68.05,5,1.9%,4.6%
21639,攻壳机动队,0.5%,54.34,5,1.5%,4.6%
21640,嫌疑人x的献身,0.3%,33.25,4,1.0%,4.9%
21641,指甲刀人魔,0.1%,11.32,1,1.4%,1.2%
21642,非凡任务,0.1%,10.60,5,0.3%,6.7%
21643,一念无明,0.1%,9.99,6,0.2%,6.7%
21644,怨灵宿舍之人偶老师,<0.1%,8.47,3,0.5%,3.9%
21645,绑架者,<0.1%,4.15,3,0.1%,3.4%
21646,蓝精灵：寻找神秘村,<0.1%,3.81,3,0.1%,2.4%
21647,春娇救志明,<0.1%,2.66,48,<0.1%,48.1%
21648,领袖1935,<0.1%,2.52,22,<0.1%,12.1%
21649,冰雪大作战,<0.1%,2.42,1,0.4%,1.2%
21650,有完没完,<0.1%,2.39,3,0.1%,4.6%
21651,神秘家族,<0.1%,1.85,8,<0.1%,7.3%
21652,欢乐喜剧人,<0.1%,1.77,9,<0.1%,6.6%
21653,一条狗的使命,<0.1%,1.75,4,<0.1%,3.2%
21654,麦兜当当伴我心,<0.1%,1.38,2,0.1%,2.4%
21655,李三娘,<0.1%,1.34,43,<0.1%,100%
21656,港囧,<0.1%,1.31,63,<0.1%,100%
21657,血狼犬,<0.1%,1.27,34,<0.1%,33.9%
21658,六月与弓箭,<0.1%,1.26,9,<0.1%,18.3%
21659,爱情冻住了,<0.1%,1.25,1,0.2%,1.3%
21660,速度与激情8,69.7%,10277.69,24,48.2%,16.1%
21661,蓝精灵：寻找神秘村,9.5%,1406.22,11,16.8%,9.4%
21662,傲娇与偏见,9.3%,1377.24,15,13.2%,14.6%
21663,大话西游之大圣娶亲,3.7%,551.89,13,6.4%,14.0%
21664,神秘家族,3.3%,487.34,9,7.7%,9.7%
21665,血狼犬,2.3%,348.37,20,2.3%,21.8%
21666,窦娥奇冤,0.9%,138.16,10,2.3%,9.8%
21667,金刚：骷髅岛,0.3%,44.79,8,0.6%,10.3%
21668,攻壳机动队,0.2%,33.32,8,0.4%,9.0%
21669,嫌疑人x的献身,0.1%,16.23,7,0.2%,8.4%
21670,一念无明,<0.1%,7.52,11,<0.1%,12.7%
21671,非凡任务,<0.1%,7.41,10,<0.1%,14.4%
21672,怨灵宿舍之人偶老师,<0.1%,4.79,4,0.2%,5.6%
21673,指甲刀人魔,<0.1%,3.88,3,0.2%,3.0%
21674,点五步,<0.1%,2.81,31,<0.1%,74.2%
21675,港囧,<0.1%,2.45,82,<0.1%,100%
21676,领袖1935,<0.1%,1.94,18,<0.1%,10.1%
21677,绑架者,<0.1%,1.40,3,<0.1%,5.4%
21678,一条狗的使命,<0.1%,1.28,6,<0.1%,6.9%
21679,速度与激情8,65.4%,16019.47,36,48.1%,24.2%
21680,蓝精灵：寻找神秘村,13.8%,3381.52,23,17.9%,20.7%
21681,傲娇与偏见,9.1%,2233.54,24,12.7%,23.9%
21682,大话西游之大圣娶亲,3.5%,858.15,20,6.1%,22.3%
21683,春娇救志明,2.2%,552.58,20,3.1%,19.3%
21684,血狼犬,2.1%,517.93,30,1.9%,34.5%
21685,神秘家族,1.5%,375.55,9,6.0%,9.1%
21686,喜欢·你,0.8%,212.68,84,0.2%,71.4%
21687,窦娥奇冤,0.3%,84.93,17,0.7%,18.4%
21688,金刚：骷髅岛,0.3%,80.90,14,0.6%,17.8%
21689,攻壳机动队,0.2%,62.04,15,0.4%,18.3%
21690,嫌疑人x的献身,0.1%,31.90,13,0.2%,16.4%
21691,一念无明,<0.1%,18.77,26,<0.1%,31.0%
21692,怨灵宿舍之人偶老师,<0.1%,7.24,5,0.2%,7.7%
21693,非凡任务,<0.1%,7.02,12,<0.1%,20.6%
21694,一条狗的使命,<0.1%,5.12,14,<0.1%,17.6%
21695,指甲刀人魔,<0.1%,3.81,2,0.1%,2.8%
21696,绑架者,<0.1%,3.75,9,<0.1%,18.6%
21697,猪猪侠之英雄猪少年,<0.1%,3.11,42,<0.1%,46.1%
21698,冰雪大作战,<0.1%,2.83,3,0.1%,4.6%
21699,八月,<0.1%,2.14,40,<0.1%,47.5%
21700,港囧,<0.1%,1.57,66,<0.1%,100%
21701,我的青春永不逝,<0.1%,1.26,6,<0.1%,9.0%
21702,李三娘,<0.1%,1.11,27,<0.1%,64.1%
21703,爱情冻住了,<0.1%,1.03,4,<0.1%,6.2%
21704,速度与激情8,62.3%,11662.88,26,48.5%,17.6%
21705,蓝精灵：寻找神秘村,15.8%,2967.21,20,18.3%,17.9%
21706,傲娇与偏见,11.2%,2103.51,20,14.1%,19.9%
21707,大话西游之大圣娶亲,3.9%,736.74,15,7.0%,16.4%
21708,血狼犬,2.2%,412.25,26,1.8%,29.0%
21709,神秘家族,1.4%,262.84,6,6.0%,6.5%
21710,喜欢·你,1.2%,227.39,88,0.2%,74.0%
21711,金刚：骷髅岛,0.4%,88.60,13,0.7%,15.7%
21712,窦娥奇冤,0.3%,70.80,16,0.6%,17.2%
21713,攻壳机动队,0.3%,65.41,14,0.4%,15.7%
21714,嫌疑人x的献身,0.1%,35.69,12,0.3%,14.9%
21715,一念无明,<0.1%,12.83,17,<0.1%,21.7%
21716,非凡任务,<0.1%,6.64,8,<0.1%,14.0%
21717,一条狗的使命,<0.1%,5.97,13,<0.1%,15.8%
21718,怨灵宿舍之人偶老师,<0.1%,5.75,4,0.2%,5.6%
21719,绑架者,<0.1%,2.80,7,<0.1%,13.6%
21720,冰雪大作战,<0.1%,2.56,3,0.1%,4.8%
21721,八月,<0.1%,2.52,43,<0.1%,93.5%
21722,猪猪侠之英雄猪少年,<0.1%,2.10,27,<0.1%,33.9%
21723,港囧,<0.1%,1.95,109,<0.1%,--
21724,指甲刀人魔,<0.1%,1.80,2,0.1%,1.6%
21725,春娇救志明,<0.1%,1.74,3,<0.1%,13.4%
21726,变脸,<0.1%,1.11,11,<0.1%,9.6%
21727,怨灵宿舍之白纸女生,<0.1%,1.05,3,<0.1%,6.3%
21728,速度与激情8,67.1%,4202.65,11,48.7%,7.1%
21729,傲娇与偏见,16.3%,1023.27,9,16.4%,9.0%
21730,蓝精灵：寻找神秘村,5.7%,360.13,4,13.8%,3.0%
21731,大话西游之大圣娶亲,5.0%,314.05,6,8.5%,6.2%
21732,神秘家族,1.8%,117.36,3,6.6%,2.8%
21733,血狼犬,1.7%,106.78,10,1.7%,10.7%
21734,攻壳机动队,0.5%,34.17,5,0.8%,5.1%
21735,窦娥奇冤,0.3%,20.67,6,0.5%,6.7%
21736,嫌疑人x的献身,0.3%,20.48,5,0.5%,5.0%
21737,记忆大师,0.3%,19.26,149,<0.1%,--
21738,一念无明,0.1%,6.46,7,0.1%,8.1%
21739,怨灵宿舍之人偶老师,<0.1%,5.29,3,0.3%,3.9%
21740,非凡任务,<0.1%,2.99,2,0.1%,2.8%
21741,一条狗的使命,<0.1%,2.34,4,<0.1%,4.7%
21742,港囧,<0.1%,1.56,59,<0.1%,100%
21743,指甲刀人魔,<0.1%,1.52,1,0.2%,1.0%
21744,玩命试爱,<0.1%,1.42,9,<0.1%,18.3%
21745,李三娘,<0.1%,1.39,36,<0.1%,74.7%
21746,绑架者,<0.1%,1.16,2,<0.1%,2.7%
21747,速度与激情8,57.4%,3666.83,10,46.3%,6.5%
21748,喜欢·你,14.6%,937.92,23,5.2%,20.8%
21749,傲娇与偏见,14.1%,904.56,9,16.2%,7.9%
21750,蓝精灵：寻找神秘村,4.5%,288.95,4,11.8%,2.8%
21751,大话西游之大圣娶亲,4.0%,259.15,5,8.1%,5.3%
21752,血狼犬,1.5%,101.55,8,2.0%,9.9%
21753,神秘家族,1.2%,80.60,3,5.6%,2.3%
21754,攻壳机动队,0.4%,29.74,5,0.8%,4.4%
21755,和田玉传奇,0.3%,20.89,7,0.4%,6.6%
21756,春娇救志明,0.2%,18.05,63,<0.1%,100%
21757,窦娥奇冤,0.2%,18.01,7,0.4%,7.3%
21758,嫌疑人x的献身,0.2%,17.36,4,0.5%,4.3%
21759,一念无明,0.1%,6.65,7,0.1%,7.8%
21760,怨灵宿舍之人偶老师,<0.1%,5.52,3,0.3%,4.0%
21761,非凡任务,<0.1%,3.76,3,0.2%,3.4%
21762,领袖1935,<0.1%,3.62,40,<0.1%,20.0%
21763,指甲刀人魔,<0.1%,2.40,1,0.2%,1.4%
21764,一条狗的使命,<0.1%,2.02,4,<0.1%,4.0%
21765,港囧,<0.1%,1.62,61,<0.1%,100%
21766,玩命试爱,<0.1%,1.46,9,<0.1%,14.0%
21767,绑架者,<0.1%,1.12,2,<0.1%,2.4%
21768,速度与激情8,62.6%,3278.65,9,47.2%,5.7%
21769,傲娇与偏见,18.8%,987.88,8,18.1%,7.7%
21770,蓝精灵：寻找神秘村,5.8%,304.71,4,11.9%,3.0%
21771,大话西游之大圣娶亲,5.7%,300.81,5,9.2%,5.4%
21772,血狼犬,2.3%,123.78,7,3.0%,9.8%
21773,神秘家族,1.7%,91.89,3,6.0%,2.5%
21774,攻壳机动队,0.7%,38.35,5,0.9%,4.7%
21775,嫌疑人x的献身,0.4%,24.20,5,0.6%,4.9%
21776,和田玉传奇,0.3%,16.72,15,0.1%,14.6%
21777,窦娥奇冤,0.2%,15.08,5,0.4%,6.1%
21778,非凡任务,0.1%,7.01,7,0.2%,9.1%
21779,一念无明,0.1%,6.38,6,0.1%,6.4%
21780,怨灵宿舍之人偶老师,0.1%,5.49,3,0.3%,3.7%
21781,指甲刀人魔,<0.1%,2.97,2,0.3%,1.8%
21782,领袖1935,<0.1%,2.52,26,<0.1%,15.0%
21783,一条狗的使命,<0.1%,2.34,4,0.1%,4.1%
21784,记忆大师,<0.1%,2.12,38,<0.1%,100%
21785,绑架者,<0.1%,1.93,3,0.1%,3.3%
21786,海鹰战警,<0.1%,1.77,507,<0.1%,--
21787,玩命试爱,<0.1%,1.66,10,<0.1%,15.5%
21788,港囧,<0.1%,1.59,60,<0.1%,100%
21789,李三娘,<0.1%,1.38,40,<0.1%,69.4%
21790,有完没完,<0.1%,1.34,3,<0.1%,4.7%
21791,喜欢·你,<0.1%,1.04,3,<0.1%,7.6%
21792,穆桂英挂帅(京剧),<0.1%,1.04,8,<0.1%,10.2%
21793,速度与激情8,44.6%,2903.08,9,41.9%,5.6%
21794,喜欢·你,26.1%,1698.56,17,12.1%,15.6%
21795,傲娇与偏见,13.0%,849.96,8,15.8%,7.4%
21796,蓝精灵：寻找神秘村,3.3%,220.70,3,9.5%,2.7%
21797,大话西游之大圣娶亲,2.9%,188.95,4,7.2%,4.2%
21798,春娇救志明,2.2%,148.46,50,0.3%,39.8%
21799,拆弹·专家,1.7%,115.81,23,0.7%,15.6%
21800,血狼犬,1.6%,106.27,6,3.0%,9.2%
21801,记忆大师,1.4%,92.10,16,0.7%,9.6%
21802,神秘家族,0.7%,49.72,2,4.0%,1.9%
21803,攻壳机动队,0.4%,28.36,4,0.8%,4.1%
21804,嫌疑人x的献身,0.2%,14.84,4,0.5%,3.7%
21805,午夜惊魂路,0.1%,12.44,7,0.3%,7.5%
21806,和田玉传奇,0.1%,12.01,18,<0.1%,18.5%
21807,窦娥奇冤,0.1%,10.47,6,0.3%,6.6%
21808,一念无明,<0.1%,4.75,5,0.1%,5.8%
21809,非凡任务,<0.1%,3.35,3,0.1%,2.8%
21810,领袖1935,<0.1%,2.46,30,<0.1%,15.8%
21811,一条狗的使命,<0.1%,2.13,4,<0.1%,3.7%
21812,怨灵宿舍之人偶老师,<0.1%,2.04,2,0.1%,2.7%
21813,谢瑶环(京剧),<0.1%,1.73,16,<0.1%,18.3%
21814,港囧,<0.1%,1.72,53,<0.1%,33.3%
21815,穆桂英挂帅(京剧),<0.1%,1.52,10,<0.1%,8.8%
21816,八月,<0.1%,1.39,40,<0.1%,53.7%
21817,指甲刀人魔,<0.1%,1.25,1,0.2%,1.1%
21818,玩命试爱,<0.1%,1.18,6,<0.1%,15.7%
21819,猪猪侠之英雄猪少年,<0.1%,1.10,40,<0.1%,41.5%
21820,拆弹·专家,25.3%,4742.85,27,22.0%,21.5%
21821,记忆大师,24.3%,4554.09,21,25.5%,14.6%
21822,速度与激情8,16.1%,3021.67,25,12.9%,17.6%
21823,春娇救志明,15.9%,2994.81,24,14.6%,21.3%
21824,喜欢·你,14.9%,2797.84,20,16.8%,18.1%
21825,蓝精灵：寻找神秘村,1.4%,273.33,12,2.8%,11.7%
21826,傲娇与偏见,0.7%,144.82,16,1.2%,19.7%
21827,血狼犬,0.4%,88.77,8,1.8%,17.0%
21828,午夜惊魂路,0.1%,24.67,7,0.6%,8.1%
21829,大话西游之大圣娶亲,<0.1%,15.17,7,0.3%,9.7%
21830,窦娥奇冤,<0.1%,12.60,25,<0.1%,26.6%
21831,和田玉传奇,<0.1%,7.61,59,<0.1%,100%
21832,领袖1935,<0.1%,3.58,51,<0.1%,35.0%
21833,攻壳机动队,<0.1%,3.28,5,<0.1%,6.7%
21834,盗墓笔记,<0.1%,2.16,111,<0.1%,70.7%
21835,绝地逃亡,<0.1%,1.68,106,<0.1%,67.6%
21836,天才捕手,<0.1%,1.65,66,<0.1%,90.4%
21837,老井,<0.1%,1.32,11,<0.1%,10.2%
21838,有完没完,<0.1%,1.31,13,<0.1%,21.0%
21839,神秘家族,<0.1%,1.29,2,0.1%,2.2%
21840,嫌疑人x的献身,<0.1%,1.21,3,<0.1%,5.7%
21841,绑架者,<0.1%,1.09,11,<0.1%,23.5%
21842,非凡任务,<0.1%,1.05,6,<0.1%,14.4%
21843,冰雪大作战,<0.1%,1.04,11,<0.1%,18.8%
21844,拆弹·专家,24.1%,6434.01,34,21.8%,26.7%
21845,速度与激情8,22.3%,5958.64,43,14.0%,30.2%
21846,记忆大师,21.2%,5650.68,27,22.3%,19.7%
21847,喜欢·你,11.7%,3126.54,25,13.9%,22.9%
21848,春娇救志明,11.6%,3098.33,24,13.9%,20.6%
21849,蓝精灵：寻找神秘村,5.5%,1468.13,28,6.0%,26.4%
21850,傲娇与偏见,1.0%,269.06,26,1.4%,29.9%
21851,灵狼传奇,1.0%,268.33,14,2.4%,14.5%
21852,血狼犬,0.5%,140.23,11,2.1%,15.3%
21853,大话西游之大圣娶亲,0.1%,32.95,15,0.3%,19.6%
21854,午夜惊魂路,0.1%,26.71,8,0.5%,9.9%
21855,窦娥奇冤,<0.1%,9.98,21,<0.1%,25.1%
21856,攻壳机动队,<0.1%,7.47,13,<0.1%,15.3%
21857,和田玉传奇,<0.1%,7.19,78,<0.1%,90.5%
21858,湄公河行动,<0.1%,6.86,108,<0.1%,100%
21859,使徒行者,<0.1%,4.85,108,<0.1%,100%
21860,从你的全世界路过,<0.1%,4.10,103,<0.1%,95.3%
21861,北京遇上西雅图之不二情书,<0.1%,3.17,99,<0.1%,84.5%
21862,猪猪侠之英雄猪少年,<0.1%,2.98,43,<0.1%,47.1%
21863,绑架者,<0.1%,2.93,11,<0.1%,15.4%
21864,王牌逗王牌,<0.1%,2.93,96,<0.1%,90.4%
21865,致青春·原来你还在这里,<0.1%,2.90,104,<0.1%,100%
21866,嫌疑人x的献身,<0.1%,2.19,7,<0.1%,13.5%
21867,神秘家族,<0.1%,2.17,4,<0.1%,4.7%
21868,反贪风暴2,<0.1%,2.06,103,<0.1%,94.0%
21869,点五步,<0.1%,1.67,80,<0.1%,100%
21870,微微一笑很倾城,<0.1%,1.61,106,<0.1%,96.8%
21871,一条狗的使命,<0.1%,1.57,19,<0.1%,24.7%
21872,摆渡人,<0.1%,1.56,104,<0.1%,100.0%
21873,金刚：骷髅岛,<0.1%,1.55,9,<0.1%,14.2%
21874,我不是潘金莲,<0.1%,1.54,102,<0.1%,97.4%
21875,陆垚知马俐,<0.1%,1.50,100,<0.1%,89.5%
21876,冰雪大作战,<0.1%,1.40,6,<0.1%,7.6%
21877,魔兽,<0.1%,1.25,56,<0.1%,--
21878,人生,<0.1%,1.18,11,<0.1%,--
21879,超级快递,<0.1%,1.11,91,<0.1%,87.9%
21880,泰山归来：险战丛林,<0.1%,1.03,86,<0.1%,--
21881,一念无明,<0.1%,1.03,16,<0.1%,33.2%
21882,速度与激情8,25.9%,7482.05,46,16.7%,31.9%
21883,拆弹·专家,23.7%,6871.86,36,21.9%,27.8%
21884,记忆大师,18.8%,5433.42,29,20.4%,21.3%
21885,喜欢·你,11.1%,3233.45,27,13.3%,24.9%
21886,春娇救志明,9.9%,2886.54,24,12.4%,21.7%
21887,蓝精灵：寻找神秘村,6.4%,1876.24,31,6.9%,29.3%
21888,傲娇与偏见,1.3%,380.71,27,1.8%,30.7%
21889,灵狼传奇,1.0%,289.73,16,2.2%,17.0%
21890,血狼犬,0.5%,149.91,11,2.1%,16.5%
21891,大话西游之大圣娶亲,0.1%,45.58,16,0.3%,21.0%
21892,摔跤吧！爸爸,0.1%,32.58,84,<0.1%,73.0%
21893,午夜惊魂路,0.1%,29.55,9,0.4%,11.6%
21894,窦娥奇冤,<0.1%,11.23,23,<0.1%,29.4%
21895,攻壳机动队,<0.1%,10.97,16,<0.1%,19.2%
21896,绝地逃亡,<0.1%,7.37,107,<0.1%,97.9%
21897,盗墓笔记,<0.1%,6.84,106,<0.1%,100%
21898,魔兽,<0.1%,6.46,90,<0.1%,97.6%
21899,美国队长3,<0.1%,5.46,99,<0.1%,95.6%
21900,金刚：骷髅岛,<0.1%,4.65,16,<0.1%,19.3%
21901,猪猪侠之英雄猪少年,<0.1%,4.62,55,<0.1%,55.8%
21902,寒战2,<0.1%,4.42,98,<0.1%,100%
21903,X战警：天启,<0.1%,4.34,104,<0.1%,100.0%
21904,长城,<0.1%,3.98,90,<0.1%,96.8%
21905,一条狗的使命,<0.1%,3.63,24,<0.1%,32.0%
21906,大话西游3,<0.1%,3.49,64,<0.1%,90.8%
21907,愤怒的小鸟,<0.1%,3.45,103,<0.1%,94.2%
21908,李三娘,<0.1%,3.20,82,<0.1%,100%
21909,赏金猎人,<0.1%,3.19,108,<0.1%,98.8%
21910,惊天魔盗团2,<0.1%,3.03,103,<0.1%,94.0%
21911,奇幻森林,<0.1%,2.94,102,<0.1%,97.7%
21912,非凡任务,<0.1%,2.90,28,<0.1%,72.2%
21913,封神传奇,<0.1%,2.86,95,<0.1%,91.2%
21914,铁道飞虎,<0.1%,2.80,104,<0.1%,100.0%
21915,机械师2：复活,<0.1%,2.64,87,<0.1%,97.9%
21916,爵迹,<0.1%,2.53,95,<0.1%,93.2%
21917,奇异博士,<0.1%,2.49,83,<0.1%,93.4%
21918,忍者神龟2：破影而出,<0.1%,2.48,104,<0.1%,99.5%
21919,神秘家族,<0.1%,2.48,4,<0.1%,6.2%
21920,独立日：卷土重来,<0.1%,2.45,103,<0.1%,98.1%
21921,谍影重重5,<0.1%,2.27,97,<0.1%,90.3%
21922,大鱼海棠,<0.1%,2.19,104,<0.1%,95.0%
21923,冰川时代5：星际碰撞,<0.1%,2.16,80,<0.1%,90.5%
21924,和田玉传奇,<0.1%,2.14,33,<0.1%,49.2%
21925,嫌疑人x的献身,<0.1%,1.89,7,<0.1%,12.5%
21926,神秘世界历险记3,<0.1%,1.68,93,<0.1%,93.2%
21927,星际迷航3：超越星辰,<0.1%,1.65,92,<0.1%,88.5%
21928,爱丽丝梦游仙境2：镜中奇遇记,<0.1%,1.57,93,<0.1%,89.0%
21929,神奇动物在哪里,<0.1%,1.51,101,<0.1%,92.4%
21930,一念无明,<0.1%,1.33,14,<0.1%,22.1%
21931,冰雪大作战,<0.1%,1.31,5,<0.1%,7.5%
21932,新大头儿子和小头爸爸2一日成才,<0.1%,1.23,98,<0.1%,93.8%
21933,变脸,<0.1%,1.17,12,<0.1%,10.5%
21934,速度与激情8,25.3%,5793.57,33,18.2%,22.8%
21935,拆弹·专家,24.8%,5689.98,30,21.9%,23.1%
21936,记忆大师,17.7%,4072.80,23,19.7%,17.1%
21937,喜欢·你,10.7%,2450.87,21,13.1%,19.5%
21938,春娇救志明,9.2%,2114.33,20,11.5%,17.6%
21939,蓝精灵：寻找神秘村,8.3%,1910.06,30,7.3%,28.5%
21940,傲娇与偏见,1.4%,332.70,20,2.1%,22.6%
21941,灵狼传奇,1.3%,299.20,17,2.2%,18.1%
21942,血狼犬,0.5%,125.19,10,2.0%,14.0%
21943,大话西游之大圣娶亲,0.1%,35.11,12,0.4%,15.3%
21944,午夜惊魂路,<0.1%,20.91,7,0.4%,8.7%
21945,攻壳机动队,<0.1%,9.28,13,<0.1%,15.7%
21946,金刚：骷髅岛,<0.1%,7.86,19,<0.1%,24.8%
21947,窦娥奇冤,<0.1%,5.51,15,<0.1%,17.9%
21948,点五步,<0.1%,3.87,167,<0.1%,100%
21949,一条狗的使命,<0.1%,3.67,22,<0.1%,26.6%
21950,猪猪侠之英雄猪少年,<0.1%,3.54,50,<0.1%,57.1%
21951,和田玉传奇,<0.1%,2.20,33,<0.1%,62.0%
21952,提着心，吊着胆,<0.1%,2.09,86,<0.1%,100%
21953,神秘家族,<0.1%,1.03,2,<0.1%,2.6%
21954,拆弹·专家,30.1%,2603.89,15,23.4%,11.1%
21955,速度与激情8,20.5%,1773.08,12,18.7%,7.7%
21956,记忆大师,19.7%,1702.30,10,20.7%,7.6%
21957,春娇救志明,12.8%,1110.47,11,12.2%,9.9%
21958,喜欢·你,12.4%,1074.28,10,14.1%,8.7%
21959,傲娇与偏见,1.4%,129.06,8,2.6%,8.1%
21960,蓝精灵：寻找神秘村,1.0%,90.60,4,3.6%,3.1%
21961,血狼犬,0.8%,75.61,13,1.1%,16.3%
21962,大话西游之大圣娶亲,0.1%,14.88,5,0.5%,5.7%
21963,午夜惊魂路,0.1%,14.37,4,0.6%,5.0%
21964,灵狼传奇,0.1%,10.30,2,1.1%,1.4%
21965,窦娥奇冤,<0.1%,6.16,14,<0.1%,18.7%
21966,攻壳机动队,<0.1%,3.52,4,0.1%,4.7%
21967,金刚：骷髅岛,<0.1%,3.19,6,<0.1%,7.4%
21968,神秘家族,<0.1%,1.75,2,0.1%,2.9%
21969,李三娘,<0.1%,1.73,41,<0.1%,100%
21970,港囧,<0.1%,1.45,61,<0.1%,100%
21971,和田玉传奇,<0.1%,1.10,15,<0.1%,23.7%
21972,拆弹·专家,30.1%,2202.12,13,23.9%,9.2%
21973,记忆大师,20.6%,1508.50,9,20.4%,7.0%
21974,速度与激情8,19.0%,1390.48,9,19.1%,6.0%
21975,喜欢·你,13.1%,962.90,9,14.1%,8.0%
21976,春娇救志明,12.9%,946.15,10,12.1%,8.7%
21977,傲娇与偏见,1.4%,105.03,6,2.8%,6.2%
21978,蓝精灵：寻找神秘村,0.8%,65.63,3,3.2%,2.5%
21979,血狼犬,0.8%,62.36,13,0.9%,16.3%
21980,午夜惊魂路,0.1%,13.67,4,0.6%,4.8%
21981,大话西游之大圣娶亲,0.1%,13.54,4,0.5%,4.6%
21982,灵狼传奇,<0.1%,6.71,1,0.9%,1.0%
21983,窦娥奇冤,<0.1%,5.71,14,<0.1%,18.1%
21984,攻壳机动队,<0.1%,3.25,4,0.1%,3.7%
21985,金刚：骷髅岛,<0.1%,3.08,5,<0.1%,5.9%
21986,六月与弓箭,<0.1%,1.81,52,<0.1%,100%
21987,神秘家族,<0.1%,1.79,2,0.1%,2.6%
21988,港囧,<0.1%,1.32,56,<0.1%,100%
21989,猪猪侠之英雄猪少年,<0.1%,1.28,56,<0.1%,57.4%
21990,贫穷富爸爸,<0.1%,1.07,359,<0.1%,--
21991,和田玉传奇,<0.1%,1.07,17,<0.1%,27.6%
21992,拆弹·专家,28.0%,2094.49,12,23.8%,8.6%
21993,记忆大师,18.7%,1399.94,9,19.8%,6.6%
21994,速度与激情8,17.2%,1287.49,9,18.6%,5.7%
21995,喜欢·你,12.5%,938.97,9,13.8%,7.8%
21996,春娇救志明,11.3%,848.37,9,11.9%,7.9%
21997,银河护卫队2,8.5%,636.29,34,2.1%,17.5%
21998,傲娇与偏见,1.3%,98.58,6,2.8%,5.8%
21999,蓝精灵：寻找神秘村,0.7%,56.70,3,3.0%,2.3%
22000,血狼犬,0.4%,34.38,11,0.5%,13.7%
22001,大话西游之大圣娶亲,0.1%,13.18,4,0.5%,4.4%
22002,午夜惊魂路,0.1%,11.87,4,0.6%,4.5%
22003,摔跤吧！爸爸,0.1%,10.01,8,0.2%,6.7%
22004,灵狼传奇,<0.1%,6.51,2,0.8%,1.1%
22005,窦娥奇冤,<0.1%,5.88,14,<0.1%,16.7%
22006,金刚：骷髅岛,<0.1%,3.21,5,<0.1%,5.6%
22007,神秘家族,<0.1%,3.19,4,0.1%,4.7%
22008,攻壳机动队,<0.1%,3.09,3,0.1%,3.5%
22009,港囧,<0.1%,1.30,55,<0.1%,100%
22010,和田玉传奇,<0.1%,1.27,22,<0.1%,35.0%
22011,贫穷富爸爸,<0.1%,1.21,269,<0.1%,--
22012,我的青春永不逝,<0.1%,1.06,17,<0.1%,22.6%
22013,银河护卫队2,62.8%,9860.89,27,43.9%,17.6%
22014,摔跤吧！爸爸,10.0%,1576.58,19,13.3%,18.0%
22015,拆弹·专家,9.3%,1462.01,16,12.4%,14.8%
22016,记忆大师,5.1%,803.30,13,7.7%,12.9%
22017,速度与激情8,5.0%,791.50,13,7.9%,12.9%
22018,喜欢·你,3.3%,527.37,13,5.1%,13.5%
22019,春娇救志明,3.0%,477.08,14,4.0%,15.3%
22020,蓝精灵：寻找神秘村,0.4%,72.95,5,1.9%,5.2%
22021,傲娇与偏见,0.2%,32.90,8,0.8%,9.1%
22022,血狼犬,0.1%,27.09,14,0.3%,21.4%
22023,灵狼传奇,<0.1%,9.60,3,0.5%,3.1%
22024,午夜惊魂路,<0.1%,8.95,5,0.3%,6.2%
22025,窦娥奇冤,<0.1%,3.76,13,<0.1%,15.0%
22026,大话西游之大圣娶亲,<0.1%,3.49,4,0.1%,4.9%
22027,咸鱼传奇,<0.1%,2.99,1,0.5%,1.2%
22028,港囧,<0.1%,2.43,81,<0.1%,100%
22029,塔克拉玛干的鼓声,<0.1%,1.93,40,<0.1%,53.8%
22030,和田玉传奇,<0.1%,1.69,59,<0.1%,52.8%
22031,贫穷富爸爸,<0.1%,1.53,301,<0.1%,--
22032,攻壳机动队,<0.1%,1.46,7,<0.1%,7.8%
22033,放学后,<0.1%,1.43,319,<0.1%,100.0%
22034,神秘家族,<0.1%,1.16,4,<0.1%,3.7%
22035,银河护卫队2,57.5%,13649.35,36,43.1%,23.1%
22036,摔跤吧！爸爸,13.7%,3251.91,34,13.6%,32.5%
22037,拆弹·专家,8.1%,1922.31,22,11.3%,21.0%
22038,速度与激情8,5.6%,1342.02,21,7.8%,21.0%
22039,记忆大师,5.0%,1189.60,22,6.4%,21.7%
22040,喜欢·你,3.3%,799.66,20,4.6%,22.2%
22041,春娇救志明,2.7%,658.73,22,3.4%,23.3%
22042,蓝精灵：寻找神秘村,2.6%,617.22,15,5.3%,14.6%
22043,灵狼传奇,0.3%,72.50,7,1.5%,7.3%
22044,提着心，吊着胆,0.2%,64.12,64,0.1%,58.3%
22045,傲娇与偏见,0.2%,60.11,14,0.8%,17.0%
22046,血狼犬,<0.1%,15.08,19,0.1%,27.0%
22047,午夜惊魂路,<0.1%,12.95,6,0.3%,8.4%
22048,大话西游之大圣娶亲,<0.1%,6.55,7,0.1%,9.0%
22049,猪猪侠之英雄猪少年,<0.1%,4.20,53,<0.1%,67.3%
22050,窦娥奇冤,<0.1%,3.99,17,<0.1%,22.8%
22051,咸鱼传奇,<0.1%,3.47,2,0.3%,2.1%
22052,金刚：骷髅岛,<0.1%,1.78,8,<0.1%,9.1%
22053,港囧,<0.1%,1.16,78,<0.1%,100%
22054,怨灵宿舍之人偶老师,<0.1%,1.09,4,<0.1%,8.3%
22055,银河护卫队2,51.5%,10134.38,28,41.9%,17.6%
22056,摔跤吧！爸爸,19.5%,3846.47,36,15.1%,33.8%
22057,拆弹·专家,7.9%,1566.11,19,11.0%,17.6%
22058,速度与激情8,5.8%,1142.33,18,8.0%,17.6%
22059,记忆大师,4.8%,952.23,18,6.3%,17.9%
22060,蓝精灵：寻找神秘村,3.3%,658.43,16,5.5%,15.5%
22061,喜欢·你,3.2%,645.86,16,4.6%,17.7%
22062,春娇救志明,2.6%,516.71,17,3.4%,18.7%
22063,灵狼传奇,0.3%,72.80,8,1.4%,8.0%
22064,傲娇与偏见,0.2%,51.88,11,0.8%,13.9%
22065,血狼犬,<0.1%,14.60,19,0.1%,25.8%
22066,午夜惊魂路,<0.1%,8.82,4,0.3%,5.7%
22067,大话西游之大圣娶亲,<0.1%,5.35,6,0.1%,7.6%
22068,猪猪侠之英雄猪少年,<0.1%,3.24,50,<0.1%,64.0%
22069,窦娥奇冤,<0.1%,3.15,14,<0.1%,17.7%
22070,咸鱼传奇,<0.1%,2.70,2,0.3%,2.0%
22071,六月与弓箭,<0.1%,1.97,52,<0.1%,100%
22072,金刚：骷髅岛,<0.1%,1.85,8,<0.1%,8.7%
22073,提着心，吊着胆,<0.1%,1.74,64,<0.1%,79.1%
22074,神秘家族,<0.1%,1.22,6,<0.1%,7.0%
22075,银河护卫队2,44.8%,3474.21,11,40.9%,6.9%
22076,摔跤吧！爸爸,27.1%,2106.04,19,17.6%,17.1%
22077,拆弹·专家,9.3%,725.40,9,12.0%,8.4%
22078,速度与激情8,6.1%,476.55,8,8.4%,7.8%
22079,记忆大师,4.7%,371.76,7,6.9%,7.0%
22080,喜欢·你,3.4%,264.77,7,5.2%,7.2%
22081,春娇救志明,3.0%,234.19,8,3.7%,8.6%
22082,蓝精灵：寻找神秘村,0.3%,24.84,2,1.9%,1.8%
22083,傲娇与偏见,0.2%,20.79,5,0.9%,5.6%
22084,血狼犬,0.1%,12.28,16,0.1%,20.9%
22085,午夜惊魂路,<0.1%,7.44,4,0.4%,4.3%
22086,麻烦家族,<0.1%,6.61,579,<0.1%,52.1%
22087,窦娥奇冤,<0.1%,2.44,11,<0.1%,13.4%
22088,大话西游之大圣娶亲,<0.1%,2.42,3,0.1%,3.4%
22089,灵狼传奇,<0.1%,1.70,1,0.4%,0.6%
22090,港囧,<0.1%,1.44,69,<0.1%,100%
22091,六人晚餐,<0.1%,1.30,61,<0.1%,40.1%
22092,和田玉传奇,<0.1%,1.23,72,<0.1%,42.5%
22093,银河护卫队2,40.2%,2945.97,10,38.9%,6.2%
22094,摔跤吧！爸爸,33.5%,2456.99,19,20.3%,16.5%
22095,拆弹·专家,8.6%,630.58,8,11.8%,7.5%
22096,速度与激情8,5.8%,428.26,7,8.4%,7.1%
22097,记忆大师,4.5%,333.11,7,6.7%,6.7%
22098,喜欢·你,3.2%,237.73,7,5.1%,6.5%
22099,春娇救志明,2.7%,201.26,7,3.6%,7.7%
22100,蓝精灵：寻找神秘村,0.2%,21.80,2,1.7%,1.8%
22101,傲娇与偏见,0.2%,20.28,5,0.9%,5.4%
22102,血狼犬,0.1%,10.23,15,0.1%,19.2%
22103,午夜惊魂路,<0.1%,7.19,3,0.4%,4.1%
22104,和田玉传奇,<0.1%,5.58,107,<0.1%,75.1%
22105,毒。诫,<0.1%,5.51,195,<0.1%,100%
22106,灵狼传奇,<0.1%,2.43,1,0.4%,0.9%
22107,窦娥奇冤,<0.1%,2.43,12,<0.1%,17.5%
22108,大话西游之大圣娶亲,<0.1%,1.83,2,0.1%,2.3%
22109,咸鱼传奇,<0.1%,1.01,1,0.2%,0.8%
22110,以爱为名,<0.1%,1.00,100,<0.1%,97.0%
22111,摔跤吧！爸爸,39.6%,2747.51,20,22.1%,16.6%
22112,银河护卫队2,35.5%,2463.21,9,37.5%,5.5%
22113,拆弹·专家,8.0%,555.43,7,11.7%,6.6%
22114,速度与激情8,5.5%,384.24,7,8.4%,6.3%
22115,记忆大师,4.3%,298.27,6,6.5%,6.0%
22116,喜欢·你,3.0%,212.93,6,5.0%,5.9%
22117,春娇救志明,2.4%,171.35,7,3.5%,6.7%
22118,蓝精灵：寻找神秘村,0.2%,19.90,2,1.6%,1.7%
22119,傲娇与偏见,0.2%,17.08,4,0.9%,4.7%
22120,血狼犬,0.1%,10.19,15,0.1%,20.0%
22121,午夜惊魂路,<0.1%,6.44,3,0.4%,3.6%
22122,和田玉传奇,<0.1%,6.36,112,<0.1%,77.5%
22123,毒。诫,<0.1%,4.09,133,<0.1%,72.3%
22124,灵狼传奇,<0.1%,3.74,2,0.4%,1.5%
22125,麻烦家族,<0.1%,2.78,10,<0.1%,10.2%
22126,窦娥奇冤,<0.1%,2.00,11,<0.1%,14.9%
22127,指甲刀人魔,<0.1%,1.80,28,<0.1%,67.8%
22128,大话西游之大圣娶亲,<0.1%,1.65,2,0.1%,2.1%
22129,塔克拉玛干的鼓声,<0.1%,1.43,20,<0.1%,40.7%
22130,咸鱼传奇,<0.1%,1.27,1,0.2%,1.3%
22131,港囧,<0.1%,1.07,72,<0.1%,100%
22132,摔跤吧！爸爸,39.9%,2760.51,20,21.1%,15.7%
22133,银河护卫队2,29.1%,2014.26,9,29.4%,5.3%
22134,麻烦家族,12.2%,845.26,6,21.2%,5.2%
22135,拆弹·专家,5.7%,400.22,7,8.3%,6.4%
22136,速度与激情8,4.5%,313.94,7,6.2%,6.6%
22137,记忆大师,2.7%,189.16,6,3.9%,6.0%
22138,喜欢·你,1.7%,122.77,6,2.8%,6.0%
22139,春娇救志明,1.6%,110.81,7,2.0%,7.1%
22140,毒。诫,0.4%,32.84,20,0.2%,17.4%
22141,超凡战队,0.4%,32.25,8,0.6%,4.7%
22142,亚瑟王：斗兽争霸,0.3%,22.84,6,0.5%,3.9%
22143,蓝精灵：寻找神秘村,0.2%,18.12,3,1.0%,2.7%
22144,傲娇与偏见,0.1%,9.03,4,0.5%,4.3%
22145,血狼犬,0.1%,8.87,18,<0.1%,22.8%
22146,午夜惊魂路,<0.1%,4.87,3,0.3%,3.9%
22147,和田玉传奇,<0.1%,4.56,260,<0.1%,81.3%
22148,灵狼传奇,<0.1%,2.23,2,0.2%,1.2%
22149,猪猪侠之英雄猪少年,<0.1%,1.52,86,<0.1%,72.1%
22150,大话西游之大圣娶亲,<0.1%,1.46,3,0.1%,2.6%
22151,窦娥奇冤,<0.1%,1.04,10,<0.1%,12.7%
22152,摔跤吧！爸爸,37.3%,4440.52,41,14.7%,31.8%
22153,银河护卫队2,20.4%,2425.67,20,12.7%,12.7%
22154,毒。诫,10.0%,1193.87,12,14.0%,10.7%
22155,亚瑟王：斗兽争霸,9.9%,1177.46,9,16.4%,6.7%
22156,超凡战队,8.1%,963.06,7,18.2%,5.0%
22157,麻烦家族,5.9%,711.36,9,11.1%,8.7%
22158,提着心，吊着胆,3.0%,360.04,12,3.9%,12.1%
22159,速度与激情8,1.2%,147.55,12,1.5%,12.7%
22160,拆弹·专家,0.9%,114.83,11,1.3%,11.7%
22161,碟仙前传,0.6%,71.75,8,1.4%,7.9%
22162,记忆大师,0.5%,70.08,11,0.7%,12.2%
22163,以爱为名,0.5%,68.39,5,1.3%,12.0%
22164,春娇救志明,0.3%,38.85,13,0.3%,17.2%
22165,喜欢·你,0.2%,34.64,10,0.4%,13.8%
22166,蓝精灵：寻找神秘村,0.1%,23.36,5,0.7%,4.8%
22167,和田玉传奇,<0.1%,4.79,357,<0.1%,88.2%
22168,傲娇与偏见,<0.1%,3.42,6,0.1%,7.5%
22169,灵狼传奇,<0.1%,3.41,3,0.1%,3.1%
22170,塔克拉玛干的鼓声,<0.1%,3.35,25,<0.1%,49.0%
22171,20:16,<0.1%,2.76,345,<0.1%,100.0%
22172,血狼犬,<0.1%,2.10,16,<0.1%,19.7%
22173,指甲刀人魔,<0.1%,1.56,30,<0.1%,100%
22174,窦娥奇冤,<0.1%,1.49,21,<0.1%,26.1%
22175,午夜惊魂路,<0.1%,1.19,3,0.1%,5.5%
22176,摔跤吧！爸爸,48.5%,9710.10,57,22.0%,42.5%
22177,银河护卫队2,23.5%,4712.02,34,14.4%,21.5%
22178,亚瑟王：斗兽争霸,7.1%,1429.38,12,13.5%,9.8%
22179,毒。诫,4.7%,942.77,10,11.9%,9.6%
22180,超凡战队,4.5%,906.23,9,13.6%,6.5%
22181,麻烦家族,3.1%,628.17,10,8.0%,10.3%
22182,速度与激情8,1.7%,355.72,19,2.1%,20.3%
22183,提着心，吊着胆,1.6%,336.68,12,3.6%,11.7%
22184,蓝精灵：寻找神秘村,1.6%,330.95,13,3.1%,13.0%
22185,拆弹·专家,1.0%,208.08,17,1.5%,18.4%
22186,记忆大师,0.6%,136.11,19,0.7%,21.2%
22187,喜欢·你,0.4%,86.62,17,0.5%,22.7%
22188,春娇救志明,0.4%,80.93,21,0.3%,26.6%
22189,碟仙前传,0.2%,47.33,6,1.0%,6.6%
22190,灵狼传奇,0.1%,29.91,6,0.7%,7.1%
22191,傲娇与偏见,<0.1%,9.60,12,0.1%,15.4%
22192,以爱为名,<0.1%,9.37,1,1.4%,0.9%
22193,宝贝，再爱我一次,<0.1%,4.80,5,0.1%,5.2%
22194,午夜惊魂路,<0.1%,2.85,5,0.1%,10.7%
22195,血狼犬,<0.1%,2.57,17,<0.1%,16.5%
22196,放学后,<0.1%,2.11,78,<0.1%,63.9%
22197,猪猪侠之英雄猪少年,<0.1%,2.06,23,<0.1%,25.2%
22198,大话西游之大圣娶亲,<0.1%,1.46,6,<0.1%,6.8%
22199,窦娥奇冤,<0.1%,1.12,19,<0.1%,25.8%
22200,摔跤吧！爸爸,54.4%,9477.55,47,26.7%,34.7%
22201,银河护卫队2,20.3%,3548.26,24,16.0%,15.5%
22202,亚瑟王：斗兽争霸,6.0%,1056.38,10,12.3%,8.4%
22203,毒。诫,3.8%,671.42,9,10.2%,8.3%
22204,超凡战队,3.1%,553.25,7,11.1%,5.2%
22205,麻烦家族,2.9%,521.81,9,7.4%,9.3%
22206,蓝精灵：寻找神秘村,2.2%,383.34,14,3.5%,13.8%
22207,速度与激情8,1.8%,319.64,17,2.1%,17.3%
22208,提着心，吊着胆,1.4%,254.85,10,3.5%,9.2%
22209,拆弹·专家,1.2%,219.90,16,1.8%,17.6%
22210,记忆大师,0.6%,119.10,16,0.8%,16.9%
22211,喜欢·你,0.4%,77.79,14,0.6%,18.3%
22212,春娇救志明,0.3%,63.45,15,0.4%,18.6%
22213,灵狼传奇,0.1%,32.22,7,0.7%,7.5%
22214,以爱为名,0.1%,30.85,18,0.1%,38.5%
22215,碟仙前传,0.1%,30.81,4,1.0%,4.6%
22216,傲娇与偏见,<0.1%,11.52,12,0.2%,14.0%
22217,当怪物来敲门,<0.1%,9.33,118,<0.1%,98.5%
22218,宝贝，再爱我一次,<0.1%,4.07,5,0.1%,6.2%
22219,猪猪侠之英雄猪少年,<0.1%,3.46,39,<0.1%,48.9%
22220,血狼犬,<0.1%,2.57,15,<0.1%,19.9%
22221,午夜惊魂路,<0.1%,2.48,4,0.1%,7.7%
22222,指甲刀人魔,<0.1%,2.40,43,<0.1%,100%
22223,大话西游之大圣娶亲,<0.1%,1.28,6,<0.1%,5.4%
22224,摔跤吧！爸爸,54.8%,3481.03,18,29.0%,12.8%
22225,银河护卫队2,19.0%,1208.10,9,17.5%,5.6%
22226,亚瑟王：斗兽争霸,7.0%,444.81,5,12.3%,4.0%
22227,毒。诫,5.3%,337.70,5,9.8%,4.8%
22228,超凡战队,2.4%,158.27,3,10.0%,1.8%
22229,速度与激情8,2.4%,152.28,9,2.4%,8.3%
22230,麻烦家族,2.2%,143.00,3,7.2%,2.9%
22231,拆弹·专家,1.7%,113.88,8,2.2%,8.3%
22232,提着心，吊着胆,1.5%,100.90,4,3.7%,3.9%
22233,记忆大师,0.7%,50.19,7,0.9%,6.9%
22234,喜欢·你,0.5%,36.69,7,0.7%,7.7%
22235,春娇救志明,0.5%,32.76,8,0.5%,9.2%
22236,碟仙前传,0.3%,23.47,4,1.0%,3.7%
22237,以爱为名,0.3%,21.51,19,0.1%,33.0%
22238,蓝精灵：寻找神秘村,0.2%,13.35,3,0.9%,2.2%
22239,傲娇与偏见,<0.1%,6.14,7,0.2%,7.8%
22240,不期而遇,<0.1%,3.07,154,<0.1%,100.0%
22241,和田玉传奇,<0.1%,2.30,239,<0.1%,100%
22242,血狼犬,<0.1%,1.63,9,<0.1%,10.3%
22243,午夜惊魂路,<0.1%,1.11,2,0.1%,3.7%
22244,摔跤吧！爸爸,55.7%,3274.37,16,30.8%,11.4%
22245,银河护卫队2,19.3%,1135.87,8,18.1%,5.2%
22246,亚瑟王：斗兽争霸,6.6%,392.05,5,11.7%,3.8%
22247,毒。诫,4.6%,275.05,5,9.3%,4.3%
22248,速度与激情8,2.6%,157.46,8,2.8%,7.5%
22249,麻烦家族,2.0%,122.83,3,6.6%,2.8%
22250,超凡战队,2.0%,118.96,2,8.8%,1.7%
22251,拆弹·专家,1.9%,114.32,7,2.5%,7.5%
22252,提着心，吊着胆,1.3%,81.10,4,3.5%,3.3%
22253,记忆大师,0.8%,49.06,6,1.0%,6.3%
22254,喜欢·你,0.6%,37.24,6,0.8%,7.1%
22255,春娇救志明,0.5%,32.90,7,0.5%,8.4%
22256,碟仙前传,0.3%,21.10,3,1.0%,3.4%
22257,以爱为名,0.3%,19.27,22,0.1%,33.6%
22258,蓝精灵：寻找神秘村,0.1%,9.36,2,0.8%,1.6%
22259,美容针,0.1%,6.83,132,<0.1%,100%
22260,傲娇与偏见,0.1%,6.36,6,0.2%,6.3%
22261,和田玉传奇,<0.1%,4.52,225,<0.1%,100%
22262,20:16,<0.1%,3.32,105,<0.1%,100%
22263,血狼犬,<0.1%,1.47,10,<0.1%,8.8%
22264,午夜惊魂路,<0.1%,1.28,2,0.1%,4.0%
22265,重返·狼群,<0.1%,1.20,125,<0.1%,93.7%
22266,李三娘,<0.1%,1.08,36,<0.1%,74.0%
22267,摔跤吧！爸爸,55.6%,2933.37,14,31.6%,10.0%
22268,银河护卫队2,19.3%,1017.30,7,18.2%,4.7%
22269,亚瑟王：斗兽争霸,6.5%,345.01,4,11.5%,3.5%
22270,毒。诫,4.4%,233.94,4,9.1%,3.7%
22271,速度与激情8,2.8%,149.24,7,3.1%,6.3%
22272,拆弹·专家,2.1%,115.75,7,2.7%,6.9%
22273,麻烦家族,2.0%,106.02,3,6.2%,2.5%
22274,超凡战队,1.8%,99.06,2,8.0%,1.5%
22275,提着心，吊着胆,1.2%,63.42,3,3.3%,2.8%
22276,记忆大师,0.9%,48.27,6,1.1%,5.8%
22277,喜欢·你,0.6%,36.00,6,0.8%,6.3%
22278,春娇救志明,0.5%,29.94,6,0.6%,7.2%
22279,我是医生,0.4%,23.16,111,<0.1%,65.8%
22280,碟仙前传,0.3%,20.35,3,1.0%,3.2%
22281,蓝精灵：寻找神秘村,0.1%,8.20,2,0.8%,1.5%
22282,和田玉传奇,0.1%,6.46,63,<0.1%,58.1%
22283,傲娇与偏见,0.1%,6.14,5,0.2%,5.2%
22284,以爱为名,0.1%,6.14,10,<0.1%,14.8%
22285,小情书,<0.1%,4.42,173,<0.1%,--
22286,绑架者,<0.1%,3.92,328,<0.1%,100%
22287,塔克拉玛干的鼓声,<0.1%,3.10,25,<0.1%,34.5%
22288,血狼犬,<0.1%,1.97,21,<0.1%,27.5%
22289,午夜惊魂路,<0.1%,1.11,2,0.1%,3.6%
22290,贫穷富爸爸,<0.1%,1.01,135,<0.1%,100%
22291,摔跤吧！爸爸,52.4%,2636.13,13,31.7%,8.9%
22292,银河护卫队2,18.2%,919.57,7,18.0%,4.3%
22293,亚瑟王：斗兽争霸,5.9%,298.50,4,11.0%,3.1%
22294,毒。诫,4.0%,202.97,4,8.6%,3.4%
22295,速度与激情8,3.0%,151.64,6,3.3%,5.8%
22296,20:16,2.4%,122.41,15,1.4%,16.1%
22297,拆弹·专家,2.2%,110.98,7,2.7%,6.5%
22298,异星觉醒,1.8%,91.59,18,0.7%,10.8%
22299,麻烦家族,1.7%,88.65,3,5.7%,2.3%
22300,超凡战队,1.6%,84.67,2,7.2%,1.4%
22301,提着心，吊着胆,1.0%,50.75,3,2.9%,2.5%
22302,记忆大师,0.9%,46.62,6,1.0%,5.6%
22303,喜欢·你,0.6%,33.97,5,0.8%,6.1%
22304,以爱为名,0.6%,32.02,39,<0.1%,48.2%
22305,春娇救志明,0.5%,29.63,6,0.6%,6.9%
22306,我是医生,0.4%,24.95,121,<0.1%,75.7%
22307,碟仙前传,0.3%,18.28,3,1.0%,3.0%
22308,守护者：世纪战元,0.3%,16.87,9,0.3%,6.9%
22309,箭士柳白猿,0.2%,15.00,100,<0.1%,--
22310,辣警霸王花,0.1%,10.00,100,<0.1%,--
22311,蓝精灵：寻找神秘村,0.1%,8.54,2,0.7%,1.7%
22312,抢红,0.1%,6.97,8,0.1%,7.7%
22313,傲娇与偏见,0.1%,5.44,5,0.2%,5.0%
22314,和田玉传奇,<0.1%,3.31,41,<0.1%,63.4%
22315,塔克拉玛干的鼓声,<0.1%,3.09,17,<0.1%,18.6%
22316,咸鱼传奇,<0.1%,1.54,7,<0.1%,14.4%
22317,李三娘,<0.1%,1.21,41,<0.1%,84.1%
22318,午夜惊魂路,<0.1%,1.17,2,0.1%,3.7%
22319,青春告白,<0.1%,1.00,67,<0.1%,--
22320,摔跤吧！爸爸,43.1%,4201.49,30,17.9%,21.6%
22321,异星觉醒,25.8%,2514.61,13,24.4%,8.8%
22322,银河护卫队2,8.6%,842.30,15,5.6%,9.3%
22323,抢红,5.9%,581.62,6,14.3%,5.3%
22324,守护者：世纪战元,5.4%,529.09,5,13.3%,4.1%
22325,当怪物来敲门,2.6%,257.06,5,7.2%,4.4%
22326,美容针,2.3%,225.36,5,5.9%,4.9%
22327,不期而遇,1.5%,147.52,4,4.8%,4.6%
22328,速度与激情8,0.8%,78.28,11,0.8%,11.5%
22329,亚瑟王：斗兽争霸,0.6%,62.13,6,1.0%,5.9%
22330,小情书,0.4%,46.01,5,1.2%,5.6%
22331,20:16,0.4%,45.74,39,0.1%,36.9%
22332,拆弹·专家,0.3%,31.16,11,0.3%,12.6%
22333,我是医生,0.2%,26.95,126,<0.1%,72.3%
22334,毒。诫,0.1%,14.20,5,0.3%,5.1%
22335,箭士柳白猿,0.1%,14.10,94,<0.1%,84.6%
22336,蓝精灵：寻找神秘村,0.1%,11.98,5,0.3%,4.4%
22337,超凡战队,0.1%,11.41,3,0.4%,3.1%
22338,记忆大师,0.1%,10.77,10,0.1%,11.9%
22339,辣警霸王花,0.1%,10.16,69,<0.1%,71.4%
22340,春娇救志明,0.1%,9.91,13,<0.1%,18.9%
22341,塔克拉玛干的鼓声,0.1%,9.83,40,<0.1%,69.8%
22342,喜欢·你,<0.1%,9.07,8,0.1%,10.7%
22343,碟仙前传,<0.1%,5.92,5,0.1%,4.8%
22344,提着心，吊着胆,<0.1%,5.74,6,0.1%,6.3%
22345,麻烦家族,<0.1%,5.62,3,0.2%,3.7%
22346,以爱为名,<0.1%,4.56,57,<0.1%,100%
22347,灵狼传奇,<0.1%,1.37,2,<0.1%,2.6%
22348,逆路,<0.1%,1.37,4,<0.1%,5.2%
22349,和田玉传奇,<0.1%,1.28,33,<0.1%,47.6%
22350,傲娇与偏见,<0.1%,1.13,5,<0.1%,5.3%
22351,午夜惊魂路,<0.1%,1.04,2,<0.1%,5.1%
22352,摔跤吧！爸爸,51.6%,11336.27,59,23.5%,42.8%
22353,异星觉醒,18.6%,4100.59,22,22.7%,14.9%
22354,银河护卫队2,12.1%,2665.35,37,6.8%,25.0%
22355,守护者：世纪战元,3.1%,700.91,9,10.2%,7.3%
22356,当怪物来敲门,2.4%,527.31,11,6.3%,10.5%
22357,抢红,2.3%,510.11,7,10.5%,6.3%
22358,美容针,1.5%,349.97,9,4.6%,9.8%
22359,速度与激情8,1.3%,287.73,27,1.1%,28.2%
22360,不期而遇,1.2%,266.78,9,3.7%,10.4%
22361,三只小猪2,0.9%,213.15,8,3.3%,7.8%
22362,蓝精灵：寻找神秘村,0.6%,147.20,14,1.2%,14.7%
22363,亚瑟王：斗兽争霸,0.6%,137.09,14,0.8%,15.1%
22364,小情书,0.5%,116.36,12,1.1%,14.0%
22365,拆弹·专家,0.4%,107.87,27,0.4%,31.3%
22366,20:16,0.3%,87.06,61,0.1%,58.2%
22367,喜欢·你,0.3%,84.53,30,0.2%,35.6%
22368,记忆大师,0.2%,47.78,32,0.1%,35.7%
22369,春娇救志明,0.1%,42.15,26,0.1%,33.7%
22370,毒。诫,0.1%,24.59,9,0.3%,12.1%
22371,以爱为名,0.1%,23.55,89,<0.1%,100%
22372,超凡战队,0.1%,23.33,7,0.3%,7.4%
22373,碟仙前传,<0.1%,21.18,13,0.2%,13.5%
22374,我是医生,<0.1%,19.47,102,<0.1%,64.0%
22375,放学后,<0.1%,14.47,12,0.1%,12.5%
22376,麻烦家族,<0.1%,13.95,10,0.1%,11.3%
22377,提着心，吊着胆,<0.1%,13.94,15,0.1%,15.3%
22378,夏天19岁的肖像,<0.1%,12.69,89,<0.1%,96.0%
22379,灵狼传奇,<0.1%,12.07,7,0.2%,8.0%
22380,傲娇与偏见,<0.1%,6.60,23,<0.1%,28.1%
22381,午夜惊魂路,<0.1%,3.95,7,0.1%,17.9%
22382,美好的意外,<0.1%,3.43,246,<0.1%,100.0%
22383,塔克拉玛干的鼓声,<0.1%,2.55,36,<0.1%,95.4%
22384,猪猪侠之英雄猪少年,<0.1%,2.09,31,<0.1%,35.8%
22385,血狼犬,<0.1%,1.72,30,<0.1%,36.5%
22386,临时演员,<0.1%,1.50,167,<0.1%,87.7%
22387,逆路,<0.1%,1.27,5,<0.1%,9.6%
22388,“吃吃”的爱,<0.1%,1.06,213,<0.1%,100.0%
22389,港囧,<0.1%,1.00,84,<0.1%,100%
22390,摔跤吧！爸爸,55.0%,8146.74,39,26.8%,27.8%
22391,异星觉醒,16.1%,2395.69,14,21.5%,9.6%
22392,银河护卫队2,12.7%,1894.38,22,8.6%,15.3%
22393,守护者：世纪战元,2.3%,342.01,5,8.9%,4.2%
22394,当怪物来敲门,2.0%,301.44,7,6.0%,6.4%
22395,三只小猪2,1.6%,241.59,9,3.5%,8.6%
22396,速度与激情8,1.5%,231.93,16,1.5%,16.7%
22397,抢红,1.5%,222.37,4,8.4%,3.5%
22398,美容针,1.1%,169.32,5,4.1%,5.4%
22399,不期而遇,0.8%,124.39,5,3.4%,5.3%
22400,蓝精灵：寻找神秘村,0.8%,122.05,15,0.9%,15.6%
22401,亚瑟王：斗兽争霸,0.7%,112.87,11,0.9%,11.5%
22402,拆弹·专家,0.6%,93.23,19,0.6%,21.0%
22403,20:16,0.4%,63.20,61,0.1%,55.4%
22404,小情书,0.4%,62.66,7,1.1%,7.9%
22405,喜欢·你,0.3%,49.66,17,0.3%,19.9%
22406,记忆大师,0.2%,39.12,22,0.1%,25.3%
22407,春娇救志明,0.1%,27.29,15,0.1%,19.9%
22408,我是医生,0.1%,20.92,107,<0.1%,65.3%
22409,以爱为名,0.1%,20.06,76,<0.1%,100%
22410,超凡战队,0.1%,19.53,6,0.4%,6.5%
22411,毒。诫,0.1%,18.68,7,0.3%,8.4%
22412,灵狼传奇,0.1%,16.48,7,0.3%,8.5%
22413,“吃吃”的爱,<0.1%,11.48,119,<0.1%,86.5%
22414,麻烦家族,<0.1%,9.80,7,0.1%,8.4%
22415,碟仙前传,<0.1%,9.13,5,0.2%,5.4%
22416,美好的意外,<0.1%,8.36,117,<0.1%,--
22417,提着心，吊着胆,<0.1%,7.63,8,0.1%,9.0%
22418,放学后,<0.1%,3.91,7,<0.1%,7.0%
22419,血狼犬,<0.1%,3.23,45,<0.1%,100%
22420,午夜惊魂路,<0.1%,2.37,4,0.1%,11.1%
22421,猪猪侠之英雄猪少年,<0.1%,1.46,26,<0.1%,29.9%
22422,逆路,<0.1%,1.35,7,<0.1%,12.8%
22423,摔跤吧！爸爸,50.1%,2367.67,12,28.5%,8.5%
22424,异星觉醒,19.3%,914.75,6,22.1%,4.2%
22425,银河护卫队2,13.4%,637.03,8,10.3%,5.0%
22426,守护者：世纪战元,2.6%,124.69,2,8.8%,1.7%
22427,速度与激情8,2.2%,106.98,8,1.8%,7.1%
22428,当怪物来敲门,1.8%,86.85,2,6.1%,2.0%
22429,抢红,1.8%,86.30,2,7.9%,1.5%
22430,美容针,1.4%,70.78,3,4.2%,2.4%
22431,拆弹·专家,1.0%,49.07,9,0.8%,9.6%
22432,亚瑟王：斗兽争霸,1.0%,48.90,5,1.2%,4.5%
22433,不期而遇,0.9%,44.68,2,3.1%,2.2%
22434,我是医生,0.8%,41.36,122,<0.1%,74.1%
22435,喜欢·你,0.3%,18.72,7,0.3%,8.0%
22436,小情书,0.3%,16.57,2,1.1%,2.4%
22437,记忆大师,0.3%,15.71,8,0.2%,8.4%
22438,20:16,0.2%,13.18,23,0.1%,22.1%
22439,毒。诫,0.2%,12.38,4,0.4%,4.5%
22440,春娇救志明,0.2%,11.97,8,0.1%,9.0%
22441,“吃吃”的爱,0.1%,8.04,137,<0.1%,--
22442,碟仙前传,0.1%,7.68,4,0.3%,3.9%
22443,以爱为名,0.1%,6.77,55,<0.1%,100%
22444,超凡战队,0.1%,5.97,2,0.4%,1.9%
22445,和田玉传奇,<0.1%,4.07,396,<0.1%,86.8%
22446,塔克拉玛干的鼓声,<0.1%,3.77,28,<0.1%,59.2%
22447,蓝精灵：寻找神秘村,<0.1%,3.60,2,0.2%,2.0%
22448,提着心，吊着胆,<0.1%,3.34,3,0.1%,3.0%
22449,麻烦家族,<0.1%,3.07,2,0.2%,2.3%
22450,荡寇风云,<0.1%,2.44,233,<0.1%,--
22451,午夜惊魂路,<0.1%,1.04,2,0.1%,4.6%
22452,摔跤吧！爸爸,48.7%,2168.62,11,29.5%,7.7%
22453,异星觉醒,17.6%,784.20,6,21.8%,3.8%
22454,银河护卫队2,13.8%,616.81,7,11.1%,4.7%
22455,守护者：世纪战元,2.4%,108.68,2,8.2%,1.6%
22456,速度与激情8,2.4%,108.42,7,2.1%,6.3%
22457,我是医生,2.0%,91.79,130,<0.1%,70.1%
22458,当怪物来敲门,1.8%,83.57,3,5.7%,2.1%
22459,抢红,1.7%,76.13,2,7.0%,1.6%
22460,美容针,1.3%,61.78,3,4.0%,2.2%
22461,拆弹·专家,1.1%,49.94,8,0.9%,8.4%
22462,亚瑟王：斗兽争霸,1.1%,49.34,5,1.3%,4.3%
22463,不期而遇,0.9%,40.38,2,2.9%,2.2%
22464,喜欢·你,0.4%,20.95,7,0.3%,7.8%
22465,20:16,0.3%,15.83,27,0.1%,26.9%
22466,记忆大师,0.3%,15.81,7,0.2%,7.7%
22467,小情书,0.3%,14.52,2,1.0%,2.3%
22468,春娇救志明,0.2%,11.91,7,0.2%,7.9%
22469,毒。诫,0.2%,11.30,4,0.4%,3.6%
22470,碟仙前传,0.1%,7.97,4,0.3%,3.8%
22471,“吃吃”的爱,0.1%,5.92,103,<0.1%,100%
22472,超凡战队,0.1%,5.45,2,0.4%,1.9%
22473,夏天19岁的肖像,0.1%,5.26,132,<0.1%,100%
22474,和田玉传奇,0.1%,5.08,127,<0.1%,72.0%
22475,提着心，吊着胆,<0.1%,4.16,3,0.2%,3.5%
22476,麻烦家族,<0.1%,3.98,3,0.2%,2.8%
22477,以爱为名,<0.1%,3.62,67,<0.1%,100%
22478,魔兽,<0.1%,3.40,171,<0.1%,--
22479,塔克拉玛干的鼓声,<0.1%,3.27,19,<0.1%,27.3%
22480,蓝精灵：寻找神秘村,<0.1%,3.20,2,0.2%,1.9%
22481,猪猪侠之英雄猪少年,<0.1%,3.17,77,<0.1%,72.0%
22482,盗墓笔记,<0.1%,3.07,154,<0.1%,--
22483,美国队长3,<0.1%,2.88,145,<0.1%,--
22484,放学后,<0.1%,2.74,5,<0.1%,4.4%
22485,湄公河行动,<0.1%,2.49,32,<0.1%,--
22486,奇幻森林,<0.1%,2.41,121,<0.1%,37.6%
22487,长城,<0.1%,2.20,111,<0.1%,--
22488,X战警：天启,<0.1%,2.01,101,<0.1%,--
22489,绝地逃亡,<0.1%,1.95,98,<0.1%,--
22490,叶问3,<0.1%,1.46,74,<0.1%,--
22491,惊天魔盗团2,<0.1%,1.46,73,<0.1%,--
22492,荡寇风云,<0.1%,1.41,37,<0.1%,37.3%
22493,忍者神龟2：破影而出,<0.1%,1.38,70,<0.1%,--
22494,奇异博士,<0.1%,1.31,66,<0.1%,--
22495,使徒行者,<0.1%,1.28,65,<0.1%,--
22496,星际迷航3：超越星辰,<0.1%,1.26,64,<0.1%,--
22497,独立日：卷土重来,<0.1%,1.25,63,<0.1%,--
22498,神奇动物在哪里,<0.1%,1.22,62,<0.1%,--
22499,机械师2：复活,<0.1%,1.22,62,<0.1%,--
22500,北京遇上西雅图之不二情书,<0.1%,1.21,61,<0.1%,--
22501,疯狂动物城,<0.1%,1.14,58,<0.1%,--
22502,蝙蝠侠大战超人：正义黎明,<0.1%,1.14,58,<0.1%,--
22503,从你的全世界路过,<0.1%,1.07,27,<0.1%,--
22504,王牌逗王牌,<0.1%,1.06,54,<0.1%,--
22505,寒战2,<0.1%,1.03,52,<0.1%,--
22506,我的特工爷爷,<0.1%,1.03,26,<0.1%,--
22507,大话西游3,<0.1%,1.02,51,<0.1%,--
22508,摔跤吧！爸爸,48.9%,1991.57,10,30.1%,6.9%
22509,异星觉醒,17.7%,722.87,5,21.5%,3.5%
22510,银河护卫队2,14.8%,602.57,7,11.5%,4.4%
22511,速度与激情8,2.6%,108.41,6,2.4%,5.6%
22512,守护者：世纪战元,2.3%,95.94,2,7.9%,1.5%
22513,当怪物来敲门,2.0%,81.59,3,5.5%,2.1%
22514,抢红,1.6%,66.41,2,6.6%,1.5%
22515,拆弹·专家,1.4%,60.80,9,1.1%,9.4%
22516,美容针,1.3%,56.19,2,3.9%,2.1%
22517,我是医生,1.3%,55.01,108,<0.1%,65.1%
22518,亚瑟王：斗兽争霸,1.1%,48.64,4,1.3%,4.1%
22519,不期而遇,0.8%,35.51,2,2.8%,2.0%
22520,喜欢·你,0.6%,25.63,8,0.4%,8.4%
22521,记忆大师,0.4%,16.75,7,0.2%,7.5%
22522,20:16,0.3%,13.39,25,<0.1%,23.6%
22523,春娇救志明,0.3%,12.60,7,0.2%,7.4%
22524,毒。诫,0.2%,11.86,4,0.5%,3.5%
22525,小情书,0.2%,11.77,2,0.9%,1.9%
22526,和田玉传奇,0.2%,8.62,137,<0.1%,82.5%
22527,碟仙前传,0.1%,7.69,4,0.3%,3.5%
22528,麻烦家族,0.1%,5.83,3,0.2%,3.6%
22529,超凡战队,0.1%,4.90,2,0.4%,1.7%
22530,塔克拉玛干的鼓声,<0.1%,3.83,16,<0.1%,35.4%
22531,蓝精灵：寻找神秘村,<0.1%,3.79,3,0.2%,2.3%
22532,提着心，吊着胆,<0.1%,3.41,3,0.2%,2.6%
22533,灵狼传奇,<0.1%,2.31,5,0.1%,5.9%
22534,放学后,<0.1%,2.24,4,<0.1%,3.9%
22535,荡寇风云,<0.1%,1.35,32,<0.1%,25.2%
22536,李三娘,<0.1%,1.30,39,<0.1%,67.5%
22537,猪猪侠之英雄猪少年,<0.1%,1.03,30,<0.1%,33.2%
22538,摔跤吧！爸爸,34.9%,1770.48,9,29.6%,6.1%
22539,加勒比海盗5：死无对证,28.8%,1458.97,53,3.2%,29.1%
22540,异星觉醒,12.7%,647.20,5,20.6%,3.2%
22541,银河护卫队2,10.5%,536.02,6,11.4%,4.0%
22542,速度与激情8,2.0%,101.79,6,2.4%,4.9%
22543,守护者：世纪战元,1.4%,74.62,2,7.4%,1.2%
22544,当怪物来敲门,1.3%,68.36,2,5.2%,1.8%
22545,我是医生,1.0%,55.56,104,<0.1%,66.8%
22546,抢红,1.0%,52.55,2,6.1%,1.3%
22547,拆弹·专家,0.9%,49.04,7,1.1%,6.7%
22548,美容针,0.9%,45.91,2,3.6%,1.8%
22549,亚瑟王：斗兽争霸,0.8%,44.37,4,1.3%,3.6%
22550,不期而遇,0.5%,28.87,2,2.6%,1.7%
22551,喜欢·你,0.3%,20.23,6,0.4%,6.6%
22552,记忆大师,0.3%,16.76,7,0.3%,6.8%
22553,春娇救志明,0.2%,11.71,6,0.2%,6.5%
22554,小情书,0.2%,11.29,2,0.9%,1.9%
22555,20:16,0.2%,10.99,24,<0.1%,23.3%
22556,毒。诫,0.2%,10.12,3,0.5%,3.0%
22557,超凡战队,0.1%,7.12,2,0.4%,2.2%
22558,碟仙前传,0.1%,5.76,3,0.3%,2.8%
22559,提着心，吊着胆,<0.1%,4.95,3,0.2%,3.5%
22560,和田玉传奇,<0.1%,4.56,67,<0.1%,87.6%
22561,蓝精灵：寻找神秘村,<0.1%,3.51,2,0.2%,2.1%
22562,麻烦家族,<0.1%,3.42,2,0.2%,2.2%
22563,塔克拉玛干的鼓声,<0.1%,2.83,13,<0.1%,28.9%
22564,荡寇风云,<0.1%,2.43,113,<0.1%,66.4%
22565,加勒比海盗5：死无对证,86.3%,13320.99,29,57.7%,19.6%
22566,摔跤吧！爸爸,8.5%,1320.79,11,18.2%,10.4%
22567,异星觉醒,1.8%,289.99,5,8.7%,4.9%
22568,银河护卫队2,0.6%,105.06,4,3.7%,3.8%
22569,荡寇风云,0.5%,78.47,61,0.1%,82.8%
22570,我是医生,0.3%,53.38,104,<0.1%,100%
22571,拆弹·专家,0.3%,52.07,12,0.4%,14.1%
22572,速度与激情8,0.1%,26.40,5,0.8%,5.3%
22573,20:16,0.1%,20.21,54,<0.1%,48.9%
22574,诡异酒楼,0.1%,19.77,4,0.9%,4.0%
22575,“吃吃”的爱,<0.1%,13.20,40,<0.1%,42.6%
22576,当怪物来敲门,<0.1%,13.00,2,1.3%,1.6%
22577,美容针,<0.1%,9.35,2,1.0%,1.4%
22578,守护者：世纪战元,<0.1%,9.26,1,1.6%,0.8%
22579,喜欢·你,<0.1%,8.04,7,0.1%,8.9%
22580,抢红,<0.1%,6.79,1,1.3%,0.8%
22581,记忆大师,<0.1%,6.79,6,0.1%,6.8%
22582,亚瑟王：斗兽争霸,<0.1%,5.22,2,0.2%,2.5%
22583,蓝精灵：寻找神秘村,<0.1%,4.10,3,0.2%,3.0%
22584,不期而遇,<0.1%,3.89,1,0.7%,1.0%
22585,春娇救志明,<0.1%,3.88,5,<0.1%,7.6%
22586,和田玉传奇,<0.1%,3.18,151,<0.1%,73.8%
22587,小情书,<0.1%,3.04,2,0.2%,1.8%
22588,黑白照相馆,<0.1%,2.38,1,0.7%,0.5%
22589,塔克拉玛干的鼓声,<0.1%,2.21,30,<0.1%,42.2%
22590,毒。诫,<0.1%,2.16,2,0.1%,2.2%
22591,灵狼传奇,<0.1%,1.84,5,<0.1%,5.7%
22592,湄公河行动,<0.1%,1.80,5,<0.1%,--
22593,麻烦家族,<0.1%,1.56,3,0.1%,3.5%
22594,盗墓笔记,<0.1%,1.50,15,<0.1%,--
22595,魔兽,<0.1%,1.50,15,<0.1%,--
22596,碟仙前传,<0.1%,1.32,3,<0.1%,3.5%
22597,李三娘,<0.1%,1.02,33,<0.1%,57.1%
22598,王牌逗王牌,<0.1%,1.00,10,<0.1%,--
22599,机械师2：复活,<0.1%,1.00,10,<0.1%,--
22600,星际迷航3：超越星辰,<0.1%,1.00,10,<0.1%,--
22601,惊天魔盗团2,<0.1%,1.00,10,<0.1%,--
22602,绝地逃亡,<0.1%,1.00,10,<0.1%,--
22603,长城,<0.1%,1.00,10,<0.1%,--
22604,美国队长3,<0.1%,1.00,10,<0.1%,--
22605,X战警：天启,<0.1%,1.00,10,<0.1%,--
22606,蝙蝠侠大战超人：正义黎明,<0.1%,1.00,10,<0.1%,--
22607,叶问3,<0.1%,1.00,2,<0.1%,5.1%
22608,加勒比海盗5：死无对证,70.8%,13522.15,32,46.2%,20.8%
22609,摔跤吧！爸爸,10.4%,1985.39,29,8.9%,28.1%
22610,荡寇风云,7.8%,1497.29,15,12.2%,14.7%
22611,“吃吃”的爱,4.2%,818.52,11,9.2%,11.0%
22612,临时演员,2.2%,421.14,7,7.9%,7.2%
22613,夏天19岁的肖像,1.6%,317.69,8,5.8%,8.0%
22614,三只小猪2,0.5%,113.64,6,2.8%,5.6%
22615,异星觉醒,0.5%,106.96,13,0.9%,15.1%
22616,我的爸爸是国王,0.3%,57.69,4,1.9%,4.2%
22617,我是医生,0.2%,53.41,104,<0.1%,100%
22618,银河护卫队2,0.2%,44.00,11,0.4%,13.7%
22619,拆弹·专家,0.1%,25.03,31,<0.1%,41.4%
22620,银河守卫队,0.1%,22.76,3,1.2%,2.6%
22621,20:16,<0.1%,17.78,75,<0.1%,50.9%
22622,速度与激情8,<0.1%,12.04,7,0.2%,9.5%
22623,诡异酒楼,<0.1%,10.42,4,0.4%,4.9%
22624,蓝精灵：寻找神秘村,<0.1%,8.52,17,<0.1%,22.4%
22625,毒。诫,<0.1%,4.14,13,<0.1%,32.7%
22626,和田玉传奇,<0.1%,2.74,306,<0.1%,64.6%
22627,当怪物来敲门,<0.1%,2.44,3,0.1%,4.0%
22628,猪猪侠之英雄猪少年,<0.1%,2.00,53,<0.1%,76.0%
22629,塔克拉玛干的鼓声,<0.1%,1.78,22,<0.1%,65.1%
22630,亚瑟王：斗兽争霸,<0.1%,1.67,3,<0.1%,4.2%
22631,守护者：世纪战元,<0.1%,1.63,1,0.2%,1.6%
22632,春娇救志明,<0.1%,1.54,7,<0.1%,13.2%
22633,放学后,<0.1%,1.46,17,<0.1%,19.4%
22634,记忆大师,<0.1%,1.03,5,<0.1%,8.8%
22635,抢红,<0.1%,1.01,1,0.1%,2.0%
22636,加勒比海盗5：死无对证,68.6%,18577.89,42,45.7%,27.9%
22637,摔跤吧！爸爸,16.6%,4506.96,47,12.2%,44.2%
22638,荡寇风云,4.7%,1289.00,15,10.1%,15.0%
22639,“吃吃”的爱,2.2%,617.61,10,7.3%,10.1%
22640,三只小猪2,1.4%,389.35,12,4.2%,12.2%
22641,临时演员,1.0%,286.09,8,4.9%,8.0%
22642,我的爸爸是国王,0.8%,234.76,12,2.3%,12.1%
22643,夏天19岁的肖像,0.8%,219.57,8,4.0%,7.9%
22644,异星觉醒,0.7%,205.64,24,0.9%,28.4%
22645,潜艇总动员之时光宝盒,0.7%,192.07,13,2.0%,13.2%
22646,银河护卫队2,0.3%,94.94,21,0.4%,26.5%
22647,拆弹·专家,0.3%,82.16,68,0.1%,100%
22648,银河守卫队,0.2%,80.45,7,1.4%,6.9%
22649,以爱为名,0.2%,54.81,79,<0.1%,50.2%
22650,功夫小兔侠,0.1%,42.75,7,0.8%,6.4%
22651,速度与激情8,0.1%,33.05,14,0.2%,17.8%
22652,蓝精灵：寻找神秘村,<0.1%,25.09,16,0.1%,18.6%
22653,20:16,<0.1%,20.10,84,<0.1%,63.3%
22654,诡异酒楼,<0.1%,14.29,5,0.4%,6.0%
22655,摩尔庄园2：海妖宝藏,<0.1%,11.68,5,0.3%,5.1%
22656,毒。诫,<0.1%,8.28,30,<0.1%,51.4%
22657,我是医生,<0.1%,6.91,124,<0.1%,100%
22658,重返·狼群,<0.1%,6.75,25,<0.1%,27.9%
22659,龙骑侠,<0.1%,5.02,3,0.3%,2.7%
22660,亚瑟王：斗兽争霸,<0.1%,4.47,7,<0.1%,11.1%
22661,抢红,<0.1%,3.52,7,<0.1%,13.1%
22662,当怪物来敲门,<0.1%,3.42,6,<0.1%,11.0%
22663,超能兔战队,<0.1%,2.95,3,0.1%,2.7%
22664,记忆大师,<0.1%,2.89,10,<0.1%,18.2%
22665,猪猪侠之英雄猪少年,<0.1%,2.75,29,<0.1%,28.6%
22666,喜欢·你,<0.1%,2.54,14,<0.1%,23.1%
22667,超凡战队,<0.1%,2.49,11,<0.1%,15.0%
22668,守护者：世纪战元,<0.1%,2.46,2,0.1%,3.6%
22669,29+1,<0.1%,1.76,67,<0.1%,37.0%
22670,李三娘,<0.1%,1.72,48,<0.1%,100%
22671,春娇救志明,<0.1%,1.63,14,<0.1%,25.5%
22672,碟仙前传,<0.1%,1.14,5,<0.1%,7.3%
22673,加勒比海盗5：死无对证,63.9%,16912.54,40,45.1%,26.2%
22674,摔跤吧！爸爸,21.2%,5618.07,45,16.3%,41.1%
22675,荡寇风云,4.2%,1123.23,15,9.0%,14.9%
22676,“吃吃”的爱,1.9%,512.58,11,5.7%,11.2%
22677,三只小猪2,1.6%,431.43,12,4.5%,12.4%
22678,我的爸爸是国王,1.1%,308.37,16,2.3%,16.4%
22679,异星觉醒,1.0%,289.70,25,1.3%,28.9%
22680,潜艇总动员之时光宝盒,0.9%,254.77,15,2.2%,15.6%
22681,临时演员,0.8%,233.24,8,4.1%,8.1%
22682,夏天19岁的肖像,0.6%,171.77,7,3.5%,7.2%
22683,银河护卫队2,0.5%,142.03,25,0.6%,29.1%
22684,拆弹·专家,0.2%,73.34,55,0.1%,100%
22685,银河守卫队,0.2%,69.96,7,1.2%,7.2%
22686,以爱为名,0.2%,59.44,94,<0.1%,59.9%
22687,速度与激情8,0.2%,53.21,17,0.3%,20.8%
22688,蓝精灵：寻找神秘村,0.1%,35.98,19,0.2%,19.9%
22689,功夫小兔侠,0.1%,29.13,7,0.6%,6.2%
22690,诡异酒楼,<0.1%,19.19,6,0.4%,8.2%
22691,摩尔庄园2：海妖宝藏,<0.1%,10.31,5,0.3%,5.2%
22692,我是医生,<0.1%,8.91,143,<0.1%,100%
22693,重返·狼群,<0.1%,8.69,36,<0.1%,40.7%
22694,20:16,<0.1%,8.31,52,<0.1%,43.5%
22695,亚瑟王：斗兽争霸,<0.1%,7.29,10,<0.1%,16.0%
22696,哆啦A梦：大雄的南极冰冰凉大冒险,<0.1%,5.59,25,<0.1%,23.4%
22697,龙骑侠,<0.1%,4.99,3,0.2%,3.0%
22698,守护者：世纪战元,<0.1%,4.97,6,0.1%,9.0%
22699,抢红,<0.1%,4.72,11,<0.1%,21.0%
22700,不期而遇,<0.1%,4.37,12,<0.1%,17.5%
22701,喜欢·你,<0.1%,4.08,17,<0.1%,26.0%
22702,美容针,<0.1%,3.59,9,<0.1%,12.7%
22703,当怪物来敲门,<0.1%,3.28,5,<0.1%,8.1%
22704,春娇救志明,<0.1%,2.49,19,<0.1%,31.4%
22705,超能兔战队,<0.1%,2.37,3,0.1%,2.9%
22706,记忆大师,<0.1%,2.23,19,<0.1%,32.7%
22707,猪猪侠之英雄猪少年,<0.1%,2.05,33,<0.1%,42.0%
22708,李三娘,<0.1%,1.80,51,<0.1%,100%
22709,碟仙前传,<0.1%,1.44,5,<0.1%,7.4%
22710,中国推销员,<0.1%,1.32,204,<0.1%,100.0%
22711,毒。诫,<0.1%,1.25,6,<0.1%,16.0%
22712,加勒比海盗5：死无对证,55.3%,12418.29,32,41.7%,20.9%
22713,摔跤吧！爸爸,19.6%,4409.73,35,16.7%,31.5%
22714,哆啦A梦：大雄的南极冰冰凉大冒险,15.0%,3389.66,26,17.6%,24.5%
22715,荡寇风云,3.1%,710.31,14,6.4%,14.5%
22716,“吃吃”的爱,1.2%,280.18,10,3.5%,10.5%
22717,异星觉醒,0.7%,179.57,18,1.1%,20.3%
22718,三只小猪2,0.7%,170.33,10,2.2%,10.6%
22719,我的爸爸是国王,0.7%,163.44,18,1.0%,19.1%
22720,临时演员,0.5%,134.03,7,2.6%,7.5%
22721,潜艇总动员之时光宝盒,0.4%,106.56,13,1.1%,14.4%
22722,银河护卫队2,0.4%,106.37,21,0.5%,24.5%
22723,夏天19岁的肖像,0.3%,84.71,5,2.2%,6.1%
22724,以爱为名,0.2%,64.96,101,<0.1%,62.6%
22725,拆弹·专家,0.2%,58.30,61,<0.1%,100%
22726,速度与激情8,0.2%,49.81,17,0.3%,21.3%
22727,诡异酒楼,<0.1%,16.82,6,0.4%,7.3%
22728,银河守卫队,<0.1%,16.28,6,0.3%,6.9%
22729,蓝精灵：寻找神秘村,<0.1%,14.79,20,<0.1%,24.1%
22730,重返·狼群,<0.1%,8.88,45,<0.1%,50.8%
22731,功夫小兔侠,<0.1%,7.10,5,0.2%,4.3%
22732,20:16,<0.1%,7.06,55,<0.1%,45.8%
22733,我是医生,<0.1%,6.12,134,<0.1%,100%
22734,亚瑟王：斗兽争霸,<0.1%,5.21,7,<0.1%,13.2%
22735,摩尔庄园2：海妖宝藏,<0.1%,2.40,3,0.1%,3.3%
22736,春娇救志明,<0.1%,2.35,19,<0.1%,28.3%
22737,当怪物来敲门,<0.1%,2.28,6,<0.1%,10.2%
22738,李三娘,<0.1%,2.11,60,<0.1%,100%
22739,抢红,<0.1%,2.04,7,<0.1%,14.3%
22740,守护者：世纪战元,<0.1%,1.96,3,<0.1%,4.0%
22741,29+1,<0.1%,1.90,105,<0.1%,63.6%
22742,中国推销员,<0.1%,1.75,147,<0.1%,99.5%
22743,喜欢·你,<0.1%,1.72,10,<0.1%,17.9%
22744,猪猪侠之英雄猪少年,<0.1%,1.64,37,<0.1%,45.8%
22745,碟仙前传,<0.1%,1.59,6,<0.1%,7.7%
22746,龙骑侠,<0.1%,1.37,2,0.1%,2.2%
22747,记忆大师,<0.1%,1.25,18,<0.1%,24.8%
22748,加勒比海盗5：死无对证,56.0%,4214.49,12,42.3%,7.9%
22749,摔跤吧！爸爸,17.8%,1339.62,12,17.5%,10.1%
22750,哆啦A梦：大雄的南极冰冰凉大冒险,8.9%,671.51,7,15.4%,6.0%
22751,荡寇风云,4.4%,337.16,7,7.2%,6.5%
22752,神奇女侠,3.3%,254.60,223,<0.1%,63.5%
22753,“吃吃”的爱,2.0%,150.72,5,4.2%,5.2%
22754,异星觉醒,0.9%,71.07,7,1.4%,7.3%
22755,临时演员,0.9%,69.62,4,3.0%,3.7%
22756,我的爸爸是国王,0.8%,61.50,12,0.7%,13.3%
22757,以爱为名,0.8%,60.44,92,<0.1%,57.9%
22758,拆弹·专家,0.7%,54.38,53,0.1%,81.6%
22759,我是医生,0.6%,46.87,106,<0.1%,100%
22760,银河护卫队2,0.5%,38.25,7,0.6%,8.3%
22761,夏天19岁的肖像,0.4%,36.42,3,2.4%,2.5%
22762,速度与激情8,0.2%,18.74,6,0.4%,7.5%
22763,三只小猪2,0.2%,17.98,2,1.4%,2.0%
22764,潜艇总动员之时光宝盒,0.1%,13.70,4,0.6%,3.6%
22765,诡异酒楼,0.1%,9.95,4,0.5%,4.1%
22766,20:16,<0.1%,6.40,50,<0.1%,41.4%
22767,银河守卫队,<0.1%,5.89,5,0.2%,4.7%
22768,和田玉传奇,<0.1%,5.21,77,<0.1%,76.4%
22769,超凡战队,<0.1%,3.96,17,<0.1%,50.4%
22770,蓝精灵：寻找神秘村,<0.1%,3.07,10,<0.1%,10.6%
22771,重返·狼群,<0.1%,2.24,345,<0.1%,--
22772,亚瑟王：斗兽争霸,<0.1%,1.85,3,<0.1%,4.0%
22773,守护者：世纪战元,<0.1%,1.80,2,0.1%,3.1%
22774,提着心，吊着胆,<0.1%,1.76,31,<0.1%,70.6%
22775,宝贝，再爱我一次,<0.1%,1.24,35,<0.1%,100%
22776,春娇救志明,<0.1%,1.17,8,<0.1%,10.8%
22777,碟仙前传,<0.1%,1.13,5,<0.1%,6.2%
22778,当怪物来敲门,<0.1%,1.13,3,<0.1%,4.6%
22779,加勒比海盗5：死无对证,35.8%,5915.33,19,35.5%,12.5%
22780,哆啦A梦：大雄的南极冰冰凉大冒险,27.8%,4592.14,30,21.1%,25.4%
22781,摔跤吧！爸爸,19.6%,3244.09,27,16.7%,23.8%
22782,三只小猪2,3.0%,503.48,17,3.9%,17.0%
22783,神奇女侠,2.7%,448.80,30,1.6%,15.2%
22784,潜艇总动员之时光宝盒,2.1%,356.67,23,2.1%,23.0%
22785,我的爸爸是国王,2.1%,355.71,21,2.1%,21.2%
22786,荡寇风云,1.7%,295.69,8,4.9%,7.9%
22787,“吃吃”的爱,0.7%,126.90,6,2.5%,6.7%
22788,以爱为名,0.4%,78.76,118,<0.1%,72.9%
22789,银河护卫队2,0.4%,75.70,16,0.5%,18.6%
22790,异星觉醒,0.4%,73.73,9,1.0%,9.6%
22791,蓝精灵：寻找神秘村,0.4%,71.92,32,0.2%,33.0%
22792,临时演员,0.3%,61.50,5,1.8%,5.1%
22793,功夫小兔侠,0.2%,47.45,10,0.7%,10.3%
22794,拆弹·专家,0.2%,45.39,53,<0.1%,86.8%
22795,银河守卫队,0.2%,44.58,10,0.5%,10.3%
22796,夏天19岁的肖像,0.1%,28.45,3,1.4%,3.2%
22797,速度与激情8,0.1%,24.88,9,0.3%,11.3%
22798,摩尔庄园2：海妖宝藏,<0.1%,12.34,8,0.2%,8.2%
22799,诡异酒楼,<0.1%,9.56,4,0.4%,4.6%
22800,龙骑侠,<0.1%,7.85,6,0.1%,7.3%
22801,红军小学,<0.1%,6.88,12,<0.1%,15.2%
22802,超能兔战队,<0.1%,6.80,7,0.1%,8.6%
22803,20:16,<0.1%,6.27,54,<0.1%,47.3%
22804,当怪物来敲门,<0.1%,5.43,9,<0.1%,11.8%
22805,猪猪侠之英雄猪少年,<0.1%,4.90,37,<0.1%,48.8%
22806,重返·狼群,<0.1%,4.10,40,<0.1%,42.7%
22807,李三娘,<0.1%,3.93,84,<0.1%,81.3%
22808,和田玉传奇,<0.1%,2.95,56,<0.1%,72.9%
22809,新大头儿子和小头爸爸2一日成才,<0.1%,2.81,26,<0.1%,38.0%
22810,亚瑟王：斗兽争霸,<0.1%,2.11,4,<0.1%,6.2%
22811,守护者：世纪战元,<0.1%,1.83,3,<0.1%,3.8%
22812,超凡战队,<0.1%,1.66,7,<0.1%,14.8%
22813,大鱼海棠,<0.1%,1.60,18,<0.1%,18.2%
22814,北极星,<0.1%,1.45,5,<0.1%,7.6%
22815,哆啦A梦：新·大雄的日本诞生,<0.1%,1.44,12,<0.1%,21.7%
22816,春娇救志明,<0.1%,1.42,12,<0.1%,17.1%
22817,美容针,<0.1%,1.24,5,<0.1%,9.4%
22818,放学后,<0.1%,1.24,38,<0.1%,40.8%
22819,碟仙前传,<0.1%,1.17,5,<0.1%,6.0%
22820,我是医生,<0.1%,1.11,31,<0.1%,100%
22821,神奇女侠,57.5%,7401.72,25,35.4%,16.3%
22822,加勒比海盗5：死无对证,22.6%,2909.85,16,22.8%,12.1%
22823,摔跤吧！爸爸,9.1%,1182.98,16,10.9%,15.1%
22824,美好的意外,3.3%,432.69,9,7.6%,8.9%
22825,哆啦A梦：大雄的南极冰冰凉大冒险,2.7%,354.69,8,7.1%,7.4%
22826,迷失Z城,1.4%,183.96,4,7.6%,3.8%
22827,以爱为名,0.5%,69.41,110,<0.1%,68.6%
22828,荡寇风云,0.3%,50.03,5,1.3%,5.8%
22829,拆弹·专家,0.3%,44.72,67,<0.1%,100%
22830,我的爸爸是国王,0.3%,42.10,18,0.3%,21.4%
22831,29+1,0.2%,35.93,3,1.8%,2.8%
22832,惊门,0.2%,27.71,10,0.3%,11.8%
22833,“吃吃”的爱,0.1%,25.70,6,0.5%,6.9%
22834,异星觉醒,0.1%,19.03,7,0.3%,9.4%
22835,银河护卫队2,<0.1%,11.27,8,0.1%,10.5%
22836,三只小猪2,<0.1%,10.53,3,0.6%,2.9%
22837,临时演员,<0.1%,7.77,3,0.5%,2.7%
22838,速度与激情8,<0.1%,7.04,6,0.1%,7.9%
22839,我是医生,<0.1%,6.84,161,<0.1%,100%
22840,夏天19岁的肖像,<0.1%,6.10,4,0.2%,4.7%
22841,潜艇总动员之时光宝盒,<0.1%,4.87,3,0.2%,3.0%
22842,和田玉传奇,<0.1%,4.41,235,<0.1%,57.7%
22843,诡异酒楼,<0.1%,3.87,3,0.2%,4.7%
22844,超能兔战队,<0.1%,2.42,12,<0.1%,15.3%
22845,红军小学,<0.1%,2.02,12,<0.1%,19.0%
22846,20:16,<0.1%,1.61,47,<0.1%,100%
22847,塔克拉玛干的鼓声,<0.1%,1.55,24,<0.1%,100%
22848,老师也疯狂,<0.1%,1.38,462,<0.1%,--
22849,龙骑侠,<0.1%,1.34,6,<0.1%,9.0%
22850,蓝精灵：寻找神秘村,<0.1%,1.13,7,<0.1%,8.3%
22851,神奇女侠,49.9%,10267.43,33,35.0%,21.4%
22852,加勒比海盗5：死无对证,24.6%,5059.47,27,21.9%,21.4%
22853,摔跤吧！爸爸,13.3%,2736.43,29,12.8%,27.4%
22854,哆啦A梦：大雄的南极冰冰凉大冒险,6.2%,1293.81,17,10.8%,16.6%
22855,美好的意外,1.9%,391.79,10,5.7%,10.5%
22856,迷失Z城,0.7%,146.12,5,4.8%,4.7%
22857,荡寇风云,0.5%,108.70,12,1.0%,14.4%
22858,三只小猪2,0.3%,70.06,8,1.3%,7.8%
22859,我的爸爸是国王,0.3%,68.31,13,0.6%,13.7%
22860,以爱为名,0.3%,62.14,97,<0.1%,58.3%
22861,拆弹·专家,0.2%,48.20,71,<0.1%,100%
22862,潜艇总动员之时光宝盒,0.2%,45.39,9,0.7%,10.1%
22863,异星觉醒,0.1%,34.64,13,0.3%,16.2%
22864,“吃吃”的爱,0.1%,31.25,9,0.4%,11.0%
22865,29+1,0.1%,31.24,4,1.0%,4.3%
22866,银河护卫队2,0.1%,27.06,14,0.2%,18.4%
22867,惊门,<0.1%,19.85,8,0.3%,9.4%
22868,速度与激情8,<0.1%,16.32,12,0.1%,14.8%
22869,临时演员,<0.1%,10.40,4,0.4%,4.6%
22870,夏天19岁的肖像,<0.1%,9.93,7,0.2%,9.4%
22871,蓝精灵：寻找神秘村,<0.1%,9.01,12,<0.1%,13.6%
22872,重返·狼群,<0.1%,6.55,29,<0.1%,30.0%
22873,诡异酒楼,<0.1%,6.00,4,0.2%,6.7%
22874,银河守卫队,<0.1%,3.90,5,0.1%,6.6%
22875,功夫小兔侠,<0.1%,2.54,4,0.1%,4.3%
22876,猪猪侠之英雄猪少年,<0.1%,2.42,20,<0.1%,23.9%
22877,小茜当家,<0.1%,2.35,8,<0.1%,7.8%
22878,李三娘,<0.1%,1.90,36,<0.1%,73.3%
22879,20:16,<0.1%,1.83,51,<0.1%,68.5%
22880,千锤百炼,<0.1%,1.40,63,<0.1%,100%
22881,红军小学,<0.1%,1.37,9,<0.1%,13.8%
22882,守护者：世纪战元,<0.1%,1.16,3,<0.1%,4.2%
22883,亚瑟王：斗兽争霸,<0.1%,1.12,4,<0.1%,5.5%
22884,我是医生,<0.1%,1.00,74,<0.1%,100%
22885,神奇女侠,47.7%,8249.37,27,34.7%,17.3%
22886,加勒比海盗5：死无对证,24.7%,4275.35,23,22.3%,18.1%
22887,摔跤吧！爸爸,14.2%,2458.25,25,13.8%,23.0%
22888,哆啦A梦：大雄的南极冰冰凉大冒险,6.9%,1206.88,16,10.8%,15.5%
22889,美好的意外,1.5%,259.61,7,5.2%,7.5%
22890,荡寇风云,0.8%,140.38,15,1.1%,16.9%
22891,迷失Z城,0.7%,128.52,5,4.2%,4.9%
22892,三只小猪2,0.4%,81.66,8,1.4%,8.7%
22893,我的爸爸是国王,0.4%,77.59,14,0.7%,14.6%
22894,以爱为名,0.3%,67.11,107,<0.1%,65.6%
22895,潜艇总动员之时光宝盒,0.3%,52.97,11,0.7%,11.6%
22896,拆弹·专家,0.2%,39.08,64,<0.1%,100%
22897,“吃吃”的爱,0.1%,30.58,9,0.4%,11.0%
22898,29+1,0.1%,28.18,5,0.8%,4.6%
22899,异星觉醒,0.1%,27.80,10,0.3%,11.9%
22900,银河护卫队2,0.1%,25.96,13,0.2%,15.8%
22901,速度与激情8,0.1%,18.47,12,0.2%,14.5%
22902,蓝精灵：寻找神秘村,<0.1%,10.93,13,0.1%,15.6%
22903,惊门,<0.1%,10.74,5,0.3%,5.3%
22904,临时演员,<0.1%,9.17,3,0.4%,4.0%
22905,重返·狼群,<0.1%,8.87,35,<0.1%,36.5%
22906,夏天19岁的肖像,<0.1%,6.25,4,0.2%,6.0%
22907,诡异酒楼,<0.1%,5.30,4,0.2%,5.9%
22908,功夫小兔侠,<0.1%,3.20,5,0.1%,6.0%
22909,猪猪侠之英雄猪少年,<0.1%,2.79,25,<0.1%,26.0%
22910,提着心，吊着胆,<0.1%,2.67,49,<0.1%,100%
22911,内心引力,<0.1%,2.38,180,<0.1%,97.2%
22912,银河守卫队,<0.1%,2.06,3,0.1%,3.8%
22913,亚瑟王：斗兽争霸,<0.1%,1.53,5,<0.1%,7.1%
22914,李三娘,<0.1%,1.49,30,<0.1%,97.0%
22915,我是医生,<0.1%,1.45,97,<0.1%,100%
22916,20:16,<0.1%,1.41,74,<0.1%,100%
22917,神奇女侠,50.3%,3339.03,12,35.6%,7.7%
22918,加勒比海盗5：死无对证,26.8%,1781.22,10,24.3%,7.8%
22919,摔跤吧！爸爸,12.1%,806.39,9,14.1%,8.5%
22920,哆啦A梦：大雄的南极冰冰凉大冒险,2.3%,153.82,4,7.4%,3.2%
22921,美好的意外,2.0%,138.41,4,5.7%,4.0%
22922,荡寇风云,1.9%,131.77,10,1.7%,10.5%
22923,以爱为名,0.9%,66.03,108,<0.1%,65.1%
22924,迷失Z城,0.8%,58.33,3,4.5%,2.2%
22925,拆弹·专家,0.4%,31.62,46,<0.1%,79.8%
22926,“吃吃”的爱,0.3%,21.81,5,0.6%,5.2%
22927,异星觉醒,0.2%,15.86,5,0.5%,5.0%
22928,速度与激情8,0.2%,13.87,7,0.3%,7.8%
22929,29+1,0.2%,13.58,3,0.9%,2.5%
22930,惊门,0.1%,8.28,4,0.4%,3.8%
22931,临时演员,0.1%,7.77,3,0.5%,2.7%
22932,我的爸爸是国王,0.1%,6.67,4,0.3%,4.1%
22933,我是医生,<0.1%,4.19,73,<0.1%,100%
22934,夏天19岁的肖像,<0.1%,4.15,2,0.3%,2.6%
22935,忠爱无言,<0.1%,3.99,92,<0.1%,76.4%
22936,诡异酒楼,<0.1%,3.84,3,0.2%,4.0%
22937,和田玉传奇,<0.1%,3.34,372,<0.1%,57.5%
22938,三只小猪2,<0.1%,2.95,1,0.5%,0.9%
22939,潜艇总动员之时光宝盒,<0.1%,2.02,2,0.2%,1.2%
22940,亚瑟王：斗兽争霸,<0.1%,1.03,3,<0.1%,3.4%
22941,神奇女侠,49.0%,3282.71,12,35.4%,7.8%
22942,加勒比海盗5：死无对证,27.0%,1809.94,10,24.6%,8.0%
22943,摔跤吧！爸爸,12.7%,851.49,10,14.7%,8.6%
22944,哆啦A梦：大雄的南极冰冰凉大冒险,2.4%,167.17,4,7.2%,3.7%
22945,美好的意外,2.0%,137.79,4,5.4%,4.2%
22946,荡寇风云,1.9%,131.85,9,1.8%,10.3%
22947,异形：契约,1.0%,67.16,289,<0.1%,84.9%
22948,迷失Z城,0.8%,59.21,3,4.3%,2.5%
22949,以爱为名,0.5%,37.78,98,<0.1%,63.9%
22950,“吃吃”的爱,0.3%,22.81,5,0.7%,5.1%
22951,拆弹·专家,0.3%,21.33,32,<0.1%,58.6%
22952,异星觉醒,0.2%,17.98,5,0.5%,5.5%
22953,速度与激情8,0.2%,14.47,6,0.3%,7.2%
22954,29+1,0.1%,11.07,3,0.7%,2.6%
22955,临时演员,0.1%,8.43,3,0.6%,2.7%
22956,我的爸爸是国王,0.1%,8.39,5,0.2%,4.7%
22957,惊门,0.1%,7.63,4,0.4%,3.6%
22958,夏天19岁的肖像,<0.1%,5.44,3,0.3%,3.3%
22959,我是医生,<0.1%,4.47,74,<0.1%,100%
22960,诡异酒楼,<0.1%,4.09,3,0.2%,4.1%
22961,和田玉传奇,<0.1%,3.97,493,<0.1%,76.2%
22962,三只小猪2,<0.1%,2.58,1,0.5%,0.9%
22963,银河守卫队,<0.1%,2.25,11,<0.1%,22.2%
22964,潜艇总动员之时光宝盒,<0.1%,1.71,2,0.2%,1.3%
22965,麻烦家族,<0.1%,1.57,20,<0.1%,27.0%
22966,谁知道,<0.1%,1.52,254,<0.1%,100.0%
22967,亚瑟王：斗兽争霸,<0.1%,1.06,3,<0.1%,3.5%
22968,神奇女侠,48.5%,2910.22,11,35.3%,6.9%
22969,加勒比海盗5：死无对证,27.0%,1623.97,9,24.8%,7.1%
22970,摔跤吧！爸爸,13.1%,791.36,9,15.1%,7.8%
22971,哆啦A梦：大雄的南极冰冰凉大冒险,2.7%,166.89,4,7.1%,3.7%
22972,荡寇风云,2.1%,128.84,9,1.8%,9.9%
22973,美好的意外,2.0%,124.52,4,5.2%,4.0%
22974,迷失Z城,0.8%,51.08,3,4.1%,2.2%
22975,“吃吃”的爱,0.3%,19.59,4,0.7%,4.3%
22976,异星觉醒,0.3%,18.83,5,0.5%,5.4%
22977,速度与激情8,0.2%,14.97,6,0.3%,6.8%
22978,临时演员,0.1%,9.96,3,0.6%,3.0%
22979,29+1,0.1%,9.77,3,0.6%,2.5%
22980,我是医生,0.1%,7.46,60,<0.1%,61.9%
22981,拆弹·专家,0.1%,6.86,14,<0.1%,16.1%
22982,惊门,0.1%,6.82,3,0.4%,3.1%
22983,我的爸爸是国王,0.1%,6.25,4,0.2%,4.1%
22984,和田玉传奇,0.1%,6.05,228,<0.1%,47.4%
22985,夏天19岁的肖像,<0.1%,5.76,3,0.3%,3.4%
22986,诡异酒楼,<0.1%,3.66,3,0.2%,3.6%
22987,三只小猪2,<0.1%,3.33,1,0.5%,1.1%
22988,潜艇总动员之时光宝盒,<0.1%,2.10,2,0.2%,1.6%
22989,以爱为名,<0.1%,1.61,77,<0.1%,100%
22990,李三娘,<0.1%,1.15,30,<0.1%,83.9%
22991,猪猪侠之英雄猪少年,<0.1%,1.07,9,<0.1%,10.1%
22992,此情此刻,<0.1%,1.05,43,<0.1%,32.0%
22993,神奇女侠,39.6%,2525.44,10,34.3%,6.1%
22994,加勒比海盗5：死无对证,24.2%,1545.49,9,24.4%,6.7%
22995,新木乃伊,14.3%,912.51,52,2.2%,27.3%
22996,摔跤吧！爸爸,11.7%,750.95,8,15.1%,7.2%
22997,哆啦A梦：大雄的南极冰冰凉大冒险,2.1%,138.67,4,6.8%,3.2%
22998,美好的意外,1.8%,117.30,4,5.0%,3.8%
22999,荡寇风云,1.7%,111.39,8,1.8%,8.5%
23000,迷失Z城,0.6%,44.42,2,3.8%,2.0%
23001,“吃吃”的爱,0.3%,21.08,4,0.7%,4.6%
23002,速度与激情8,0.2%,15.79,6,0.4%,6.5%
23003,异星觉醒,0.2%,14.92,4,0.5%,4.2%
23004,我的爸爸是国王,0.2%,13.19,7,0.2%,7.2%
23005,我是医生,0.1%,10.53,77,<0.1%,55.1%
23006,临时演员,0.1%,9.51,3,0.6%,2.9%
23007,29+1,0.1%,8.53,3,0.5%,2.5%
23008,惊门,<0.1%,6.33,3,0.4%,3.1%
23009,夏天19岁的肖像,<0.1%,5.24,3,0.3%,2.8%
23010,诡异酒楼,<0.1%,3.52,3,0.2%,3.8%
23011,李雷和韩梅梅——昨日重现,<0.1%,3.46,10,<0.1%,10.8%
23012,当怪物来敲门,<0.1%,2.92,10,<0.1%,14.2%
23013,和田玉传奇,<0.1%,2.89,151,<0.1%,68.9%
23014,三只小猪2,<0.1%,2.78,1,0.4%,1.0%
23015,潜艇总动员之时光宝盒,<0.1%,2.67,2,0.2%,1.9%
23016,拆弹·专家,<0.1%,2.33,6,<0.1%,5.8%
23017,猪猪侠之英雄猪少年,<0.1%,2.14,16,<0.1%,16.2%
23018,李三娘,<0.1%,1.64,31,<0.1%,100%
23019,新木乃伊,67.2%,12003.99,33,40.1%,20.8%
23020,神奇女侠,12.4%,2230.20,16,15.3%,12.9%
23021,加勒比海盗5：死无对证,6.8%,1222.02,13,10.7%,12.1%
23022,李雷和韩梅梅——昨日重现,6.6%,1187.63,11,14.2%,12.6%
23023,摔跤吧！爸爸,4.0%,716.59,14,7.0%,13.7%
23024,哆啦A梦：大雄的南极冰冰凉大冒险,0.5%,101.82,6,2.6%,5.6%
23025,碟仙之毕业照,0.4%,71.80,6,1.8%,5.5%
23026,荡寇风云,0.3%,55.39,19,0.3%,24.5%
23027,异兽来袭,0.1%,34.52,6,0.8%,6.0%
23028,麻辣学院,0.1%,30.47,3,1.9%,2.6%
23029,美好的意外,0.1%,22.44,7,0.3%,9.5%
23030,我是医生,<0.1%,13.92,72,<0.1%,70.9%
23031,我的爸爸是国王,<0.1%,12.69,9,0.1%,8.8%
23032,忠爱无言,<0.1%,11.51,3,0.6%,3.0%
23033,我心雀跃,<0.1%,9.12,2,0.9%,1.3%
23034,此情此刻,<0.1%,8.73,2,0.6%,1.9%
23035,速度与激情8,<0.1%,6.83,6,0.1%,7.6%
23036,和田玉传奇,<0.1%,4.82,202,<0.1%,49.1%
23037,异星觉醒,<0.1%,4.29,5,0.1%,5.9%
23038,失恋399年,<0.1%,4.28,4,0.1%,4.2%
23039,“吃吃”的爱,<0.1%,3.83,6,<0.1%,8.1%
23040,三只小猪2,<0.1%,2.73,3,0.1%,2.7%
23041,潜艇总动员之时光宝盒,<0.1%,2.37,4,0.1%,4.1%
23042,夏天19岁的肖像,<0.1%,2.26,4,<0.1%,5.3%
23043,迷失Z城,<0.1%,2.21,2,0.2%,1.9%
23044,临时演员,<0.1%,1.67,4,<0.1%,4.9%
23045,29+1,<0.1%,1.35,5,<0.1%,7.1%
23046,功夫小兔侠,<0.1%,1.34,9,<0.1%,15.1%
23047,20:16,<0.1%,1.31,69,<0.1%,71.8%
23048,毒。诫,<0.1%,1.26,21,<0.1%,63.3%
23049,梦幻佳期,<0.1%,1.24,1,0.3%,0.6%
23050,银河守卫队,<0.1%,1.12,11,<0.1%,20.4%
23051,新木乃伊,57.9%,13140.76,33,41.1%,21.1%
23052,神奇女侠,16.4%,3732.05,26,15.1%,21.1%
23053,加勒比海盗5：死无对证,9.2%,2105.24,21,10.6%,20.4%
23054,摔跤吧！爸爸,6.4%,1464.06,24,7.5%,25.0%
23055,李雷和韩梅梅——昨日重现,4.5%,1029.42,12,11.7%,13.3%
23056,哆啦A梦：大雄的南极冰冰凉大冒险,2.5%,574.38,14,5.4%,13.6%
23057,异兽来袭,0.3%,82.02,17,0.5%,21.7%
23058,碟仙之毕业照,0.2%,58.64,6,1.5%,5.6%
23059,荡寇风云,0.2%,52.24,18,0.2%,25.3%
23060,忠爱无言,0.2%,47.32,15,0.4%,17.8%
23061,箭士柳白猿,0.1%,38.24,120,<0.1%,100%
23062,我的爸爸是国王,0.1%,34.51,10,0.4%,10.7%
23063,三只小猪2,0.1%,25.68,6,0.5%,6.7%
23064,潜艇总动员之时光宝盒,0.1%,25.26,9,0.3%,10.6%
23065,辣警霸王花,0.1%,23.84,149,<0.1%,100%
23066,美好的意外,<0.1%,18.63,7,0.2%,10.0%
23067,重返·狼群,<0.1%,15.86,16,0.1%,16.1%
23068,内心引力,<0.1%,15.24,7,0.2%,6.6%
23069,速度与激情8,<0.1%,14.21,10,0.1%,12.6%
23070,麻辣学院,<0.1%,13.92,2,1.0%,2.1%
23071,临时演员,<0.1%,11.28,24,<0.1%,22.4%
23072,异星觉醒,<0.1%,7.73,6,0.1%,9.0%
23073,此情此刻,<0.1%,6.74,3,0.2%,3.0%
23074,我心雀跃,<0.1%,6.43,2,0.4%,2.2%
23075,“吃吃”的爱,<0.1%,5.31,7,<0.1%,8.5%
23076,中国推销员,<0.1%,5.26,73,<0.1%,62.5%
23077,蓝精灵：寻找神秘村,<0.1%,4.95,11,<0.1%,12.4%
23078,六人晚餐,<0.1%,3.89,127,<0.1%,100.0%
23079,迷失Z城,<0.1%,3.28,3,0.1%,3.2%
23080,三人行,<0.1%,3.28,41,<0.1%,50.0%
23081,我是医生,<0.1%,3.13,120,<0.1%,99.3%
23082,猪猪侠之英雄猪少年,<0.1%,2.75,21,<0.1%,23.4%
23083,夏天19岁的肖像,<0.1%,2.40,5,<0.1%,7.4%
23084,29+1,<0.1%,2.37,9,<0.1%,13.6%
23085,李三娘,<0.1%,2.32,59,<0.1%,69.2%
23086,快手枪手快枪手,<0.1%,1.68,30,<0.1%,--
23087,陆垚知马俐,<0.1%,1.68,84,<0.1%,--
23088,冈仁波齐,<0.1%,1.57,132,<0.1%,--
23089,诡异酒楼,<0.1%,1.47,3,0.1%,5.8%
23090,功夫小兔侠,<0.1%,1.10,4,<0.1%,4.0%
23091,新木乃伊,53.0%,9913.15,26,40.6%,16.3%
23092,神奇女侠,17.4%,3259.20,22,15.3%,18.4%
23093,加勒比海盗5：死无对证,9.9%,1859.52,18,11.0%,17.6%
23094,摔跤吧！爸爸,7.1%,1335.93,21,8.2%,21.0%
23095,李雷和韩梅梅——昨日重现,4.7%,885.98,11,10.6%,13.0%
23096,哆啦A梦：大雄的南极冰冰凉大冒险,3.3%,631.53,15,5.6%,14.8%
23097,忠爱无言,1.0%,194.40,26,1.0%,28.2%
23098,异兽来袭,0.4%,88.90,19,0.5%,25.4%
23099,荡寇风云,0.2%,49.61,17,0.2%,24.0%
23100,箭士柳白猿,0.2%,44.56,102,<0.1%,100%
23101,碟仙之毕业照,0.2%,39.38,4,1.3%,4.1%
23102,潜艇总动员之时光宝盒,0.1%,34.74,12,0.4%,13.5%
23103,我的爸爸是国王,0.1%,34.56,10,0.4%,10.6%
23104,三只小猪2,0.1%,33.71,8,0.5%,8.6%
23105,重返·狼群,0.1%,27.01,26,0.1%,27.1%
23106,辣警霸王花,0.1%,19.68,90,<0.1%,63.3%
23107,美好的意外,<0.1%,16.61,7,0.2%,9.5%
23108,速度与激情8,<0.1%,16.16,11,0.1%,13.3%
23109,内心引力,<0.1%,13.79,8,0.1%,7.5%
23110,迷失Z城,<0.1%,11.24,10,0.1%,11.2%
23111,麻辣学院,<0.1%,11.05,2,0.8%,2.2%
23112,异星觉醒,<0.1%,7.78,6,0.1%,8.0%
23113,我心雀跃,<0.1%,6.25,3,0.3%,2.6%
23114,蓝精灵：寻找神秘村,<0.1%,6.23,13,<0.1%,14.2%
23115,此情此刻,<0.1%,5.91,3,0.2%,3.3%
23116,“吃吃”的爱,<0.1%,4.84,7,<0.1%,8.3%
23117,我是医生,<0.1%,4.46,196,<0.1%,78.0%
23118,猪猪侠之英雄猪少年,<0.1%,2.64,25,<0.1%,28.4%
23119,以爱为名,<0.1%,2.31,70,<0.1%,100%
23120,夏天19岁的肖像,<0.1%,2.19,4,<0.1%,6.4%
23121,20:16,<0.1%,2.11,80,<0.1%,77.9%
23122,29+1,<0.1%,1.91,8,<0.1%,11.0%
23123,临时演员,<0.1%,1.72,4,<0.1%,5.5%
23124,泡沫之夏,<0.1%,1.68,84,<0.1%,100.0%
23125,谁知道,<0.1%,1.65,14,<0.1%,27.3%
23126,诡异酒楼,<0.1%,1.30,2,<0.1%,5.5%
23127,陆垚知马俐,<0.1%,1.26,63,<0.1%,75.0%
23128,三人行,<0.1%,1.20,12,<0.1%,7.3%
23129,功夫小兔侠,<0.1%,1.08,4,<0.1%,3.6%
23130,致青春·原来你还在这里,<0.1%,1.00,17,<0.1%,18.2%
23131,新木乃伊,51.7%,3839.35,11,40.9%,7.0%
23132,神奇女侠,18.0%,1336.18,10,16.6%,7.8%
23133,加勒比海盗5：死无对证,10.9%,815.16,8,12.4%,7.6%
23134,摔跤吧！爸爸,6.6%,492.04,8,9.0%,7.7%
23135,李雷和韩梅梅——昨日重现,3.4%,253.30,5,8.4%,4.5%
23136,忠爱无言,2.4%,183.06,13,2.2%,12.6%
23137,异兽来袭,1.0%,80.61,19,0.5%,26.4%
23138,哆啦A梦：大雄的南极冰冰凉大冒险,0.8%,59.63,3,2.9%,3.0%
23139,荡寇风云,0.5%,42.43,14,0.3%,19.2%
23140,箭士柳白猿,0.4%,33.78,77,<0.1%,86.7%
23141,碟仙之毕业照,0.4%,29.65,3,1.4%,3.3%
23142,辣警霸王花,0.2%,19.36,89,<0.1%,62.3%
23143,美好的意外,0.1%,11.94,4,0.3%,5.7%
23144,速度与激情8,0.1%,9.75,6,0.2%,7.0%
23145,我的爸爸是国王,0.1%,8.29,6,0.2%,5.5%
23146,神农溪之恋漂洋过海来爱你,0.1%,8.13,2,0.6%,2.1%
23147,和田玉传奇,0.1%,8.12,130,<0.1%,100%
23148,内心引力,<0.1%,7.32,7,0.1%,7.4%
23149,麻辣学院,<0.1%,4.74,1,0.8%,0.9%
23150,异星觉醒,<0.1%,4.35,4,0.1%,4.5%
23151,我心雀跃,<0.1%,3.13,2,0.3%,1.3%
23152,中国推销员,<0.1%,2.65,219,<0.1%,--
23153,“吃吃”的爱,<0.1%,2.54,4,<0.1%,4.5%
23154,我是医生,<0.1%,2.42,73,<0.1%,100%
23155,此情此刻,<0.1%,2.09,2,0.2%,1.2%
23156,快手枪手快枪手,<0.1%,1.90,21,<0.1%,32.2%
23157,迷失Z城,<0.1%,1.87,2,0.2%,1.5%
23158,夏天19岁的肖像,<0.1%,1.64,3,<0.1%,3.5%
23159,潜艇总动员之时光宝盒,<0.1%,1.43,2,0.1%,1.8%
23160,29+1,<0.1%,1.29,5,<0.1%,6.3%
23161,重返·狼群,<0.1%,1.18,79,<0.1%,100%
23162,临时演员,<0.1%,1.03,3,<0.1%,2.9%
23163,新木乃伊,47.9%,3125.40,10,40.0%,6.0%
23164,神奇女侠,18.9%,1234.72,9,16.7%,7.4%
23165,加勒比海盗5：死无对证,11.9%,779.56,8,12.7%,7.3%
23166,摔跤吧！爸爸,7.3%,476.59,8,9.2%,7.6%
23167,忠爱无言,3.6%,237.72,10,3.7%,9.8%
23168,李雷和韩梅梅——昨日重现,3.3%,221.55,5,7.4%,4.7%
23169,异兽来袭,1.2%,80.77,21,0.5%,30.8%
23170,哆啦A梦：大雄的南极冰冰凉大冒险,0.7%,52.12,3,2.8%,2.9%
23171,荡寇风云,0.5%,34.31,11,0.3%,15.0%
23172,碟仙之毕业照,0.4%,26.59,3,1.4%,3.2%
23173,箭士柳白猿,0.4%,26.58,61,<0.1%,68.2%
23174,和田玉传奇,0.2%,14.06,48,<0.1%,55.6%
23175,辣警霸王花,0.1%,12.04,55,<0.1%,38.8%
23176,美好的意外,0.1%,11.35,4,0.3%,5.6%
23177,速度与激情8,0.1%,9.23,6,0.2%,7.2%
23178,我的爸爸是国王,0.1%,7.06,5,0.1%,5.1%
23179,内心引力,<0.1%,5.99,6,0.1%,6.4%
23180,变形金刚5：最后的骑士,<0.1%,5.54,411,<0.1%,100.0%
23181,我是医生,<0.1%,5.47,72,<0.1%,78.8%
23182,重返·狼群,<0.1%,5.30,3,0.3%,2.3%
23183,神农溪之恋漂洋过海来爱你,<0.1%,5.22,2,0.5%,2.0%
23184,麻辣学院,<0.1%,5.17,2,0.5%,1.4%
23185,异星觉醒,<0.1%,4.74,4,0.1%,4.6%
23186,爱情开始的地方之遇见,<0.1%,2.78,2,0.2%,1.5%
23187,“吃吃”的爱,<0.1%,2.60,4,<0.1%,4.2%
23188,我心雀跃,<0.1%,2.55,2,0.2%,1.5%
23189,此情此刻,<0.1%,2.34,2,0.1%,1.8%
23190,十七岁的雨季,<0.1%,1.72,345,<0.1%,--
23191,所以……和黑粉结婚了,<0.1%,1.38,69,<0.1%,42.0%
23192,潜艇总动员之时光宝盒,<0.1%,1.33,2,0.1%,1.9%
23193,迷失Z城,<0.1%,1.30,1,0.2%,1.2%
23194,临时演员,<0.1%,1.21,3,<0.1%,3.4%
23195,抢红,<0.1%,1.18,19,<0.1%,29.4%
23196,夏天19岁的肖像,<0.1%,1.15,2,<0.1%,2.8%
23197,艺术也疯狂,<0.1%,1.14,143,<0.1%,100.0%
23198,新木乃伊,45.7%,2749.68,9,39.5%,5.4%
23199,神奇女侠,19.2%,1156.26,9,16.9%,6.8%
23200,加勒比海盗5：死无对证,12.4%,750.11,8,12.9%,6.9%
23201,摔跤吧！爸爸,7.4%,448.62,7,9.3%,7.1%
23202,忠爱无言,4.2%,257.49,9,4.5%,8.8%
23203,李雷和韩梅梅——昨日重现,3.3%,203.36,5,6.9%,4.6%
23204,异兽来袭,1.3%,84.12,22,0.5%,32.5%
23205,哆啦A梦：大雄的南极冰冰凉大冒险,0.7%,47.89,3,2.6%,2.8%
23206,荡寇风云,0.5%,35.86,13,0.3%,16.7%
23207,碟仙之毕业照,0.4%,26.50,3,1.4%,3.1%
23208,箭士柳白猿,0.3%,21.88,50,<0.1%,56.2%
23209,辣警霸王花,0.1%,10.60,49,<0.1%,34.1%
23210,美好的意外,0.1%,10.55,4,0.3%,5.0%
23211,我的爸爸是国王,0.1%,10.50,8,0.1%,7.7%
23212,重返·狼群,0.1%,10.14,4,0.4%,3.2%
23213,和田玉传奇,0.1%,7.69,25,<0.1%,30.2%
23214,内心引力,<0.1%,5.28,5,0.1%,5.4%
23215,神农溪之恋漂洋过海来爱你,<0.1%,5.25,2,0.4%,2.3%
23216,异星觉醒,<0.1%,4.25,3,0.1%,3.9%
23217,麻辣学院,<0.1%,3.89,1,0.5%,1.2%
23218,我是医生,<0.1%,3.09,82,<0.1%,78.6%
23219,我心雀跃,<0.1%,2.80,2,0.2%,1.5%
23220,三人行,<0.1%,2.74,28,<0.1%,16.7%
23221,六人晚餐,<0.1%,2.70,53,<0.1%,55.0%
23222,所以……和黑粉结婚了,<0.1%,2.56,128,<0.1%,78.0%
23223,“吃吃”的爱,<0.1%,2.40,3,<0.1%,4.3%
23224,不期而遇,<0.1%,1.99,36,<0.1%,100%
23225,快手枪手快枪手,<0.1%,1.84,25,<0.1%,31.6%
23226,反转人生,<0.1%,1.75,70,<0.1%,43.9%
23227,临时演员,<0.1%,1.50,3,<0.1%,3.7%
23228,此情此刻,<0.1%,1.46,2,0.1%,1.3%
23229,李三娘,<0.1%,1.34,36,<0.1%,38.3%
23230,猪猪侠之英雄猪少年,<0.1%,1.22,13,<0.1%,17.4%
23231,爱情开始的地方之遇见,<0.1%,1.20,1,0.1%,1.0%
23232,迷失Z城,<0.1%,1.16,1,0.2%,0.9%
23233,潜艇总动员之时光宝盒,<0.1%,1.04,2,0.1%,1.5%
23234,塔克拉玛干的鼓声,<0.1%,1.04,106,<0.1%,100%
23235,三只小猪2,<0.1%,1.03,2,0.1%,1.8%
23236,致青春·原来你还在这里,<0.1%,1.02,18,<0.1%,18.9%
23237,新木乃伊,38.9%,2356.32,8,38.4%,4.7%
23238,神奇女侠,18.1%,1098.15,8,16.7%,6.4%
23239,加勒比海盗5：死无对证,11.9%,723.27,7,12.8%,6.6%
23240,异形：契约,9.5%,578.86,39,1.9%,20.2%
23241,摔跤吧！爸爸,7.2%,439.23,7,9.2%,6.9%
23242,忠爱无言,4.1%,253.01,8,4.9%,7.8%
23243,李雷和韩梅梅——昨日重现,3.0%,185.70,5,6.4%,4.5%
23244,异兽来袭,1.2%,77.10,21,0.4%,31.1%
23245,哆啦A梦：大雄的南极冰冰凉大冒险,0.7%,46.90,3,2.5%,2.8%
23246,箭士柳白猿,0.5%,32.30,74,<0.1%,82.9%
23247,荡寇风云,0.4%,29.35,9,0.3%,11.3%
23248,碟仙之毕业照,0.3%,21.50,3,1.3%,2.7%
23249,辣警霸王花,0.2%,17.94,82,<0.1%,57.7%
23250,重返·狼群,0.1%,11.35,3,0.5%,3.2%
23251,美好的意外,0.1%,8.92,4,0.3%,4.3%
23252,和田玉传奇,0.1%,7.29,33,<0.1%,31.7%
23253,内心引力,<0.1%,4.66,4,0.1%,4.4%
23254,我是医生,<0.1%,4.27,76,<0.1%,99.8%
23255,神农溪之恋漂洋过海来爱你,<0.1%,4.21,2,0.3%,2.1%
23256,异星觉醒,<0.1%,3.58,3,0.1%,3.2%
23257,“吃吃”的爱,<0.1%,3.21,5,<0.1%,6.2%
23258,麻辣学院,<0.1%,2.66,1,0.5%,0.9%
23259,我心雀跃,<0.1%,1.78,1,0.2%,1.1%
23260,艺术也疯狂,<0.1%,1.71,104,<0.1%,--
23261,我们停战吧,<0.1%,1.57,89,<0.1%,68.3%
23262,借眼,<0.1%,1.47,7,<0.1%,7.5%
23263,此情此刻,<0.1%,1.44,2,0.1%,1.5%
23264,迷失Z城,<0.1%,1.36,1,0.1%,1.1%
23265,致青春·原来你还在这里,<0.1%,1.34,23,<0.1%,24.4%
23266,三人行,<0.1%,1.26,13,<0.1%,7.6%
23267,我的爸爸是国王,<0.1%,1.22,1,0.1%,0.9%
23268,潜艇总动员之时光宝盒,<0.1%,1.14,2,0.1%,1.8%
23269,冈仁波齐,<0.1%,1.14,166,<0.1%,100.0%
23270,快手枪手快枪手,<0.1%,1.08,18,<0.1%,17.2%
23271,异形：契约,56.6%,6999.42,23,38.2%,14.7%
23272,新木乃伊,16.3%,2018.81,13,17.6%,10.3%
23273,神奇女侠,8.1%,1003.94,14,8.1%,12.5%
23274,加勒比海盗5：死无对证,3.9%,493.09,11,4.9%,11.7%
23275,摔跤吧！爸爸,3.1%,391.65,14,3.8%,14.5%
23276,中国推销员,2.4%,303.09,6,7.1%,5.7%
23277,重返·狼群,2.1%,261.42,6,5.6%,6.6%
23278,忠爱无言,1.2%,152.80,12,1.8%,12.3%
23279,借眼,1.0%,127.20,6,2.7%,6.5%
23280,异兽来袭,0.6%,85.49,62,0.1%,100%
23281,女人永远是对的,0.6%,74.70,9,1.2%,9.5%
23282,52赫兹，我爱你,0.5%,64.92,7,1.3%,7.2%
23283,六人晚餐,0.3%,42.39,3,2.3%,2.5%
23284,哆啦A梦：大雄的南极冰冰凉大冒险,0.2%,35.50,5,1.0%,5.6%
23285,艺术也疯狂,0.1%,15.15,13,0.1%,15.8%
23286,李雷和韩梅梅——昨日重现,<0.1%,11.45,3,0.5%,3.7%
23287,十七岁的雨季,<0.1%,8.69,3,0.4%,3.4%
23288,美好的意外,<0.1%,8.64,14,<0.1%,25.3%
23289,荡寇风云,<0.1%,7.57,10,0.1%,16.5%
23290,我是医生,<0.1%,7.16,87,<0.1%,60.5%
23291,和田玉传奇,<0.1%,5.79,37,<0.1%,37.9%
23292,我们停战吧,<0.1%,4.95,1,0.7%,1.6%
23293,20:16,<0.1%,4.34,140,<0.1%,100%
23294,碟仙之毕业照,<0.1%,3.99,3,0.2%,2.6%
23295,内心引力,<0.1%,2.93,10,<0.1%,12.1%
23296,反转人生,<0.1%,2.79,139,<0.1%,68.2%
23297,我的爸爸是国王,<0.1%,2.51,3,0.1%,2.7%
23298,29+1,<0.1%,2.20,33,<0.1%,25.7%
23299,潜艇总动员之时光宝盒,<0.1%,1.77,3,<0.1%,3.7%
23300,神农溪之恋漂洋过海来爱你,<0.1%,1.65,5,<0.1%,7.3%
23301,三只小猪2,<0.1%,1.47,2,0.1%,2.3%
23302,北极星,<0.1%,1.30,82,<0.1%,47.0%
23303,猪猪侠之英雄猪少年,<0.1%,1.30,14,<0.1%,19.0%
23304,异形：契约,43.5%,7172.55,22,37.8%,14.4%
23305,新木乃伊,19.5%,3213.96,20,17.8%,16.0%
23306,神奇女侠,11.2%,1846.02,23,8.5%,21.1%
23307,加勒比海盗5：死无对证,5.8%,969.75,19,5.5%,20.0%
23308,摔跤吧！爸爸,5.6%,927.77,24,5.0%,25.2%
23309,重返·狼群,2.6%,428.18,12,4.2%,13.3%
23310,哆啦A梦：大雄的南极冰冰凉大冒险,1.9%,316.93,12,3.5%,13.1%
23311,忠爱无言,1.7%,292.45,18,2.1%,19.2%
23312,中国推销员,1.4%,235.67,5,6.2%,5.1%
23313,青春逗,0.6%,113.33,128,<0.1%,82.2%
23314,异兽来袭,0.5%,95.72,69,0.1%,100%
23315,借眼,0.5%,83.27,6,2.0%,5.7%
23316,六人晚餐,0.2%,47.90,4,1.5%,3.8%
23317,女人永远是对的,0.1%,31.01,6,0.7%,6.8%
23318,潜艇总动员之时光宝盒,0.1%,21.81,10,0.3%,10.9%
23319,52赫兹，我爱你,0.1%,20.44,5,0.5%,5.3%
23320,三只小猪2,0.1%,17.28,6,0.4%,6.7%
23321,李雷和韩梅梅——昨日重现,0.1%,16.91,5,0.5%,5.8%
23322,我的爸爸是国王,<0.1%,14.34,6,0.3%,6.7%
23323,内心引力,<0.1%,11.09,27,<0.1%,32.6%
23324,艺术也疯狂,<0.1%,7.24,7,0.1%,8.9%
23325,荡寇风云,<0.1%,6.52,10,<0.1%,17.8%
23326,美好的意外,<0.1%,6.01,11,<0.1%,24.0%
23327,蓝精灵：寻找神秘村,<0.1%,5.77,11,<0.1%,12.0%
23328,碟仙之毕业照,<0.1%,5.44,4,0.2%,3.6%
23329,十七岁的雨季,<0.1%,4.61,3,0.2%,3.2%
23330,猪猪侠之英雄猪少年,<0.1%,2.69,19,<0.1%,24.9%
23331,我们停战吧,<0.1%,2.42,3,0.1%,2.9%
23332,和田玉传奇,<0.1%,2.25,20,<0.1%,37.4%
23333,20:16,<0.1%,2.12,83,<0.1%,68.6%
23334,反转人生,<0.1%,2.10,176,<0.1%,100.0%
23335,我是医生,<0.1%,1.60,200,<0.1%,100%
23336,李三娘,<0.1%,1.32,53,<0.1%,74.1%
23337,神农溪之恋漂洋过海来爱你,<0.1%,1.25,5,<0.1%,6.8%
23338,诡异酒楼,<0.1%,1.20,2,0.1%,5.1%
23339,我心雀跃,<0.1%,1.13,13,<0.1%,8.2%
23340,异形：契约,37.7%,5200.65,17,36.6%,10.8%
23341,新木乃伊,20.0%,2757.11,17,18.1%,13.7%
23342,神奇女侠,11.7%,1625.89,20,8.9%,17.8%
23343,摔跤吧！爸爸,7.5%,1044.26,23,6.0%,23.4%
23344,加勒比海盗5：死无对证,6.7%,936.28,17,6.0%,17.6%
23345,重返·狼群,3.5%,486.13,14,4.3%,14.6%
23346,哆啦A梦：大雄的南极冰冰凉大冒险,2.4%,341.26,13,3.6%,13.5%
23347,忠爱无言,2.0%,280.45,16,2.3%,17.0%
23348,中国推销员,1.3%,185.46,5,5.4%,4.6%
23349,异兽来袭,0.6%,93.39,67,0.1%,100%
23350,借眼,0.4%,59.90,4,1.8%,4.5%
23351,六人晚餐,0.3%,46.96,4,1.3%,4.4%
23352,女人永远是对的,0.1%,26.15,6,0.6%,6.5%
23353,潜艇总动员之时光宝盒,0.1%,24.30,10,0.3%,11.9%
23354,李雷和韩梅梅——昨日重现,0.1%,23.47,7,0.5%,7.8%
23355,52赫兹，我爱你,0.1%,21.59,6,0.4%,6.6%
23356,雄狮,0.1%,19.44,99,<0.1%,83.0%
23357,我的爸爸是国王,0.1%,19.07,8,0.3%,8.2%
23358,三只小猪2,0.1%,18.48,6,0.4%,7.1%
23359,内心引力,<0.1%,10.60,27,<0.1%,30.4%
23360,艺术也疯狂,<0.1%,8.88,9,0.1%,10.8%
23361,荡寇风云,<0.1%,8.19,14,<0.1%,19.5%
23362,蓝精灵：寻找神秘村,<0.1%,6.70,11,<0.1%,12.8%
23363,美好的意外,<0.1%,4.76,9,<0.1%,17.6%
23364,碟仙之毕业照,<0.1%,4.17,3,0.2%,2.7%
23365,我的青春你来过,<0.1%,2.60,33,<0.1%,95.1%
23366,十七岁的雨季,<0.1%,2.53,2,0.2%,2.0%
23367,不期而遇,<0.1%,2.50,45,<0.1%,100%
23368,和田玉传奇,<0.1%,2.16,20,<0.1%,36.5%
23369,冈仁波齐,<0.1%,1.94,87,<0.1%,100.0%
23370,猪猪侠之英雄猪少年,<0.1%,1.92,14,<0.1%,21.6%
23371,诡异酒楼,<0.1%,1.38,3,0.1%,6.3%
23372,我们停战吧,<0.1%,1.16,2,0.1%,1.4%
23373,李三娘,<0.1%,1.06,47,<0.1%,87.5%
23374,异形：契约,37.0%,2284.22,9,36.0%,5.4%
23375,新木乃伊,20.5%,1267.01,8,19.5%,6.4%
23376,神奇女侠,11.6%,719.85,9,9.9%,7.8%
23377,加勒比海盗5：死无对证,7.4%,458.94,8,7.0%,8.1%
23378,摔跤吧！爸爸,5.8%,360.08,9,6.2%,8.6%
23379,重返·狼群,3.4%,210.44,6,4.8%,6.1%
23380,忠爱无言,2.0%,129.26,8,2.7%,7.5%
23381,异兽来袭,1.3%,85.12,70,0.1%,100%
23382,中国推销员,1.3%,83.81,3,4.6%,2.7%
23383,借眼,0.6%,41.94,4,1.8%,3.5%
23384,哆啦A梦：大雄的南极冰冰凉大冒险,0.4%,29.72,3,1.5%,3.4%
23385,六人晚餐,0.3%,24.02,3,1.3%,2.5%
23386,女人永远是对的,0.2%,17.01,4,0.6%,4.4%
23387,52赫兹，我爱你,0.1%,11.32,4,0.4%,4.0%
23388,李雷和韩梅梅——昨日重现,0.1%,9.03,3,0.5%,3.2%
23389,美好的意外,0.1%,7.03,10,<0.1%,18.1%
23390,荡寇风云,<0.1%,5.41,10,<0.1%,12.3%
23391,碟仙之毕业照,<0.1%,3.81,3,0.2%,2.4%
23392,和田玉传奇,<0.1%,2.45,20,<0.1%,28.7%
23393,内心引力,<0.1%,1.84,5,<0.1%,6.0%
23394,艺术也疯狂,<0.1%,1.84,5,<0.1%,6.9%
23395,十七岁的雨季,<0.1%,1.56,1,0.2%,1.3%
23396,潜艇总动员之时光宝盒,<0.1%,1.45,2,0.1%,2.2%
23397,我是医生,<0.1%,1.42,89,<0.1%,69.8%
23398,三只小猪2,<0.1%,1.17,2,0.1%,1.6%
23399,李三娘,<0.1%,1.04,36,<0.1%,69.7%
23400,异形：契约,32.9%,1896.60,8,34.7%,4.7%
23401,新木乃伊,20.9%,1205.83,8,19.7%,6.1%
23402,神奇女侠,11.9%,687.13,9,10.2%,7.2%
23403,加勒比海盗5：死无对证,8.1%,466.50,8,7.4%,7.7%
23404,摔跤吧！爸爸,6.2%,357.61,8,6.5%,8.1%
23405,重返·狼群,3.7%,218.33,6,4.9%,6.3%
23406,冈仁波齐,3.0%,175.21,15,1.5%,15.3%
23407,忠爱无言,2.1%,123.49,7,2.8%,7.0%
23408,煎饼侠,1.3%,77.89,140,<0.1%,84.3%
23409,中国推销员,0.9%,56.88,2,3.9%,2.2%
23410,借眼,0.6%,38.03,4,1.6%,3.7%
23411,异兽来袭,0.5%,30.05,41,0.1%,100%
23412,哆啦A梦：大雄的南极冰冰凉大冒险,0.4%,27.89,4,1.3%,3.4%
23413,六人晚餐,0.3%,19.48,3,1.1%,2.4%
23414,女人永远是对的,0.2%,11.95,4,0.5%,4.0%
23415,荡寇风云,0.1%,9.75,18,<0.1%,24.5%
23416,李雷和韩梅梅——昨日重现,0.1%,8.24,3,0.5%,3.0%
23417,美好的意外,0.1%,6.77,9,<0.1%,16.4%
23418,和田玉传奇,0.1%,6.51,23,<0.1%,33.7%
23419,52赫兹，我爱你,<0.1%,4.51,2,0.3%,2.0%
23420,内心引力,<0.1%,3.10,10,<0.1%,13.0%
23421,我是医生,<0.1%,2.80,63,<0.1%,100%
23422,碟仙之毕业照,<0.1%,2.77,3,0.1%,2.8%
23423,血战湘江,<0.1%,2.36,41,<0.1%,100%
23424,大护法,<0.1%,2.30,340,<0.1%,100.0%
23425,潜艇总动员之时光宝盒,<0.1%,1.96,3,0.1%,3.2%
23426,艺术也疯狂,<0.1%,1.62,6,<0.1%,9.0%
23427,十七岁的雨季,<0.1%,1.35,2,0.2%,1.5%
23428,李三娘,<0.1%,1.30,42,<0.1%,64.2%
23429,异形：契约,30.0%,1584.92,7,34.0%,4.0%
23430,新木乃伊,20.6%,1090.77,7,19.8%,5.5%
23431,神奇女侠,12.4%,656.76,8,10.4%,6.8%
23432,加勒比海盗5：死无对证,8.5%,451.61,8,7.6%,7.2%
23433,摔跤吧！爸爸,6.7%,357.59,8,6.7%,7.9%
23434,重返·狼群,3.9%,210.56,6,5.0%,5.9%
23435,冈仁波齐,3.9%,208.87,14,2.0%,14.0%
23436,忠爱无言,2.2%,116.31,7,2.8%,6.6%
23437,煎饼侠,1.3%,69.91,109,<0.1%,64.0%
23438,中国推销员,0.9%,50.70,2,3.7%,2.1%
23439,借眼,0.6%,33.39,3,1.5%,3.3%
23440,异兽来袭,0.5%,31.61,43,<0.1%,100%
23441,哆啦A梦：大雄的南极冰冰凉大冒险,0.5%,28.41,4,1.3%,3.5%
23442,六人晚餐,0.2%,15.45,2,1.0%,2.1%
23443,女人永远是对的,0.1%,10.23,4,0.5%,3.6%
23444,和田玉传奇,0.1%,9.82,30,<0.1%,38.3%
23445,荡寇风云,0.1%,7.07,12,<0.1%,16.5%
23446,李雷和韩梅梅——昨日重现,0.1%,6.84,2,0.5%,2.5%
23447,美好的意外,0.1%,6.13,9,<0.1%,16.1%
23448,原谅他77次,<0.1%,4.29,111,<0.1%,75.0%
23449,52赫兹，我爱你,<0.1%,3.74,2,0.3%,2.2%
23450,内心引力,<0.1%,2.98,10,<0.1%,11.6%
23451,我是医生,<0.1%,2.81,48,<0.1%,43.3%
23452,碟仙之毕业照,<0.1%,2.39,3,0.1%,2.5%
23453,血战湘江,<0.1%,2.17,64,<0.1%,100%
23454,夏天19岁的肖像,<0.1%,1.66,32,<0.1%,56.2%
23455,潜艇总动员之时光宝盒,<0.1%,1.62,3,0.1%,2.6%
23456,反转人生,<0.1%,1.57,93,<0.1%,54.8%
23457,十七岁的雨季,<0.1%,1.55,2,0.2%,1.8%
23458,此情此刻,<0.1%,1.08,6,<0.1%,11.2%
23459,变形金刚5：最后的骑士,46.0%,4226.19,72,6.2%,45.8%
23460,异形：契约,14.2%,1306.48,6,29.8%,3.6%
23461,新木乃伊,10.6%,977.32,7,18.1%,5.0%
23462,神奇女侠,6.3%,583.47,7,9.5%,6.2%
23463,加勒比海盗5：死无对证,4.5%,415.65,7,7.1%,6.7%
23464,摔跤吧！爸爸,3.8%,349.43,8,6.2%,7.9%
23465,冈仁波齐,2.7%,249.07,14,2.2%,13.9%
23466,雄狮,2.2%,203.48,7,4.1%,6.0%
23467,重返·狼群,1.8%,174.12,5,4.3%,5.3%
23468,忠爱无言,1.0%,96.20,6,2.5%,5.7%
23469,煎饼侠,0.7%,70.38,125,<0.1%,77.5%
23470,中国推销员,0.3%,31.47,2,2.8%,1.6%
23471,哆啦A梦：大雄的南极冰冰凉大冒险,0.2%,26.81,4,1.2%,3.6%
23472,借眼,0.2%,24.39,3,1.2%,3.1%
23473,异兽来袭,0.2%,22.08,37,<0.1%,86.9%
23474,荡寇风云,0.1%,9.94,19,<0.1%,26.6%
23475,六人晚餐,0.1%,9.89,2,0.7%,1.7%
23476,我是医生,<0.1%,8.21,106,<0.1%,76.5%
23477,原谅他77次,<0.1%,7.40,41,<0.1%,39.9%
23478,和田玉传奇,<0.1%,7.30,30,<0.1%,31.6%
23479,女人永远是对的,<0.1%,7.16,3,0.4%,3.5%
23480,李雷和韩梅梅——昨日重现,<0.1%,6.70,2,0.5%,2.6%
23481,内心引力,<0.1%,5.37,18,<0.1%,20.5%
23482,美好的意外,<0.1%,3.28,6,<0.1%,11.3%
23483,52赫兹，我爱你,<0.1%,3.15,2,0.2%,2.1%
23484,碟仙之毕业照,<0.1%,2.28,3,0.1%,2.5%
23485,血战湘江,<0.1%,2.27,67,<0.1%,100%
23486,此情此刻,<0.1%,2.24,12,<0.1%,19.0%
23487,反转人生,<0.1%,1.72,84,<0.1%,50.6%
23488,十七岁的雨季,<0.1%,1.64,2,0.1%,2.2%
23489,潜艇总动员之时光宝盒,<0.1%,1.62,3,0.1%,2.7%
23490,缉枪,<0.1%,1.51,7,<0.1%,6.9%
23491,李三娘,<0.1%,1.39,45,<0.1%,46.1%
23492,我的爸爸是国王,<0.1%,1.36,2,0.1%,1.6%
23493,领袖1935,<0.1%,1.33,67,<0.1%,100%
23494,艺术也疯狂,<0.1%,1.33,8,<0.1%,11.1%
23495,记忆大师,<0.1%,1.17,22,<0.1%,30.2%
23496,银河守卫队,<0.1%,1.03,25,<0.1%,98.2%
23497,变形金刚5：最后的骑士,92.5%,28959.38,48,69.4%,35.4%
23498,异形：契约,1.2%,386.75,9,5.9%,10.4%
23499,原谅他77次,1.0%,321.71,15,3.2%,16.4%
23500,我不做大哥好多年,0.7%,244.97,10,4.0%,11.0%
23501,缉枪,0.6%,210.61,8,3.5%,9.0%
23502,雄狮,0.5%,176.11,7,3.6%,7.5%
23503,冈仁波齐,0.5%,157.16,23,0.8%,25.9%
23504,新木乃伊,0.4%,156.20,7,2.8%,7.9%
23505,摔跤吧！爸爸,0.3%,103.72,13,1.2%,15.9%
23506,神奇女侠,0.2%,78.10,9,1.0%,9.6%
23507,重返·狼群,0.2%,71.52,11,1.0%,12.2%
23508,加勒比海盗5：死无对证,0.1%,39.43,7,0.7%,8.8%
23509,哆啦A梦：大雄的南极冰冰凉大冒险,<0.1%,14.69,5,0.5%,6.1%
23510,忠爱无言,<0.1%,14.65,7,0.3%,8.8%
23511,异兽来袭,<0.1%,14.09,68,<0.1%,100%
23512,我是医生,<0.1%,11.54,92,<0.1%,64.4%
23513,中国推销员,<0.1%,6.83,6,0.1%,9.2%
23514,借眼,<0.1%,5.45,4,0.2%,4.7%
23515,反转人生,<0.1%,5.06,106,<0.1%,73.9%
23516,血战湘江,<0.1%,2.48,82,<0.1%,100%
23517,美好的意外,<0.1%,2.33,10,<0.1%,25.1%
23518,荡寇风云,<0.1%,2.20,18,<0.1%,39.5%
23519,潜艇总动员之时光宝盒,<0.1%,1.80,4,<0.1%,5.1%
23520,领袖1935,<0.1%,1.60,48,<0.1%,100%
23521,和田玉传奇,<0.1%,1.40,22,<0.1%,23.4%
23522,李雷和韩梅梅——昨日重现,<0.1%,1.32,3,<0.1%,5.4%
23523,诡异酒楼,<0.1%,1.29,3,<0.1%,6.5%
23524,我心雀跃,<0.1%,1.01,64,<0.1%,65.7%
23525,十七岁的雨季,<0.1%,1.00,6,<0.1%,14.8%
23526,变形金刚5：最后的骑士,90.1%,31686.11,49,71.7%,36.6%
23527,异形：契约,1.6%,581.22,16,4.8%,18.0%
23528,原谅他77次,1.4%,527.07,21,3.5%,24.1%
23529,冈仁波齐,1.0%,371.14,38,1.2%,43.7%
23530,雄狮,0.8%,300.96,13,3.1%,14.2%
23531,新木乃伊,0.7%,246.67,12,2.5%,13.8%
23532,摔跤吧！爸爸,0.6%,243.67,24,1.5%,28.9%
23533,我不做大哥好多年,0.4%,157.31,8,3.1%,9.6%
23534,缉枪,0.4%,152.18,10,1.9%,11.4%
23535,神奇女侠,0.4%,147.64,18,0.8%,20.3%
23536,哆啦A梦：大雄的南极冰冰凉大冒险,0.3%,126.95,12,1.6%,13.2%
23537,重返·狼群,0.2%,96.12,16,0.7%,19.0%
23538,加勒比海盗5：死无对证,0.2%,74.76,14,0.6%,17.9%
23539,忠爱无言,<0.1%,28.39,13,0.3%,15.5%
23540,潜艇总动员之时光宝盒,<0.1%,13.41,9,0.2%,10.4%
23541,异兽来袭,<0.1%,10.77,67,<0.1%,100%
23542,三只小猪2,<0.1%,10.19,6,0.2%,6.7%
23543,借眼,<0.1%,8.39,6,0.2%,6.7%
23544,反转人生,<0.1%,5.61,179,<0.1%,76.0%
23545,我的爸爸是国王,<0.1%,4.88,6,0.1%,7.2%
23546,李三娘,<0.1%,3.72,91,<0.1%,100%
23547,血战湘江,<0.1%,3.54,94,<0.1%,100%
23548,中国推销员,<0.1%,3.14,3,0.1%,4.5%
23549,李雷和韩梅梅——昨日重现,<0.1%,2.89,6,<0.1%,10.6%
23550,猪猪侠之英雄猪少年,<0.1%,2.75,21,<0.1%,24.1%
23551,内心引力,<0.1%,2.29,39,<0.1%,43.7%
23552,和田玉传奇,<0.1%,2.18,20,<0.1%,36.5%
23553,荡寇风云,<0.1%,1.83,20,<0.1%,46.4%
23554,女人永远是对的,<0.1%,1.80,6,<0.1%,6.8%
23555,诡异酒楼,<0.1%,1.74,3,0.1%,8.6%
23556,我心雀跃,<0.1%,1.73,63,<0.1%,100%
23557,碟仙之毕业照,<0.1%,1.20,6,<0.1%,7.5%
23558,52赫兹，我爱你,<0.1%,1.16,6,<0.1%,13.5%
23559,变形金刚5：最后的骑士,85.4%,22311.10,36,70.5%,26.2%
23560,原谅他77次,2.4%,631.70,22,4.1%,24.8%
23561,异形：契约,2.1%,568.38,15,5.0%,17.2%
23562,冈仁波齐,2.0%,534.81,37,1.8%,41.5%
23563,雄狮,1.1%,287.57,13,3.1%,13.9%
23564,摔跤吧！爸爸,1.0%,271.88,23,1.7%,27.4%
23565,新木乃伊,1.0%,261.09,13,2.6%,14.4%
23566,哆啦A梦：大雄的南极冰冰凉大冒险,0.5%,153.45,14,1.7%,15.6%
23567,神奇女侠,0.5%,149.04,18,0.9%,20.5%
23568,缉枪,0.5%,148.47,12,1.6%,13.0%
23569,我不做大哥好多年,0.4%,129.83,7,2.8%,8.5%
23570,重返·狼群,0.3%,102.22,16,0.8%,19.5%
23571,加勒比海盗5：死无对证,0.3%,82.14,15,0.6%,18.2%
23572,忠爱无言,0.1%,28.59,12,0.3%,14.8%
23573,潜艇总动员之时光宝盒,<0.1%,16.28,11,0.2%,12.5%
23574,三只小猪2,<0.1%,12.54,7,0.2%,7.9%
23575,逆时营救,<0.1%,10.49,267,<0.1%,--
23576,我的爸爸是国王,<0.1%,7.21,8,0.1%,9.4%
23577,反转人生,<0.1%,6.93,139,<0.1%,--
23578,借眼,<0.1%,6.76,4,0.2%,5.0%
23579,异兽来袭,<0.1%,5.29,45,<0.1%,100%
23580,荡寇风云,<0.1%,4.07,35,<0.1%,69.3%
23581,内心引力,<0.1%,3.80,53,<0.1%,61.5%
23582,血战湘江,<0.1%,3.57,85,<0.1%,100%
23583,绝世高手,<0.1%,3.03,102,<0.1%,87.0%
23584,夏天19岁的肖像,<0.1%,2.31,48,<0.1%,100%
23585,我心雀跃,<0.1%,2.19,70,<0.1%,100%
23586,猪猪侠之英雄猪少年,<0.1%,2.16,18,<0.1%,21.6%
23587,诡异酒楼,<0.1%,2.11,4,0.1%,10.6%
23588,中国推销员,<0.1%,1.99,2,0.1%,3.2%
23589,李雷和韩梅梅——昨日重现,<0.1%,1.93,4,<0.1%,6.1%
23590,和田玉传奇,<0.1%,1.91,19,<0.1%,41.3%
23591,变形金刚5：最后的骑士,77.6%,8509.10,16,64.6%,11.8%
23592,原谅他77次,4.9%,539.89,15,5.6%,16.5%
23593,冈仁波齐,3.7%,412.87,18,3.4%,18.3%
23594,异形：契约,3.5%,386.02,9,6.4%,9.6%
23595,新木乃伊,1.8%,201.32,8,3.5%,8.5%
23596,摔跤吧！爸爸,1.4%,159.63,12,2.2%,13.1%
23597,雄狮,1.4%,157.71,7,3.7%,6.7%
23598,缉枪,1.0%,115.91,10,1.6%,11.5%
23599,神奇女侠,0.9%,103.97,10,1.4%,10.0%
23600,我不做大哥好多年,0.6%,71.75,5,2.9%,4.9%
23601,重返·狼群,0.5%,56.90,8,1.0%,8.9%
23602,哆啦A梦：大雄的南极冰冰凉大冒险,0.2%,26.84,6,0.7%,7.0%
23603,忠爱无言,0.1%,19.24,7,0.5%,7.5%
23604,潜艇总动员,0.1%,17.73,71,<0.1%,--
23605,借眼,<0.1%,8.46,4,0.3%,4.7%
23606,潜艇总动员之时光宝盒,<0.1%,7.26,11,0.1%,16.9%
23607,异兽来袭,<0.1%,6.12,48,<0.1%,100%
23608,荡寇风云,<0.1%,5.59,47,<0.1%,70.9%
23609,我是医生,<0.1%,3.22,16,<0.1%,16.9%
23610,反转人生,<0.1%,3.06,263,<0.1%,57.4%
23611,血战湘江,<0.1%,2.23,86,<0.1%,100%
23612,中国推销员,<0.1%,2.10,2,0.1%,2.7%
23613,李三娘,<0.1%,1.98,97,<0.1%,100%
23614,三只小猪2,<0.1%,1.91,3,0.1%,3.2%
23615,和田玉传奇,<0.1%,1.83,8,<0.1%,14.7%
23616,功夫小兔侠,<0.1%,1.59,16,<0.1%,43.7%
23617,李雷和韩梅梅——昨日重现,<0.1%,1.54,4,<0.1%,5.0%
23618,我心雀跃,<0.1%,1.28,38,<0.1%,100%
23619,红军小学,<0.1%,1.28,214,<0.1%,--
23620,艺术也疯狂,<0.1%,1.20,51,<0.1%,92.5%
23621,碟仙之毕业照,<0.1%,1.19,5,<0.1%,5.1%
23622,诡异酒楼,<0.1%,1.12,3,<0.1%,7.2%
23623,冯梦龙传奇,<0.1%,1.05,300,<0.1%,81.7%
23624,迷失Z城,<0.1%,1.01,18,<0.1%,68.1%
23625,变形金刚5：最后的骑士,72.3%,6893.17,14,60.8%,10.1%
23626,原谅他77次,6.3%,607.15,14,6.9%,14.5%
23627,冈仁波齐,5.7%,548.80,17,4.8%,16.9%
23628,异形：契约,4.1%,396.57,9,7.0%,9.0%
23629,新木乃伊,2.2%,216.30,8,3.9%,8.1%
23630,摔跤吧！爸爸,1.9%,184.59,12,2.5%,13.1%
23631,雄狮,1.6%,153.35,6,3.7%,6.5%
23632,神奇女侠,1.2%,116.08,9,1.6%,9.9%
23633,缉枪,1.1%,111.59,11,1.4%,12.3%
23634,我不做大哥好多年,0.6%,64.08,4,2.7%,4.7%
23635,重返·狼群,0.6%,57.88,8,1.1%,8.4%
23636,哆啦A梦：大雄的南极冰冰凉大冒险,0.2%,27.29,6,0.7%,7.1%
23637,血战湘江,0.2%,24.43,120,<0.1%,100%
23638,潜艇总动员,0.1%,17.73,68,<0.1%,--
23639,忠爱无言,0.1%,17.21,6,0.4%,6.8%
23640,我是医生,0.1%,12.68,50,<0.1%,46.5%
23641,借眼,<0.1%,7.98,4,0.3%,4.3%
23642,潜艇总动员之时光宝盒,<0.1%,7.97,12,0.1%,14.7%
23643,迷失Z城,<0.1%,4.47,36,<0.1%,100%
23644,和田玉传奇,<0.1%,3.57,18,<0.1%,35.3%
23645,绝世高手,<0.1%,3.50,165,<0.1%,75.9%
23646,领袖1935,<0.1%,3.22,96,<0.1%,95.3%
23647,北极星,<0.1%,2.57,32,<0.1%,82.0%
23648,中国推销员,<0.1%,1.62,2,0.1%,2.3%
23649,我心雀跃,<0.1%,1.34,38,<0.1%,100%
23650,内心引力,<0.1%,1.19,12,<0.1%,15.9%
23651,碟仙之毕业照,<0.1%,1.17,5,<0.1%,4.4%
23652,李雷和韩梅梅——昨日重现,<0.1%,1.06,3,<0.1%,3.9%
23653,异兽来袭,<0.1%,1.03,12,<0.1%,25.3%
23654,三只小猪2,<0.1%,1.00,3,<0.1%,2.3%
23655,变形金刚5：最后的骑士,66.6%,6071.73,14,57.7%,9.5%
23656,原谅他77次,7.0%,641.21,13,7.8%,13.0%
23657,冈仁波齐,6.9%,630.74,16,5.8%,15.6%
23658,异形：契约,4.4%,402.07,9,7.2%,8.6%
23659,新木乃伊,2.6%,237.72,8,4.3%,8.1%
23660,摔跤吧！爸爸,2.1%,197.71,12,2.8%,12.4%
23661,反转人生,1.8%,166.76,62,0.4%,58.9%
23662,雄狮,1.5%,138.16,6,3.5%,6.1%
23663,神奇女侠,1.3%,123.38,9,1.7%,9.4%
23664,缉枪,1.1%,107.94,11,1.3%,12.5%
23665,重返·狼群,0.6%,63.47,8,1.1%,9.0%
23666,我不做大哥好多年,0.6%,55.45,4,2.5%,4.3%
23667,哆啦A梦：大雄的南极冰冰凉大冒险,0.4%,40.48,8,0.9%,9.2%
23668,血战湘江,0.4%,36.65,120,<0.1%,100%
23669,忠爱无言,0.2%,19.25,7,0.5%,7.3%
23670,我是医生,0.1%,15.89,57,<0.1%,62.5%
23671,潜艇总动员,0.1%,9.84,79,<0.1%,--
23672,借眼,<0.1%,7.92,4,0.3%,4.0%
23673,明月几时有,<0.1%,5.44,139,<0.1%,82.6%
23674,和田玉传奇,<0.1%,4.69,19,<0.1%,28.9%
23675,潜艇总动员之时光宝盒,<0.1%,3.58,6,0.1%,7.3%
23676,功夫小兔侠,<0.1%,2.91,22,<0.1%,28.6%
23677,李三娘,<0.1%,2.55,78,<0.1%,63.1%
23678,绝世高手,<0.1%,2.54,114,<0.1%,62.1%
23679,中国推销员,<0.1%,2.28,2,0.1%,2.8%
23680,六人晚餐,<0.1%,2.23,17,<0.1%,30.6%
23681,红军小学,<0.1%,2.06,58,<0.1%,100%
23682,内心引力,<0.1%,1.39,20,<0.1%,27.0%
23683,三只小猪2,<0.1%,1.21,4,<0.1%,3.0%
23684,青海湖畔,<0.1%,1.20,400,<0.1%,87.3%
23685,碟仙之毕业照,<0.1%,1.18,4,<0.1%,4.1%
23686,我心雀跃,<0.1%,1.12,24,<0.1%,30.4%
23687,李雷和韩梅梅——昨日重现,<0.1%,1.04,3,<0.1%,3.7%
23688,变形金刚5：最后的骑士,51.9%,5298.93,14,48.8%,9.3%
23689,逆时营救,17.6%,1799.60,23,10.0%,21.0%
23690,反转人生,7.9%,815.53,20,6.5%,20.3%
23691,冈仁波齐,5.2%,539.73,14,5.5%,13.4%
23692,原谅他77次,4.6%,472.65,11,6.8%,10.4%
23693,异形：契约,2.9%,297.32,8,5.6%,7.6%
23694,新木乃伊,1.7%,179.56,7,3.4%,7.3%
23695,摔跤吧！爸爸,1.5%,156.92,11,2.4%,11.1%
23696,缉枪,1.0%,102.71,14,0.9%,15.6%
23697,神奇女侠,0.9%,97.50,9,1.4%,8.7%
23698,雄狮,0.8%,84.08,5,2.5%,5.0%
23699,血战湘江,0.5%,57.94,126,<0.1%,100%
23700,重返·狼群,0.4%,48.56,7,0.9%,7.9%
23701,哆啦A梦：大雄的南极冰冰凉大冒险,0.3%,37.49,8,0.8%,8.2%
23702,我不做大哥好多年,0.2%,26.29,3,1.7%,3.1%
23703,我是医生,0.1%,17.70,68,<0.1%,63.9%
23704,忠爱无言,0.1%,12.97,6,0.4%,6.1%
23705,和田玉传奇,<0.1%,9.59,8,0.2%,20.5%
23706,潜艇总动员,<0.1%,6.27,84,<0.1%,--
23707,明月几时有,<0.1%,5.62,67,<0.1%,68.2%
23708,借眼,<0.1%,4.38,3,0.2%,3.5%
23709,六人晚餐,<0.1%,2.82,12,<0.1%,25.1%
23710,潜艇总动员之时光宝盒,<0.1%,2.41,5,<0.1%,5.3%
23711,我的青春你来过,<0.1%,2.26,81,<0.1%,100%
23712,中国推销员,<0.1%,2.09,3,0.1%,4.2%
23713,异兽来袭,<0.1%,2.04,23,<0.1%,65.1%
23714,李三娘,<0.1%,1.77,61,<0.1%,55.6%
23715,20:16,<0.1%,1.64,137,<0.1%,100%
23716,三只小猪2,<0.1%,1.60,4,<0.1%,3.8%
23717,青海湖畔,<0.1%,1.59,261,<0.1%,93.0%
23718,变形金刚5：最后的骑士,43.5%,5931.27,18,36.7%,11.9%
23719,逆时营救,24.9%,3398.50,17,23.5%,14.3%
23720,反转人生,10.8%,1475.99,15,14.4%,14.5%
23721,冈仁波齐,4.2%,577.89,22,3.1%,22.0%
23722,原谅他77次,3.4%,474.70,19,3.1%,18.4%
23723,血战湘江,3.3%,454.84,31,1.6%,33.7%
23724,仙球大战,2.7%,380.49,8,7.6%,7.7%
23725,异形：契约,1.2%,173.77,12,1.7%,13.4%
23726,摔跤吧！爸爸,0.8%,112.99,14,1.1%,15.9%
23727,缉枪,0.6%,92.04,38,0.3%,44.4%
23728,新木乃伊,0.5%,79.52,9,1.0%,10.5%
23729,撞邪31号,0.4%,65.82,9,1.1%,9.4%
23730,冯梦龙传奇,0.4%,64.47,20,0.4%,21.6%
23731,神奇女侠,0.3%,54.32,13,0.4%,15.4%
23732,雄狮,0.3%,42.69,8,0.6%,9.0%
23733,重返·狼群,0.2%,30.31,13,0.2%,15.0%
23734,我是医生,0.1%,17.87,81,<0.1%,86.5%
23735,中国推销员,0.1%,15.51,41,<0.1%,49.2%
23736,明月几时有,<0.1%,12.73,13,0.1%,10.3%
23737,和田玉传奇,<0.1%,8.67,7,0.2%,18.8%
23738,海鹰战警,<0.1%,7.08,6,0.2%,7.1%
23739,乡关何处,<0.1%,5.90,2,0.5%,1.6%
23740,潜艇总动员,<0.1%,5.67,83,<0.1%,--
23741,忠爱无言,<0.1%,5.15,8,<0.1%,9.7%
23742,我不做大哥好多年,<0.1%,5.10,3,0.2%,4.5%
23743,三只小猪2,<0.1%,3.97,5,0.1%,5.8%
23744,潜艇总动员之时光宝盒,<0.1%,3.09,6,<0.1%,5.8%
23745,20:16,<0.1%,2.89,111,<0.1%,100%
23746,李三娘,<0.1%,2.39,47,<0.1%,88.4%
23747,失恋399年,<0.1%,2.14,8,<0.1%,15.8%
23748,麻辣学院,<0.1%,2.00,33,<0.1%,23.8%
23749,再见时光,<0.1%,1.96,4,<0.1%,5.7%
23750,青海湖畔,<0.1%,1.84,307,<0.1%,100.0%
23751,绝世高手,<0.1%,1.66,91,<0.1%,52.8%
23752,宽恕,<0.1%,1.38,13,<0.1%,--
23753,内心引力,<0.1%,1.22,35,<0.1%,30.9%
23754,变形金刚5：最后的骑士,44.7%,8238.18,26,32.8%,17.3%
23755,逆时营救,19.6%,3624.29,20,20.6%,17.1%
23756,明月几时有,10.4%,1923.07,15,16.1%,13.7%
23757,反转人生,5.8%,1081.92,14,10.2%,14.7%
23758,冈仁波齐,4.4%,816.40,32,2.9%,31.4%
23759,原谅他77次,3.2%,602.36,26,2.6%,25.3%
23760,绝世高手,2.8%,520.66,40,1.6%,40.2%
23761,血战湘江,2.3%,431.30,33,1.4%,35.8%
23762,神偷奶爸3,1.1%,217.14,179,0.1%,93.8%
23763,异形：契约,0.9%,173.38,19,1.0%,21.6%
23764,摔跤吧！爸爸,0.9%,170.20,22,1.0%,24.2%
23765,仙球大战,0.8%,158.61,5,4.7%,5.1%
23766,缉枪,0.4%,84.24,50,0.2%,59.6%
23767,新木乃伊,0.4%,76.22,12,0.7%,14.7%
23768,神奇女侠,0.3%,61.91,20,0.3%,24.8%
23769,重返·狼群,0.2%,50.09,21,0.2%,26.2%
23770,撞邪31号,0.2%,42.78,8,0.8%,8.6%
23771,雄狮,0.1%,30.32,12,0.2%,14.0%
23772,冯梦龙传奇,0.1%,26.21,17,0.2%,18.4%
23773,三只小猪2,<0.1%,16.04,8,0.2%,9.1%
23774,花腰恋歌,<0.1%,11.21,77,<0.1%,82.9%
23775,我是医生,<0.1%,9.79,126,<0.1%,100%
23776,和田玉传奇,<0.1%,9.65,8,0.2%,18.6%
23777,乡关何处,<0.1%,7.58,10,<0.1%,12.0%
23778,摇摇晃晃的人间,<0.1%,5.40,329,<0.1%,76.8%
23779,海鹰战警,<0.1%,4.60,6,0.1%,10.0%
23780,忠爱无言,<0.1%,4.52,8,<0.1%,9.4%
23781,猪猪侠之英雄猪少年,<0.1%,3.00,19,<0.1%,21.3%
23782,我不做大哥好多年,<0.1%,2.78,3,0.1%,4.7%
23783,再见时光,<0.1%,2.32,6,<0.1%,7.9%
23784,六人晚餐,<0.1%,1.82,13,<0.1%,53.8%
23785,李三娘,<0.1%,1.79,28,<0.1%,100%
23786,牧野传奇,<0.1%,1.78,2,0.1%,2.6%
23787,借眼,<0.1%,1.48,4,<0.1%,5.6%
23788,内心引力,<0.1%,1.40,43,<0.1%,66.2%
23789,变形金刚5：最后的骑士,44.0%,6847.75,22,33.3%,14.5%
23790,逆时营救,19.9%,3101.67,17,21.1%,14.3%
23791,明月几时有,9.2%,1429.90,11,15.2%,9.9%
23792,反转人生,7.3%,1138.22,15,10.3%,15.5%
23793,冈仁波齐,5.8%,904.76,28,3.7%,27.5%
23794,原谅他77次,3.9%,617.75,24,3.0%,22.9%
23795,血战湘江,2.5%,396.00,31,1.3%,35.0%
23796,摔跤吧！爸爸,1.3%,214.70,21,1.3%,23.2%
23797,异形：契约,1.1%,182.42,17,1.2%,19.0%
23798,仙球大战,1.0%,163.30,6,4.3%,5.8%
23799,新木乃伊,0.6%,96.91,12,0.9%,14.9%
23800,缉枪,0.6%,93.47,54,0.2%,62.6%
23801,重返·狼群,0.4%,66.48,22,0.3%,26.4%
23802,神奇女侠,0.3%,47.32,22,0.2%,25.3%
23803,雄狮,0.2%,33.06,12,0.3%,13.5%
23804,摇摇晃晃的人间,0.2%,32.12,131,<0.1%,100%
23805,撞邪31号,0.2%,31.18,6,0.8%,6.2%
23806,三只小猪2,0.1%,24.46,11,0.3%,11.9%
23807,花腰恋歌,0.1%,15.89,104,<0.1%,67.3%
23808,冯梦龙传奇,<0.1%,12.03,16,0.1%,16.8%
23809,大护法,<0.1%,10.88,37,<0.1%,35.9%
23810,和田玉传奇,<0.1%,9.68,8,0.2%,20.5%
23811,绝世高手,<0.1%,8.45,30,<0.1%,100%
23812,忠爱无言,<0.1%,6.98,11,<0.1%,11.9%
23813,借眼,<0.1%,6.07,16,<0.1%,20.2%
23814,李三娘,<0.1%,6.04,82,<0.1%,100%
23815,乡关何处,<0.1%,4.49,9,<0.1%,12.2%
23816,海鹰战警,<0.1%,4.02,7,<0.1%,12.0%
23817,猪猪侠之英雄猪少年,<0.1%,3.04,19,<0.1%,19.6%
23818,内心引力,<0.1%,2.93,54,<0.1%,60.1%
23819,六人晚餐,<0.1%,2.73,32,<0.1%,98.1%
23820,我是医生,<0.1%,2.39,75,<0.1%,67.9%
23821,我不做大哥好多年,<0.1%,2.21,3,0.1%,3.4%
23822,秘果,<0.1%,2.13,78,<0.1%,44.2%
23823,再见时光,<0.1%,1.74,5,<0.1%,6.7%
23824,京城81号2,<0.1%,1.63,233,<0.1%,100%
23825,牧野传奇,<0.1%,1.25,2,0.1%,2.4%
23826,变形金刚5：最后的骑士,38.3%,2918.11,11,33.3%,6.8%
23827,逆时营救,22.8%,1737.57,10,21.5%,8.2%
23828,明月几时有,8.8%,673.37,6,13.8%,5.4%
23829,反转人生,7.9%,606.04,9,10.8%,8.5%
23830,冈仁波齐,5.5%,420.41,13,4.5%,11.7%
23831,原谅他77次,5.3%,404.82,15,3.4%,13.9%
23832,血战湘江,3.6%,275.72,27,1.1%,32.2%
23833,摔跤吧！爸爸,1.3%,102.20,11,1.4%,11.2%
23834,异形：契约,1.2%,92.23,8,1.4%,9.0%
23835,仙球大战,0.8%,67.33,3,3.4%,3.2%
23836,缉枪,0.7%,58.09,41,0.1%,48.9%
23837,新木乃伊,0.6%,53.19,7,1.0%,7.7%
23838,乡关何处,0.4%,34.90,45,<0.1%,40.8%
23839,重返·狼群,0.3%,30.31,10,0.4%,11.2%
23840,撞邪31号,0.3%,23.42,5,0.8%,4.6%
23841,花腰恋歌,0.3%,23.10,155,<0.1%,87.6%
23842,神奇女侠,0.2%,21.53,11,0.2%,11.1%
23843,雄狮,0.1%,12.35,5,0.3%,5.1%
23844,和田玉传奇,0.1%,10.92,8,0.2%,19.8%
23845,秘果,0.1%,7.64,146,<0.1%,100.0%
23846,李三娘,<0.1%,6.92,64,<0.1%,100%
23847,三只小猪2,<0.1%,5.43,4,0.2%,4.2%
23848,父子雄兵,<0.1%,5.00,135,<0.1%,71.0%
23849,忠爱无言,<0.1%,3.78,6,0.1%,6.1%
23850,我是医生,<0.1%,2.16,48,<0.1%,39.7%
23851,让爱活下去,<0.1%,2.11,8,<0.1%,7.1%
23852,冯梦龙传奇,<0.1%,1.94,6,<0.1%,7.3%
23853,我不做大哥好多年,<0.1%,1.77,2,0.1%,2.6%
23854,猪猪侠之英雄猪少年,<0.1%,1.26,9,<0.1%,12.2%
23855,再见时光,<0.1%,1.24,4,<0.1%,5.9%
23856,绝世高手,<0.1%,1.10,17,<0.1%,100%
23857,借眼,<0.1%,1.07,3,<0.1%,3.3%
23858,变形金刚5：最后的骑士,35.2%,2645.76,10,32.6%,6.4%
23859,逆时营救,20.8%,1568.74,9,21.2%,7.6%
23860,明月几时有,7.5%,564.85,6,11.8%,5.2%
23861,绝世高手,7.0%,526.18,29,2.5%,26.7%
23862,反转人生,6.9%,525.92,8,10.7%,7.4%
23863,冈仁波齐,5.6%,423.32,12,4.9%,10.6%
23864,原谅他77次,5.1%,389.09,14,3.6%,12.8%
23865,血战湘江,3.9%,298.69,30,1.1%,36.7%
23866,摔跤吧！爸爸,1.3%,99.96,10,1.5%,10.5%
23867,异形：契约,1.1%,85.87,7,1.6%,7.5%
23868,仙球大战,0.8%,65.34,4,3.0%,3.6%
23869,新木乃伊,0.7%,57.08,7,1.1%,7.5%
23870,缉枪,0.6%,47.28,40,0.1%,53.6%
23871,重返·狼群,0.5%,40.41,12,0.4%,12.3%
23872,乡关何处,0.3%,27.30,50,<0.1%,44.1%
23873,神奇女侠,0.3%,23.28,10,0.2%,9.8%
23874,撞邪31号,0.2%,21.38,4,0.8%,4.1%
23875,花腰恋歌,0.2%,20.44,119,<0.1%,100%
23876,雄狮,0.1%,13.20,5,0.3%,4.9%
23877,和田玉传奇,0.1%,12.27,9,0.2%,20.0%
23878,李三娘,0.1%,8.80,72,<0.1%,100%
23879,父子雄兵,<0.1%,5.87,135,<0.1%,72.2%
23880,三只小猪2,<0.1%,5.23,4,0.2%,3.9%
23881,忠爱无言,<0.1%,3.71,5,0.1%,4.9%
23882,我是医生,<0.1%,3.61,53,<0.1%,43.6%
23883,冯梦龙传奇,<0.1%,2.66,10,<0.1%,9.5%
23884,秘果,<0.1%,2.36,84,<0.1%,71.7%
23885,内心引力,<0.1%,2.21,39,<0.1%,54.1%
23886,让爱活下去,<0.1%,1.88,8,<0.1%,7.3%
23887,我不做大哥好多年,<0.1%,1.88,2,0.1%,3.1%
23888,中国推销员,<0.1%,1.55,7,<0.1%,13.4%
23889,再见时光,<0.1%,1.41,4,<0.1%,5.8%
23890,摇摇晃晃的人间,<0.1%,1.25,88,<0.1%,40.5%
23891,借眼,<0.1%,1.22,3,<0.1%,3.6%
23892,变形金刚5：最后的骑士,37.0%,2464.19,9,33.0%,5.9%
23893,逆时营救,21.6%,1436.86,8,22.0%,6.7%
23894,明月几时有,8.2%,551.01,6,11.6%,5.2%
23895,反转人生,8.1%,543.24,7,11.5%,7.2%
23896,冈仁波齐,6.2%,416.07,10,5.5%,9.4%
23897,原谅他77次,5.9%,398.69,13,4.0%,11.8%
23898,血战湘江,4.4%,298.11,29,1.2%,33.9%
23899,异形：契约,1.4%,96.48,7,1.9%,6.9%
23900,仙球大战,1.2%,83.32,4,3.1%,4.5%
23901,新木乃伊,0.9%,64.26,6,1.3%,6.9%
23902,重返·狼群,0.7%,50.65,12,0.5%,12.6%
23903,缉枪,0.6%,41.54,38,0.1%,50.5%
23904,神奇女侠,0.4%,29.08,9,0.3%,9.2%
23905,乡关何处,0.4%,27.95,52,<0.1%,47.0%
23906,撞邪31号,0.3%,20.64,4,0.9%,3.7%
23907,花腰恋歌,0.2%,18.76,110,<0.1%,90.9%
23908,青禾男高,0.2%,16.14,119,<0.1%,100%
23909,雄狮,0.2%,14.49,5,0.4%,4.9%
23910,和田玉传奇,0.1%,10.65,8,0.2%,18.9%
23911,三只小猪2,<0.1%,5.25,4,0.2%,3.8%
23912,冯梦龙传奇,<0.1%,5.11,19,<0.1%,18.3%
23913,父子雄兵,<0.1%,4.42,76,<0.1%,87.5%
23914,忠爱无言,<0.1%,4.30,5,0.1%,4.8%
23915,我是医生,<0.1%,4.18,62,<0.1%,72.8%
23916,绝世高手,<0.1%,3.98,16,<0.1%,32.9%
23917,领袖1935,<0.1%,3.45,198,<0.1%,--
23918,我不做大哥好多年,<0.1%,2.50,2,0.1%,2.7%
23919,李三娘,<0.1%,2.39,27,<0.1%,100%
23920,李雷和韩梅梅——昨日重现,<0.1%,2.07,18,<0.1%,33.4%
23921,再见时光,<0.1%,1.97,5,<0.1%,7.9%
23922,借眼,<0.1%,1.91,4,<0.1%,4.8%
23923,让爱活下去,<0.1%,1.46,7,<0.1%,6.9%
23924,猪猪侠之英雄猪少年,<0.1%,1.03,8,<0.1%,9.9%
23925,建党伟业,<0.1%,1.01,17,<0.1%,20.6%
23926,中国推销员,<0.1%,1.00,5,<0.1%,8.5%
23927,京城81号2,41.7%,4129.80,32,15.1%,26.7%
23928,变形金刚5：最后的骑士,21.2%,2098.21,9,27.6%,5.9%
23929,逆时营救,10.4%,1032.54,7,17.5%,5.9%
23930,明月几时有,3.9%,394.29,7,6.5%,6.1%
23931,与君相恋100次,3.8%,381.66,6,9.4%,5.6%
23932,神偷奶爸3,3.3%,335.41,39,1.0%,20.7%
23933,反转人生,3.2%,326.17,6,8.0%,6.0%
23934,冈仁波齐,3.1%,310.02,10,4.0%,9.0%
23935,血战湘江,3.1%,306.60,39,0.9%,46.5%
23936,原谅他77次,2.0%,203.10,9,2.9%,8.4%
23937,异形：契约,0.5%,54.34,6,1.1%,6.2%
23938,缉枪,0.4%,40.17,48,0.1%,67.3%
23939,新木乃伊,0.4%,39.92,6,0.9%,6.2%
23940,重返·狼群,0.3%,39.48,11,0.4%,11.9%
23941,仙球大战,0.3%,37.09,4,1.6%,3.7%
23942,乡关何处,0.2%,26.72,68,<0.1%,53.7%
23943,神奇女侠,0.2%,20.40,9,0.2%,8.9%
23944,花腰恋歌,0.1%,19.56,106,<0.1%,92.8%
23945,绝世高手,0.1%,12.97,18,0.1%,16.5%
23946,和田玉传奇,0.1%,10.19,8,0.2%,18.4%
23947,雄狮,<0.1%,8.26,5,0.2%,5.1%
23948,三只小猪2,<0.1%,4.57,4,0.1%,3.7%
23949,冯梦龙传奇,<0.1%,4.40,24,<0.1%,24.6%
23950,中国推销员,<0.1%,3.50,13,<0.1%,27.7%
23951,撞邪31号,<0.1%,3.25,2,0.3%,1.9%
23952,我是医生,<0.1%,3.23,53,<0.1%,62.2%
23953,忠爱无言,<0.1%,2.88,5,0.1%,5.0%
23954,大护法,<0.1%,2.49,60,<0.1%,100.0%
23955,内心引力,<0.1%,2.22,64,<0.1%,62.6%
23956,李三娘,<0.1%,1.86,33,<0.1%,100%
23957,让爱活下去,<0.1%,1.55,24,<0.1%,21.8%
23958,喵星人,<0.1%,1.55,111,<0.1%,100%
23959,再见时光,<0.1%,1.40,5,<0.1%,6.3%
23960,记忆大师,<0.1%,1.24,51,<0.1%,65.9%
23961,神偷奶爸3,59.6%,13780.96,41,33.7%,27.0%
23962,京城81号2,15.8%,3658.79,17,21.0%,14.3%
23963,绝世高手,10.1%,2335.32,17,15.9%,15.8%
23964,变形金刚5：最后的骑士,5.4%,1261.77,13,9.8%,10.7%
23965,逆时营救,2.0%,474.22,12,4.3%,12.5%
23966,秘果,1.2%,277.69,8,4.0%,8.3%
23967,明月几时有,1.1%,275.06,28,0.8%,32.7%
23968,血战湘江,1.1%,266.92,61,0.4%,87.8%
23969,冈仁波齐,0.8%,191.21,20,0.9%,21.2%
23970,与君相恋100次,0.6%,154.72,7,2.7%,6.6%
23971,原谅他77次,0.4%,102.44,14,0.8%,14.2%
23972,青春逗,0.2%,59.74,3,2.5%,3.8%
23973,反转人生,0.1%,34.04,5,0.9%,5.8%
23974,缉枪,0.1%,32.89,54,<0.1%,66.8%
23975,乡关何处,0.1%,29.14,107,<0.1%,65.9%
23976,花腰恋歌,<0.1%,19.35,122,<0.1%,96.6%
23977,重返·狼群,<0.1%,18.38,15,0.1%,18.6%
23978,异形：契约,<0.1%,15.08,9,0.1%,11.1%
23979,和田玉传奇,<0.1%,9.40,8,0.2%,18.0%
23980,仙球大战,<0.1%,8.80,8,0.1%,11.3%
23981,新木乃伊,<0.1%,7.90,6,0.1%,7.4%
23982,雄狮,<0.1%,4.99,16,<0.1%,27.8%
23983,神奇女侠,<0.1%,4.73,8,<0.1%,11.2%
23984,冯梦龙传奇,<0.1%,4.27,47,<0.1%,53.6%
23985,我是医生,<0.1%,3.56,57,<0.1%,89.3%
23986,中国推销员,<0.1%,3.23,29,<0.1%,46.4%
23987,李三娘,<0.1%,2.69,46,<0.1%,100%
23988,让爱活下去,<0.1%,1.90,52,<0.1%,71.4%
23989,内心引力,<0.1%,1.51,59,<0.1%,71.7%
23990,穆桂英挂帅(京剧),<0.1%,1.44,52,<0.1%,100%
23991,湄公河行动,<0.1%,1.35,75,<0.1%,55.6%
23992,撞邪31号,<0.1%,1.29,2,0.1%,1.2%
23993,记忆大师,<0.1%,1.22,58,<0.1%,67.4%
23994,神偷奶爸3,62.6%,16313.49,41,39.1%,26.5%
23995,京城81号2,13.1%,3411.39,17,19.8%,14.2%
23996,绝世高手,7.9%,2075.24,16,14.7%,14.8%
23997,变形金刚5：最后的骑士,7.5%,1959.72,20,9.5%,17.6%
23998,逆时营救,1.9%,501.81,13,4.4%,13.1%
23999,冈仁波齐,1.4%,369.27,29,1.2%,32.4%
24000,血战湘江,0.9%,250.56,61,0.4%,90.2%
24001,与君相恋100次,0.7%,193.87,9,2.2%,10.0%
24002,秘果,0.5%,156.05,6,3.1%,5.8%
24003,原谅他77次,0.4%,127.80,17,0.8%,18.2%
24004,青禾男高,0.3%,93.81,53,0.2%,52.7%
24005,明月几时有,0.3%,92.60,14,0.7%,15.8%
24006,反转人生,0.2%,53.56,8,0.8%,10.1%
24007,闪光少女,0.1%,45.63,23,0.1%,18.5%
24008,重返·狼群,0.1%,44.76,27,0.1%,33.4%
24009,缉枪,0.1%,41.90,73,<0.1%,100%
24010,乡关何处,0.1%,28.13,108,<0.1%,63.1%
24011,异形：契约,0.1%,27.41,12,0.2%,16.0%
24012,青春逗,0.1%,26.79,5,0.6%,5.4%
24013,父子雄兵,<0.1%,18.43,60,<0.1%,50.9%
24014,花腰恋歌,<0.1%,17.93,132,<0.1%,100%
24015,新木乃伊,<0.1%,13.43,9,0.1%,12.6%
24016,二十二,<0.1%,13.30,83,<0.1%,76.2%
24017,喵星人,<0.1%,13.19,129,<0.1%,100%
24018,神奇女侠,<0.1%,11.97,17,<0.1%,23.2%
24019,和田玉传奇,<0.1%,9.93,8,0.2%,18.9%
24020,摇摇晃晃的人间,<0.1%,8.78,90,<0.1%,90.2%
24021,雄狮,<0.1%,7.28,23,<0.1%,29.8%
24022,冯梦龙传奇,<0.1%,6.69,70,<0.1%,59.4%
24023,我是医生,<0.1%,6.59,161,<0.1%,99.9%
24024,李三娘,<0.1%,4.67,58,<0.1%,100%
24025,仙球大战,<0.1%,2.62,3,0.1%,3.8%
24026,内心引力,<0.1%,2.55,82,<0.1%,88.9%
24027,猪猪侠之英雄猪少年,<0.1%,1.96,18,<0.1%,22.4%
24028,撞邪31号,<0.1%,1.92,2,0.1%,1.6%
24029,中国推销员,<0.1%,1.76,17,<0.1%,45.8%
24030,大护法,<0.1%,1.55,187,<0.1%,42.6%
24031,五女拜寿,<0.1%,1.17,108,<0.1%,--
24032,忠爱无言,<0.1%,1.16,10,<0.1%,11.9%
24033,魔镜奇缘,<0.1%,1.03,77,<0.1%,58.5%
24034,那些女人,<0.1%,1.00,500,<0.1%,41.0%
24035,神偷奶爸3,61.6%,13985.08,34,40.4%,22.3%
24036,京城81号2,12.9%,2931.14,15,18.9%,13.0%
24037,变形金刚5：最后的骑士,8.3%,1896.88,19,9.7%,17.2%
24038,绝世高手,7.6%,1743.93,14,14.3%,12.7%
24039,逆时营救,2.2%,499.54,12,4.6%,12.8%
24040,冈仁波齐,1.6%,371.91,25,1.5%,26.5%
24041,血战湘江,1.0%,247.32,61,0.3%,91.3%
24042,与君相恋100次,0.8%,181.51,9,2.1%,9.8%
24043,秘果,0.6%,136.97,5,2.8%,5.8%
24044,原谅他77次,0.5%,134.24,17,0.8%,17.9%
24045,明月几时有,0.3%,77.21,11,0.6%,13.1%
24046,重返·狼群,0.2%,56.47,26,0.2%,31.4%
24047,父子雄兵,0.2%,51.34,99,<0.1%,90.3%
24048,反转人生,0.2%,47.49,7,0.8%,8.9%
24049,缉枪,0.1%,42.53,75,<0.1%,100%
24050,闪光少女,0.1%,32.52,30,0.1%,25.9%
24051,乡关何处,0.1%,29.39,106,<0.1%,62.0%
24052,异形：契约,0.1%,28.55,11,0.2%,14.3%
24053,悟空传,0.1%,27.95,165,<0.1%,--
24054,花腰恋歌,<0.1%,15.83,126,<0.1%,98.8%
24055,青春逗,<0.1%,15.38,4,0.4%,4.5%
24056,神奇女侠,<0.1%,13.39,14,<0.1%,18.1%
24057,米兰斯卡拉歌剧院：奇迹之殿,<0.1%,10.58,92,<0.1%,75.1%
24058,和田玉传奇,<0.1%,9.75,8,0.2%,19.6%
24059,雄狮,<0.1%,6.07,17,<0.1%,23.4%
24060,摇摇晃晃的人间,<0.1%,4.30,79,<0.1%,84.3%
24061,内心引力,<0.1%,3.12,82,<0.1%,91.1%
24062,李雷和韩梅梅——昨日重现,<0.1%,3.07,43,<0.1%,100%
24063,阳光萌星社,<0.1%,3.05,23,<0.1%,--
24064,二十二,<0.1%,2.48,89,<0.1%,100%
24065,仙球大战,<0.1%,2.23,2,0.1%,2.7%
24066,宽恕,<0.1%,2.19,74,<0.1%,95.9%
24067,冯梦龙传奇,<0.1%,2.18,33,<0.1%,38.1%
24068,我是医生,<0.1%,2.07,198,<0.1%,100%
24069,撞邪31号,<0.1%,1.91,2,0.1%,1.6%
24070,猪猪侠之英雄猪少年,<0.1%,1.91,22,<0.1%,25.3%
24071,牧野传奇,<0.1%,1.75,40,<0.1%,37.1%
24072,中国推销员,<0.1%,1.53,13,<0.1%,33.0%
24073,李三娘,<0.1%,1.47,35,<0.1%,100%
24074,三只小猪2,<0.1%,1.23,5,<0.1%,6.5%
24075,麦豆的夏天,<0.1%,1.14,68,<0.1%,--
24076,儿大女大,<0.1%,1.03,34,<0.1%,--
24077,神偷奶爸3,56.6%,5959.34,16,40.1%,10.2%
24078,京城81号2,16.0%,1690.09,10,18.6%,8.2%
24079,变形金刚5：最后的骑士,8.3%,874.15,9,10.2%,8.2%
24080,绝世高手,7.9%,837.04,7,13.9%,6.7%
24081,逆时营救,2.7%,284.10,7,4.9%,7.1%
24082,血战湘江,1.8%,198.19,51,0.4%,69.7%
24083,冈仁波齐,1.5%,165.95,11,1.8%,10.9%
24084,与君相恋100次,1.0%,105.38,6,2.2%,6.0%
24085,秘果,0.7%,80.04,4,2.6%,3.8%
24086,原谅他77次,0.7%,77.14,9,1.0%,9.6%
24087,明月几时有,0.3%,37.96,6,0.7%,6.3%
24088,缉枪,0.3%,35.69,65,<0.1%,100%
24089,反转人生,0.2%,29.99,5,0.9%,5.4%
24090,重返·狼群,0.2%,24.69,11,0.2%,13.1%
24091,异形：契约,0.1%,14.65,6,0.2%,6.9%
24092,和田玉传奇,0.1%,11.44,9,0.2%,19.5%
24093,花腰恋歌,0.1%,10.87,77,<0.1%,72.4%
24094,米兰斯卡拉歌剧院：奇迹之殿,<0.1%,10.38,74,<0.1%,63.3%
24095,青春逗,<0.1%,8.54,3,0.3%,3.7%
24096,大护法,<0.1%,8.36,147,<0.1%,91.5%
24097,神奇女侠,<0.1%,6.59,8,<0.1%,8.8%
24098,闪光少女,<0.1%,5.65,24,<0.1%,21.2%
24099,我是医生,<0.1%,4.50,202,<0.1%,100%
24100,冯梦龙传奇,<0.1%,3.57,54,<0.1%,36.5%
24101,李三娘,<0.1%,3.42,40,<0.1%,100%
24102,仙球大战,<0.1%,3.39,3,0.1%,3.6%
24103,雄狮,<0.1%,2.31,6,<0.1%,8.6%
24104,中国推销员,<0.1%,1.86,18,<0.1%,41.2%
24105,阳光萌星社,<0.1%,1.77,16,<0.1%,15.9%
24106,父子雄兵,<0.1%,1.28,64,<0.1%,29.3%
24107,撞邪31号,<0.1%,1.23,2,0.1%,1.4%
24108,摇摇晃晃的人间,<0.1%,1.02,38,<0.1%,56.9%
24109,神偷奶爸3,55.3%,5078.33,14,40.3%,8.8%
24110,京城81号2,15.8%,1451.45,9,18.4%,7.3%
24111,变形金刚5：最后的骑士,8.7%,799.83,9,10.5%,7.3%
24112,绝世高手,8.1%,749.65,7,13.3%,6.4%
24113,逆时营救,2.9%,267.27,7,5.2%,6.4%
24114,血战湘江,2.1%,199.89,52,0.4%,71.4%
24115,冈仁波齐,1.8%,170.37,10,2.0%,10.1%
24116,与君相恋100次,1.0%,100.43,6,2.3%,5.6%
24117,原谅他77次,0.7%,71.46,9,1.0%,8.5%
24118,秘果,0.7%,64.30,3,2.5%,3.3%
24119,明月几时有,0.4%,42.95,6,0.7%,7.0%
24120,反转人生,0.3%,28.72,4,0.9%,5.0%
24121,重返·狼群,0.2%,25.44,11,0.2%,12.3%
24122,异形：契约,0.1%,14.37,6,0.2%,6.7%
24123,和田玉传奇,0.1%,12.29,9,0.2%,21.5%
24124,花腰恋歌,0.1%,10.23,92,<0.1%,74.5%
24125,缉枪,0.1%,9.88,27,<0.1%,39.7%
24126,青春逗,0.1%,9.66,4,0.3%,4.6%
24127,神奇女侠,<0.1%,7.61,8,0.1%,8.6%
24128,闪光少女,<0.1%,4.84,28,<0.1%,24.0%
24129,冯梦龙传奇,<0.1%,4.16,50,<0.1%,46.7%
24130,我是医生,<0.1%,3.14,101,<0.1%,95.4%
24131,李三娘,<0.1%,2.61,35,<0.1%,100%
24132,雄狮,<0.1%,2.41,5,<0.1%,6.5%
24133,阳光萌星社,<0.1%,2.24,21,<0.1%,24.4%
24134,猪猪侠之英雄猪少年,<0.1%,1.49,19,<0.1%,21.6%
24135,仙球大战,<0.1%,1.22,2,0.1%,1.8%
24136,撞邪31号,<0.1%,1.21,2,0.1%,1.6%
24137,神偷奶爸3,47.7%,4336.97,12,38.2%,7.7%
24138,京城81号2,13.1%,1191.98,8,16.6%,6.8%
24139,变形金刚5：最后的骑士,7.8%,714.61,8,9.7%,6.9%
24140,青禾男高,7.4%,680.94,11,7.5%,10.3%
24141,悟空传,7.1%,648.79,43,1.5%,22.2%
24142,绝世高手,6.2%,566.54,6,11.2%,5.6%
24143,逆时营救,2.3%,213.95,6,4.4%,5.8%
24144,血战湘江,1.9%,172.61,48,0.3%,65.8%
24145,冈仁波齐,1.6%,149.36,9,1.8%,9.2%
24146,与君相恋100次,0.9%,82.65,5,1.9%,5.2%
24147,原谅他77次,0.6%,58.62,8,0.9%,7.8%
24148,秘果,0.5%,46.70,3,1.9%,3.2%
24149,明月几时有,0.4%,39.80,6,0.6%,7.2%
24150,重返·狼群,0.2%,21.96,10,0.2%,10.6%
24151,反转人生,0.2%,21.31,4,0.8%,4.4%
24152,异形：契约,0.1%,12.40,5,0.2%,6.0%
24153,缉枪,0.1%,11.72,33,<0.1%,50.3%
24154,青春逗,0.1%,11.70,5,0.2%,6.5%
24155,花腰恋歌,0.1%,11.36,92,<0.1%,73.3%
24156,和田玉传奇,0.1%,10.43,9,0.2%,20.1%
24157,米兰斯卡拉歌剧院：奇迹之殿,<0.1%,8.81,73,<0.1%,60.0%
24158,神奇女侠,<0.1%,7.38,7,0.1%,8.1%
24159,闪光少女,<0.1%,5.74,25,<0.1%,22.8%
24160,我的处女地,<0.1%,3.90,650,<0.1%,--
24161,建党伟业,<0.1%,3.66,122,<0.1%,100%
24162,冯梦龙传奇,<0.1%,3.34,47,<0.1%,35.0%
24163,我是医生,<0.1%,2.80,102,<0.1%,100%
24164,大护法,<0.1%,2.18,4,<0.1%,3.2%
24165,李三娘,<0.1%,2.08,43,<0.1%,100%
24166,北纬30度之爱,<0.1%,2.00,11,<0.1%,16.5%
24167,阳光萌星社,<0.1%,1.42,15,<0.1%,18.4%
24168,雄狮,<0.1%,1.17,3,<0.1%,4.2%
24169,仙球大战,<0.1%,1.05,2,0.1%,1.5%
24170,悟空传,65.0%,10789.16,30,37.3%,19.5%
24171,神偷奶爸3,18.4%,3051.77,16,20.2%,13.3%
24172,青禾男高,4.6%,767.82,7,14.1%,7.0%
24173,大护法,4.4%,730.22,7,13.1%,6.2%
24174,京城81号2,2.8%,466.35,9,5.8%,9.5%
24175,变形金刚5：最后的骑士,1.5%,258.60,10,2.8%,10.5%
24176,血战湘江,0.7%,129.33,48,0.2%,80.9%
24177,绝世高手,0.6%,105.17,5,2.6%,5.1%
24178,冈仁波齐,0.4%,75.79,13,0.6%,15.5%
24179,逆时营救,0.1%,29.51,5,0.7%,6.1%
24180,原谅他77次,0.1%,20.71,10,0.2%,10.5%
24181,与君相恋100次,0.1%,20.60,7,0.3%,7.7%
24182,明月几时有,<0.1%,14.99,10,0.1%,13.4%
24183,重返·狼群,<0.1%,13.05,12,0.1%,16.4%
24184,和田玉传奇,<0.1%,9.99,8,0.2%,18.5%
24185,青春逗,<0.1%,8.81,19,<0.1%,30.8%
24186,闪光少女,<0.1%,6.92,32,<0.1%,28.4%
24187,花腰恋歌,<0.1%,6.56,68,<0.1%,48.1%
24188,缉枪,<0.1%,6.24,19,<0.1%,26.8%
24189,秘果,<0.1%,5.74,3,0.2%,4.3%
24190,反转人生,<0.1%,3.91,3,0.1%,4.8%
24191,异形：契约,<0.1%,2.72,4,<0.1%,6.8%
24192,冯梦龙传奇,<0.1%,2.17,40,<0.1%,40.2%
24193,我是医生,<0.1%,2.02,97,<0.1%,100%
24194,雄狮,<0.1%,2.01,18,<0.1%,40.4%
24195,阳光萌星社,<0.1%,1.51,34,<0.1%,62.0%
24196,铁道飞虎,<0.1%,1.37,458,<0.1%,100.0%
24197,喵星人,<0.1%,1.36,4,<0.1%,4.2%
24198,李三娘,<0.1%,1.32,35,<0.1%,100%
24199,神奇女侠,<0.1%,1.23,5,<0.1%,6.2%
24200,让爱活下去,<0.1%,1.13,23,<0.1%,20.3%
24201,穆桂英挂帅(京剧),<0.1%,1.08,34,<0.1%,35.1%
24202,绣春刀II：修罗战场,<0.1%,1.03,17,<0.1%,17.1%
24203,悟空传,57.3%,8687.81,23,37.8%,15.4%
24204,神偷奶爸3,22.0%,3339.09,18,20.1%,14.6%
24205,喵星人,7.2%,1095.13,11,12.2%,11.1%
24206,大护法,3.2%,497.82,6,8.7%,5.9%
24207,京城81号2,2.6%,397.85,10,4.4%,10.7%
24208,青禾男高,2.4%,364.04,5,9.4%,4.9%
24209,变形金刚5：最后的骑士,1.7%,265.18,11,2.5%,12.4%
24210,血战湘江,0.9%,139.06,52,0.2%,79.7%
24211,冈仁波齐,0.5%,87.61,16,0.5%,19.1%
24212,绝世高手,0.4%,67.51,6,1.4%,6.3%
24213,逆时营救,0.1%,23.23,6,0.4%,7.7%
24214,明月几时有,0.1%,22.32,17,0.1%,23.8%
24215,与君相恋100次,0.1%,18.30,9,0.2%,11.2%
24216,原谅他77次,0.1%,17.42,10,0.1%,10.7%
24217,重返·狼群,<0.1%,11.15,11,0.1%,13.5%
24218,闪光少女,<0.1%,10.01,34,<0.1%,30.7%
24219,青春逗,<0.1%,8.81,28,<0.1%,37.3%
24220,花腰恋歌,<0.1%,8.67,82,<0.1%,65.4%
24221,缉枪,<0.1%,8.03,34,<0.1%,45.7%
24222,片甲不留,<0.1%,5.92,11,<0.1%,13.9%
24223,异形：契约,<0.1%,5.11,13,<0.1%,21.3%
24224,李三娘,<0.1%,4.75,64,<0.1%,100%
24225,和田玉传奇,<0.1%,4.38,12,<0.1%,24.9%
24226,秘果,<0.1%,3.63,4,0.1%,5.5%
24227,冯梦龙传奇,<0.1%,3.56,51,<0.1%,45.5%
24228,雄狮,<0.1%,3.02,30,<0.1%,73.3%
24229,摇摇晃晃的人间,<0.1%,2.32,72,<0.1%,88.3%
24230,我是医生,<0.1%,2.14,67,<0.1%,78.6%
24231,反转人生,<0.1%,2.13,4,<0.1%,5.3%
24232,湄公河行动,<0.1%,2.06,172,<0.1%,100%
24233,神奇女侠,<0.1%,1.74,8,<0.1%,9.2%
24234,阳光萌星社,<0.1%,1.69,56,<0.1%,100%
24235,山无棱天地合,<0.1%,1.48,8,<0.1%,9.0%
24236,让爱活下去,<0.1%,1.40,22,<0.1%,31.9%
24237,北纬30度之爱,<0.1%,1.25,35,<0.1%,80.5%
24238,记忆大师,<0.1%,1.09,63,<0.1%,60.8%
24239,撞邪31号,<0.1%,1.00,2,0.1%,1.2%
24240,悟空传,50.1%,10482.35,27,37.9%,17.8%
24241,神偷奶爸3,28.3%,5927.45,28,22.1%,22.8%
24242,喵星人,5.1%,1069.34,12,10.7%,12.0%
24243,大护法,4.3%,912.63,13,7.3%,12.5%
24244,京城81号2,2.4%,512.36,12,4.4%,13.5%
24245,变形金刚5：最后的骑士,2.3%,487.21,18,2.7%,19.6%
24246,闪光少女,1.7%,373.53,16,2.5%,16.0%
24247,青禾男高,1.6%,342.87,6,7.3%,5.9%
24248,冈仁波齐,0.6%,144.02,23,0.6%,26.3%
24249,绣春刀II：修罗战场,0.6%,138.17,46,0.3%,43.4%
24250,血战湘江,0.6%,127.23,52,0.2%,90.8%
24251,绝世高手,0.4%,91.65,8,1.2%,9.8%
24252,重返·狼群,0.1%,28.50,21,0.1%,26.8%
24253,与君相恋100次,0.1%,27.56,14,0.2%,17.0%
24254,逆时营救,0.1%,27.24,7,0.4%,8.7%
24255,原谅他77次,0.1%,23.40,13,0.2%,14.1%
24256,青春逗,<0.1%,19.02,65,<0.1%,64.3%
24257,明月几时有,<0.1%,17.63,15,0.1%,20.4%
24258,摇摇晃晃的人间,<0.1%,9.77,73,<0.1%,100%
24259,阿唐奇遇,<0.1%,8.66,105,<0.1%,--
24260,花腰恋歌,<0.1%,8.59,79,<0.1%,69.8%
24261,异形：契约,<0.1%,6.48,11,<0.1%,18.4%
24262,片甲不留,<0.1%,5.59,10,<0.1%,11.5%
24263,雄狮,<0.1%,4.73,38,<0.1%,100%
24264,冯梦龙传奇,<0.1%,4.48,75,<0.1%,76.6%
24265,父子雄兵,<0.1%,4.32,59,<0.1%,57.6%
24266,缉枪,<0.1%,4.10,23,<0.1%,33.3%
24267,和田玉传奇,<0.1%,4.10,15,<0.1%,30.0%
24268,神奇女侠,<0.1%,3.78,13,<0.1%,18.0%
24269,反转人生,<0.1%,3.46,5,<0.1%,7.2%
24270,李三娘,<0.1%,2.95,50,<0.1%,100%
24271,52赫兹，我爱你,<0.1%,2.35,50,<0.1%,71.7%
24272,撞邪31号,<0.1%,1.81,2,0.1%,1.8%
24273,秘果,<0.1%,1.70,3,<0.1%,3.7%
24274,我是医生,<0.1%,1.47,134,<0.1%,100%
24275,内心引力,<0.1%,1.24,99,<0.1%,42.9%
24276,阳光萌星社,<0.1%,1.18,60,<0.1%,75.7%
24277,悟空传,46.6%,9570.46,26,37.0%,16.8%
24278,神偷奶爸3,28.2%,5793.97,27,22.7%,22.0%
24279,大护法,5.6%,1165.93,16,7.1%,16.4%
24280,喵星人,4.6%,958.78,12,9.8%,11.9%
24281,父子雄兵,2.6%,538.12,21,2.7%,20.2%
24282,变形金刚5：最后的骑士,2.5%,522.01,18,2.9%,19.8%
24283,京城81号2,2.3%,473.47,12,4.4%,12.7%
24284,青禾男高,1.6%,342.72,7,6.3%,6.9%
24285,闪光少女,1.4%,294.60,16,2.0%,16.6%
24286,绣春刀II：修罗战场,1.0%,206.94,82,0.2%,69.7%
24287,血战湘江,0.6%,141.74,56,0.2%,90.7%
24288,冈仁波齐,0.6%,134.18,20,0.7%,22.3%
24289,绝世高手,0.4%,84.07,8,1.1%,9.3%
24290,阿唐奇遇,0.1%,29.70,43,<0.1%,93.0%
24291,重返·狼群,0.1%,29.05,22,0.1%,28.3%
24292,逆时营救,0.1%,26.81,7,0.4%,9.0%
24293,原谅他77次,0.1%,24.76,12,0.2%,13.4%
24294,与君相恋100次,0.1%,24.65,12,0.2%,14.2%
24295,明月几时有,<0.1%,13.20,12,0.1%,14.8%
24296,青春逗,<0.1%,10.75,43,<0.1%,59.6%
24297,花腰恋歌,<0.1%,7.75,78,<0.1%,59.4%
24298,缉枪,<0.1%,6.41,38,<0.1%,69.3%
24299,摇摇晃晃的人间,<0.1%,5.09,74,<0.1%,100%
24300,雄狮,<0.1%,3.85,25,<0.1%,59.4%
24301,李三娘,<0.1%,3.66,53,<0.1%,100%
24302,神奇女侠,<0.1%,3.60,14,<0.1%,18.4%
24303,异形：契约,<0.1%,3.58,10,<0.1%,14.3%
24304,和田玉传奇,<0.1%,3.49,14,<0.1%,32.5%
24305,片甲不留,<0.1%,3.12,8,<0.1%,9.0%
24306,秘果,<0.1%,2.78,4,<0.1%,5.5%
24307,反转人生,<0.1%,2.26,4,<0.1%,5.3%
24308,猪猪侠之英雄猪少年,<0.1%,1.54,23,<0.1%,31.2%
24309,撞邪31号,<0.1%,1.51,2,0.1%,1.6%
24310,阳光萌星社,<0.1%,1.50,69,<0.1%,98.9%
24311,山无棱天地合,<0.1%,1.09,7,<0.1%,6.6%
24312,悟空传,49.9%,4789.11,14,37.4%,9.1%
24313,神偷奶爸3,24.4%,2344.64,12,23.6%,9.3%
24314,大护法,7.9%,759.84,10,8.1%,9.9%
24315,喵星人,5.1%,489.43,6,10.3%,6.1%
24316,京城81号2,3.5%,341.21,8,5.1%,8.4%
24317,变形金刚5：最后的骑士,2.6%,257.56,9,3.4%,9.0%
24318,青禾男高,2.1%,204.26,4,6.4%,4.4%
24319,血战湘江,1.3%,130.48,68,0.1%,71.7%
24320,冈仁波齐,0.6%,61.35,8,0.9%,9.0%
24321,绝世高手,0.4%,47.75,4,1.5%,4.4%
24322,逆时营救,0.2%,20.02,5,0.6%,5.3%
24323,父子雄兵,0.1%,17.49,40,<0.1%,100%
24324,与君相恋100次,0.1%,16.85,7,0.3%,7.5%
24325,原谅他77次,0.1%,15.29,7,0.2%,7.5%
24326,米兰斯卡拉歌剧院：奇迹之殿,0.1%,12.77,93,<0.1%,80.1%
24327,闪光少女,0.1%,9.90,18,<0.1%,22.8%
24328,重返·狼群,0.1%,9.71,10,0.1%,12.5%
24329,和田玉传奇,<0.1%,8.24,16,<0.1%,31.0%
24330,明月几时有,<0.1%,7.66,6,0.1%,7.4%
24331,花腰恋歌,<0.1%,7.41,95,<0.1%,99.0%
24332,缉枪,<0.1%,4.70,27,<0.1%,45.2%
24333,青春逗,<0.1%,4.01,19,<0.1%,23.0%
24334,深夜食堂2,<0.1%,3.01,7,<0.1%,6.3%
24335,绣春刀II：修罗战场,<0.1%,2.92,217,<0.1%,94.2%
24336,反转人生,<0.1%,2.73,3,0.1%,4.4%
24337,北纬30度之爱,<0.1%,2.54,54,<0.1%,82.4%
24338,神奇女侠,<0.1%,2.28,7,<0.1%,7.3%
24339,异形：契约,<0.1%,2.18,6,<0.1%,6.7%
24340,秘果,<0.1%,1.79,2,0.1%,2.6%
24341,阳光萌星社,<0.1%,1.79,57,<0.1%,71.3%
24342,让爱活下去,<0.1%,1.63,65,<0.1%,42.0%
24343,李三娘,<0.1%,1.47,31,<0.1%,100%
24344,撞邪31号,<0.1%,1.37,2,<0.1%,1.9%
24345,摇摇晃晃的人间,<0.1%,1.25,87,<0.1%,100%
24346,悟空传,46.6%,4158.50,13,34.7%,8.4%
24347,神偷奶爸3,23.6%,2103.67,11,22.3%,8.8%
24348,大护法,7.8%,698.80,10,7.7%,9.4%
24349,深夜食堂2,4.8%,432.09,6,10.8%,5.0%
24350,喵星人,3.8%,340.82,6,7.4%,6.0%
24351,京城81号2,2.9%,266.16,8,4.2%,8.2%
24352,变形金刚5：最后的骑士,2.5%,224.29,9,3.0%,8.9%
24353,闪光少女,2.0%,186.07,15,1.5%,14.7%
24354,血战湘江,1.3%,118.93,73,0.1%,69.0%
24355,青禾男高,1.3%,118.65,4,3.9%,4.4%
24356,冈仁波齐,0.5%,52.42,9,0.7%,9.7%
24357,绣春刀II：修罗战场,0.5%,47.80,17,0.3%,11.3%
24358,绝世高手,0.3%,28.18,4,0.9%,4.3%
24359,和田玉传奇,0.1%,15.78,12,0.1%,26.9%
24360,逆时营救,0.1%,13.41,4,0.4%,5.1%
24361,原谅他77次,0.1%,10.77,7,0.1%,8.2%
24362,与君相恋100次,0.1%,10.13,6,0.2%,7.7%
24363,明月几时有,0.1%,10.06,10,0.1%,12.6%
24364,重返·狼群,0.1%,9.03,9,0.1%,11.9%
24365,花腰恋歌,<0.1%,6.93,87,<0.1%,90.3%
24366,青春逗,<0.1%,5.37,22,<0.1%,24.0%
24367,大耳朵图图之美食狂想曲,<0.1%,3.36,560,<0.1%,100.0%
24368,李三娘,<0.1%,3.21,40,<0.1%,100%
24369,冯梦龙传奇,<0.1%,2.71,54,<0.1%,43.7%
24370,缉枪,<0.1%,2.39,13,<0.1%,17.6%
24371,反转人生,<0.1%,2.00,3,<0.1%,4.3%
24372,异形：契约,<0.1%,1.91,6,<0.1%,7.3%
24373,父子雄兵,<0.1%,1.82,51,<0.1%,41.0%
24374,神奇女侠,<0.1%,1.60,6,<0.1%,7.8%
24375,战刀屠狼,<0.1%,1.50,117,<0.1%,67.8%
24376,谁是球王,<0.1%,1.46,88,<0.1%,82.2%
24377,我是医生,<0.1%,1.42,58,<0.1%,75.8%
24378,阳光萌星社,<0.1%,1.34,44,<0.1%,52.4%
24379,撞邪31号,<0.1%,1.32,3,<0.1%,2.0%
24380,秘果,<0.1%,1.05,2,<0.1%,2.2%
24381,雄狮,<0.1%,1.01,14,<0.1%,23.9%
24382,绣春刀II：修罗战场,35.9%,3484.72,15,31.6%,10.9%
24383,悟空传,29.7%,2884.70,12,25.8%,8.3%
24384,神偷奶爸3,18.0%,1744.08,12,17.5%,10.1%
24385,大护法,5.7%,556.73,11,5.8%,10.1%
24386,深夜食堂2,2.2%,214.91,5,6.5%,4.3%
24387,喵星人,1.7%,168.23,6,3.7%,6.3%
24388,京城81号2,1.6%,162.31,7,2.7%,8.2%
24389,变形金刚5：最后的骑士,1.3%,131.74,9,1.7%,9.5%
24390,血战湘江,1.2%,120.10,80,0.1%,76.5%
24391,青禾男高,0.4%,41.38,4,1.6%,4.1%
24392,冈仁波齐,0.3%,32.13,8,0.4%,9.8%
24393,闪光少女,0.1%,14.42,28,<0.1%,35.1%
24394,明月几时有,0.1%,13.95,24,<0.1%,31.4%
24395,和田玉传奇,0.1%,13.45,12,0.1%,26.4%
24396,绝世高手,0.1%,10.05,3,0.4%,4.4%
24397,重返·狼群,<0.1%,7.98,10,<0.1%,12.9%
24398,原谅他77次,<0.1%,6.83,8,0.1%,10.3%
24399,花腰恋歌,<0.1%,5.87,71,<0.1%,86.0%
24400,与君相恋100次,<0.1%,5.11,6,0.1%,8.3%
24401,逆时营救,<0.1%,4.95,3,0.2%,4.2%
24402,青春逗,<0.1%,4.26,27,<0.1%,31.7%
24403,缉枪,<0.1%,3.80,21,<0.1%,35.0%
24404,建军大业,<0.1%,3.70,121,<0.1%,100%
24405,阿唐奇遇,<0.1%,2.67,100,<0.1%,89.6%
24406,李三娘,<0.1%,2.44,38,<0.1%,100%
24407,反转人生,<0.1%,2.03,4,<0.1%,6.4%
24408,冯梦龙传奇,<0.1%,2.00,46,<0.1%,69.8%
24409,内心引力,<0.1%,1.70,141,<0.1%,100%
24410,我是医生,<0.1%,1.43,61,<0.1%,69.0%
24411,猪猪侠之英雄猪少年,<0.1%,1.33,14,<0.1%,18.5%
24412,父子雄兵,<0.1%,1.27,21,<0.1%,23.4%
24413,阳光萌星社,<0.1%,1.13,52,<0.1%,59.7%
24414,撞邪31号,<0.1%,1.12,2,<0.1%,1.7%
24415,异形：契约,<0.1%,1.10,5,<0.1%,7.0%
24416,神奇女侠,<0.1%,1.10,6,<0.1%,7.7%
24417,绣春刀II：修罗战场,30.9%,2727.19,12,29.3%,8.6%
24418,悟空传,28.4%,2510.84,11,24.5%,7.6%
24419,神偷奶爸3,17.7%,1567.19,11,16.6%,9.5%
24420,闪光少女,6.8%,603.23,9,8.1%,9.5%
24421,大护法,5.2%,464.20,9,5.7%,8.4%
24422,深夜食堂2,1.6%,144.73,4,4.6%,4.1%
24423,京城81号2,1.5%,137.97,7,2.4%,7.9%
24424,S的秘密,1.4%,130.76,36,0.5%,41.8%
24425,变形金刚5：最后的骑士,1.4%,127.96,9,1.6%,9.8%
24426,血战湘江,1.3%,121.09,75,0.1%,71.8%
24427,喵星人,1.2%,110.01,5,2.8%,5.5%
24428,冈仁波齐,0.3%,31.55,10,0.3%,11.7%
24429,青禾男高,0.2%,25.67,3,1.1%,3.7%
24430,父子雄兵,0.1%,12.27,14,0.1%,11.1%
24431,绝世高手,0.1%,11.24,4,0.3%,5.8%
24432,和田玉传奇,0.1%,11.07,12,0.1%,24.9%
24433,明月几时有,<0.1%,8.35,15,<0.1%,26.9%
24434,重返·狼群,<0.1%,6.15,8,<0.1%,10.2%
24435,花腰恋歌,<0.1%,5.17,47,<0.1%,49.5%
24436,缉枪,<0.1%,4.84,31,<0.1%,45.3%
24437,逆时营救,<0.1%,4.72,4,0.1%,5.1%
24438,原谅他77次,<0.1%,4.14,7,<0.1%,7.6%
24439,与君相恋100次,<0.1%,3.72,5,<0.1%,7.7%
24440,青春逗,<0.1%,2.78,21,<0.1%,22.7%
24441,李三娘,<0.1%,2.18,39,<0.1%,100%
24442,让爱活下去,<0.1%,2.02,71,<0.1%,63.1%
24443,冯梦龙传奇,<0.1%,1.78,44,<0.1%,46.1%
24444,我是医生,<0.1%,1.75,91,<0.1%,81.3%
24445,撞邪31号,<0.1%,1.15,2,<0.1%,2.0%
24446,绣春刀II：修罗战场,24.0%,2680.03,15,21.2%,10.5%
24447,父子雄兵,23.7%,2645.37,13,22.6%,9.7%
24448,悟空传,19.7%,2194.53,14,15.9%,9.5%
24449,神偷奶爸3,11.7%,1309.49,15,9.6%,12.5%
24450,闪光少女,5.0%,560.38,8,8.7%,7.1%
24451,阿唐奇遇,4.8%,544.49,8,8.6%,7.6%
24452,大护法,3.5%,392.17,11,3.5%,10.4%
24453,绿野仙踪之奥兹国奇幻之旅,1.8%,211.50,8,3.3%,7.9%
24454,血战湘江,0.8%,93.06,86,0.1%,73.5%
24455,深夜食堂2,0.7%,84.55,8,1.2%,8.9%
24456,变形金刚5：最后的骑士,0.7%,81.96,11,0.7%,12.9%
24457,S的秘密,0.6%,77.79,37,0.2%,47.6%
24458,京城81号2,0.6%,76.46,8,1.1%,9.6%
24459,谜域之噬魂岭,0.2%,23.37,7,0.4%,7.0%
24460,喵星人,0.2%,22.89,5,0.5%,7.0%
24461,明月几时有,0.1%,16.33,40,<0.1%,53.7%
24462,冈仁波齐,0.1%,15.13,13,0.1%,16.2%
24463,绝世高手,0.1%,14.67,12,0.1%,17.6%
24464,和田玉传奇,<0.1%,10.86,12,0.1%,24.1%
24465,缉枪,<0.1%,7.99,36,<0.1%,46.0%
24466,青禾男高,<0.1%,5.15,3,0.2%,4.3%
24467,战刀屠狼,<0.1%,4.89,4,0.1%,4.7%
24468,重返·狼群,<0.1%,4.09,10,<0.1%,13.2%
24469,冯梦龙传奇,<0.1%,3.69,69,<0.1%,58.5%
24470,我是医生,<0.1%,3.08,86,<0.1%,74.7%
24471,李三娘,<0.1%,2.94,43,<0.1%,100%
24472,原谅他77次,<0.1%,2.02,8,<0.1%,10.4%
24473,与君相恋100次,<0.1%,1.86,6,<0.1%,10.5%
24474,猪猪侠之英雄猪少年,<0.1%,1.80,21,<0.1%,26.5%
24475,北纬30度之爱,<0.1%,1.54,78,<0.1%,100%
24476,青春逗,<0.1%,1.43,40,<0.1%,38.2%
24477,撞邪31号,<0.1%,1.38,2,<0.1%,2.0%
24478,逆时营救,<0.1%,1.19,3,<0.1%,4.0%
24479,摇摇晃晃的人间,<0.1%,1.18,77,<0.1%,82.7%
24480,让爱活下去,<0.1%,1.16,35,<0.1%,36.0%
24481,内心引力,<0.1%,1.11,52,<0.1%,67.5%
24482,雄狮,<0.1%,1.05,27,<0.1%,74.3%
24483,绣春刀II：修罗战场,27.6%,4481.81,23,22.0%,16.3%
24484,悟空传,19.8%,3228.86,19,16.8%,12.9%
24485,父子雄兵,16.6%,2708.38,14,20.7%,10.7%
24486,神偷奶爸3,16.1%,2618.28,23,11.6%,19.7%
24487,阿唐奇遇,4.0%,656.53,11,6.9%,10.8%
24488,大护法,4.0%,652.76,21,2.9%,20.2%
24489,闪光少女,3.4%,566.24,10,6.4%,9.8%
24490,绿野仙踪之奥兹国奇幻之旅,1.3%,217.12,9,2.9%,8.8%
24491,大耳朵图图之美食狂想曲,1.2%,199.93,11,2.3%,10.8%
24492,变形金刚5：最后的骑士,0.9%,152.69,17,0.9%,18.8%
24493,深夜食堂2,0.8%,141.65,13,1.1%,15.4%
24494,京城81号2,0.6%,109.89,10,1.2%,12.1%
24495,S的秘密,0.5%,89.62,44,0.2%,54.1%
24496,血战湘江,0.5%,85.95,85,<0.1%,74.3%
24497,绝世高手,0.2%,40.60,28,0.1%,37.1%
24498,冈仁波齐,0.2%,39.50,21,0.2%,25.1%
24499,喵星人,0.2%,38.10,9,0.5%,11.1%
24500,玩偶奇兵,0.1%,22.81,4,0.7%,3.1%
24501,谜域之噬魂岭,0.1%,17.79,5,0.4%,5.6%
24502,缉枪,<0.1%,13.71,73,<0.1%,74.4%
24503,重返·狼群,<0.1%,12.13,21,<0.1%,28.9%
24504,米兰斯卡拉歌剧院：奇迹之殿,<0.1%,12.05,98,<0.1%,82.1%
24505,摇摇晃晃的人间,<0.1%,9.53,77,<0.1%,96.3%
24506,和田玉传奇,<0.1%,8.95,10,0.1%,22.3%
24507,明月几时有,<0.1%,8.91,28,<0.1%,31.3%
24508,青禾男高,<0.1%,7.36,4,0.2%,5.9%
24509,冯梦龙传奇,<0.1%,5.60,92,<0.1%,100%
24510,花腰恋歌,<0.1%,5.07,121,<0.1%,--
24511,逆时营救,<0.1%,4.15,7,<0.1%,10.6%
24512,李三娘,<0.1%,4.03,42,<0.1%,100%
24513,原谅他77次,<0.1%,3.87,11,<0.1%,14.4%
24514,我是医生,<0.1%,3.68,159,<0.1%,85.2%
24515,与君相恋100次,<0.1%,3.64,9,<0.1%,14.3%
24516,青春逗,<0.1%,3.03,50,<0.1%,51.8%
24517,战刀屠狼,<0.1%,2.53,2,0.1%,2.8%
24518,神奇女侠,<0.1%,1.96,11,<0.1%,16.0%
24519,撞邪31号,<0.1%,1.66,3,<0.1%,2.3%
24520,阳光萌星社,<0.1%,1.63,84,<0.1%,74.7%
24521,仙球大战,<0.1%,1.42,8,<0.1%,15.8%
24522,二十二,<0.1%,1.40,19,<0.1%,24.8%
24523,反转人生,<0.1%,1.34,8,<0.1%,12.3%
24524,铁道飞虎,<0.1%,1.32,44,<0.1%,43.8%
24525,异形：契约,<0.1%,1.11,7,<0.1%,11.7%
24526,猪猪侠之英雄猪少年,<0.1%,1.10,18,<0.1%,20.6%
24527,穆桂英挂帅(京剧),<0.1%,1.05,44,<0.1%,100%
24528,绣春刀II：修罗战场,26.8%,4214.64,21,22.7%,14.9%
24529,悟空传,20.8%,3270.52,18,17.5%,12.8%
24530,神偷奶爸3,17.6%,2776.34,22,13.0%,18.8%
24531,父子雄兵,15.5%,2436.17,13,19.0%,10.8%
24532,阿唐奇遇,4.4%,699.12,13,6.7%,12.0%
24533,闪光少女,3.8%,604.57,11,6.0%,11.4%
24534,大护法,3.8%,603.25,18,3.3%,16.9%
24535,绿野仙踪之奥兹国奇幻之旅,1.2%,202.22,9,2.8%,8.8%
24536,大耳朵图图之美食狂想曲,1.2%,201.78,11,2.3%,11.2%
24537,深夜食堂2,0.7%,121.21,11,1.1%,12.8%
24538,京城81号2,0.7%,112.64,9,1.3%,11.0%
24539,S的秘密,0.4%,69.86,39,0.2%,49.9%
24540,血战湘江,0.4%,66.56,74,0.1%,73.9%
24541,绝世高手,0.2%,46.45,25,0.1%,31.7%
24542,喵星人,0.2%,43.14,9,0.5%,11.3%
24543,冈仁波齐,0.2%,39.82,16,0.2%,18.8%
24544,玩偶奇兵,0.1%,24.02,5,0.6%,4.4%
24545,战狼2,0.1%,20.05,172,<0.1%,--
24546,重返·狼群,<0.1%,13.92,19,<0.1%,26.6%
24547,谜域之噬魂岭,<0.1%,13.13,4,0.4%,4.4%
24548,和田玉传奇,<0.1%,7.89,10,0.1%,21.7%
24549,青禾男高,<0.1%,6.94,4,0.2%,5.3%
24550,花腰恋歌,<0.1%,5.82,139,<0.1%,--
24551,明月几时有,<0.1%,5.05,10,<0.1%,16.6%
24552,逆时营救,<0.1%,4.93,6,<0.1%,8.3%
24553,神奇女侠,<0.1%,4.25,11,<0.1%,14.7%
24554,与君相恋100次,<0.1%,3.66,8,<0.1%,11.1%
24555,冯梦龙传奇,<0.1%,3.28,61,<0.1%,57.5%
24556,摇摇晃晃的人间,<0.1%,3.19,54,<0.1%,97.3%
24557,青春逗,<0.1%,2.54,40,<0.1%,43.9%
24558,变形金刚5：最后的骑士,<0.1%,2.08,2,0.1%,7.1%
24559,异形：契约,<0.1%,1.92,10,<0.1%,13.6%
24560,猪猪侠之英雄猪少年,<0.1%,1.91,22,<0.1%,30.4%
24561,战刀屠狼,<0.1%,1.73,2,0.1%,2.4%
24562,李三娘,<0.1%,1.64,33,<0.1%,100%
24563,阳光萌星社,<0.1%,1.37,65,<0.1%,70.8%
24564,二十二,<0.1%,1.30,36,<0.1%,34.9%
24565,撞邪31号,<0.1%,1.23,2,<0.1%,1.6%
24566,仙球大战,<0.1%,1.20,7,<0.1%,13.1%
24567,谁是球王,<0.1%,1.10,73,<0.1%,73.7%
24568,绣春刀II：修罗战场,27.1%,1982.34,10,23.8%,7.2%
24569,悟空传,22.5%,1647.88,10,18.7%,6.7%
24570,父子雄兵,16.3%,1196.53,8,18.4%,5.9%
24571,神偷奶爸3,16.0%,1173.76,10,13.7%,8.4%
24572,闪光少女,4.7%,350.91,7,6.3%,6.8%
24573,大护法,3.8%,280.41,8,3.7%,7.4%
24574,阿唐奇遇,3.1%,232.28,5,6.3%,4.5%
24575,京城81号2,1.1%,86.86,7,1.5%,7.7%
24576,血战湘江,0.8%,63.07,70,0.1%,75.6%
24577,深夜食堂2,0.7%,58.17,6,1.3%,5.9%
24578,绿野仙踪之奥兹国奇幻之旅,0.7%,57.96,3,2.5%,3.0%
24579,S的秘密,0.4%,33.18,29,0.1%,38.1%
24580,绝世高手,0.3%,28.67,16,0.1%,19.5%
24581,喵星人,0.3%,25.31,5,0.7%,5.5%
24582,冈仁波齐,0.2%,20.14,8,0.3%,9.0%
24583,和田玉传奇,0.1%,10.92,12,0.1%,22.1%
24584,谜域之噬魂岭,0.1%,10.57,4,0.4%,3.5%
24585,重返·狼群,<0.1%,6.38,10,<0.1%,11.9%
24586,青禾男高,<0.1%,6.34,3,0.3%,3.9%
24587,花腰恋歌,<0.1%,5.54,93,<0.1%,100%
24588,战狼2,<0.1%,2.92,650,<0.1%,94.2%
24589,逆时营救,<0.1%,2.64,3,0.1%,4.1%
24590,李三娘,<0.1%,2.55,40,<0.1%,100%
24591,猪猪侠之英雄猪少年,<0.1%,2.41,19,<0.1%,27.8%
24592,与君相恋100次,<0.1%,2.29,5,<0.1%,7.1%
24593,神奇女侠,<0.1%,1.85,6,<0.1%,7.6%
24594,明月几时有,<0.1%,1.61,5,<0.1%,8.2%
24595,阳光萌星社,<0.1%,1.56,80,<0.1%,72.8%
24596,北纬30度之爱,<0.1%,1.36,49,<0.1%,92.6%
24597,谁是球王,<0.1%,1.33,101,<0.1%,83.6%
24598,异形：契约,<0.1%,1.00,5,<0.1%,6.7%
24599,绣春刀II：修罗战场,27.1%,1855.47,10,24.0%,6.8%
24600,悟空传,21.7%,1487.79,9,19.1%,6.0%
24601,神偷奶爸3,16.5%,1129.35,9,14.3%,7.7%
24602,父子雄兵,15.3%,1053.09,7,17.3%,5.7%
24603,闪光少女,5.7%,394.94,8,6.2%,7.9%
24604,大护法,3.7%,255.45,7,3.9%,6.5%
24605,阿唐奇遇,3.1%,214.82,5,6.0%,4.4%
24606,京城81号2,1.2%,83.80,6,1.6%,7.2%
24607,血战湘江,0.8%,58.44,73,<0.1%,79.5%
24608,绿野仙踪之奥兹国奇幻之旅,0.7%,53.65,3,2.3%,3.1%
24609,深夜食堂2,0.7%,52.91,5,1.2%,5.5%
24610,绝世高手,0.5%,35.66,18,0.1%,23.3%
24611,喵星人,0.3%,24.94,5,0.7%,5.1%
24612,S的秘密,0.3%,22.92,25,0.1%,32.5%
24613,冈仁波齐,0.2%,18.25,7,0.3%,7.4%
24614,和田玉传奇,0.1%,10.67,17,0.1%,28.1%
24615,建军大业,0.1%,10.41,551,<0.1%,87.7%
24616,谜域之噬魂岭,0.1%,9.35,3,0.4%,3.3%
24617,战狼2,<0.1%,6.48,192,<0.1%,83.6%
24618,青禾男高,<0.1%,6.31,3,0.3%,4.0%
24619,重返·狼群,<0.1%,6.19,9,<0.1%,10.8%
24620,花腰恋歌,<0.1%,6.09,120,<0.1%,100%
24621,明月几时有,<0.1%,5.05,14,<0.1%,21.8%
24622,猪猪侠之英雄猪少年,<0.1%,2.64,17,<0.1%,21.4%
24623,逆时营救,<0.1%,2.48,3,0.1%,3.8%
24624,李三娘,<0.1%,2.44,44,<0.1%,100%
24625,与君相恋100次,<0.1%,2.05,4,<0.1%,5.3%
24626,神奇女侠,<0.1%,2.02,6,<0.1%,7.0%
24627,大耳朵图图之美食狂想曲,<0.1%,1.77,19,<0.1%,72.5%
24628,皮绳上的魂,<0.1%,1.68,183,<0.1%,90.5%
24629,谁是球王,<0.1%,1.39,101,<0.1%,88.3%
24630,儿大女大,<0.1%,1.31,110,<0.1%,100%
24631,让爱活下去,<0.1%,1.16,4,<0.1%,5.4%
24632,异形：契约,<0.1%,1.02,6,<0.1%,7.5%
24633,绣春刀II：修罗战场,26.0%,1658.47,9,24.1%,6.0%
24634,悟空传,21.3%,1358.55,8,19.3%,5.4%
24635,神偷奶爸3,16.4%,1050.27,9,14.6%,7.1%
24636,父子雄兵,14.6%,935.20,7,16.9%,5.2%
24637,闪光少女,8.1%,517.43,10,6.3%,10.1%
24638,大护法,3.6%,230.78,7,3.9%,5.8%
24639,阿唐奇遇,3.0%,191.79,5,5.9%,4.0%
24640,京城81号2,1.2%,80.68,6,1.7%,6.7%
24641,血战湘江,0.9%,58.47,72,<0.1%,77.2%
24642,绿野仙踪之奥兹国奇幻之旅,0.8%,51.16,3,2.2%,3.1%
24643,深夜食堂2,0.7%,49.04,5,1.2%,5.0%
24644,绝世高手,0.5%,32.96,17,0.1%,20.7%
24645,喵星人,0.3%,23.38,4,0.7%,4.9%
24646,冈仁波齐,0.2%,18.49,7,0.3%,7.3%
24647,S的秘密,0.2%,16.92,18,0.1%,21.3%
24648,谜域之噬魂岭,0.1%,8.64,3,0.4%,3.1%
24649,明月几时有,0.1%,7.89,25,<0.1%,39.8%
24650,重返·狼群,<0.1%,6.06,8,<0.1%,9.7%
24651,战狼2,<0.1%,5.62,33,<0.1%,41.7%
24652,建军大业,<0.1%,5.08,143,<0.1%,84.7%
24653,青禾男高,<0.1%,5.07,3,0.3%,3.2%
24654,花腰恋歌,<0.1%,4.94,104,<0.1%,100%
24655,李三娘,<0.1%,4.69,54,<0.1%,100%
24656,逆时营救,<0.1%,2.81,3,0.1%,4.0%
24657,儿大女大,<0.1%,2.79,132,<0.1%,100%
24658,神奇女侠,<0.1%,2.17,7,<0.1%,7.2%
24659,五女拜寿,<0.1%,1.98,95,<0.1%,--
24660,与君相恋100次,<0.1%,1.97,4,<0.1%,5.5%
24661,湄公河行动,<0.1%,1.93,43,<0.1%,37.9%
24662,我是医生,<0.1%,1.90,58,<0.1%,100%
24663,冯梦龙传奇,<0.1%,1.77,49,<0.1%,40.9%
24664,皮绳上的魂,<0.1%,1.65,121,<0.1%,72.0%
24665,阳光萌星社,<0.1%,1.28,72,<0.1%,79.7%
24666,异形：契约,<0.1%,1.26,5,<0.1%,7.1%
24667,青春逗,<0.1%,1.25,18,<0.1%,14.2%
24668,战狼2,58.2%,10209.60,78,14.4%,57.8%
24669,建军大业,21.6%,3795.60,17,26.4%,13.5%
24670,绣春刀II：修罗战场,4.8%,852.11,7,14.8%,5.6%
24671,神偷奶爸3,4.5%,789.78,9,10.6%,7.8%
24672,悟空传,4.0%,710.48,7,12.1%,5.3%
24673,父子雄兵,2.0%,359.71,6,7.9%,4.6%
24674,闪光少女,1.7%,305.31,11,3.4%,11.7%
24675,大护法,0.7%,132.17,7,2.3%,6.0%
24676,阿唐奇遇,0.6%,119.25,5,3.2%,4.7%
24677,血战湘江,0.2%,47.71,69,<0.1%,96.6%
24678,京城81号2,0.1%,34.72,6,0.8%,7.1%
24679,绿野仙踪之奥兹国奇幻之旅,0.1%,32.33,4,1.2%,3.6%
24680,绝世高手,0.1%,23.50,20,0.1%,25.2%
24681,深夜食堂2,0.1%,20.10,5,0.4%,5.9%
24682,喵星人,<0.1%,11.13,4,0.3%,5.0%
24683,冈仁波齐,<0.1%,10.97,8,0.1%,8.3%
24684,S的秘密,<0.1%,7.92,21,<0.1%,30.9%
24685,花腰恋歌,<0.1%,5.54,109,<0.1%,--
24686,重返·狼群,<0.1%,3.78,7,<0.1%,8.4%
24687,儿大女大,<0.1%,3.60,139,<0.1%,100%
24688,明月几时有,<0.1%,3.14,13,<0.1%,15.1%
24689,豆福传,<0.1%,3.05,19,<0.1%,22.5%
24690,谜域之噬魂岭,<0.1%,2.91,3,0.1%,3.2%
24691,五女拜寿,<0.1%,2.88,122,<0.1%,--
24692,李三娘,<0.1%,2.81,39,<0.1%,100%
24693,逆时营救,<0.1%,2.78,6,<0.1%,7.1%
24694,战狼,<0.1%,2.40,10,<0.1%,21.3%
24695,我是医生,<0.1%,2.16,66,<0.1%,100%
24696,青禾男高,<0.1%,2.00,2,0.1%,2.7%
24697,冯梦龙传奇,<0.1%,1.45,44,<0.1%,39.1%
24698,阳光萌星社,<0.1%,1.37,89,<0.1%,90.9%
24699,与君相恋100次,<0.1%,1.05,3,<0.1%,5.0%
24700,青春逗,<0.1%,1.03,17,<0.1%,14.0%
24701,神奇女侠,<0.1%,1.00,5,<0.1%,6.8%
24702,战狼2,73.4%,21471.67,54,41.9%,39.4%
24703,建军大业,18.6%,5463.34,19,34.9%,15.5%
24704,豆福传,1.4%,423.59,10,5.1%,10.6%
24705,神偷奶爸3,1.3%,399.90,15,3.1%,15.3%
24706,大耳朵图图之美食狂想曲,1.3%,395.91,13,3.9%,13.6%
24707,绣春刀II：修罗战场,1.3%,380.90,12,3.6%,12.5%
24708,悟空传,0.6%,192.09,9,2.3%,10.7%
24709,闪光少女,0.4%,135.96,19,0.8%,23.3%
24710,父子雄兵,0.3%,96.42,9,1.2%,10.1%
24711,大护法,0.1%,46.89,14,0.3%,16.1%
24712,夜半凶铃,0.1%,44.71,7,0.9%,8.6%
24713,血战湘江,0.1%,44.65,70,<0.1%,95.8%
24714,阿唐奇遇,<0.1%,27.21,8,0.4%,9.1%
24715,绝世高手,<0.1%,16.65,40,<0.1%,55.6%
24716,京城81号2,<0.1%,11.82,6,0.2%,9.6%
24717,深夜食堂2,<0.1%,7.36,11,<0.1%,16.9%
24718,绿野仙踪之奥兹国奇幻之旅,<0.1%,6.08,5,0.1%,7.5%
24719,明月几时有,<0.1%,5.91,38,<0.1%,66.2%
24720,冈仁波齐,<0.1%,5.55,15,<0.1%,18.2%
24721,花腰恋歌,<0.1%,4.76,106,<0.1%,--
24722,S的秘密,<0.1%,3.54,35,<0.1%,61.3%
24723,我是医生,<0.1%,3.50,116,<0.1%,100%
24724,战狼,<0.1%,3.26,9,<0.1%,19.0%
24725,喵星人,<0.1%,3.10,6,<0.1%,8.0%
24726,冯梦龙传奇,<0.1%,2.65,52,<0.1%,51.7%
24727,逆时营救,<0.1%,2.47,17,<0.1%,24.5%
24728,和田玉传奇,<0.1%,2.10,45,<0.1%,45.3%
24729,李三娘,<0.1%,1.87,74,<0.1%,100%
24730,猪猪侠之英雄猪少年,<0.1%,1.65,20,<0.1%,23.7%
24731,皮绳上的魂,<0.1%,1.58,121,<0.1%,68.9%
24732,重返·狼群,<0.1%,1.48,9,<0.1%,16.0%
24733,海鹰战警,<0.1%,1.47,21,<0.1%,61.8%
24734,让爱活下去,<0.1%,1.01,18,<0.1%,24.0%
24735,战狼2,77.7%,31262.00,69,46.1%,49.4%
24736,建军大业,13.6%,5485.53,19,31.9%,16.8%
24737,神偷奶爸3,2.1%,854.67,26,3.6%,26.2%
24738,大耳朵图图之美食狂想曲,1.6%,653.63,19,4.1%,20.5%
24739,绣春刀II：修罗战场,1.2%,508.76,18,2.9%,20.4%
24740,豆福传,1.1%,446.63,12,4.5%,12.3%
24741,悟空传,0.6%,250.82,13,1.9%,15.9%
24742,闪光少女,0.5%,228.76,26,0.9%,31.0%
24743,父子雄兵,0.2%,104.39,12,0.9%,14.7%
24744,大护法,0.2%,91.10,23,0.3%,27.1%
24745,阿唐奇遇,0.1%,72.10,17,0.5%,20.0%
24746,血战湘江,<0.1%,37.81,74,<0.1%,100%
24747,夜半凶铃,<0.1%,34.14,7,0.7%,8.4%
24748,绝世高手,<0.1%,24.68,62,<0.1%,65.8%
24749,京城81号2,<0.1%,15.30,8,0.2%,12.7%
24750,深夜食堂2,<0.1%,15.29,21,<0.1%,35.4%
24751,绿野仙踪之奥兹国奇幻之旅,<0.1%,13.65,10,0.1%,14.1%
24752,玩偶奇兵,<0.1%,9.41,9,0.1%,8.6%
24753,冈仁波齐,<0.1%,8.65,18,<0.1%,24.8%
24754,喵星人,<0.1%,6.80,14,<0.1%,18.7%
24755,花腰恋歌,<0.1%,5.23,135,<0.1%,100%
24756,冯梦龙传奇,<0.1%,4.93,84,<0.1%,80.9%
24757,摇摇晃晃的人间,<0.1%,4.13,58,<0.1%,88.1%
24758,重返·狼群,<0.1%,4.04,18,<0.1%,23.5%
24759,战狼,<0.1%,3.80,11,<0.1%,19.3%
24760,S的秘密,<0.1%,2.30,29,<0.1%,49.5%
24761,和田玉传奇,<0.1%,2.19,70,<0.1%,39.3%
24762,猪猪侠之英雄猪少年,<0.1%,2.01,30,<0.1%,34.5%
24763,二十二,<0.1%,1.99,32,<0.1%,41.3%
24764,神奇女侠,<0.1%,1.90,19,<0.1%,21.7%
24765,五女拜寿,<0.1%,1.87,101,<0.1%,--
24766,我是马布里,<0.1%,1.77,142,<0.1%,97.7%
24767,李三娘,<0.1%,1.68,69,<0.1%,100%
24768,内心引力,<0.1%,1.68,80,<0.1%,74.8%
24769,阳光萌星社,<0.1%,1.63,84,<0.1%,90.0%
24770,皮绳上的魂,<0.1%,1.59,127,<0.1%,72.7%
24771,战狼2,80.4%,36713.43,76,48.8%,55.0%
24772,建军大业,12.1%,5542.75,20,29.8%,18.3%
24773,神偷奶爸3,2.1%,988.58,28,3.9%,28.3%
24774,大耳朵图图之美食狂想曲,1.5%,687.47,20,4.2%,21.1%
24775,绣春刀II：修罗战场,0.9%,415.29,17,2.6%,18.7%
24776,豆福传,0.7%,356.08,11,4.0%,11.0%
24777,悟空传,0.5%,244.71,14,1.8%,16.4%
24778,闪光少女,0.5%,237.36,25,1.0%,29.6%
24779,父子雄兵,0.1%,90.16,12,0.8%,15.0%
24780,大护法,0.1%,83.12,21,0.3%,25.3%
24781,阿唐奇遇,0.1%,79.78,20,0.4%,22.9%
24782,血战湘江,<0.1%,26.47,67,<0.1%,100%
24783,夜半凶铃,<0.1%,25.68,6,0.6%,7.1%
24784,玩偶奇兵,<0.1%,17.26,13,0.1%,13.7%
24785,绝世高手,<0.1%,16.68,40,<0.1%,51.0%
24786,绿野仙踪之奥兹国奇幻之旅,<0.1%,16.26,11,0.1%,15.2%
24787,深夜食堂2,<0.1%,12.36,16,<0.1%,25.9%
24788,京城81号2,<0.1%,11.53,7,0.1%,11.3%
24789,冈仁波齐,<0.1%,8.82,18,<0.1%,25.7%
24790,我是马布里,<0.1%,7.99,211,<0.1%,94.0%
24791,喵星人,<0.1%,6.36,12,<0.1%,16.6%
24792,花腰恋歌,<0.1%,5.30,136,<0.1%,--
24793,战狼,<0.1%,5.13,14,<0.1%,25.4%
24794,摇摇晃晃的人间,<0.1%,4.62,72,<0.1%,87.6%
24795,重返·狼群,<0.1%,4.02,17,<0.1%,22.6%
24796,明月几时有,<0.1%,3.82,58,<0.1%,100%
24797,冯梦龙传奇,<0.1%,2.20,65,<0.1%,85.5%
24798,猪猪侠之英雄猪少年,<0.1%,1.87,32,<0.1%,39.6%
24799,李三娘,<0.1%,1.77,58,<0.1%,100%
24800,阳光萌星社,<0.1%,1.63,95,<0.1%,100%
24801,儿大女大,<0.1%,1.52,127,<0.1%,100.0%
24802,神奇女侠,<0.1%,1.41,16,<0.1%,21.8%
24803,二十二,<0.1%,1.36,37,<0.1%,43.2%
24804,战狼2,86.1%,27310.10,58,51.9%,41.8%
24805,建军大业,8.7%,2759.13,14,25.5%,12.1%
24806,神偷奶爸3,1.5%,478.84,14,4.3%,13.7%
24807,大耳朵图图之美食狂想曲,0.8%,256.64,9,4.0%,8.8%
24808,绣春刀II：修罗战场,0.7%,230.31,9,3.3%,9.0%
24809,闪光少女,0.5%,161.43,14,1.4%,15.9%
24810,悟空传,0.4%,156.88,8,2.3%,9.1%
24811,豆福传,0.3%,105.75,4,3.3%,4.2%
24812,父子雄兵,0.1%,58.15,7,0.9%,8.5%
24813,大护法,0.1%,39.38,10,0.4%,10.6%
24814,阿唐奇遇,<0.1%,28.87,9,0.4%,9.2%
24815,夜半凶铃,<0.1%,19.84,5,0.6%,5.9%
24816,京城81号2,<0.1%,11.55,6,0.2%,9.3%
24817,血战湘江,<0.1%,11.10,53,<0.1%,65.5%
24818,绿野仙踪之奥兹国奇幻之旅,<0.1%,5.56,5,0.1%,5.4%
24819,深夜食堂2,<0.1%,5.26,7,<0.1%,8.9%
24820,绝世高手,<0.1%,4.82,18,<0.1%,24.7%
24821,战狼,<0.1%,4.63,18,<0.1%,36.8%
24822,冈仁波齐,<0.1%,4.40,8,<0.1%,9.9%
24823,五女拜寿,<0.1%,2.75,231,<0.1%,--
24824,我是马布里,<0.1%,2.35,124,<0.1%,46.7%
24825,喵星人,<0.1%,2.05,5,<0.1%,6.4%
24826,猪猪侠之英雄猪少年,<0.1%,1.89,30,<0.1%,35.6%
24827,让爱活下去,<0.1%,1.75,60,<0.1%,69.6%
24828,花腰恋歌,<0.1%,1.65,139,<0.1%,--
24829,重返·狼群,<0.1%,1.62,7,<0.1%,9.6%
24830,阳光萌星社,<0.1%,1.49,82,<0.1%,61.9%
24831,大鱼海棠,<0.1%,1.28,16,<0.1%,14.6%
24832,和田玉传奇,<0.1%,1.17,95,<0.1%,57.5%
24833,S的秘密,<0.1%,1.13,14,<0.1%,27.5%
24834,皮绳上的魂,<0.1%,1.12,138,<0.1%,88.4%
24835,李三娘,<0.1%,1.09,48,<0.1%,--
24836,战狼2,86.2%,29283.66,57,56.3%,41.2%
24837,建军大业,9.5%,3252.06,18,22.2%,16.1%
24838,神偷奶爸3,1.3%,464.97,12,4.7%,11.9%
24839,大耳朵图图之美食狂想曲,0.6%,225.77,8,3.9%,7.8%
24840,绣春刀II：修罗战场,0.5%,186.16,8,3.0%,8.1%
24841,闪光少女,0.4%,137.62,12,1.4%,13.1%
24842,悟空传,0.3%,130.92,7,2.1%,7.9%
24843,豆福传,0.1%,66.99,4,2.7%,3.2%
24844,父子雄兵,0.1%,44.97,6,0.8%,7.5%
24845,大护法,<0.1%,29.90,8,0.4%,8.1%
24846,阿唐奇遇,<0.1%,23.77,7,0.4%,7.6%
24847,夜半凶铃,<0.1%,17.68,4,0.6%,5.2%
24848,血战湘江,<0.1%,17.26,57,<0.1%,71.7%
24849,京城81号2,<0.1%,9.78,6,0.2%,7.3%
24850,绿野仙踪之奥兹国奇幻之旅,<0.1%,7.40,5,0.1%,6.3%
24851,深夜食堂2,<0.1%,7.33,7,<0.1%,10.7%
24852,地球：神奇的一天,<0.1%,4.25,258,<0.1%,--
24853,冈仁波齐,<0.1%,4.03,7,<0.1%,9.5%
24854,李三娘,<0.1%,2.25,56,<0.1%,100%
24855,喵星人,<0.1%,2.07,5,<0.1%,7.8%
24856,战狼,<0.1%,1.80,9,<0.1%,37.3%
24857,鲛珠传,<0.1%,1.72,49,<0.1%,--
24858,阳光萌星社,<0.1%,1.63,89,<0.1%,75.0%
24859,我是马布里,<0.1%,1.60,41,<0.1%,24.8%
24860,重返·狼群,<0.1%,1.59,7,<0.1%,9.3%
24861,五女拜寿,<0.1%,1.05,104,<0.1%,--
24862,战狼2,88.8%,27924.00,52,59.0%,37.8%
24863,建军大业,7.0%,2231.34,14,20.3%,12.2%
24864,神偷奶爸3,1.3%,431.94,11,4.8%,10.9%
24865,大耳朵图图之美食狂想曲,0.6%,203.40,7,3.7%,7.3%
24866,绣春刀II：修罗战场,0.5%,168.78,8,2.8%,8.1%
24867,闪光少女,0.3%,122.60,11,1.3%,12.1%
24868,悟空传,0.3%,108.87,7,2.0%,7.1%
24869,豆福传,0.1%,59.15,3,2.4%,3.1%
24870,父子雄兵,0.1%,41.56,6,0.8%,7.5%
24871,血战湘江,<0.1%,27.30,64,<0.1%,76.0%
24872,大护法,<0.1%,25.56,7,0.4%,7.5%
24873,阿唐奇遇,<0.1%,21.95,7,0.4%,6.9%
24874,夜半凶铃,<0.1%,15.30,4,0.6%,4.7%
24875,京城81号2,<0.1%,8.71,5,0.2%,6.7%
24876,皮绳上的魂,<0.1%,7.06,155,<0.1%,99.2%
24877,绿野仙踪之奥兹国奇幻之旅,<0.1%,5.30,4,0.1%,4.9%
24878,我是马布里,<0.1%,4.37,147,<0.1%,75.1%
24879,深夜食堂2,<0.1%,4.30,6,<0.1%,8.3%
24880,冈仁波齐,<0.1%,4.25,8,<0.1%,10.0%
24881,李三娘,<0.1%,3.85,69,<0.1%,100%
24882,阳光萌星社,<0.1%,2.29,133,<0.1%,94.1%
24883,喵星人,<0.1%,2.27,5,<0.1%,6.6%
24884,破·局,<0.1%,1.92,23,<0.1%,25.1%
24885,龙之战,<0.1%,1.52,110,<0.1%,97.7%
24886,重返·狼群,<0.1%,1.45,7,<0.1%,9.0%
24887,战狼,<0.1%,1.37,8,<0.1%,100%
24888,穆桂英挂帅(京剧),<0.1%,1.12,140,<0.1%,--
24889,战狼2,54.7%,22834.16,54,44.6%,42.7%
24890,三生三世十里桃花,40.6%,16960.29,57,32.2%,41.6%
24891,建军大业,2.8%,1190.13,14,10.2%,13.2%
24892,神偷奶爸3,0.6%,260.43,10,3.1%,8.8%
24893,大耳朵图图之美食狂想曲,0.3%,134.64,7,2.4%,6.9%
24894,闪光少女,0.1%,58.17,9,0.7%,10.0%
24895,绣春刀II：修罗战场,0.1%,54.02,6,1.0%,5.9%
24896,谁是球王,0.1%,51.55,4,1.9%,4.1%
24897,心理罪,<0.1%,33.20,168,<0.1%,100%
24898,豆福传,<0.1%,26.76,3,1.1%,2.7%
24899,悟空传,<0.1%,26.15,5,0.6%,4.8%
24900,血战湘江,<0.1%,24.51,71,<0.1%,100%
24901,阿唐奇遇,<0.1%,12.56,6,0.2%,6.2%
24902,父子雄兵,<0.1%,11.56,5,0.3%,5.5%
24903,大护法,<0.1%,10.01,6,0.1%,5.9%
24904,夜半凶铃,<0.1%,7.48,3,0.3%,4.6%
24905,我是马布里,<0.1%,6.35,46,<0.1%,40.3%
24906,李三娘,<0.1%,3.59,74,<0.1%,100%
24907,绿野仙踪之奥兹国奇幻之旅,<0.1%,3.00,4,0.1%,5.0%
24908,阳光萌星社,<0.1%,2.68,129,<0.1%,100%
24909,京城81号2,<0.1%,2.14,3,<0.1%,5.1%
24910,冈仁波齐,<0.1%,1.94,7,<0.1%,8.4%
24911,深夜食堂2,<0.1%,1.44,6,<0.1%,6.8%
24912,战狼,<0.1%,1.18,8,<0.1%,100%
24913,喵星人,<0.1%,1.18,5,<0.1%,7.1%
24914,重返·狼群,<0.1%,1.09,8,<0.1%,11.9%
24915,天若有情,<0.1%,1.02,162,<0.1%,--
24916,战狼2,66.2%,26616.39,62,43.3%,48.5%
24917,三生三世十里桃花,27.0%,10864.35,30,37.5%,22.1%
24918,建军大业,2.9%,1180.96,24,5.5%,26.8%
24919,玩偶奇兵,0.8%,340.97,15,2.7%,15.4%
24920,龙之战,0.8%,323.58,23,1.5%,24.4%
24921,我是马布里,0.6%,241.66,10,2.8%,10.5%
24922,神偷奶爸3,0.4%,178.00,14,1.3%,14.7%
24923,大象林旺之一炮成名,0.1%,78.79,9,1.1%,9.4%
24924,大耳朵图图之美食狂想曲,0.1%,76.36,10,0.9%,9.7%
24925,闪光少女,<0.1%,39.66,16,0.2%,18.7%
24926,诡井,<0.1%,29.43,9,0.4%,9.4%
24927,血战湘江,<0.1%,28.13,78,<0.1%,100%
24928,绣春刀II：修罗战场,<0.1%,27.32,11,0.2%,16.8%
24929,心理罪,<0.1%,27.05,165,<0.1%,100%
24930,皮绳上的魂,<0.1%,24.30,12,0.2%,15.5%
24931,豆福传,<0.1%,12.74,6,0.2%,7.2%
24932,谁是球王,<0.1%,10.08,4,0.3%,4.2%
24933,悟空传,<0.1%,7.17,5,0.1%,6.9%
24934,阿唐奇遇,<0.1%,6.40,10,<0.1%,12.1%
24935,大护法,<0.1%,4.15,8,<0.1%,10.1%
24936,夜半凶铃,<0.1%,3.60,3,0.1%,4.3%
24937,荒野加油站,<0.1%,3.55,2,0.2%,2.0%
24938,父子雄兵,<0.1%,3.54,6,<0.1%,10.3%
24939,原罪的羔羊,<0.1%,2.63,3,0.1%,3.5%
24940,战狼,<0.1%,2.29,14,<0.1%,100%
24941,深夜食堂2,<0.1%,2.21,24,<0.1%,41.1%
24942,穆桂英挂帅(京剧),<0.1%,1.51,126,<0.1%,--
24943,阳光萌星社,<0.1%,1.49,142,<0.1%,100%
24944,天若有情,<0.1%,1.43,107,<0.1%,--
24945,冈仁波齐,<0.1%,1.35,14,<0.1%,24.7%
24946,京城81号2,<0.1%,1.07,4,<0.1%,5.1%
24947,和田玉传奇,<0.1%,1.02,32,<0.1%,67.3%
24948,战狼2,76.9%,40572.75,77,50.9%,58.7%
24949,三生三世十里桃花,16.5%,8738.09,28,31.1%,22.0%
24950,建军大业,2.2%,1206.38,26,4.9%,30.5%
24951,玩偶奇兵,0.8%,424.05,17,2.9%,18.3%
24952,神偷奶爸3,0.7%,400.31,23,1.8%,23.3%
24953,龙之战,0.6%,362.79,35,1.0%,38.8%
24954,赛尔号大电影6：圣者无敌,0.4%,224.79,23,1.0%,24.8%
24955,大耳朵图图之美食狂想曲,0.3%,200.40,15,1.5%,15.0%
24956,我是马布里,0.3%,163.97,12,1.5%,14.1%
24957,闪光少女,0.1%,64.46,23,0.2%,27.2%
24958,大象林旺之一炮成名,<0.1%,48.65,8,0.8%,8.5%
24959,绣春刀II：修罗战场,<0.1%,46.09,19,0.2%,27.6%
24960,心理罪,<0.1%,37.57,841,<0.1%,96.1%
24961,地球：神奇的一天,<0.1%,36.06,118,<0.1%,100%
24962,血战湘江,<0.1%,34.82,75,<0.1%,100%
24963,豆福传,<0.1%,18.44,8,0.2%,10.0%
24964,诡井,<0.1%,16.97,9,0.2%,9.2%
24965,大护法,<0.1%,13.50,19,<0.1%,24.6%
24966,悟空传,<0.1%,13.06,8,0.1%,13.1%
24967,阿唐奇遇,<0.1%,9.43,11,0.1%,12.8%
24968,冈仁波齐,<0.1%,6.50,33,<0.1%,44.6%
24969,父子雄兵,<0.1%,6.37,10,<0.1%,17.4%
24970,李三娘,<0.1%,5.41,104,<0.1%,100%
24971,摇摇晃晃的人间,<0.1%,4.95,72,<0.1%,100%
24972,谁是球王,<0.1%,4.23,4,0.1%,4.5%
24973,夜半凶铃,<0.1%,4.02,3,0.1%,5.1%
24974,绿野仙踪之奥兹国奇幻之旅,<0.1%,3.06,8,<0.1%,13.5%
24975,摔跤吧！爸爸,<0.1%,3.00,50,<0.1%,100%
24976,深夜食堂2,<0.1%,2.40,16,<0.1%,24.0%
24977,天若有情,<0.1%,2.39,143,<0.1%,--
24978,阳光萌星社,<0.1%,2.31,112,<0.1%,100%
24979,战狼,<0.1%,2.30,15,<0.1%,100%
24980,荒野加油站,<0.1%,2.19,3,0.1%,3.7%
24981,皮绳上的魂,<0.1%,1.95,9,<0.1%,43.4%
24982,喵星人,<0.1%,1.64,11,<0.1%,18.7%
24983,京城81号2,<0.1%,1.61,5,<0.1%,8.0%
24984,原罪的羔羊,<0.1%,1.29,2,<0.1%,3.1%
24985,二十二,<0.1%,1.06,70,<0.1%,73.1%
24986,战狼2,81.1%,42647.30,74,56.2%,55.9%
24987,三生三世十里桃花,11.9%,6283.55,24,26.0%,20.2%
24988,建军大业,2.2%,1185.51,26,4.9%,30.2%
24989,神偷奶爸3,0.9%,502.34,28,1.9%,27.3%
24990,玩偶奇兵,0.7%,414.10,18,2.7%,18.9%
24991,龙之战,0.7%,373.77,38,0.9%,42.0%
24992,赛尔号大电影6：圣者无敌,0.5%,282.44,27,1.0%,29.4%
24993,大耳朵图图之美食狂想曲,0.4%,237.89,17,1.5%,17.3%
24994,我是马布里,0.2%,145.21,12,1.3%,13.8%
24995,闪光少女,0.1%,70.08,23,0.3%,27.9%
24996,破·局,0.1%,59.14,100,<0.1%,95.4%
24997,大象林旺之一炮成名,<0.1%,52.51,10,0.7%,10.2%
24998,绣春刀II：修罗战场,<0.1%,49.75,22,0.2%,34.0%
24999,心理罪,<0.1%,32.68,162,<0.1%,94.2%
25000,鲛珠传,<0.1%,31.85,135,<0.1%,100%
25001,血战湘江,<0.1%,27.49,70,<0.1%,69.2%
25002,豆福传,<0.1%,17.07,8,0.2%,9.1%
25003,大护法,<0.1%,13.99,16,<0.1%,20.9%
25004,悟空传,<0.1%,12.23,8,0.1%,11.9%
25005,地球：神奇的一天,<0.1%,11.61,41,<0.1%,79.6%
25006,诡井,<0.1%,11.58,7,0.2%,6.8%
25007,阿唐奇遇,<0.1%,11.30,13,0.1%,16.9%
25008,父子雄兵,<0.1%,6.89,9,<0.1%,16.3%
25009,李三娘,<0.1%,5.12,103,<0.1%,100%
25010,夜半凶铃,<0.1%,5.05,4,0.1%,6.0%
25011,冈仁波齐,<0.1%,4.59,28,<0.1%,37.3%
25012,二十二,<0.1%,4.37,117,<0.1%,91.4%
25013,战狼,<0.1%,3.81,26,<0.1%,100%
25014,谁是球王,<0.1%,3.15,4,0.1%,4.7%
25015,绿野仙踪之奥兹国奇幻之旅,<0.1%,2.79,8,<0.1%,13.0%
25016,阳光萌星社,<0.1%,2.25,139,<0.1%,100%
25017,摔跤吧！爸爸,<0.1%,2.00,40,<0.1%,94.3%
25018,深夜食堂2,<0.1%,1.96,14,<0.1%,22.1%
25019,天若有情,<0.1%,1.94,77,<0.1%,--
25020,荒野加油站,<0.1%,1.90,3,<0.1%,3.6%
25021,摇摇晃晃的人间,<0.1%,1.72,69,<0.1%,100%
25022,京城81号2,<0.1%,1.50,6,<0.1%,8.3%
25023,穆桂英挂帅(京剧),<0.1%,1.34,89,<0.1%,--
25024,十万个冷笑话2,<0.1%,1.26,131,<0.1%,98.9%
25025,重返·狼群,<0.1%,1.20,15,<0.1%,19.2%
25026,和田玉传奇,<0.1%,1.12,179,<0.1%,60.0%
25027,战狼2,83.6%,24324.65,44,59.2%,32.1%
25028,三生三世十里桃花,9.6%,2805.26,14,22.7%,11.6%
25029,建军大业,2.8%,834.42,16,6.3%,17.6%
25030,龙之战,1.0%,318.68,30,1.0%,32.5%
25031,神偷奶爸3,0.5%,169.67,14,1.4%,14.2%
25032,玩偶奇兵,0.5%,155.08,7,2.8%,7.1%
25033,血战湘江,0.3%,90.91,100,<0.1%,89.3%
25034,大耳朵图图之美食狂想曲,0.3%,88.52,8,1.4%,8.2%
25035,我是马布里,0.2%,65.12,5,1.4%,5.7%
25036,闪光少女,0.1%,43.26,13,0.4%,14.6%
25037,绣春刀II：修罗战场,0.1%,34.40,10,0.3%,12.8%
25038,心理罪,<0.1%,22.87,145,<0.1%,100%
25039,大象林旺之一炮成名,<0.1%,17.74,4,0.6%,4.4%
25040,豆福传,<0.1%,16.09,7,0.2%,7.9%
25041,悟空传,<0.1%,11.10,6,0.2%,8.1%
25042,诡井,<0.1%,9.74,6,0.2%,5.9%
25043,大护法,<0.1%,7.73,8,<0.1%,9.1%
25044,父子雄兵,<0.1%,6.56,7,0.1%,10.9%
25045,阿唐奇遇,<0.1%,5.85,6,0.1%,6.9%
25046,夜半凶铃,<0.1%,4.00,3,0.2%,4.3%
25047,李三娘,<0.1%,3.20,97,<0.1%,100%
25048,战狼,<0.1%,3.06,20,<0.1%,100%
25049,石榴花开,<0.1%,2.51,9,<0.1%,11.6%
25050,荒野加油站,<0.1%,2.01,3,0.1%,4.0%
25051,冈仁波齐,<0.1%,1.64,5,<0.1%,5.7%
25052,穆桂英挂帅(京剧),<0.1%,1.44,120,<0.1%,--
25053,绿野仙踪之奥兹国奇幻之旅,<0.1%,1.29,3,<0.1%,4.9%
25054,谁是球王,<0.1%,1.10,2,<0.1%,2.6%
25055,天若有情,<0.1%,1.10,81,<0.1%,--
25056,战狼2,84.2%,22885.98,41,60.8%,29.8%
25057,三生三世十里桃花,8.3%,2273.17,12,20.3%,10.7%
25058,建军大业,3.1%,869.47,16,6.7%,17.0%
25059,龙之战,1.1%,311.32,27,1.1%,30.1%
25060,神偷奶爸3,0.6%,186.90,14,1.7%,13.5%
25061,玩偶奇兵,0.5%,146.17,7,2.7%,7.1%
25062,血战湘江,0.3%,99.44,109,<0.1%,97.9%
25063,大耳朵图图之美食狂想曲,0.3%,88.84,8,1.4%,8.0%
25064,我是马布里,0.2%,64.26,6,1.3%,6.6%
25065,闪光少女,0.1%,43.88,12,0.4%,13.2%
25066,绣春刀II：修罗战场,0.1%,34.22,9,0.4%,11.3%
25067,大象林旺之一炮成名,0.1%,33.85,8,0.6%,8.5%
25068,心理罪,<0.1%,25.58,161,<0.1%,85.5%
25069,侠盗联盟,<0.1%,18.49,122,<0.1%,100%
25070,悟空传,<0.1%,14.27,6,0.2%,8.6%
25071,诡井,<0.1%,9.08,6,0.2%,5.4%
25072,大护法,<0.1%,7.63,7,0.1%,7.9%
25073,冈仁波齐,<0.1%,6.36,18,<0.1%,19.3%
25074,父子雄兵,<0.1%,6.18,7,0.1%,10.0%
25075,豆福传,<0.1%,5.99,3,0.2%,3.4%
25076,阿唐奇遇,<0.1%,5.89,6,0.1%,6.6%
25077,夜半凶铃,<0.1%,4.67,3,0.2%,4.8%
25078,战狼,<0.1%,3.39,22,<0.1%,100%
25079,李三娘,<0.1%,3.18,83,<0.1%,100%
25080,荒野加油站,<0.1%,2.53,4,0.1%,4.9%
25081,阳光萌星社,<0.1%,1.92,125,<0.1%,100%
25082,穆桂英挂帅(京剧),<0.1%,1.68,140,<0.1%,--
25083,绿野仙踪之奥兹国奇幻之旅,<0.1%,1.47,4,<0.1%,5.1%
25084,谁是球王,<0.1%,1.45,3,<0.1%,3.0%
25085,战刀屠狼,<0.1%,1.38,44,<0.1%,100%
25086,摇摇晃晃的人间,<0.1%,1.11,50,<0.1%,80.4%
25087,喵星人,<0.1%,1.05,5,<0.1%,8.3%
25088,天若有情,<0.1%,1.04,80,<0.1%,--
25089,战狼2,84.3%,19651.81,35,61.4%,25.5%
25090,三生三世十里桃花,7.6%,1774.73,10,19.2%,9.0%
25091,建军大业,3.5%,827.81,14,7.0%,15.6%
25092,龙之战,1.0%,255.20,23,1.1%,26.0%
25093,神偷奶爸3,0.8%,195.58,12,2.0%,12.1%
25094,血战湘江,0.5%,126.72,110,0.1%,90.3%
25095,玩偶奇兵,0.5%,124.73,6,2.7%,6.3%
25096,大耳朵图图之美食狂想曲,0.3%,80.40,7,1.4%,7.3%
25097,我是马布里,0.2%,54.05,5,1.2%,5.6%
25098,闪光少女,0.1%,42.66,11,0.4%,12.1%
25099,绣春刀II：修罗战场,0.1%,33.50,9,0.4%,10.4%
25100,大象林旺之一炮成名,0.1%,31.88,8,0.5%,8.2%
25101,心理罪,<0.1%,16.89,154,<0.1%,--
25102,悟空传,<0.1%,13.00,6,0.2%,7.3%
25103,诡井,<0.1%,9.16,6,0.2%,5.5%
25104,大护法,<0.1%,6.53,6,0.1%,6.7%
25105,豆福传,<0.1%,5.63,4,0.2%,3.9%
25106,父子雄兵,<0.1%,5.63,6,0.1%,8.8%
25107,阿唐奇遇,<0.1%,5.37,6,0.1%,5.9%
25108,夜半凶铃,<0.1%,4.85,4,0.2%,4.8%
25109,石榴花开,<0.1%,3.88,26,<0.1%,28.0%
25110,李三娘,<0.1%,2.89,76,<0.1%,100%
25111,喵星人,<0.1%,2.81,27,<0.1%,56.1%
25112,绿野仙踪之奥兹国奇幻之旅,<0.1%,2.52,4,<0.1%,5.6%
25113,皮绳上的魂,<0.1%,2.29,35,<0.1%,100%
25114,荒野加油站,<0.1%,2.23,4,0.1%,4.3%
25115,战狼,<0.1%,1.80,10,<0.1%,100%
25116,冈仁波齐,<0.1%,1.70,5,<0.1%,5.4%
25117,二十二,<0.1%,1.57,132,<0.1%,99.2%
25118,鲛珠传,<0.1%,1.09,12,<0.1%,14.3%
25119,穆桂英挂帅(京剧),<0.1%,1.05,88,<0.1%,100%
25120,谁是球王,<0.1%,1.02,3,<0.1%,3.0%
25121,战狼2,81.5%,16467.91,30,60.8%,21.5%
25122,三生三世十里桃花,7.5%,1530.50,9,18.3%,8.1%
25123,建军大业,4.0%,815.00,14,7.2%,14.8%
25124,龙之战,1.3%,267.39,23,1.1%,26.5%
25125,神偷奶爸3,1.0%,213.49,12,2.1%,12.0%
25126,血战湘江,0.7%,145.88,114,0.1%,90.0%
25127,侠盗联盟,0.6%,128.41,32,0.5%,22.5%
25128,玩偶奇兵,0.6%,122.97,6,2.6%,6.3%
25129,心理罪,0.4%,97.06,30,0.4%,23.4%
25130,大耳朵图图之美食狂想曲,0.4%,82.77,7,1.4%,7.3%
25131,鲛珠传,0.3%,73.60,18,0.4%,11.5%
25132,我是马布里,0.2%,50.53,5,1.2%,5.5%
25133,闪光少女,0.2%,42.19,10,0.4%,11.6%
25134,绣春刀II：修罗战场,0.1%,34.27,9,0.4%,10.5%
25135,大象林旺之一炮成名,0.1%,31.74,8,0.5%,8.5%
25136,悟空传,<0.1%,14.75,6,0.2%,7.9%
25137,十万个冷笑话2,<0.1%,12.07,136,<0.1%,--
25138,诡井,<0.1%,7.03,5,0.2%,4.8%
25139,大护法,<0.1%,6.42,6,0.1%,6.1%
25140,父子雄兵,<0.1%,5.27,5,0.1%,7.9%
25141,豆福传,<0.1%,4.67,3,0.2%,3.1%
25142,阿唐奇遇,<0.1%,4.60,5,0.1%,5.4%
25143,夜半凶铃,<0.1%,4.45,3,0.2%,4.8%
25144,李三娘,<0.1%,3.08,49,<0.1%,100%
25145,阳光萌星社,<0.1%,2.00,147,<0.1%,100%
25146,冈仁波齐,<0.1%,1.73,7,<0.1%,8.9%
25147,绿野仙踪之奥兹国奇幻之旅,<0.1%,1.70,3,<0.1%,4.5%
25148,荒野加油站,<0.1%,1.64,3,<0.1%,3.5%
25149,战狼,<0.1%,1.31,8,<0.1%,77.6%
25150,深夜食堂2,<0.1%,1.12,9,<0.1%,13.5%
25151,战狼2,47.3%,15080.46,45,32.7%,31.3%
25152,心理罪,20.0%,6384.91,33,21.7%,30.5%
25153,侠盗联盟,17.0%,5445.06,30,20.9%,26.0%
25154,鲛珠传,11.5%,3676.62,21,17.7%,17.2%
25155,建军大业,1.0%,333.39,30,1.1%,34.3%
25156,三生三世十里桃花,0.7%,232.91,13,1.8%,16.1%
25157,龙之战,0.6%,211.88,76,0.2%,100%
25158,血战湘江,0.4%,134.53,125,<0.1%,90.1%
25159,地球：神奇的一天,0.4%,133.25,14,1.0%,13.5%
25160,神偷奶爸3,0.2%,75.54,13,0.6%,13.3%
25161,玩偶奇兵,0.1%,36.62,7,0.6%,8.0%
25162,大耳朵图图之美食狂想曲,<0.1%,29.14,9,0.3%,9.5%
25163,我是马布里,<0.1%,11.78,16,<0.1%,21.5%
25164,闪光少女,<0.1%,9.33,10,<0.1%,10.5%
25165,李三娘,<0.1%,8.32,114,<0.1%,100%
25166,穆桂英挂帅(京剧),<0.1%,5.83,129,<0.1%,--
25167,大象林旺之一炮成名,<0.1%,5.02,5,0.1%,5.5%
25168,绣春刀II：修罗战场,<0.1%,2.77,10,<0.1%,18.0%
25169,豆福传,<0.1%,2.69,5,<0.1%,6.4%
25170,阿唐奇遇,<0.1%,1.94,7,<0.1%,9.7%
25171,天若有情,<0.1%,1.75,135,<0.1%,--
25172,阳光萌星社,<0.1%,1.75,87,<0.1%,73.7%
25173,夜半凶铃,<0.1%,1.68,3,0.1%,5.6%
25174,战狼,<0.1%,1.18,8,<0.1%,25.1%
25175,悟空传,<0.1%,1.03,3,<0.1%,7.0%
25176,战狼2,59.5%,21748.11,56,37.3%,38.6%
25177,心理罪,14.3%,5258.62,27,20.6%,25.2%
25178,侠盗联盟,13.1%,4817.17,31,17.6%,26.7%
25179,鲛珠传,7.2%,2634.97,17,15.0%,15.0%
25180,地球：神奇的一天,1.0%,387.14,32,1.1%,32.0%
25181,赛尔号大电影6：圣者无敌,0.9%,345.30,19,1.9%,19.0%
25182,三生三世十里桃花,0.8%,321.76,19,1.6%,24.6%
25183,建军大业,0.6%,238.22,25,0.9%,31.1%
25184,龙之战,0.5%,213.47,77,0.2%,100%
25185,神偷奶爸3,0.4%,179.60,20,0.9%,20.9%
25186,血战湘江,0.3%,111.14,126,<0.1%,97.6%
25187,玩偶奇兵,0.2%,85.03,13,0.7%,14.0%
25188,大耳朵图图之美食狂想曲,0.2%,74.41,16,0.5%,17.3%
25189,破·局,<0.1%,28.55,101,<0.1%,95.8%
25190,闪光少女,<0.1%,18.86,16,0.1%,19.1%
25191,十万个冷笑话2,<0.1%,13.26,105,<0.1%,100%
25192,我是马布里,<0.1%,8.84,16,<0.1%,26.5%
25193,大象林旺之一炮成名,<0.1%,6.20,6,0.1%,6.9%
25194,绣春刀II：修罗战场,<0.1%,5.74,15,<0.1%,25.7%
25195,摇摇晃晃的人间,<0.1%,3.67,64,<0.1%,93.7%
25196,豆福传,<0.1%,3.17,5,<0.1%,7.8%
25197,阳光萌星社,<0.1%,3.02,108,<0.1%,88.7%
25198,阿唐奇遇,<0.1%,2.79,9,<0.1%,13.4%
25199,大护法,<0.1%,2.53,12,<0.1%,17.1%
25200,穆桂英挂帅(京剧),<0.1%,2.09,135,<0.1%,--
25201,二十二,<0.1%,1.94,41,<0.1%,42.8%
25202,天若有情,<0.1%,1.84,135,<0.1%,--
25203,夜半凶铃,<0.1%,1.77,3,0.1%,5.7%
25204,战狼,<0.1%,1.73,11,<0.1%,22.5%
25205,李三娘,<0.1%,1.68,80,<0.1%,100%
25206,悟空传,<0.1%,1.59,5,<0.1%,9.9%
25207,杀破狼·贪狼,<0.1%,1.47,95,<0.1%,45.3%
25208,诡井,<0.1%,1.47,7,<0.1%,6.3%
25209,冈仁波齐,<0.1%,1.08,17,<0.1%,29.6%
25210,战狼2,59.7%,20158.13,50,39.2%,34.3%
25211,心理罪,13.5%,4569.01,25,19.4%,23.6%
25212,侠盗联盟,13.5%,4561.07,31,16.8%,26.7%
25213,鲛珠传,5.8%,1966.38,15,13.4%,13.0%
25214,地球：神奇的一天,1.5%,539.05,36,1.4%,35.3%
25215,赛尔号大电影6：圣者无敌,1.3%,448.00,22,2.1%,22.9%
25216,三生三世十里桃花,1.0%,339.98,19,1.7%,24.5%
25217,龙之战,0.6%,221.31,80,0.2%,100%
25218,神偷奶爸3,0.6%,215.33,24,0.9%,23.7%
25219,建军大业,0.5%,202.41,22,0.9%,27.5%
25220,十万个冷笑话2,0.5%,201.63,21,1.0%,20.5%
25221,玩偶奇兵,0.2%,87.24,15,0.7%,15.6%
25222,大耳朵图图之美食狂想曲,0.2%,79.67,18,0.5%,19.5%
25223,二十二,0.1%,35.72,26,0.1%,29.1%
25224,血战湘江,<0.1%,18.80,86,<0.1%,100%
25225,我是马布里,<0.1%,17.95,29,<0.1%,41.3%
25226,闪光少女,<0.1%,15.72,14,0.1%,16.4%
25227,绣春刀II：修罗战场,<0.1%,5.79,15,<0.1%,23.2%
25228,大象林旺之一炮成名,<0.1%,5.76,6,0.1%,6.8%
25229,李三娘,<0.1%,4.90,96,<0.1%,100%
25230,喵星人,<0.1%,3.71,58,<0.1%,100%
25231,豆福传,<0.1%,3.16,6,<0.1%,7.8%
25232,阿唐奇遇,<0.1%,2.93,10,<0.1%,12.1%
25233,天若有情,<0.1%,2.87,147,<0.1%,--
25234,夜半凶铃,<0.1%,2.64,4,0.1%,9.0%
25235,双手洪拳,<0.1%,2.51,98,<0.1%,100%
25236,大护法,<0.1%,2.42,14,<0.1%,18.0%
25237,摇摇晃晃的人间,<0.1%,1.79,62,<0.1%,89.2%
25238,绿野仙踪之奥兹国奇幻之旅,<0.1%,1.44,7,<0.1%,15.8%
25239,悟空传,<0.1%,1.42,5,<0.1%,10.0%
25240,麦豆的夏天,<0.1%,1.38,84,<0.1%,100%
25241,战狼,<0.1%,1.33,8,<0.1%,17.2%
25242,诡井,<0.1%,1.21,5,<0.1%,4.6%
25243,皮绳上的魂,<0.1%,1.02,77,<0.1%,100%
25244,战狼2,57.4%,9978.98,26,40.7%,17.5%
25245,心理罪,14.4%,2515.29,15,19.2%,13.6%
25246,侠盗联盟,13.8%,2401.84,17,17.2%,15.3%
25247,鲛珠传,5.5%,965.58,9,11.5%,8.5%
25248,二十二,1.9%,336.05,29,1.4%,30.1%
25249,地球：神奇的一天,1.6%,278.89,15,2.0%,14.7%
25250,三生三世十里桃花,1.2%,223.63,11,2.2%,12.8%
25251,龙之战,1.1%,203.39,73,0.2%,100%
25252,建军大业,0.9%,158.48,14,1.3%,16.3%
25253,神偷奶爸3,0.6%,106.83,12,1.1%,12.0%
25254,玩偶奇兵,0.2%,39.52,7,0.8%,6.8%
25255,血战湘江,0.2%,38.75,109,<0.1%,100%
25256,大耳朵图图之美食狂想曲,0.1%,27.82,7,0.5%,7.0%
25257,破·局,0.1%,19.74,183,<0.1%,--
25258,十万个冷笑话2,<0.1%,17.26,13,0.1%,12.0%
25259,我是马布里,<0.1%,9.92,14,<0.1%,19.2%
25260,闪光少女,<0.1%,9.40,9,0.1%,10.3%
25261,绣春刀II：修罗战场,<0.1%,3.47,6,<0.1%,8.8%
25262,阳光萌星社,<0.1%,2.97,170,<0.1%,100%
25263,大象林旺之一炮成名,<0.1%,2.88,4,0.1%,3.6%
25264,双手洪拳,<0.1%,1.87,3,<0.1%,2.4%
25265,阿唐奇遇,<0.1%,1.87,6,<0.1%,7.0%
25266,夜半凶铃,<0.1%,1.61,3,0.1%,4.7%
25267,诡井,<0.1%,1.32,5,<0.1%,4.9%
25268,豆福传,<0.1%,1.24,3,<0.1%,3.1%
25269,冈仁波齐,<0.1%,1.18,23,<0.1%,35.9%
25270,父子雄兵,<0.1%,1.17,7,<0.1%,13.9%
25271,战狼,<0.1%,1.01,4,<0.1%,7.9%
25272,战狼2,53.5%,8654.02,23,40.7%,15.1%
25273,心理罪,12.9%,2094.24,14,18.1%,12.2%
25274,侠盗联盟,12.9%,2083.85,16,16.5%,14.1%
25275,二十二,8.3%,1353.70,35,4.7%,34.9%
25276,鲛珠传,4.8%,781.26,9,9.9%,8.6%
25277,地球：神奇的一天,1.8%,295.36,15,2.3%,13.6%
25278,龙之战,1.3%,212.17,77,0.2%,100%
25279,三生三世十里桃花,1.2%,199.68,10,2.3%,11.4%
25280,建军大业,1.2%,199.65,17,1.4%,19.3%
25281,神偷奶爸3,0.6%,101.87,11,1.1%,11.2%
25282,玩偶奇兵,0.2%,38.24,7,0.7%,6.7%
25283,血战湘江,0.2%,36.80,106,<0.1%,100%
25284,大耳朵图图之美食狂想曲,0.1%,25.90,7,0.5%,6.6%
25285,十万个冷笑话2,<0.1%,14.01,17,<0.1%,16.0%
25286,闪光少女,<0.1%,8.03,8,0.1%,8.9%
25287,我是马布里,<0.1%,5.46,9,<0.1%,12.8%
25288,大象林旺之一炮成名,<0.1%,3.25,4,0.1%,4.1%
25289,父子雄兵,<0.1%,3.25,20,<0.1%,44.8%
25290,李三娘,<0.1%,2.90,85,<0.1%,100%
25291,绣春刀II：修罗战场,<0.1%,2.73,6,<0.1%,8.9%
25292,杀破狼·贪狼,<0.1%,2.57,53,<0.1%,41.8%
25293,破·局,<0.1%,2.45,81,<0.1%,80.0%
25294,阳光萌星社,<0.1%,2.24,133,<0.1%,100%
25295,阿唐奇遇,<0.1%,1.92,5,<0.1%,6.8%
25296,夜半凶铃,<0.1%,1.76,3,0.1%,5.6%
25297,诡井,<0.1%,1.51,6,<0.1%,5.5%
25298,冈仁波齐,<0.1%,1.34,13,<0.1%,20.8%
25299,双手洪拳,<0.1%,1.20,6,<0.1%,4.9%
25300,豆福传,<0.1%,1.00,2,<0.1%,2.8%
25301,战狼2,48.0%,7538.70,21,39.0%,13.5%
25302,二十二,16.7%,2621.97,31,10.8%,28.5%
25303,侠盗联盟,11.4%,1796.95,15,15.2%,13.1%
25304,心理罪,11.1%,1748.31,12,16.4%,11.2%
25305,鲛珠传,4.0%,636.69,9,8.2%,8.5%
25306,地球：神奇的一天,1.8%,287.98,14,2.3%,13.3%
25307,龙之战,1.4%,225.11,79,0.2%,100%
25308,杀破狼·贪狼,1.2%,189.86,46,0.4%,31.9%
25309,建军大业,1.1%,179.11,17,1.2%,19.5%
25310,三生三世十里桃花,1.1%,172.80,9,2.1%,10.6%
25311,神偷奶爸3,0.6%,99.53,11,1.1%,10.9%
25312,玩偶奇兵,0.2%,34.49,6,0.7%,6.5%
25313,血战湘江,0.2%,31.43,108,<0.1%,100%
25314,大耳朵图图之美食狂想曲,0.1%,24.13,6,0.4%,6.7%
25315,破·局,0.1%,21.73,10,0.2%,7.7%
25316,十万个冷笑话2,<0.1%,14.95,14,0.1%,13.8%
25317,闪光少女,<0.1%,9.76,13,0.1%,16.2%
25318,我是马布里,<0.1%,3.93,8,<0.1%,11.9%
25319,绣春刀II：修罗战场,<0.1%,3.83,8,<0.1%,14.2%
25320,父子雄兵,<0.1%,3.55,22,<0.1%,53.1%
25321,冈仁波齐,<0.1%,3.25,22,<0.1%,28.8%
25322,大象林旺之一炮成名,<0.1%,2.42,3,0.1%,3.2%
25323,阿唐奇遇,<0.1%,2.02,6,<0.1%,7.8%
25324,双手洪拳,<0.1%,1.92,25,<0.1%,25.9%
25325,夜半凶铃,<0.1%,1.78,3,0.1%,5.5%
25326,李三娘,<0.1%,1.64,67,<0.1%,100%
25327,诡井,<0.1%,1.25,5,<0.1%,4.9%
25328,杀破狼·贪狼,35.2%,6319.86,26,27.2%,19.9%
25329,战狼2,33.6%,6032.54,24,25.4%,16.1%
25330,二十二,11.1%,2002.79,24,10.0%,22.0%
25331,破·局,8.6%,1556.14,9,19.8%,8.2%
25332,心理罪,3.6%,662.02,13,5.5%,14.0%
25333,侠盗联盟,2.5%,450.78,10,5.0%,10.2%
25334,地球：神奇的一天,1.0%,196.53,17,1.2%,16.0%
25335,龙之战,0.9%,176.32,84,0.1%,100%
25336,鲛珠传,0.7%,134.28,8,1.8%,8.5%
25337,建军大业,0.6%,120.73,24,0.5%,31.0%
25338,神偷奶爸3,0.3%,64.46,12,0.6%,12.2%
25339,三生三世十里桃花,0.3%,59.63,10,0.6%,14.1%
25340,新木偶奇遇记,0.1%,20.79,44,<0.1%,38.9%
25341,玩偶奇兵,0.1%,20.05,7,0.3%,7.4%
25342,十万个冷笑话2,0.1%,18.67,18,0.1%,18.8%
25343,血战湘江,0.1%,18.32,102,<0.1%,100%
25344,大耳朵图图之美食狂想曲,<0.1%,12.58,7,0.2%,7.5%
25345,极盗车神,<0.1%,6.05,149,<0.1%,87.6%
25346,我是马布里,<0.1%,5.96,34,<0.1%,54.4%
25347,闪光少女,<0.1%,3.95,8,<0.1%,9.6%
25348,父子雄兵,<0.1%,3.37,34,<0.1%,88.9%
25349,李三娘,<0.1%,2.49,68,<0.1%,100%
25350,星际特工：千星之城,<0.1%,2.08,52,<0.1%,36.5%
25351,绣春刀II：修罗战场,<0.1%,1.97,13,<0.1%,27.6%
25352,穆桂英挂帅(京剧),<0.1%,1.85,104,<0.1%,--
25353,冈仁波齐,<0.1%,1.72,22,<0.1%,28.0%
25354,夜半凶铃,<0.1%,1.28,2,<0.1%,5.5%
25355,大象林旺之一炮成名,<0.1%,1.28,4,<0.1%,4.0%
25356,阳光萌星社,<0.1%,1.07,116,<0.1%,100%
25357,杀破狼·贪狼,31.2%,6392.00,27,25.2%,19.8%
25358,战狼2,30.8%,6307.18,25,24.2%,17.0%
25359,二十二,9.1%,1869.68,22,9.5%,20.4%
25360,十万个冷笑话2,8.5%,1743.94,20,9.6%,19.1%
25361,赛尔号大电影6：圣者无敌,7.0%,1439.65,25,6.3%,24.3%
25362,破·局,4.7%,976.04,9,11.7%,8.3%
25363,心理罪,2.3%,479.83,15,3.5%,16.0%
25364,侠盗联盟,1.4%,298.43,11,2.9%,11.3%
25365,龙之战,0.9%,188.27,89,0.1%,100%
25366,建军大业,0.7%,150.60,34,0.4%,41.1%
25367,地球：神奇的一天,0.7%,146.15,18,0.8%,16.8%
25368,皮绳上的魂,0.4%,99.66,7,1.6%,6.6%
25369,鲛珠传,0.3%,65.04,7,0.8%,8.1%
25370,三生三世十里桃花,0.2%,46.14,11,0.4%,15.1%
25371,新木偶奇遇记,0.1%,40.48,85,<0.1%,65.7%
25372,血战湘江,0.1%,31.92,42,<0.1%,70.3%
25373,神偷奶爸3,0.1%,30.29,11,0.3%,11.8%
25374,恐怖毕业照2,0.1%,29.25,8,0.5%,9.7%
25375,我是谁的宝贝,0.1%,24.61,11,0.3%,10.9%
25376,父子雄兵,<0.1%,9.12,96,<0.1%,100%
25377,星际特工：千星之城,<0.1%,8.66,289,<0.1%,100%
25378,绝技情缘之艺魂,<0.1%,8.20,6,0.1%,9.8%
25379,大耳朵图图之美食狂想曲,<0.1%,5.67,7,0.1%,6.4%
25380,冈仁波齐,<0.1%,5.44,71,<0.1%,100%
25381,闪光少女,<0.1%,4.75,11,<0.1%,12.4%
25382,玩偶奇兵,<0.1%,2.62,6,<0.1%,6.6%
25383,我是马布里,<0.1%,2.16,22,<0.1%,31.6%
25384,顺德人家之合家欢,<0.1%,1.38,4,<0.1%,4.2%
25385,绿野仙踪之奥兹国奇幻之旅,<0.1%,1.26,17,<0.1%,27.6%
25386,紫宅,<0.1%,1.13,4,<0.1%,4.3%
25387,战狼2,34.3%,9131.08,33,25.6%,22.2%
25388,杀破狼·贪狼,30.7%,8190.78,34,24.8%,24.8%
25389,二十二,8.6%,2296.29,26,9.5%,24.4%
25390,十万个冷笑话2,7.1%,1910.89,20,10.1%,19.2%
25391,赛尔号大电影6：圣者无敌,6.8%,1835.64,22,8.7%,21.0%
25392,破·局,3.6%,958.59,12,8.3%,11.4%
25393,心理罪,2.7%,736.41,19,4.0%,21.4%
25394,地球：神奇的一天,1.4%,391.81,36,1.0%,32.7%
25395,侠盗联盟,1.3%,367.55,15,2.4%,16.0%
25396,龙之战,0.7%,188.63,93,0.1%,100%
25397,建军大业,0.3%,81.47,25,0.3%,30.8%
25398,三生三世十里桃花,0.2%,76.77,15,0.4%,20.2%
25399,鲛珠传,0.2%,76.14,10,0.7%,11.3%
25400,皮绳上的魂,0.2%,70.65,7,1.1%,6.5%
25401,神偷奶爸3,0.2%,69.76,18,0.4%,18.7%
25402,新木偶奇遇记,0.1%,41.81,92,<0.1%,66.6%
25403,血战湘江,0.1%,27.75,41,<0.1%,80.1%
25404,恐怖毕业照2,<0.1%,22.77,6,0.5%,7.3%
25405,我是谁的宝贝,<0.1%,21.22,14,0.1%,14.9%
25406,大耳朵图图之美食狂想曲,<0.1%,13.49,12,0.1%,13.6%
25407,闪光少女,<0.1%,10.97,21,<0.1%,22.6%
25408,冈仁波齐,<0.1%,10.34,60,<0.1%,76.3%
25409,父子雄兵,<0.1%,9.53,80,<0.1%,100%
25410,阿唐奇遇,<0.1%,9.23,59,<0.1%,67.0%
25411,绝技情缘之艺魂,<0.1%,8.80,10,0.1%,13.5%
25412,玩偶奇兵,<0.1%,8.74,12,<0.1%,13.0%
25413,摇摇晃晃的人间,<0.1%,3.69,66,<0.1%,100%
25414,我是马布里,<0.1%,2.57,31,<0.1%,86.8%
25415,李三娘,<0.1%,2.39,47,<0.1%,100%
25416,阳光萌星社,<0.1%,2.01,142,<0.1%,100%
25417,绣春刀II：修罗战场,<0.1%,1.96,17,<0.1%,27.3%
25418,绿野仙踪之奥兹国奇幻之旅,<0.1%,1.74,20,<0.1%,22.1%
25419,顺德人家之合家欢,<0.1%,1.19,15,<0.1%,15.4%
25420,五女拜寿,<0.1%,1.17,126,<0.1%,--
25421,战狼2,36.2%,8901.66,32,26.2%,21.4%
25422,杀破狼·贪狼,28.1%,6906.35,29,24.8%,21.4%
25423,二十二,7.9%,1951.72,23,9.5%,21.3%
25424,十万个冷笑话2,7.6%,1875.72,21,9.9%,19.4%
25425,赛尔号大电影6：圣者无敌,7.0%,1741.33,20,9.0%,19.3%
25426,破·局,3.5%,878.16,12,7.3%,11.9%
25427,心理罪,3.1%,782.71,18,4.3%,20.3%
25428,地球：神奇的一天,1.7%,433.44,34,1.2%,30.9%
25429,侠盗联盟,1.3%,339.64,15,2.4%,15.3%
25430,龙之战,0.7%,185.98,92,0.1%,100%
25431,神偷奶爸3,0.3%,83.71,20,0.4%,20.4%
25432,三生三世十里桃花,0.3%,79.54,14,0.5%,18.3%
25433,鲛珠传,0.2%,73.28,10,0.7%,11.1%
25434,皮绳上的魂,0.2%,49.51,6,1.0%,5.4%
25435,新木偶奇遇记,0.1%,48.93,101,<0.1%,72.1%
25436,建军大业,0.1%,47.62,17,0.2%,19.8%
25437,血战湘江,0.1%,27.97,45,<0.1%,100%
25438,恐怖毕业照2,<0.1%,19.80,6,0.5%,6.4%
25439,大耳朵图图之美食狂想曲,<0.1%,16.57,15,0.1%,16.4%
25440,我是谁的宝贝,<0.1%,16.36,13,0.1%,13.5%
25441,星际特工：千星之城,<0.1%,13.50,171,<0.1%,100.0%
25442,闪光少女,<0.1%,9.86,29,<0.1%,37.9%
25443,绝技情缘之艺魂,<0.1%,7.65,10,0.1%,12.1%
25444,父子雄兵,<0.1%,6.87,72,<0.1%,100%
25445,玩偶奇兵,<0.1%,6.30,12,<0.1%,12.8%
25446,李三娘,<0.1%,3.33,72,<0.1%,100%
25447,摇摇晃晃的人间,<0.1%,3.08,57,<0.1%,80.2%
25448,阳光萌星社,<0.1%,2.53,148,<0.1%,100%
25449,冈仁波齐,<0.1%,1.67,24,<0.1%,32.2%
25450,我是马布里,<0.1%,1.63,19,<0.1%,51.6%
25451,神灵寨,<0.1%,1.13,100,<0.1%,72.4%
25452,大护法,<0.1%,1.09,20,<0.1%,25.3%
25453,战狼2,34.9%,4503.92,18,26.8%,11.4%
25454,杀破狼·贪狼,27.7%,3572.35,16,25.4%,11.6%
25455,十万个冷笑话2,8.6%,1110.00,13,9.9%,12.3%
25456,二十二,8.0%,1038.50,13,9.7%,12.0%
25457,赛尔号大电影6：圣者无敌,5.5%,717.46,11,7.8%,10.0%
25458,心理罪,4.5%,584.98,13,4.6%,15.2%
25459,破·局,3.8%,492.25,8,6.8%,7.6%
25460,侠盗联盟,1.6%,207.18,9,2.7%,9.0%
25461,龙之战,1.5%,197.45,85,0.1%,100%
25462,地球：神奇的一天,1.2%,159.13,13,1.3%,12.0%
25463,建军大业,0.4%,57.50,15,0.4%,17.7%
25464,三生三世十里桃花,0.3%,50.97,9,0.6%,10.4%
25465,鲛珠传,0.3%,46.90,7,0.7%,7.2%
25466,血战湘江,0.3%,40.43,48,<0.1%,100%
25467,神偷奶爸3,0.2%,34.04,10,0.4%,10.6%
25468,皮绳上的魂,0.1%,17.92,4,0.6%,3.2%
25469,恐怖毕业照2,0.1%,16.67,5,0.5%,5.4%
25470,我是谁的宝贝,<0.1%,7.95,8,0.1%,8.7%
25471,大耳朵图图之美食狂想曲,<0.1%,6.69,8,<0.1%,8.4%
25472,父子雄兵,<0.1%,5.30,73,<0.1%,100%
25473,闪光少女,<0.1%,3.98,9,<0.1%,10.3%
25474,李三娘,<0.1%,3.17,64,<0.1%,100%
25475,玩偶奇兵,<0.1%,2.21,5,<0.1%,6.1%
25476,阳光萌星社,<0.1%,1.63,123,<0.1%,100%
25477,五女拜寿,<0.1%,1.40,134,<0.1%,--
25478,战狼2,34.5%,3923.37,15,27.1%,9.9%
25479,杀破狼·贪狼,27.0%,3069.02,14,25.4%,10.1%
25480,十万个冷笑话2,8.9%,1015.52,12,10.1%,11.1%
25481,二十二,7.4%,842.39,11,9.7%,10.0%
25482,赛尔号大电影6：圣者无敌,5.4%,619.07,10,7.6%,9.0%
25483,心理罪,4.8%,556.15,13,4.5%,14.6%
25484,破·局,3.9%,445.07,8,6.1%,7.8%
25485,侠盗联盟,1.7%,201.11,9,2.7%,8.9%
25486,龙之战,1.6%,185.16,79,0.2%,100%
25487,地球：神奇的一天,1.3%,155.46,12,1.4%,10.7%
25488,血战湘江,0.6%,77.35,37,0.2%,100%
25489,建军大业,0.5%,65.06,16,0.4%,18.8%
25490,三生三世十里桃花,0.4%,49.46,8,0.6%,9.2%
25491,鲛珠传,0.3%,42.48,6,0.7%,6.7%
25492,神偷奶爸3,0.3%,34.56,10,0.4%,10.0%
25493,皮绳上的魂,0.1%,16.70,4,0.5%,3.8%
25494,恐怖毕业照2,0.1%,14.88,4,0.5%,5.0%
25495,大耳朵图图之美食狂想曲,<0.1%,6.82,9,<0.1%,9.3%
25496,我是谁的宝贝,<0.1%,5.76,6,0.1%,6.4%
25497,闪光少女,<0.1%,5.75,11,<0.1%,13.4%
25498,李三娘,<0.1%,3.40,79,<0.1%,100%
25499,星际特工：千星之城,<0.1%,2.85,97,<0.1%,--
25500,阳光萌星社,<0.1%,2.14,167,<0.1%,100%
25501,玩偶奇兵,<0.1%,2.06,5,<0.1%,6.1%
25502,战狼2,34.0%,3562.75,14,27.2%,9.0%
25503,杀破狼·贪狼,27.1%,2833.36,13,25.4%,9.3%
25504,十万个冷笑话2,9.0%,944.75,11,10.3%,10.2%
25505,二十二,6.5%,687.37,9,9.5%,8.4%
25506,心理罪,5.0%,530.42,12,4.7%,13.4%
25507,赛尔号大电影6：圣者无敌,5.0%,526.62,8,7.6%,7.8%
25508,破·局,4.0%,423.63,8,6.0%,7.6%
25509,侠盗联盟,1.9%,201.59,9,2.8%,8.7%
25510,龙之战,1.6%,168.15,74,0.1%,100%
25511,地球：神奇的一天,1.4%,148.33,11,1.5%,10.1%
25512,建军大业,0.7%,82.55,19,0.5%,21.8%
25513,血战湘江,0.5%,55.32,31,0.2%,85.6%
25514,三生三世十里桃花,0.4%,44.85,7,0.7%,8.1%
25515,鲛珠传,0.4%,43.34,6,0.8%,6.6%
25516,神偷奶爸3,0.3%,33.51,9,0.4%,9.3%
25517,恐怖毕业照2,0.1%,13.53,4,0.5%,4.6%
25518,玩偶奇兵,0.1%,13.39,24,<0.1%,35.2%
25519,皮绳上的魂,0.1%,11.87,5,0.3%,4.7%
25520,大耳朵图图之美食狂想曲,<0.1%,5.48,7,<0.1%,7.0%
25521,我是谁的宝贝,<0.1%,4.92,6,0.1%,5.8%
25522,闪光少女,<0.1%,3.51,8,<0.1%,8.6%
25523,青海湖畔,<0.1%,3.29,549,<0.1%,100%
25524,谁是球王,<0.1%,3.10,59,<0.1%,100%
25525,阳光萌星社,<0.1%,2.52,127,<0.1%,100%
25526,李三娘,<0.1%,2.31,72,<0.1%,100%
25527,让爱活下去,<0.1%,1.25,2,0.1%,0.8%
25528,顺德人家之合家欢,<0.1%,1.05,9,<0.1%,10.1%
25529,战狼2,33.0%,3227.82,13,26.7%,8.3%
25530,杀破狼·贪狼,24.9%,2440.74,11,24.9%,8.0%
25531,十万个冷笑话2,9.1%,889.97,10,10.2%,9.5%
25532,二十二,6.0%,592.91,8,9.0%,7.5%
25533,心理罪,5.2%,513.43,12,4.6%,12.9%
25534,赛尔号大电影6：圣者无敌,5.1%,501.67,8,7.4%,7.4%
25535,破·局,3.9%,390.43,8,5.7%,7.2%
25536,星际特工：千星之城,2.0%,199.71,19,1.0%,9.6%
25537,侠盗联盟,1.9%,192.44,8,2.7%,8.2%
25538,地球：神奇的一天,1.4%,143.33,11,1.5%,9.6%
25539,龙之战,1.3%,131.52,66,0.1%,100%
25540,极盗车神,0.9%,90.14,15,0.8%,11.3%
25541,建军大业,0.7%,75.72,17,0.5%,19.2%
25542,血战湘江,0.5%,53.36,30,0.2%,100%
25543,三生三世十里桃花,0.4%,44.58,7,0.7%,7.7%
25544,鲛珠传,0.4%,40.20,6,0.8%,6.0%
25545,神偷奶爸3,0.3%,35.31,9,0.4%,9.3%
25546,玩偶奇兵,0.2%,21.66,29,<0.1%,37.0%
25547,恐怖毕业照2,0.1%,12.18,4,0.4%,4.6%
25548,赛车总动员3：极速挑战,<0.1%,8.70,4,0.3%,2.4%
25549,我是谁的宝贝,<0.1%,6.74,8,0.1%,8.3%
25550,皮绳上的魂,<0.1%,6.74,4,0.1%,4.4%
25551,大耳朵图图之美食狂想曲,<0.1%,5.97,7,0.1%,7.1%
25552,绝技情缘之艺魂,<0.1%,4.23,19,<0.1%,30.9%
25553,闪光少女,<0.1%,2.73,7,<0.1%,7.2%
25554,阳光萌星社,<0.1%,2.68,143,<0.1%,100%
25555,李三娘,<0.1%,2.47,77,<0.1%,100%
25556,谁是球王,<0.1%,1.96,62,<0.1%,82.9%
25557,黑白迷宫,<0.1%,1.40,176,<0.1%,--
25558,顺德人家之合家欢,<0.1%,1.07,10,<0.1%,11.9%
25559,星际特工：千星之城,38.5%,5993.16,22,29.6%,14.2%
25560,战狼2,16.8%,2612.57,22,12.6%,20.6%
25561,极盗车神,16.0%,2496.04,14,24.7%,11.1%
25562,赛车总动员3：极速挑战,12.8%,1993.79,14,16.1%,12.3%
25563,杀破狼·贪狼,6.9%,1075.26,17,7.4%,16.6%
25564,十万个冷笑话2,1.8%,292.60,15,2.3%,15.5%
25565,二十二,1.1%,177.06,13,1.7%,13.6%
25566,心理罪,1.0%,156.98,18,0.8%,30.0%
25567,龙之战,0.7%,119.27,77,0.1%,100%
25568,赛尔号大电影6：圣者无敌,0.7%,112.99,12,1.1%,11.9%
25569,海边的曼彻斯特,0.4%,76.20,26,0.2%,28.6%
25570,建军大业,0.4%,63.36,37,0.1%,45.7%
25571,血战湘江,0.3%,55.89,32,0.2%,100%
25572,地球：神奇的一天,0.3%,53.27,16,0.3%,16.8%
25573,破·局,0.1%,22.42,6,0.4%,7.3%
25574,侠盗联盟,0.1%,15.55,7,0.2%,9.3%
25575,玩偶奇兵,<0.1%,13.19,45,<0.1%,55.5%
25576,三生三世十里桃花,<0.1%,12.71,9,0.1%,13.6%
25577,胖女不愁嫁,<0.1%,10.67,10,0.1%,11.4%
25578,神偷奶爸3,<0.1%,8.43,10,0.1%,10.6%
25579,鲛珠传,<0.1%,6.83,5,0.1%,6.9%
25580,恐怖毕业照2,<0.1%,6.52,4,0.2%,6.1%
25581,大耳朵图图之美食狂想曲,<0.1%,6.12,12,<0.1%,12.4%
25582,豆福传,<0.1%,5.57,28,<0.1%,26.9%
25583,绝技情缘之艺魂,<0.1%,4.44,21,<0.1%,36.0%
25584,冈仁波齐,<0.1%,4.14,45,<0.1%,100%
25585,真爱禁区,<0.1%,2.46,7,<0.1%,8.9%
25586,李三娘,<0.1%,2.25,76,<0.1%,--
25587,我是谁的宝贝,<0.1%,1.80,16,<0.1%,14.6%
25588,顺德人家之合家欢,<0.1%,1.65,20,<0.1%,21.8%
25589,闪光少女,<0.1%,1.44,8,<0.1%,9.8%
25590,和田玉传奇,<0.1%,1.38,115,<0.1%,55.8%
25591,星际特工：千星之城,36.2%,7089.64,25,29.0%,16.2%
25592,战狼2,20.5%,4016.18,27,15.3%,24.4%
25593,赛车总动员3：极速挑战,14.2%,2790.51,18,16.8%,15.6%
25594,极盗车神,11.0%,2148.85,13,20.8%,10.6%
25595,杀破狼·贪狼,7.8%,1534.42,23,7.4%,23.7%
25596,十万个冷笑话2,2.4%,484.01,21,2.6%,22.6%
25597,赛尔号大电影6：圣者无敌,1.3%,263.77,18,1.7%,18.8%
25598,二十二,1.3%,256.53,18,1.7%,20.0%
25599,心理罪,0.9%,179.61,20,0.9%,35.2%
25600,地球：神奇的一天,0.7%,151.61,31,0.5%,32.1%
25601,龙之战,0.5%,114.54,78,0.1%,100%
25602,海边的曼彻斯特,0.5%,98.60,37,0.2%,34.0%
25603,血战湘江,0.2%,50.59,30,0.2%,100%
25604,建军大业,0.2%,39.42,28,0.1%,32.7%
25605,破·局,0.1%,30.11,9,0.3%,12.2%
25606,侠盗联盟,0.1%,24.82,10,0.2%,14.0%
25607,神偷奶爸3,0.1%,21.21,15,0.1%,15.8%
25608,三生三世十里桃花,0.1%,20.68,11,0.1%,17.4%
25609,玩偶奇兵,<0.1%,18.90,55,<0.1%,65.8%
25610,胖女不愁嫁,<0.1%,17.80,21,0.1%,26.3%
25611,恐怖毕业照2,<0.1%,9.52,5,0.2%,7.6%
25612,大耳朵图图之美食狂想曲,<0.1%,8.81,14,<0.1%,17.1%
25613,鲛珠传,<0.1%,8.77,8,0.1%,10.0%
25614,我是谁的宝贝,<0.1%,5.75,36,<0.1%,33.6%
25615,绝技情缘之艺魂,<0.1%,4.43,25,<0.1%,37.6%
25616,冈仁波齐,<0.1%,4.25,47,<0.1%,100%
25617,闪光少女,<0.1%,3.81,14,<0.1%,18.8%
25618,李三娘,<0.1%,3.56,80,<0.1%,100%
25619,摇摇晃晃的人间,<0.1%,2.97,52,<0.1%,70.1%
25620,真爱禁区,<0.1%,2.96,13,<0.1%,17.2%
25621,天若有情,<0.1%,1.99,99,<0.1%,--
25622,冯梦龙传奇,<0.1%,1.87,119,<0.1%,91.3%
25623,皮绳上的魂,<0.1%,1.68,11,<0.1%,20.5%
25624,星际特工：千星之城,33.2%,6069.66,22,28.2%,14.3%
25625,战狼2,23.4%,4289.74,26,17.4%,22.1%
25626,赛车总动员3：极速挑战,13.2%,2420.43,17,16.1%,14.3%
25627,极盗车神,9.5%,1748.25,12,18.0%,10.3%
25628,杀破狼·贪狼,8.9%,1640.90,22,8.2%,22.5%
25629,十万个冷笑话2,2.9%,531.46,20,3.0%,21.1%
25630,赛尔号大电影6：圣者无敌,1.8%,330.78,19,2.1%,18.8%
25631,二十二,1.3%,246.10,16,1.8%,17.4%
25632,心理罪,1.0%,184.32,18,1.0%,30.5%
25633,地球：神奇的一天,0.9%,177.21,30,0.6%,30.9%
25634,龙之战,0.6%,115.90,76,0.1%,100%
25635,海边的曼彻斯特,0.5%,94.66,35,0.2%,31.1%
25636,血战湘江,0.2%,49.86,30,0.1%,100%
25637,三生三世十里桃花,0.2%,37.10,16,0.2%,21.5%
25638,破·局,0.1%,30.74,10,0.3%,12.1%
25639,侠盗联盟,0.1%,26.18,9,0.3%,12.8%
25640,神偷奶爸3,0.1%,25.37,16,0.2%,16.2%
25641,建军大业,0.1%,23.89,20,0.1%,24.3%
25642,玩偶奇兵,<0.1%,17.90,47,<0.1%,69.9%
25643,胖女不愁嫁,<0.1%,13.61,12,0.1%,14.0%
25644,鲛珠传,<0.1%,10.56,8,0.1%,11.2%
25645,大耳朵图图之美食狂想曲,<0.1%,9.50,15,<0.1%,18.4%
25646,恐怖毕业照2,<0.1%,9.11,5,0.2%,6.7%
25647,我是谁的宝贝,<0.1%,6.88,32,<0.1%,30.7%
25648,绝技情缘之艺魂,<0.1%,4.55,21,<0.1%,39.1%
25649,李三娘,<0.1%,4.16,60,<0.1%,100%
25650,闪光少女,<0.1%,2.86,13,<0.1%,16.8%
25651,谁是球王,<0.1%,2.63,60,<0.1%,100%
25652,摇摇晃晃的人间,<0.1%,1.52,47,<0.1%,69.2%
25653,儿大女大,<0.1%,1.28,107,<0.1%,100.0%
25654,五女拜寿,<0.1%,1.08,77,<0.1%,--
25655,真爱禁区,<0.1%,1.08,7,<0.1%,9.8%
25656,冯梦龙传奇,<0.1%,1.02,103,<0.1%,97.8%
25657,星际特工：千星之城,34.9%,8047.78,32,26.7%,20.7%
25658,战狼2,25.1%,5791.55,34,18.4%,28.3%
25659,杀破狼·贪狼,10.8%,2501.99,33,8.8%,32.4%
25660,极盗车神,8.7%,2025.11,17,15.3%,14.5%
25661,赛车总动员3：极速挑战,6.9%,1600.97,14,13.1%,11.8%
25662,二次初恋,3.9%,917.26,24,4.8%,23.6%
25663,十万个冷笑话2,2.7%,635.31,22,3.4%,23.2%
25664,心理罪,1.0%,246.66,23,1.1%,37.5%
25665,二十二,0.8%,207.03,15,1.7%,16.2%
25666,赛尔号大电影6：圣者无敌,0.6%,154.81,12,1.6%,12.0%
25667,三生三世十里桃花,0.5%,132.33,20,0.7%,24.9%
25668,龙之战,0.4%,110.25,75,0.1%,100%
25669,海边的曼彻斯特,0.4%,93.73,37,0.2%,31.6%
25670,地球：神奇的一天,0.3%,80.48,16,0.5%,15.6%
25671,血战湘江,0.2%,50.70,30,0.2%,100%
25672,侠盗联盟,0.1%,42.58,14,0.3%,18.3%
25673,破·局,0.1%,37.48,12,0.3%,15.0%
25674,恐怖毕业照2,0.1%,29.00,13,0.3%,18.5%
25675,神偷奶爸3,0.1%,23.41,16,0.1%,17.7%
25676,建军大业,0.1%,23.32,21,0.1%,29.6%
25677,鲛珠传,<0.1%,16.64,12,0.1%,17.0%
25678,一路向爱,<0.1%,15.86,13,0.1%,14.6%
25679,胖女不愁嫁,<0.1%,14.61,14,0.1%,16.4%
25680,玩偶奇兵,<0.1%,14.32,56,<0.1%,71.5%
25681,大耳朵图图之美食狂想曲,<0.1%,6.13,13,<0.1%,13.5%
25682,杜丽娘,<0.1%,5.15,12,<0.1%,19.6%
25683,绝技情缘之艺魂,<0.1%,4.56,24,<0.1%,35.7%
25684,租婚男女,<0.1%,4.32,5,<0.1%,7.3%
25685,我是谁的宝贝,<0.1%,3.01,16,<0.1%,15.4%
25686,闪光少女,<0.1%,2.47,13,<0.1%,13.4%
25687,李三娘,<0.1%,2.45,73,<0.1%,100%
25688,紫宅,<0.1%,2.18,13,<0.1%,16.8%
25689,真爱禁区,<0.1%,2.16,7,<0.1%,10.8%
25690,阳光萌星社,<0.1%,1.45,142,<0.1%,100%
25691,儿大女大,<0.1%,1.30,113,<0.1%,100%
25692,五女拜寿,<0.1%,1.28,100,<0.1%,--
25693,谁是球王,<0.1%,1.14,57,<0.1%,100%
25694,星际特工：千星之城,31.0%,2704.60,11,27.5%,7.1%
25695,战狼2,25.3%,2209.66,13,20.2%,10.0%
25696,杀破狼·贪狼,11.3%,993.63,12,10.8%,10.8%
25697,赛车总动员3：极速挑战,9.6%,842.31,8,12.8%,6.7%
25698,极盗车神,8.2%,716.36,7,14.6%,5.8%
25699,十万个冷笑话2,3.9%,343.16,11,4.1%,10.8%
25700,心理罪,2.0%,175.42,14,1.3%,19.9%
25701,赛尔号大电影6：圣者无敌,1.5%,131.96,9,1.9%,9.2%
25702,二十二,1.4%,130.09,8,2.2%,8.5%
25703,龙之战,1.1%,98.50,70,0.1%,100%
25704,地球：神奇的一天,0.7%,62.74,11,0.6%,10.8%
25705,玩偶奇兵,0.5%,50.84,87,<0.1%,70.7%
25706,海边的曼彻斯特,0.5%,50.54,20,0.2%,16.6%
25707,建军大业,0.3%,30.18,23,0.1%,28.6%
25708,血战湘江,0.3%,27.55,37,<0.1%,100%
25709,三生三世十里桃花,0.2%,25.50,7,0.4%,8.4%
25710,破·局,0.2%,22.90,7,0.4%,7.7%
25711,侠盗联盟,0.2%,20.76,6,0.5%,7.1%
25712,神偷奶爸3,0.1%,14.25,9,0.2%,9.3%
25713,一路向爱,0.1%,12.39,30,<0.1%,35.7%
25714,胖女不愁嫁,0.1%,11.16,13,0.1%,15.1%
25715,恐怖毕业照2,<0.1%,8.42,4,0.3%,5.1%
25716,鲛珠传,<0.1%,7.21,5,0.1%,7.1%
25717,大耳朵图图之美食狂想曲,<0.1%,3.80,10,<0.1%,10.6%
25718,我是谁的宝贝,<0.1%,2.71,12,<0.1%,11.8%
25719,闪光少女,<0.1%,1.52,8,<0.1%,8.2%
25720,谁是球王,<0.1%,1.10,29,<0.1%,29.0%
25721,星际特工：千星之城,30.1%,2300.96,10,27.3%,6.2%
25722,战狼2,24.8%,1894.19,11,20.6%,8.4%
25723,杀破狼·贪狼,11.4%,870.60,10,11.2%,9.2%
25724,赛车总动员3：极速挑战,9.3%,713.80,7,12.2%,6.1%
25725,极盗车神,7.9%,607.09,6,13.8%,5.3%
25726,十万个冷笑话2,4.1%,315.11,10,4.3%,9.4%
25727,心理罪,2.8%,219.13,15,1.5%,22.2%
25728,赛尔号大电影6：圣者无敌,1.5%,119.23,8,2.0%,7.9%
25729,二十二,1.4%,108.37,7,2.2%,7.1%
25730,龙之战,0.9%,76.05,67,0.1%,100%
25731,血战湘江,0.7%,57.15,32,0.2%,100%
25732,地球：神奇的一天,0.7%,55.90,10,0.6%,9.6%
25733,玩偶奇兵,0.6%,51.71,96,<0.1%,72.9%
25734,建军大业,0.6%,47.90,30,0.2%,36.6%
25735,海边的曼彻斯特,0.5%,44.93,18,0.2%,14.7%
25736,三生三世十里桃花,0.2%,21.44,6,0.4%,7.1%
25737,侠盗联盟,0.2%,21.28,6,0.5%,7.0%
25738,破·局,0.2%,19.76,6,0.4%,6.3%
25739,神偷奶爸3,0.1%,14.03,8,0.2%,8.7%
25740,一路向爱,0.1%,11.74,40,<0.1%,62.8%
25741,恐怖毕业照2,0.1%,7.71,4,0.3%,4.6%
25742,鲛珠传,<0.1%,5.99,4,0.1%,5.2%
25743,胖女不愁嫁,<0.1%,5.76,8,0.1%,9.6%
25744,大耳朵图图之美食狂想曲,<0.1%,3.91,10,<0.1%,10.9%
25745,银魂 真人版,<0.1%,3.58,72,<0.1%,100%
25746,敦刻尔克,<0.1%,3.58,72,<0.1%,--
25747,我是马布里,<0.1%,2.25,46,<0.1%,70.0%
25748,我是谁的宝贝,<0.1%,1.58,9,<0.1%,8.3%
25749,谁是球王,<0.1%,1.38,47,<0.1%,59.4%
25750,绝技情缘之艺魂,<0.1%,1.25,11,<0.1%,20.5%
25751,李三娘,<0.1%,1.23,56,<0.1%,--
25752,闪光少女,<0.1%,1.09,6,<0.1%,6.0%
25753,星际特工：千星之城,24.9%,1743.05,8,24.8%,4.9%
25754,战狼2,22.5%,1576.93,9,19.4%,7.1%
25755,杀破狼·贪狼,9.3%,652.24,8,9.9%,7.3%
25756,赛车总动员3：极速挑战,7.4%,519.19,6,10.3%,5.1%
25757,黑白迷宫,6.8%,481.62,13,5.2%,11.5%
25758,极盗车神,5.7%,399.75,5,10.7%,4.3%
25759,二次初恋,4.7%,329.17,7,5.5%,7.0%
25760,敦刻尔克,4.3%,304.92,25,1.2%,12.6%
25761,十万个冷笑话2,3.2%,225.51,8,3.7%,7.6%
25762,心理罪,2.2%,156.18,14,1.1%,20.3%
25763,赛尔号大电影6：圣者无敌,1.2%,89.38,7,1.8%,6.3%
25764,银魂 真人版,1.0%,73.55,21,0.4%,15.7%
25765,二十二,1.0%,73.01,6,1.7%,5.9%
25766,玩偶奇兵,0.9%,68.38,102,<0.1%,92.4%
25767,龙之战,0.9%,66.80,59,0.1%,100%
25768,地球：神奇的一天,0.6%,48.29,9,0.6%,8.8%
25769,海边的曼彻斯特,0.5%,38.31,15,0.2%,12.6%
25770,血战湘江,0.5%,38.23,30,0.1%,100%
25771,建军大业,0.3%,27.48,21,0.1%,26.5%
25772,三生三世十里桃花,0.2%,15.00,5,0.3%,6.3%
25773,破·局,0.1%,13.64,5,0.3%,5.4%
25774,一路向爱,0.1%,11.04,57,<0.1%,84.2%
25775,侠盗联盟,0.1%,10.98,4,0.4%,4.8%
25776,神偷奶爸3,0.1%,10.89,7,0.2%,7.4%
25777,恐怖毕业照2,<0.1%,5.24,3,0.2%,4.2%
25778,鲛珠传,<0.1%,3.94,4,0.1%,4.6%
25779,大耳朵图图之美食狂想曲,<0.1%,3.02,8,<0.1%,8.2%
25780,我是谁的宝贝,<0.1%,1.54,9,<0.1%,8.9%
25781,李三娘,<0.1%,1.10,63,<0.1%,--
25782,胖女不愁嫁,<0.1%,1.06,2,<0.1%,2.4%
25783,谁是球王,<0.1%,1.01,29,<0.1%,43.3%
25784,敦刻尔克,46.2%,5753.62,20,31.9%,12.3%
25785,银魂 真人版,18.1%,2253.11,15,18.8%,12.9%
25786,战狼2,10.7%,1340.29,13,10.9%,11.6%
25787,星际特工：千星之城,7.8%,979.38,11,9.9%,8.6%
25788,黑白迷宫,5.9%,742.64,8,12.2%,7.8%
25789,二次初恋,2.5%,311.36,9,3.7%,10.3%
25790,杀破狼·贪狼,2.4%,302.51,11,3.1%,11.0%
25791,赛车总动员3：极速挑战,1.4%,177.23,6,3.4%,5.5%
25792,心理罪,1.0%,126.54,27,0.4%,65.2%
25793,极盗车神,0.7%,95.65,6,1.8%,6.6%
25794,十万个冷笑话2,0.5%,70.86,8,1.0%,8.8%
25795,玩偶奇兵,0.5%,68.24,106,<0.1%,99.9%
25796,龙之战,0.3%,42.48,77,<0.1%,100%
25797,建军大业,0.3%,41.68,48,<0.1%,60.1%
25798,海边的曼彻斯特,0.2%,25.85,16,0.1%,14.3%
25799,二十二,0.1%,19.92,9,0.2%,11.3%
25800,地球：神奇的一天,0.1%,18.74,11,0.1%,11.9%
25801,赛尔号大电影6：圣者无敌,0.1%,14.36,4,0.6%,3.3%
25802,一路向爱,<0.1%,8.62,84,<0.1%,100%
25803,破·局,<0.1%,5.29,9,<0.1%,11.0%
25804,三生三世十里桃花,<0.1%,4.58,5,0.1%,8.2%
25805,大象林旺之一炮成名,<0.1%,3.87,43,<0.1%,29.1%
25806,恐怖毕业照2,<0.1%,3.77,4,0.1%,5.3%
25807,神偷奶爸3,<0.1%,3.63,5,<0.1%,5.7%
25808,侠盗联盟,<0.1%,2.76,5,<0.1%,7.5%
25809,鲛珠传,<0.1%,2.08,4,<0.1%,4.4%
25810,血战湘江,<0.1%,2.05,38,<0.1%,37.8%
25811,铁道飞虎,<0.1%,1.55,104,<0.1%,70.6%
25812,大耳朵图图之美食狂想曲,<0.1%,1.37,4,<0.1%,3.5%
25813,天若有情,<0.1%,1.15,51,<0.1%,--
25814,阳光萌星社,<0.1%,1.05,123,<0.1%,100%
25815,李三娘,<0.1%,1.00,54,<0.1%,--
25816,敦刻尔克,45.1%,7911.31,26,31.8%,16.1%
25817,战狼2,13.6%,2390.73,20,12.4%,17.5%
25818,银魂 真人版,13.0%,2295.27,15,18.4%,12.4%
25819,星际特工：千星之城,9.8%,1723.90,18,9.8%,15.4%
25820,赛车总动员3：极速挑战,4.7%,840.51,17,5.5%,16.3%
25821,黑白迷宫,3.5%,628.67,9,8.9%,9.0%
25822,杀破狼·贪狼,2.8%,499.78,16,3.4%,16.6%
25823,二次初恋,1.8%,331.11,12,2.8%,13.4%
25824,十万个冷笑话2,1.0%,179.19,16,1.3%,17.1%
25825,极盗车神,0.8%,140.69,10,1.5%,11.3%
25826,赛尔号大电影6：圣者无敌,0.6%,120.46,12,1.3%,11.9%
25827,心理罪,0.5%,87.64,21,0.4%,35.5%
25828,地球：神奇的一天,0.4%,87.53,29,0.3%,29.3%
25829,玩偶奇兵,0.3%,65.28,103,<0.1%,93.6%
25830,海边的曼彻斯特,0.2%,50.37,27,0.1%,23.7%
25831,龙之战,0.2%,37.12,83,<0.1%,100%
25832,二十二,0.2%,36.90,14,0.3%,17.2%
25833,建军大业,<0.1%,16.99,30,<0.1%,43.2%
25834,神偷奶爸3,<0.1%,16.46,13,0.1%,13.8%
25835,三生三世十里桃花,<0.1%,10.53,10,0.1%,13.7%
25836,一路向爱,<0.1%,8.41,43,<0.1%,70.9%
25837,恐怖毕业照2,<0.1%,7.28,6,0.1%,8.4%
25838,大耳朵图图之美食狂想曲,<0.1%,5.53,13,<0.1%,12.5%
25839,摇摇晃晃的人间,<0.1%,5.38,73,<0.1%,100%
25840,侠盗联盟,<0.1%,4.19,5,<0.1%,8.0%
25841,鲛珠传,<0.1%,3.85,6,<0.1%,8.7%
25842,破·局,<0.1%,3.15,5,<0.1%,7.6%
25843,我是谁的宝贝,<0.1%,2.55,26,<0.1%,34.7%
25844,闪光少女,<0.1%,1.40,11,<0.1%,12.2%
25845,敦刻尔克,42.8%,5854.08,20,31.4%,12.1%
25846,战狼2,14.7%,2012.13,16,13.5%,13.4%
25847,银魂 真人版,10.8%,1477.33,11,17.0%,8.9%
25848,星际特工：千星之城,10.1%,1383.55,14,10.2%,12.0%
25849,赛车总动员3：极速挑战,5.9%,807.39,15,5.8%,14.8%
25850,杀破狼·贪狼,3.5%,484.24,14,3.8%,14.3%
25851,黑白迷宫,3.3%,458.55,7,8.1%,7.2%
25852,二次初恋,2.0%,281.85,11,2.7%,12.2%
25853,十万个冷笑话2,1.2%,172.03,13,1.5%,14.4%
25854,赛尔号大电影6：圣者无敌,1.0%,142.33,12,1.4%,12.7%
25855,极盗车神,0.8%,121.47,9,1.5%,9.8%
25856,地球：神奇的一天,0.7%,102.45,29,0.3%,29.2%
25857,心理罪,0.6%,85.60,19,0.4%,29.3%
25858,玩偶奇兵,0.4%,65.02,105,<0.1%,99.7%
25859,海边的曼彻斯特,0.3%,42.16,22,0.1%,19.7%
25860,龙之战,0.2%,33.30,76,<0.1%,100%
25861,二十二,0.2%,30.79,10,0.3%,12.6%
25862,神偷奶爸3,0.1%,18.83,13,0.1%,14.1%
25863,建军大业,0.1%,17.79,29,<0.1%,37.5%
25864,一路向爱,<0.1%,6.97,14,<0.1%,18.5%
25865,三生三世十里桃花,<0.1%,6.03,8,<0.1%,10.8%
25866,恐怖毕业照2,<0.1%,5.74,4,0.2%,6.2%
25867,大耳朵图图之美食狂想曲,<0.1%,5.02,12,<0.1%,11.5%
25868,破·局,<0.1%,3.72,6,<0.1%,7.8%
25869,侠盗联盟,<0.1%,3.37,5,<0.1%,6.6%
25870,鲛珠传,<0.1%,3.25,5,<0.1%,7.8%
25871,摇摇晃晃的人间,<0.1%,2.12,75,<0.1%,89.8%
25872,天若有情,<0.1%,2.09,81,<0.1%,--
25873,李三娘,<0.1%,1.86,60,<0.1%,100%
25874,我是谁的宝贝,<0.1%,1.84,20,<0.1%,23.4%
25875,闪光少女,<0.1%,1.47,13,<0.1%,15.8%
25876,敦刻尔克,41.7%,2172.53,8,31.5%,4.9%
25877,战狼2,16.4%,853.10,7,14.7%,5.6%
25878,星际特工：千星之城,10.3%,537.63,6,10.9%,4.7%
25879,银魂 真人版,9.4%,492.15,4,15.7%,3.4%
25880,杀破狼·贪狼,5.4%,281.55,7,4.9%,7.1%
25881,黑白迷宫,4.8%,249.73,5,8.0%,4.3%
25882,心理罪,2.4%,127.61,20,0.6%,33.7%
25883,赛车总动员3：极速挑战,1.5%,81.57,3,3.9%,2.4%
25884,二次初恋,1.4%,76.60,4,2.8%,4.3%
25885,玩偶奇兵,1.2%,64.00,116,<0.1%,97.6%
25886,极盗车神,1.1%,59.90,4,1.8%,4.4%
25887,十万个冷笑话2,1.0%,55.84,5,1.6%,4.5%
25888,龙之战,0.4%,24.95,74,<0.1%,100%
25889,建军大业,0.4%,21.33,25,<0.1%,34.7%
25890,海边的曼彻斯特,0.3%,19.53,11,0.2%,9.1%
25891,二十二,0.3%,16.41,5,0.4%,5.4%
25892,地球：神奇的一天,0.2%,11.86,5,0.3%,4.6%
25893,一路向爱,0.1%,6.47,48,<0.1%,55.7%
25894,赛尔号大电影6：圣者无敌,0.1%,5.32,1,0.7%,1.0%
25895,缝纫机乐队,<0.1%,5.12,276,<0.1%,96.4%
25896,恐怖毕业照2,<0.1%,4.73,3,0.2%,4.2%
25897,神偷奶爸3,<0.1%,3.11,4,0.1%,4.1%
25898,破·局,<0.1%,2.69,3,0.1%,4.2%
25899,三生三世十里桃花,<0.1%,2.58,4,<0.1%,4.4%
25900,侠盗联盟,<0.1%,2.30,3,0.1%,3.3%
25901,李三娘,<0.1%,1.45,57,<0.1%,100%
25902,鲛珠传,<0.1%,1.40,2,<0.1%,2.8%
25903,让爱活下去,<0.1%,1.08,59,<0.1%,62.1%
25904,敦刻尔克,39.3%,1784.59,7,31.1%,4.1%
25905,战狼2,17.2%,780.09,6,15.5%,4.9%
25906,星际特工：千星之城,10.7%,489.20,5,11.3%,4.2%
25907,银魂 真人版,7.9%,358.36,4,14.2%,2.8%
25908,杀破狼·贪狼,6.2%,284.87,7,5.6%,6.2%
25909,黑白迷宫,4.9%,224.43,4,7.7%,4.0%
25910,心理罪,2.9%,131.99,18,0.7%,30.5%
25911,二次初恋,2.0%,94.57,5,2.9%,5.0%
25912,玩偶奇兵,1.4%,67.37,103,<0.1%,97.9%
25913,赛车总动员3：极速挑战,1.3%,62.73,3,3.7%,2.0%
25914,极盗车神,1.2%,56.20,4,1.9%,4.0%
25915,十万个冷笑话2,1.1%,54.17,4,1.8%,4.0%
25916,龙之战,0.6%,29.57,94,<0.1%,100%
25917,建军大业,0.4%,21.45,19,0.1%,25.0%
25918,海边的曼彻斯特,0.3%,17.25,9,0.2%,8.0%
25919,二十二,0.3%,14.71,4,0.5%,4.3%
25920,地球：神奇的一天,0.1%,8.25,3,0.3%,3.0%
25921,一路向爱,0.1%,6.47,53,<0.1%,58.3%
25922,恐怖毕业照2,0.1%,4.84,3,0.2%,4.0%
25923,缝纫机乐队,0.1%,4.61,201,<0.1%,74.8%
25924,声之形,<0.1%,4.03,245,<0.1%,100.0%
25925,赛尔号大电影6：圣者无敌,<0.1%,3.67,1,0.6%,0.8%
25926,侠盗联盟,<0.1%,3.47,3,0.1%,3.8%
25927,破·局,<0.1%,3.23,3,0.1%,4.0%
25928,神偷奶爸3,<0.1%,2.20,3,0.1%,3.3%
25929,三生三世十里桃花,<0.1%,2.11,3,0.1%,3.1%
25930,阳光萌星社,<0.1%,1.63,164,<0.1%,100%
25931,铁道飞虎,<0.1%,1.56,130,<0.1%,85.7%
25932,鲛珠传,<0.1%,1.42,2,<0.1%,2.7%
25933,大耳朵图图之美食狂想曲,<0.1%,1.39,6,<0.1%,6.0%
25934,李三娘,<0.1%,1.20,54,<0.1%,100%
25935,敦刻尔克,38.2%,1643.73,7,30.8%,3.9%
25936,战狼2,17.4%,752.08,6,15.9%,4.6%
25937,星际特工：千星之城,10.9%,471.81,5,11.5%,4.0%
25938,银魂 真人版,7.3%,314.59,4,13.2%,2.7%
25939,杀破狼·贪狼,6.8%,294.70,6,6.1%,5.9%
25940,黑白迷宫,5.0%,218.27,4,7.7%,3.9%
25941,心理罪,3.0%,132.85,17,0.8%,27.3%
25942,二次初恋,2.2%,96.68,5,2.9%,5.0%
25943,极盗车神,1.3%,56.85,4,2.1%,3.7%
25944,赛车总动员3：极速挑战,1.2%,54.61,2,3.5%,1.8%
25945,十万个冷笑话2,1.2%,54.36,4,1.8%,3.9%
25946,玩偶奇兵,0.9%,41.21,83,<0.1%,89.2%
25947,建军大业,0.7%,31.48,19,0.1%,25.8%
25948,龙之战,0.7%,30.92,92,<0.1%,100%
25949,海边的曼彻斯特,0.4%,17.51,10,0.2%,8.0%
25950,二十二,0.3%,15.35,4,0.5%,4.2%
25951,地球：神奇的一天,0.2%,12.11,5,0.3%,4.7%
25952,侠盗联盟,0.1%,7.48,7,0.2%,9.3%
25953,一路向爱,0.1%,6.47,61,<0.1%,74.9%
25954,那一场呼啸而过的青春,0.1%,6.21,103,<0.1%,100%
25955,恐怖毕业照2,0.1%,4.42,3,0.2%,3.6%
25956,缝纫机乐队,<0.1%,3.47,152,<0.1%,85.5%
25957,破·局,<0.1%,3.31,3,0.1%,3.5%
25958,赛尔号大电影6：圣者无敌,<0.1%,2.38,1,0.5%,0.7%
25959,三生三世十里桃花,<0.1%,1.79,2,0.1%,2.4%
25960,鲛珠传,<0.1%,1.63,2,0.1%,2.7%
25961,神偷奶爸3,<0.1%,1.44,2,<0.1%,2.3%
25962,李三娘,<0.1%,1.37,56,<0.1%,94.7%
25963,敦刻尔克,29.2%,1409.30,6,29.8%,3.4%
25964,蜘蛛侠：英雄归来,20.5%,990.18,46,2.3%,24.3%
25965,战狼2,14.2%,685.87,5,15.8%,4.1%
25966,星际特工：千星之城,8.9%,431.84,5,11.3%,3.6%
25967,杀破狼·贪狼,5.8%,279.70,6,6.3%,5.2%
25968,银魂 真人版,5.2%,250.64,3,12.3%,2.3%
25969,黑白迷宫,3.8%,185.68,4,7.4%,3.4%
25970,心理罪,2.7%,133.21,17,0.8%,24.6%
25971,二次初恋,1.7%,84.94,4,2.9%,4.4%
25972,极盗车神,1.1%,53.70,3,2.1%,3.4%
25973,建军大业,1.0%,51.29,28,0.1%,34.8%
25974,十万个冷笑话2,1.0%,50.71,4,1.8%,3.7%
25975,赛车总动员3：极速挑战,0.9%,47.74,2,3.3%,1.6%
25976,龙之战,0.7%,34.08,90,<0.1%,100%
25977,玩偶奇兵,0.5%,27.86,85,<0.1%,100%
25978,海边的曼彻斯特,0.3%,17.17,9,0.2%,7.7%
25979,二十二,0.3%,15.85,4,0.5%,4.1%
25980,声之形,0.1%,9.45,12,0.1%,10.3%
25981,地球：神奇的一天,0.1%,7.21,3,0.3%,2.7%
25982,侠盗联盟,0.1%,5.36,4,0.2%,3.8%
25983,缝纫机乐队,<0.1%,3.62,153,<0.1%,71.7%
25984,破·局,<0.1%,3.49,3,0.1%,3.4%
25985,恐怖毕业照2,<0.1%,3.35,2,0.2%,2.8%
25986,赛尔号大电影6：圣者无敌,<0.1%,2.25,1,0.5%,0.6%
25987,一路向爱,<0.1%,2.01,40,<0.1%,89.5%
25988,失业生,<0.1%,1.84,5,<0.1%,5.2%
25989,鲛珠传,<0.1%,1.80,2,0.1%,2.7%
25990,闪光少女,<0.1%,1.73,6,<0.1%,6.5%
25991,三生三世十里桃花,<0.1%,1.64,2,0.1%,2.5%
25992,李三娘,<0.1%,1.19,50,<0.1%,100%
25993,铁道飞虎,<0.1%,1.17,79,<0.1%,85.9%
25994,血战湘江,<0.1%,1.14,27,<0.1%,39.6%
25995,诡域新娘,<0.1%,1.12,7,<0.1%,7.4%
25996,五女拜寿,<0.1%,1.02,84,<0.1%,--
25997,蜘蛛侠：英雄归来,80.0%,13463.15,30,51.6%,20.0%
25998,敦刻尔克,5.6%,954.44,11,10.6%,10.0%
25999,声之形,5.6%,951.06,11,11.7%,11.5%
26000,战狼2,3.3%,566.12,9,7.1%,9.6%
26001,失业生,0.9%,164.64,4,5.8%,4.3%
26002,心理罪,0.7%,118.73,30,0.3%,81.5%
26003,星际特工：千星之城,0.5%,95.14,5,2.4%,4.4%
26004,银魂 真人版,0.4%,79.79,6,1.6%,6.2%
26005,建军大业,0.4%,79.49,52,0.1%,64.1%
26006,杀破狼·贪狼,0.4%,71.49,6,1.4%,6.7%
26007,诡域新娘,0.3%,59.15,7,1.2%,8.7%
26008,龙之战,0.2%,34.64,100,<0.1%,100%
26009,赛车总动员3：极速挑战,0.1%,29.66,3,1.1%,3.2%
26010,玩偶奇兵,0.1%,21.51,86,<0.1%,100%
26011,黑白迷宫,<0.1%,15.35,3,0.8%,3.1%
26012,十万个冷笑话2,<0.1%,14.90,4,0.4%,4.4%
26013,二次初恋,<0.1%,13.67,5,0.3%,6.0%
26014,蜜月计划,<0.1%,12.86,2,1.3%,1.8%
26015,海边的曼彻斯特,<0.1%,11.40,10,0.1%,8.8%
26016,二十二,<0.1%,6.83,8,0.1%,9.7%
26017,地球：神奇的一天,<0.1%,6.63,9,<0.1%,10.0%
26018,极盗车神,<0.1%,6.28,3,0.2%,3.9%
26019,赛尔号大电影6：圣者无敌,<0.1%,3.77,3,0.2%,2.5%
26020,看不见的客人,<0.1%,3.17,122,<0.1%,100%
26021,血战湘江,<0.1%,2.08,43,<0.1%,55.5%
26022,一路向爱,<0.1%,1.99,67,<0.1%,100%
26023,李三娘,<0.1%,1.94,58,<0.1%,100%
26024,铁道飞虎,<0.1%,1.64,110,<0.1%,85.3%
26025,商魂,<0.1%,1.33,103,<0.1%,--
26026,五女拜寿,<0.1%,1.07,85,<0.1%,--
26027,大耳朵图图之美食狂想曲,<0.1%,1.06,4,<0.1%,3.8%
26028,蜘蛛侠：英雄归来,76.7%,18498.22,38,51.8%,25.7%
26029,敦刻尔克,7.0%,1697.43,21,9.1%,19.7%
26030,声之形,5.5%,1337.30,16,11.3%,15.6%
26031,战狼2,4.2%,1016.25,16,7.1%,16.8%
26032,赛车总动员3：极速挑战,0.9%,217.43,12,2.0%,12.4%
26033,怪物岛,0.8%,197.11,7,4.3%,6.5%
26034,银魂 真人版,0.7%,173.52,15,1.3%,16.4%
26035,星际特工：千星之城,0.7%,173.30,10,1.9%,10.0%
26036,失业生,0.6%,147.24,5,3.9%,5.7%
26037,杀破狼·贪狼,0.4%,106.60,10,1.2%,11.1%
26038,心理罪,0.2%,70.73,27,0.2%,55.9%
26039,诡域新娘,0.2%,53.71,7,1.1%,8.2%
26040,天梯：蔡国强的艺术,0.1%,38.68,113,<0.1%,88.6%
26041,赛尔号大电影6：圣者无敌,0.1%,37.60,10,0.6%,10.4%
26042,龙之战,0.1%,36.89,99,<0.1%,100%
26043,十万个冷笑话2,0.1%,34.12,9,0.4%,9.7%
26044,真假森林王,0.1%,29.37,17,0.1%,16.0%
26045,地球：神奇的一天,0.1%,28.94,18,0.1%,19.9%
26046,建军大业,0.1%,28.26,39,<0.1%,56.3%
26047,玩偶奇兵,<0.1%,20.97,85,<0.1%,100%
26048,海边的曼彻斯特,<0.1%,19.85,19,0.1%,17.0%
26049,黑白迷宫,<0.1%,18.51,4,0.5%,5.2%
26050,二次初恋,<0.1%,15.82,7,0.2%,9.7%
26051,极盗车神,<0.1%,12.65,6,0.2%,8.1%
26052,蜜月计划,<0.1%,10.95,3,0.6%,3.1%
26053,二十二,<0.1%,7.46,11,<0.1%,14.1%
26054,刀剑神域：序列之争,<0.1%,5.85,145,<0.1%,99.6%
26055,大耳朵图图之美食狂想曲,<0.1%,3.21,11,<0.1%,10.9%
26056,李三娘,<0.1%,2.78,74,<0.1%,100%
26057,一路向爱,<0.1%,1.99,74,<0.1%,100%
26058,摇摇晃晃的人间,<0.1%,1.92,61,<0.1%,100%
26059,冈仁波齐,<0.1%,1.42,52,<0.1%,100%
26060,纹身师,<0.1%,1.19,82,<0.1%,80.5%
26061,蜘蛛侠：英雄归来,73.6%,13325.04,28,51.8%,18.7%
26062,敦刻尔克,7.5%,1358.76,16,9.5%,15.5%
26063,声之形,5.5%,1011.79,12,11.1%,12.2%
26064,战狼2,5.0%,921.72,14,7.6%,14.2%
26065,赛车总动员3：极速挑战,1.3%,242.59,13,2.1%,13.4%
26066,怪物岛,0.9%,173.11,6,4.0%,6.4%
26067,星际特工：千星之城,0.8%,154.79,9,1.9%,9.2%
26068,银魂 真人版,0.8%,144.79,13,1.3%,13.8%
26069,失业生,0.6%,108.89,5,3.4%,4.8%
26070,杀破狼·贪狼,0.5%,105.85,10,1.3%,10.9%
26071,心理罪,0.3%,67.12,26,0.2%,55.0%
26072,赛尔号大电影6：圣者无敌,0.2%,48.62,11,0.6%,12.3%
26073,诡域新娘,0.2%,42.62,6,1.1%,6.5%
26074,真假森林王,0.2%,41.28,25,0.1%,23.9%
26075,十万个冷笑话2,0.2%,38.26,9,0.4%,9.9%
26076,龙之战,0.2%,37.31,103,<0.1%,100%
26077,建军大业,0.1%,33.86,37,<0.1%,51.3%
26078,地球：神奇的一天,0.1%,33.67,20,0.1%,22.5%
26079,玩偶奇兵,0.1%,28.75,97,<0.1%,100%
26080,那一场呼啸而过的青春,0.1%,18.37,57,<0.1%,49.3%
26081,黑白迷宫,0.1%,18.24,4,0.5%,5.2%
26082,海边的曼彻斯特,<0.1%,18.03,17,0.1%,15.9%
26083,二次初恋,<0.1%,15.27,7,0.3%,8.9%
26084,极盗车神,<0.1%,8.87,5,0.2%,6.7%
26085,蜜月计划,<0.1%,8.42,3,0.6%,2.7%
26086,二十二,<0.1%,5.44,8,<0.1%,10.3%
26087,大耳朵图图之美食狂想曲,<0.1%,5.32,17,<0.1%,17.4%
26088,刀剑神域：序列之争,<0.1%,4.61,84,<0.1%,88.9%
26089,侠盗联盟,<0.1%,4.11,25,<0.1%,54.2%
26090,天梯：蔡国强的艺术,<0.1%,3.01,74,<0.1%,82.8%
26091,摇摇晃晃的人间,<0.1%,2.12,68,<0.1%,88.8%
26092,李三娘,<0.1%,2.06,59,<0.1%,100%
26093,一路向爱,<0.1%,1.99,67,<0.1%,100%
26094,看不见的客人,<0.1%,1.61,154,<0.1%,100.0%
26095,阳光萌星社,<0.1%,1.46,196,<0.1%,--
26096,乔乔的魔法,<0.1%,1.20,18,<0.1%,18.5%
26097,闪光少女,<0.1%,1.17,8,<0.1%,9.9%
26098,五女拜寿,<0.1%,1.08,90,<0.1%,--
26099,三生三世十里桃花,<0.1%,1.00,5,<0.1%,6.8%
26100,蜘蛛侠：英雄归来,70.2%,4155.37,10,50.9%,6.4%
26101,敦刻尔克,8.2%,490.53,6,11.1%,5.3%
26102,战狼2,6.8%,404.18,6,8.9%,5.7%
26103,声之形,4.5%,268.51,4,10.8%,3.6%
26104,心理罪,1.9%,114.29,26,0.4%,53.6%
26105,杀破狼·贪狼,1.2%,73.42,6,1.8%,5.9%
26106,星际特工：千星之城,1.1%,70.27,4,2.4%,3.6%
26107,失业生,0.8%,48.79,3,3.4%,2.3%
26108,建军大业,0.8%,47.57,51,<0.1%,59.0%
26109,银魂 真人版,0.7%,45.13,4,1.5%,4.0%
26110,诡域新娘,0.5%,34.57,4,1.3%,4.8%
26111,龙之战,0.5%,34.23,98,<0.1%,100%
26112,玩偶奇兵,0.3%,23.31,98,<0.1%,100%
26113,赛车总动员3：极速挑战,0.2%,13.59,2,1.1%,1.6%
26114,黑白迷宫,0.2%,13.15,3,0.8%,3.0%
26115,十万个冷笑话2,0.1%,11.09,3,0.5%,3.1%
26116,怪物岛,0.1%,8.80,1,2.0%,0.6%
26117,海边的曼彻斯特,0.1%,7.30,7,0.1%,6.1%
26118,二次初恋,0.1%,6.31,3,0.4%,2.9%
26119,极盗车神,<0.1%,5.74,3,0.3%,3.2%
26120,蜜月计划,<0.1%,4.13,2,0.6%,1.3%
26121,二十二,<0.1%,3.42,5,0.1%,6.1%
26122,缝纫机乐队,<0.1%,2.54,92,<0.1%,43.2%
26123,地球：神奇的一天,<0.1%,2.37,3,0.1%,3.1%
26124,一路向爱,<0.1%,1.99,74,<0.1%,100%
26125,李三娘,<0.1%,1.61,47,<0.1%,100%
26126,铁道飞虎,<0.1%,1.29,86,<0.1%,86.3%
26127,五女拜寿,<0.1%,1.06,120,<0.1%,--
26128,赛尔号大电影6：圣者无敌,<0.1%,1.01,1,0.2%,0.7%
26129,蜘蛛侠：英雄归来,65.3%,3386.47,8,50.0%,5.3%
26130,敦刻尔克,8.9%,464.69,6,11.6%,4.9%
26131,战狼2,7.4%,385.45,5,9.5%,5.1%
26132,声之形,4.2%,221.04,4,10.3%,3.1%
26133,笨贼别跑,4.0%,211.41,94,0.2%,58.8%
26134,杀破狼·贪狼,1.5%,78.36,5,2.1%,5.4%
26135,星际特工：千星之城,1.3%,71.78,4,2.6%,3.4%
26136,失业生,1.0%,54.08,3,3.2%,2.7%
26137,建军大业,0.8%,46.23,43,<0.1%,50.7%
26138,银魂 真人版,0.7%,39.76,4,1.5%,3.4%
26139,龙之战,0.6%,33.86,64,<0.1%,100%
26140,诡域新娘,0.6%,32.27,4,1.3%,4.4%
26141,心理罪,0.5%,29.07,19,0.1%,33.6%
26142,玩偶奇兵,0.4%,25.18,94,<0.1%,100%
26143,黑白迷宫,0.2%,14.43,3,0.9%,2.8%
26144,赛车总动员3：极速挑战,0.2%,11.87,2,1.0%,1.5%
26145,十万个冷笑话2,0.2%,10.44,3,0.5%,2.8%
26146,海边的曼彻斯特,0.1%,7.52,7,0.1%,6.1%
26147,怪物岛,0.1%,7.47,1,1.7%,0.6%
26148,二次初恋,0.1%,6.97,3,0.4%,3.0%
26149,极盗车神,0.1%,6.18,3,0.3%,2.9%
26150,二十二,<0.1%,3.71,4,0.1%,4.9%
26151,蜜月计划,<0.1%,3.24,2,0.5%,1.4%
26152,缝纫机乐队,<0.1%,1.87,126,<0.1%,57.6%
26153,地球：神奇的一天,<0.1%,1.76,4,<0.1%,3.7%
26154,那一场呼啸而过的青春,<0.1%,1.73,87,<0.1%,86.3%
26155,看不见的客人,<0.1%,1.71,22,<0.1%,--
26156,铁道飞虎,<0.1%,1.63,109,<0.1%,85.8%
26157,我是谁的宝贝,<0.1%,1.29,48,<0.1%,100%
26158,破·局,<0.1%,1.17,3,<0.1%,3.0%
26159,五女拜寿,<0.1%,1.04,116,<0.1%,--
26160,赛尔号大电影6：圣者无敌,<0.1%,1.02,1,0.2%,1.1%
26161,蜘蛛侠：英雄归来,61.1%,2816.20,7,49.4%,4.5%
26162,敦刻尔克,9.2%,424.98,5,11.8%,4.4%
26163,战狼2,7.9%,364.62,5,10.0%,4.6%
26164,笨贼别跑,6.3%,292.19,125,0.2%,80.1%
26165,声之形,4.0%,188.34,3,9.8%,2.7%
26166,杀破狼·贪狼,1.7%,79.11,5,2.3%,4.8%
26167,星际特工：千星之城,1.5%,69.09,3,2.7%,3.2%
26168,建军大业,1.0%,48.69,41,0.1%,51.4%
26169,心理罪,0.8%,37.68,24,0.1%,25.5%
26170,龙之战,0.7%,36.70,64,<0.1%,100%
26171,失业生,0.7%,35.69,2,3.1%,1.9%
26172,银魂 真人版,0.7%,35.60,3,1.6%,3.0%
26173,诡域新娘,0.6%,31.53,4,1.4%,4.1%
26174,玩偶奇兵,0.5%,25.53,67,<0.1%,100%
26175,血战湘江,0.3%,17.69,38,<0.1%,100%
26176,黑白迷宫,0.3%,14.67,3,0.9%,2.6%
26177,赛车总动员3：极速挑战,0.2%,10.48,2,1.0%,1.3%
26178,十万个冷笑话2,0.1%,9.08,3,0.5%,2.4%
26179,二次初恋,0.1%,7.24,3,0.5%,2.7%
26180,海边的曼彻斯特,0.1%,6.79,7,0.1%,5.7%
26181,极盗车神,0.1%,6.49,3,0.3%,2.8%
26182,缝纫机乐队,0.1%,6.19,94,<0.1%,49.2%
26183,怪物岛,0.1%,5.49,1,1.6%,0.5%
26184,蜜月计划,<0.1%,3.22,2,0.5%,1.5%
26185,二十二,<0.1%,3.08,3,0.1%,3.7%
26186,我是谁的宝贝,<0.1%,2.19,63,<0.1%,100%
26187,地球：神奇的一天,<0.1%,1.25,3,<0.1%,2.3%
26188,五女拜寿,<0.1%,1.23,102,<0.1%,--
26189,李三娘,<0.1%,1.10,41,<0.1%,100%
26190,蜘蛛侠：英雄归来,46.9%,2366.17,6,47.4%,3.9%
26191,猩球崛起3：终极之战,18.5%,935.73,48,2.3%,25.3%
26192,敦刻尔克,7.9%,399.97,5,11.7%,4.0%
26193,战狼2,7.1%,362.44,5,10.2%,4.3%
26194,笨贼别跑,5.8%,296.21,129,0.2%,81.1%
26195,声之形,3.2%,165.99,3,9.3%,2.5%
26196,杀破狼·贪狼,1.4%,75.15,4,2.5%,4.2%
26197,星际特工：千星之城,1.3%,67.06,3,2.8%,2.9%
26198,建军大业,1.1%,59.73,41,0.1%,54.1%
26199,龙之战,0.7%,37.71,65,<0.1%,100%
26200,银魂 真人版,0.6%,33.78,3,1.6%,2.8%
26201,失业生,0.6%,32.78,2,2.9%,1.8%
26202,诡域新娘,0.5%,29.35,4,1.3%,4.1%
26203,刀剑神域：序列之争,0.4%,24.99,22,0.1%,19.7%
26204,玩偶奇兵,0.4%,23.77,69,<0.1%,100%
26205,血战湘江,0.3%,17.54,31,<0.1%,100%
26206,黑白迷宫,0.2%,12.95,2,1.0%,2.3%
26207,心理罪,0.2%,11.62,8,0.1%,8.9%
26208,赛车总动员3：极速挑战,0.1%,9.96,2,1.0%,1.2%
26209,十万个冷笑话2,0.1%,9.06,3,0.5%,2.2%
26210,海边的曼彻斯特,0.1%,7.12,7,0.1%,5.8%
26211,二次初恋,0.1%,7.03,3,0.5%,2.6%
26212,极盗车神,0.1%,6.24,2,0.4%,2.4%
26213,怪物岛,0.1%,5.95,1,1.5%,0.6%
26214,缝纫机乐队,<0.1%,4.84,76,<0.1%,44.9%
26215,蜜月计划,<0.1%,3.66,2,0.4%,1.8%
26216,二十二,<0.1%,3.54,4,0.1%,4.5%
26217,让爱活下去,<0.1%,1.51,105,<0.1%,68.1%
26218,看不见的客人,<0.1%,1.46,5,<0.1%,4.8%
26219,铁道飞虎,<0.1%,1.44,121,<0.1%,85.3%
26220,那一场呼啸而过的青春,<0.1%,1.29,108,<0.1%,--
26221,明月几时有,<0.1%,1.19,266,<0.1%,--
26222,地球：神奇的一天,<0.1%,1.03,2,<0.1%,1.9%
26223,李三娘,<0.1%,1.02,33,<0.1%,64.1%
26224,猩球崛起3：终极之战,70.9%,12390.28,32,44.3%,21.8%
26225,蜘蛛侠：英雄归来,11.7%,2051.27,13,17.8%,11.1%
26226,刀剑神域：序列之争,6.8%,1192.06,16,10.4%,15.7%
26227,看不见的客人,4.0%,702.24,12,7.9%,12.3%
26228,会痛的十七岁,1.5%,275.58,6,8.1%,5.3%
26229,笨贼别跑,1.5%,269.03,128,0.2%,84.5%
26230,战狼2,0.9%,168.24,8,2.5%,9.0%
26231,敦刻尔克,0.9%,157.95,10,1.8%,9.5%
26232,建军大业,0.2%,46.49,58,<0.1%,88.8%
26233,龙之战,0.1%,31.67,72,<0.1%,100%
26234,初恋日记,0.1%,27.39,3,1.5%,2.7%
26235,声之形,0.1%,25.33,6,0.6%,6.7%
26236,玩偶奇兵,<0.1%,13.04,94,<0.1%,92.3%
26237,血战湘江,<0.1%,10.35,67,<0.1%,99.7%
26238,纹身师,<0.1%,8.23,2,0.5%,2.2%
26239,赛车总动员3：极速挑战,<0.1%,7.43,3,0.3%,2.7%
26240,心理罪,<0.1%,7.42,20,<0.1%,38.2%
26241,杀破狼·贪狼,<0.1%,6.52,3,0.2%,3.5%
26242,诡域新娘,<0.1%,6.41,4,0.2%,5.0%
26243,缝纫机乐队,<0.1%,4.80,74,<0.1%,42.6%
26244,星际特工：千星之城,<0.1%,4.62,3,0.2%,3.0%
26245,追击,<0.1%,4.06,1,0.9%,0.7%
26246,银魂 真人版,<0.1%,3.90,4,0.1%,5.5%
26247,海边的曼彻斯特,<0.1%,3.27,6,<0.1%,4.9%
26248,怪物岛,<0.1%,2.96,2,0.3%,1.5%
26249,失业生,<0.1%,2.30,2,0.1%,2.1%
26250,王牌保镖,<0.1%,2.17,332,<0.1%,96.2%
26251,李三娘,<0.1%,1.95,55,<0.1%,100%
26252,黑白迷宫,<0.1%,1.81,2,0.1%,2.3%
26253,让爱活下去,<0.1%,1.62,111,<0.1%,83.2%
26254,芳华,<0.1%,1.50,273,<0.1%,--
26255,赛尔号大电影6：圣者无敌,<0.1%,1.49,3,0.1%,2.7%
26256,极盗车神,<0.1%,1.41,4,<0.1%,7.4%
26257,捍卫者,<0.1%,1.21,609,<0.1%,65.2%
26258,二次初恋,<0.1%,1.12,2,<0.1%,3.5%
26259,十万个冷笑话2,<0.1%,1.10,3,<0.1%,3.5%
26260,蜜月计划,<0.1%,1.01,6,<0.1%,13.8%
26261,猩球崛起3：终极之战,62.8%,15796.36,39,45.5%,26.0%
26262,蜘蛛侠：英雄归来,17.9%,4514.70,29,17.3%,25.4%
26263,刀剑神域：序列之争,7.0%,1773.39,21,11.0%,21.6%
26264,看不见的客人,4.9%,1248.00,22,7.1%,23.9%
26265,战狼2,1.2%,320.91,14,2.6%,16.9%
26266,敦刻尔克,1.2%,315.04,19,1.8%,20.1%
26267,笨贼别跑,0.8%,211.42,129,0.1%,84.0%
26268,会痛的十七岁,0.8%,207.46,6,5.2%,6.6%
26269,昆塔：反转星球,0.7%,189.03,12,1.9%,12.3%
26270,声之形,0.3%,80.56,17,0.6%,20.0%
26271,赛车总动员3：极速挑战,0.3%,79.84,10,0.9%,10.3%
26272,真假森林王,0.2%,61.40,13,0.5%,14.2%
26273,初恋日记,0.2%,60.13,7,0.8%,8.2%
26274,龙之战,0.1%,30.60,70,<0.1%,100%
26275,建军大业,0.1%,25.22,53,<0.1%,72.5%
26276,怪物岛,<0.1%,23.67,5,0.7%,5.3%
26277,赛尔号大电影6：圣者无敌,<0.1%,20.79,10,0.3%,10.5%
26278,银魂 真人版,<0.1%,16.40,15,0.1%,19.3%
26279,玩偶奇兵,<0.1%,15.16,97,<0.1%,96.4%
26280,星际特工：千星之城,<0.1%,12.43,6,0.2%,8.7%
26281,诡域新娘,<0.1%,10.49,6,0.3%,7.7%
26282,杀破狼·贪狼,<0.1%,10.31,5,0.2%,6.3%
26283,地球：神奇的一天,<0.1%,9.11,18,<0.1%,20.5%
26284,心理罪,<0.1%,8.55,27,<0.1%,51.4%
26285,海边的曼彻斯特,<0.1%,8.42,13,<0.1%,11.7%
26286,纹身师,<0.1%,8.22,3,0.4%,2.9%
26287,血战湘江,<0.1%,8.15,63,<0.1%,85.8%
26288,黑白迷宫,<0.1%,4.06,5,<0.1%,6.9%
26289,十万个冷笑话2,<0.1%,3.50,7,<0.1%,9.5%
26290,追击,<0.1%,3.38,1,0.5%,1.0%
26291,那一场呼啸而过的青春,<0.1%,2.97,100,<0.1%,100%
26292,大耳朵图图之美食狂想曲,<0.1%,2.90,9,<0.1%,8.2%
26293,失业生,<0.1%,2.62,3,0.1%,3.7%
26294,二次初恋,<0.1%,1.94,4,<0.1%,7.2%
26295,我是谁的宝贝,<0.1%,1.32,37,<0.1%,53.7%
26296,李三娘,<0.1%,1.12,43,<0.1%,100%
26297,天若有情,<0.1%,1.04,58,<0.1%,--
26298,极盗车神,<0.1%,1.02,2,<0.1%,4.4%
26299,猩球崛起3：终极之战,60.5%,11214.09,28,45.2%,18.6%
26300,蜘蛛侠：英雄归来,17.9%,3318.84,21,17.7%,18.5%
26301,看不见的客人,7.0%,1309.62,22,7.7%,22.9%
26302,刀剑神域：序列之争,5.8%,1080.57,13,10.9%,13.3%
26303,战狼2,1.5%,288.41,12,2.8%,13.9%
26304,敦刻尔克,1.3%,247.67,15,1.8%,15.6%
26305,请把你的窗户打开,1.2%,229.02,127,0.1%,83.6%
26306,昆塔：反转星球,0.9%,184.33,13,1.7%,13.5%
26307,会痛的十七岁,0.7%,130.63,5,4.5%,4.6%
26308,赛车总动员3：极速挑战,0.4%,83.02,10,1.0%,10.8%
26309,声之形,0.3%,64.20,12,0.7%,14.5%
26310,真假森林王,0.3%,59.94,13,0.5%,14.5%
26311,初恋日记,0.3%,56.97,8,0.6%,9.1%
26312,龙之战,0.1%,29.63,66,<0.1%,100%
26313,怪物岛,0.1%,22.62,5,0.7%,5.4%
26314,赛尔号大电影6：圣者无敌,0.1%,21.60,10,0.3%,10.8%
26315,建军大业,0.1%,21.31,44,<0.1%,66.9%
26316,银魂 真人版,<0.1%,15.83,13,0.1%,16.3%
26317,玩偶奇兵,<0.1%,10.53,93,<0.1%,79.8%
26318,星际特工：千星之城,<0.1%,9.84,5,0.2%,7.2%
26319,那一场呼啸而过的青春,<0.1%,9.44,85,<0.1%,100%
26320,地球：神奇的一天,<0.1%,9.24,19,<0.1%,21.9%
26321,诡域新娘,<0.1%,8.82,4,0.3%,5.8%
26322,杀破狼·贪狼,<0.1%,8.71,6,0.1%,7.0%
26323,大耳朵图图之美食狂想曲,<0.1%,6.22,17,<0.1%,15.5%
26324,奋斗,<0.1%,5.38,4,0.1%,3.2%
26325,血战湘江,<0.1%,5.28,50,<0.1%,85.6%
26326,海边的曼彻斯特,<0.1%,5.27,13,<0.1%,11.8%
26327,纹身师,<0.1%,4.89,2,0.4%,2.0%
26328,心理罪,<0.1%,4.05,14,<0.1%,22.8%
26329,十万个冷笑话2,<0.1%,3.33,7,<0.1%,7.3%
26330,黑白迷宫,<0.1%,3.12,5,<0.1%,6.4%
26331,天梯：蔡国强的艺术,<0.1%,3.12,3,0.1%,2.7%
26332,我是谁的宝贝,<0.1%,2.99,63,<0.1%,100%
26333,追击,<0.1%,2.77,1,0.4%,1.0%
26334,失业生,<0.1%,2.61,3,0.1%,3.6%
26335,李三娘,<0.1%,1.90,60,<0.1%,89.8%
26336,二次初恋,<0.1%,1.44,4,<0.1%,6.4%
26337,极盗车神,<0.1%,1.41,3,<0.1%,5.8%
26338,大象林旺之一炮成名,<0.1%,1.16,117,<0.1%,75.5%
26339,猩球崛起3：终极之战,62.3%,4256.54,12,44.5%,7.9%
26340,蜘蛛侠：英雄归来,13.0%,887.94,6,18.9%,5.1%
26341,看不见的客人,10.4%,713.54,11,9.8%,10.5%
26342,请把你的窗户打开,3.7%,253.24,125,0.2%,100%
26343,刀剑神域：序列之争,3.5%,243.52,4,10.4%,3.3%
26344,战狼2,2.2%,150.36,6,3.5%,6.3%
26345,敦刻尔克,1.2%,85.37,5,2.3%,4.6%
26346,会痛的十七岁,0.5%,40.73,2,4.2%,1.6%
26347,龙之战,0.5%,34.20,67,<0.1%,100%
26348,建军大业,0.4%,33.34,54,<0.1%,83.2%
26349,初恋日记,0.2%,17.03,3,0.6%,3.2%
26350,玩偶奇兵,0.2%,16.76,80,<0.1%,87.3%
26351,声之形,0.1%,13.42,3,0.7%,3.0%
26352,真假森林王,0.1%,8.32,4,0.2%,4.6%
26353,诡域新娘,0.1%,7.74,3,0.4%,4.1%
26354,心理罪,<0.1%,6.47,14,<0.1%,19.5%
26355,血战湘江,<0.1%,4.69,25,<0.1%,62.9%
26356,星际特工：千星之城,<0.1%,4.59,2,0.2%,2.7%
26357,银魂 真人版,<0.1%,4.43,4,0.1%,4.4%
26358,纹身师,<0.1%,4.15,2,0.4%,1.7%
26359,赛车总动员3：极速挑战,<0.1%,3.87,2,0.4%,1.3%
26360,杀破狼·贪狼,<0.1%,3.61,3,0.1%,3.2%
26361,捍卫者,<0.1%,2.79,279,<0.1%,100.0%
26362,海边的曼彻斯特,<0.1%,2.71,5,<0.1%,4.6%
26363,怪物岛,<0.1%,2.04,1,0.3%,0.7%
26364,追击,<0.1%,1.65,1,0.5%,0.6%
26365,铁道飞虎,<0.1%,1.44,121,<0.1%,85.3%
26366,二次初恋,<0.1%,1.18,3,<0.1%,4.4%
26367,二十二,<0.1%,1.09,9,<0.1%,10.9%
26368,失业生,<0.1%,1.07,1,0.1%,1.1%
26369,黑白迷宫,<0.1%,1.04,2,0.1%,1.8%
26370,极盗车神,<0.1%,1.03,2,<0.1%,3.1%
26371,猩球崛起3：终极之战,58.2%,3443.97,10,43.9%,6.5%
26372,看不见的客人,13.2%,781.00,10,11.3%,9.9%
26373,蜘蛛侠：英雄归来,13.1%,778.36,6,18.9%,4.5%
26374,请把你的窗户打开,4.4%,265.82,124,0.2%,79.5%
26375,刀剑神域：序列之争,3.0%,180.86,3,9.6%,2.8%
26376,战狼2,2.6%,155.47,5,4.0%,5.6%
26377,敦刻尔克,1.3%,81.53,5,2.5%,4.3%
26378,会痛的十七岁,0.5%,34.25,2,3.7%,1.5%
26379,龙之战,0.5%,33.02,65,<0.1%,100%
26380,建军大业,0.5%,29.93,48,<0.1%,79.6%
26381,玩偶奇兵,0.3%,20.70,93,<0.1%,78.0%
26382,声之形,0.2%,12.06,3,0.8%,2.5%
26383,初恋日记,0.1%,11.25,3,0.5%,2.7%
26384,心理罪,0.1%,8.19,16,<0.1%,22.5%
26385,诡域新娘,0.1%,7.16,3,0.4%,3.7%
26386,王牌保镖,0.1%,6.75,156,<0.1%,94.1%
26387,赛车总动员3：极速挑战,<0.1%,5.03,2,0.4%,1.9%
26388,银魂 真人版,<0.1%,4.56,4,0.1%,3.7%
26389,杀破狼·贪狼,<0.1%,4.20,3,0.2%,3.5%
26390,地球：神奇的一天,<0.1%,4.10,13,<0.1%,15.0%
26391,血战湘江,<0.1%,4.02,29,<0.1%,81.0%
26392,星际特工：千星之城,<0.1%,3.99,2,0.3%,2.1%
26393,纹身师,<0.1%,3.77,2,0.4%,1.6%
26394,缝纫机乐队,<0.1%,2.75,63,<0.1%,38.6%
26395,空天猎,<0.1%,2.68,54,<0.1%,--
26396,海边的曼彻斯特,<0.1%,2.57,5,<0.1%,4.5%
26397,极盗车神,<0.1%,1.73,4,<0.1%,6.3%
26398,黑白迷宫,<0.1%,1.42,2,0.1%,2.0%
26399,追击,<0.1%,1.28,1,0.4%,0.5%
26400,怪物岛,<0.1%,1.17,1,0.3%,0.6%
26401,二次初恋,<0.1%,1.04,2,<0.1%,3.5%
26402,猩球崛起3：终极之战,55.4%,2923.80,9,43.4%,5.6%
26403,看不见的客人,15.1%,800.95,10,12.3%,9.1%
26404,蜘蛛侠：英雄归来,13.1%,694.50,5,18.7%,4.1%
26405,请把你的窗户打开,5.0%,263.71,128,0.2%,81.6%
26406,战狼2,3.0%,159.39,5,4.3%,5.5%
26407,刀剑神域：序列之争,2.7%,147.07,3,8.9%,2.4%
26408,敦刻尔克,1.3%,71.59,4,2.5%,3.6%
26409,建军大业,0.6%,34.01,52,<0.1%,69.6%
26410,龙之战,0.5%,29.79,62,<0.1%,100%
26411,会痛的十七岁,0.5%,29.71,2,3.5%,1.4%
26412,玩偶奇兵,0.3%,16.79,57,<0.1%,80.9%
26413,声之形,0.1%,10.30,2,0.7%,2.1%
26414,诡域新娘,0.1%,7.25,3,0.4%,3.4%
26415,初恋日记,0.1%,7.23,2,0.5%,1.9%
26416,心理罪,0.1%,6.72,13,<0.1%,18.3%
26417,血战湘江,<0.1%,4.42,42,<0.1%,73.2%
26418,杀破狼·贪狼,<0.1%,4.08,3,0.2%,3.1%
26419,星际特工：千星之城,<0.1%,4.04,2,0.3%,2.2%
26420,赛车总动员3：极速挑战,<0.1%,3.62,2,0.4%,1.5%
26421,银魂 真人版,<0.1%,3.58,3,0.2%,3.0%
26422,纹身师,<0.1%,3.16,2,0.4%,1.4%
26423,极致追击,<0.1%,2.84,157,<0.1%,100.0%
26424,王牌保镖,<0.1%,2.68,166,<0.1%,89.8%
26425,那一场呼啸而过的青春,<0.1%,2.48,42,<0.1%,71.9%
26426,缝纫机乐队,<0.1%,2.45,58,<0.1%,33.4%
26427,海边的曼彻斯特,<0.1%,2.39,5,<0.1%,3.7%
26428,芳华,<0.1%,2.04,139,<0.1%,55.3%
26429,怪物岛,<0.1%,1.86,1,0.3%,1.0%
26430,黑白迷宫,<0.1%,1.83,2,0.1%,2.5%
26431,天梯：蔡国强的艺术,<0.1%,1.48,41,<0.1%,55.2%
26432,铁道飞虎,<0.1%,1.27,85,<0.1%,85.5%
26433,追击,<0.1%,1.17,1,0.4%,0.5%
26434,茶盗,<0.1%,1.09,165,<0.1%,100%
26435,猩球崛起3：终极之战,52.4%,2514.95,8,43.0%,4.8%
26436,看不见的客人,16.8%,806.63,9,13.1%,8.5%
26437,蜘蛛侠：英雄归来,12.9%,623.28,5,18.5%,3.7%
26438,请把你的窗户打开,5.5%,265.75,123,0.2%,80.6%
26439,战狼2,3.1%,150.03,5,4.5%,4.7%
26440,刀剑神域：序列之争,2.5%,122.35,3,8.3%,2.2%
26441,敦刻尔克,1.3%,66.21,4,2.5%,3.4%
26442,建军大业,0.6%,29.69,48,<0.1%,67.3%
26443,龙之战,0.6%,29.51,64,<0.1%,100%
26444,会痛的十七岁,0.5%,24.76,2,3.3%,1.3%
26445,王牌保镖,0.5%,24.39,16,0.2%,10.6%
26446,空天猎,0.4%,22.90,182,<0.1%,--
26447,玩偶奇兵,0.2%,11.68,44,<0.1%,96.6%
26448,画室惊魂,0.2%,11.61,4,0.4%,4.2%
26449,声之形,0.2%,9.72,2,0.7%,2.1%
26450,心理罪,0.1%,6.33,12,<0.1%,15.8%
26451,诡域新娘,0.1%,6.21,3,0.4%,3.3%
26452,追龙,0.1%,5.22,295,<0.1%,47.5%
26453,杀破狼·贪狼,<0.1%,4.38,3,0.2%,3.0%
26454,赛车总动员3：极速挑战,<0.1%,4.21,2,0.4%,1.6%
26455,星际特工：千星之城,<0.1%,3.63,2,0.2%,2.0%
26456,缝纫机乐队,<0.1%,3.56,65,<0.1%,45.8%
26457,银魂 真人版,<0.1%,3.32,3,0.1%,2.9%
26458,血战湘江,<0.1%,2.99,31,<0.1%,54.0%
26459,初恋日记,<0.1%,2.88,1,0.4%,1.1%
26460,纹身师,<0.1%,2.53,2,0.3%,1.4%
26461,羞羞的铁拳,<0.1%,2.24,129,<0.1%,100.0%
26462,海边的曼彻斯特,<0.1%,2.23,4,<0.1%,3.5%
26463,李三娘,<0.1%,2.07,47,<0.1%,76.8%
26464,大耳朵图图之美食狂想曲,<0.1%,1.82,12,<0.1%,10.5%
26465,铁道飞虎,<0.1%,1.60,108,<0.1%,84.5%
26466,那一场呼啸而过的青春,<0.1%,1.49,67,<0.1%,72.0%
26467,草原英雄小姐妹,<0.1%,1.47,99,<0.1%,94.2%
26468,五女拜寿,<0.1%,1.39,72,<0.1%,--
26469,黑白迷宫,<0.1%,1.19,2,0.1%,1.6%
26470,追击,<0.1%,1.17,1,0.4%,0.5%
26471,失业生,<0.1%,1.07,1,0.1%,1.2%
26472,猩球崛起3：终极之战,35.5%,2887.56,12,26.7%,7.8%
26473,王牌保镖,32.1%,2616.51,13,28.7%,9.4%
26474,看不见的客人,10.6%,865.68,15,7.2%,14.0%
26475,蜘蛛侠：英雄归来,8.8%,722.14,9,9.7%,7.6%
26476,请把你的窗户打开,1.8%,150.92,114,0.1%,75.4%
26477,纯洁心灵·逐梦演艺圈,1.4%,118.18,7,2.2%,7.4%
26478,战狼2,1.4%,114.72,7,1.9%,8.1%
26479,托马斯大电影之了不起的比赛,1.3%,106.70,4,4.0%,3.8%
26480,惊天解密,1.0%,85.17,2,8.0%,1.4%
26481,捍卫者,1.0%,83.95,5,2.3%,5.0%
26482,刀剑神域：序列之争,0.8%,68.29,7,1.4%,7.0%
26483,敦刻尔克,0.5%,42.27,8,0.6%,8.7%
26484,建军大业,0.4%,35.44,59,<0.1%,74.5%
26485,龙之战,0.4%,34.54,73,<0.1%,100%
26486,画室惊魂,0.3%,29.30,5,0.9%,5.1%
26487,理查大冒险,0.2%,18.32,2,1.3%,1.8%
26488,空天猎,0.1%,15.28,104,<0.1%,55.0%
26489,娘子军传奇,0.1%,13.50,10,0.2%,10.2%
26490,天梯：蔡国强的艺术,0.1%,12.75,2,1.0%,1.3%
26491,芳华,<0.1%,7.65,126,<0.1%,68.9%
26492,玩偶奇兵,<0.1%,6.95,62,<0.1%,58.7%
26493,心理罪,<0.1%,6.92,35,<0.1%,61.4%
26494,疯狂旅程,<0.1%,6.79,5,0.2%,5.3%
26495,缝纫机乐队,<0.1%,5.82,83,<0.1%,50.0%
26496,声之形,<0.1%,5.67,4,0.1%,4.5%
26497,血战湘江,<0.1%,5.51,65,<0.1%,62.4%
26498,请勿靠近,<0.1%,5.35,2,0.4%,2.1%
26499,初恋时光,<0.1%,4.79,3,0.2%,2.9%
26500,魔都爱之十二星座,<0.1%,4.23,3,0.2%,2.6%
26501,遗忘空间,<0.1%,3.49,10,<0.1%,13.2%
26502,谜证,<0.1%,3.12,2,0.3%,1.4%
26503,天若有情,<0.1%,2.33,60,<0.1%,--
26504,羞羞的铁拳,<0.1%,2.14,47,<0.1%,100%
26505,会痛的十七岁,<0.1%,2.10,2,0.2%,1.6%
26506,黑猫警长之翡翠之星,<0.1%,1.99,3,0.1%,2.6%
26507,赛车总动员3：极速挑战,<0.1%,1.97,4,<0.1%,4.5%
26508,诡域新娘,<0.1%,1.92,3,0.1%,4.7%
26509,阳光萌星社,<0.1%,1.89,178,<0.1%,100%
26510,星际特工：千星之城,<0.1%,1.73,3,<0.1%,3.9%
26511,海边的曼彻斯特,<0.1%,1.71,6,<0.1%,5.2%
26512,李三娘,<0.1%,1.66,42,<0.1%,100%
26513,银魂 真人版,<0.1%,1.63,3,<0.1%,3.6%
26514,杀破狼·贪狼,<0.1%,1.23,4,<0.1%,6.3%
26515,五女拜寿,<0.1%,1.22,77,<0.1%,--
26516,蜜月计划,<0.1%,1.17,9,<0.1%,34.6%
26517,猩球崛起3：终极之战,36.7%,5348.78,21,27.0%,13.7%
26518,王牌保镖,24.8%,3611.83,17,27.3%,12.6%
26519,看不见的客人,12.1%,1760.36,25,8.3%,23.0%
26520,蜘蛛侠：英雄归来,11.8%,1728.28,19,9.9%,17.4%
26521,托马斯大电影之了不起的比赛,3.3%,494.01,12,5.5%,12.0%
26522,战狼2,1.6%,240.10,12,2.1%,14.3%
26523,刀剑神域：序列之争,1.3%,191.55,16,1.5%,18.0%
26524,昆塔：反转星球,1.2%,185.56,13,1.6%,12.8%
26525,缝纫机乐队,1.1%,166.60,84,0.2%,62.5%
26526,捍卫者,0.9%,134.58,11,1.6%,12.6%
26527,惊天解密,0.6%,92.42,3,5.4%,2.2%
26528,敦刻尔克,0.6%,89.18,13,0.6%,15.2%
26529,请把你的窗户打开,0.4%,69.89,99,<0.1%,62.8%
26530,理查大冒险,0.4%,61.38,5,1.6%,5.3%
26531,纯洁心灵·逐梦演艺圈,0.3%,57.13,7,1.0%,7.2%
26532,黑猫警长之翡翠之星,0.3%,45.75,5,1.3%,5.4%
26533,龙之战,0.1%,27.97,69,<0.1%,100%
26534,画室惊魂,0.1%,27.38,5,0.7%,5.6%
26535,真假森林王,0.1%,21.48,42,<0.1%,51.2%
26536,声之形,0.1%,19.78,11,0.2%,13.2%
26537,建军大业,0.1%,19.71,41,<0.1%,60.3%
26538,天梯：蔡国强的艺术,0.1%,16.85,3,0.7%,2.5%
26539,芳华,0.1%,15.69,172,<0.1%,96.4%
26540,赛车总动员3：极速挑战,<0.1%,11.56,7,0.2%,7.1%
26541,心理罪,<0.1%,7.93,33,<0.1%,62.9%
26542,娘子军传奇,<0.1%,7.03,10,<0.1%,11.9%
26543,银魂 真人版,<0.1%,6.00,10,<0.1%,12.0%
26544,会痛的十七岁,<0.1%,4.93,4,0.2%,4.9%
26545,请勿靠近,<0.1%,4.44,4,0.1%,4.9%
26546,星际特工：千星之城,<0.1%,4.41,6,<0.1%,7.4%
26547,钢铁飞龙之再见奥特曼,<0.1%,3.97,185,<0.1%,100%
26548,遗忘空间,<0.1%,3.77,12,<0.1%,29.1%
26549,疯狂旅程,<0.1%,3.44,4,0.1%,3.8%
26550,赛尔号大电影6：圣者无敌,<0.1%,3.34,10,<0.1%,10.6%
26551,诡域新娘,<0.1%,3.18,4,0.1%,7.3%
26552,海边的曼彻斯特,<0.1%,3.13,11,<0.1%,10.7%
26553,二次初恋,<0.1%,3.10,11,<0.1%,29.1%
26554,地球：神奇的一天,<0.1%,2.64,13,<0.1%,15.9%
26555,魔都爱之十二星座,<0.1%,2.63,4,0.1%,3.7%
26556,天若有情,<0.1%,2.59,85,<0.1%,--
26557,李三娘,<0.1%,2.45,56,<0.1%,89.6%
26558,蜜月计划,<0.1%,2.34,23,<0.1%,60.1%
26559,生门,<0.1%,2.25,66,<0.1%,100%
26560,羞羞的铁拳,<0.1%,2.03,89,<0.1%,97.6%
26561,大耳朵图图之美食狂想曲,<0.1%,2.02,13,<0.1%,12.2%
26562,谜证,<0.1%,1.95,2,0.2%,1.5%
26563,血战湘江,<0.1%,1.83,62,<0.1%,83.3%
26564,杀破狼·贪狼,<0.1%,1.78,4,<0.1%,5.6%
26565,初恋时光,<0.1%,1.65,2,0.1%,2.8%
26566,阳光萌星社,<0.1%,1.54,191,<0.1%,--
26567,五女拜寿,<0.1%,1.42,83,<0.1%,--
26568,怪物岛,<0.1%,1.13,2,<0.1%,2.5%
26569,推理笔记,<0.1%,1.13,98,<0.1%,85.7%
26570,猩球崛起3：终极之战,34.1%,3957.70,16,27.1%,10.1%
26571,王牌保镖,23.8%,2767.76,13,26.2%,10.1%
26572,看不见的客人,13.7%,1598.43,21,9.0%,19.1%
26573,蜘蛛侠：英雄归来,11.0%,1283.66,14,10.4%,12.3%
26574,托马斯大电影之了不起的比赛,4.4%,511.81,12,5.6%,12.3%
26575,战狼2,1.9%,228.53,11,2.4%,12.7%
26576,昆塔：反转星球,1.5%,177.38,13,1.6%,12.2%
26577,捍卫者,1.3%,161.07,13,1.5%,15.0%
26578,缝纫机乐队,1.1%,134.09,51,0.3%,41.4%
26579,刀剑神域：序列之争,1.1%,132.77,11,1.6%,11.6%
26580,那一场呼啸而过的青春,0.7%,86.20,13,0.9%,11.8%
26581,惊天解密,0.6%,71.18,2,4.5%,2.1%
26582,敦刻尔克,0.5%,67.07,10,0.6%,11.4%
26583,理查大冒险,0.5%,66.70,6,1.4%,6.4%
26584,黑猫警长之翡翠之星,0.3%,44.92,5,1.2%,5.6%
26585,纯洁心灵·逐梦演艺圈,0.3%,38.41,6,0.8%,6.6%
26586,建军大业,0.2%,25.82,43,<0.1%,53.7%
26587,龙之战,0.2%,25.32,64,<0.1%,100%
26588,芳华,0.1%,20.74,187,<0.1%,--
26589,英伦对决,0.1%,20.23,194,<0.1%,--
26590,天梯：蔡国强的艺术,0.1%,18.93,4,0.6%,3.2%
26591,画室惊魂,0.1%,16.88,4,0.7%,3.7%
26592,声之形,0.1%,15.91,8,0.2%,9.5%
26593,赛车总动员3：极速挑战,0.1%,13.35,8,0.2%,8.7%
26594,请把你的窗户打开,<0.1%,11.15,39,<0.1%,31.8%
26595,生门,<0.1%,9.46,68,<0.1%,88.6%
26596,心理罪,<0.1%,7.32,28,<0.1%,50.6%
26597,羞羞的铁拳,<0.1%,6.76,194,<0.1%,--
26598,银魂 真人版,<0.1%,4.56,7,<0.1%,8.9%
26599,玩偶奇兵,<0.1%,4.33,80,<0.1%,61.2%
26600,赛尔号大电影6：圣者无敌,<0.1%,3.77,11,<0.1%,11.5%
26601,推理笔记,<0.1%,3.69,96,<0.1%,100%
26602,遗忘空间,<0.1%,3.68,12,<0.1%,29.9%
26603,会痛的十七岁,<0.1%,3.67,3,0.2%,3.8%
26604,海边的曼彻斯特,<0.1%,3.19,12,<0.1%,11.9%
26605,诡域新娘,<0.1%,3.19,4,0.1%,7.1%
26606,怪物岛,<0.1%,3.12,4,0.1%,5.6%
26607,地球：神奇的一天,<0.1%,2.98,14,<0.1%,17.7%
26608,钢铁飞龙之再见奥特曼,<0.1%,2.93,222,<0.1%,97.1%
26609,请勿靠近,<0.1%,2.91,3,0.1%,3.9%
26610,星际特工：千星之城,<0.1%,2.84,4,<0.1%,4.7%
26611,娘子军传奇,<0.1%,2.43,6,<0.1%,6.4%
26612,二次初恋,<0.1%,2.23,9,<0.1%,19.2%
26613,疯狂旅程,<0.1%,2.22,3,0.1%,2.7%
26614,大耳朵图图之美食狂想曲,<0.1%,2.22,14,<0.1%,13.6%
26615,红军小学,<0.1%,2.20,480,<0.1%,100.0%
26616,蜜月计划,<0.1%,2.04,19,<0.1%,73.5%
26617,摇摇晃晃的人间,<0.1%,1.91,63,<0.1%,89.0%
26618,五女拜寿,<0.1%,1.79,92,<0.1%,--
26619,杀破狼·贪狼,<0.1%,1.63,4,<0.1%,5.2%
26620,血战湘江,<0.1%,1.53,55,<0.1%,94.1%
26621,李三娘,<0.1%,1.47,44,<0.1%,78.9%
26622,谜证,<0.1%,1.38,1,0.2%,1.3%
26623,初恋时光,<0.1%,1.02,2,0.1%,1.9%
26624,猩球崛起3：终极之战,34.8%,1415.46,6,28.6%,3.8%
26625,王牌保镖,29.2%,1191.13,7,27.1%,4.8%
26626,看不见的客人,15.4%,630.09,8,11.2%,7.0%
26627,蜘蛛侠：英雄归来,7.6%,309.17,4,11.6%,2.9%
26628,捍卫者,2.9%,118.25,9,1.6%,11.1%
26629,战狼2,2.8%,117.93,5,3.0%,5.5%
26630,建军大业,0.9%,40.37,49,<0.1%,65.0%
26631,惊天解密,0.8%,34.07,2,4.6%,1.1%
26632,托马斯大电影之了不起的比赛,0.7%,31.70,2,3.3%,1.4%
26633,刀剑神域：序列之争,0.6%,28.23,3,1.6%,2.5%
26634,敦刻尔克,0.6%,25.27,4,0.8%,3.7%
26635,龙之战,0.4%,19.00,55,<0.1%,100%
26636,缝纫机乐队,0.4%,18.62,70,<0.1%,--
26637,画室惊魂,0.3%,12.67,3,0.8%,2.6%
26638,天梯：蔡国强的艺术,0.2%,8.45,2,0.6%,1.6%
26639,玩偶奇兵,0.2%,8.40,65,<0.1%,70.2%
26640,纯洁心灵·逐梦演艺圈,0.1%,6.68,2,0.6%,1.4%
26641,心理罪,0.1%,6.04,19,<0.1%,33.1%
26642,极致追击,0.1%,5.71,98,<0.1%,52.9%
26643,理查大冒险,<0.1%,4.06,1,0.8%,0.7%
26644,声之形,<0.1%,3.16,2,0.2%,2.0%
26645,黑猫警长之翡翠之星,<0.1%,2.30,1,0.5%,0.6%
26646,李三娘,<0.1%,1.94,50,<0.1%,89.7%
26647,诡域新娘,<0.1%,1.85,2,0.1%,3.8%
26648,会痛的十七岁,<0.1%,1.81,2,0.2%,1.5%
26649,杀破狼·贪狼,<0.1%,1.67,3,<0.1%,3.4%
26650,疯狂旅程,<0.1%,1.66,2,0.1%,2.3%
26651,请勿靠近,<0.1%,1.59,2,0.1%,2.0%
26652,银魂 真人版,<0.1%,1.44,2,<0.1%,2.1%
26653,阳光萌星社,<0.1%,1.26,119,<0.1%,--
26654,猩球崛起3：终极之战,33.2%,1286.16,6,28.8%,3.5%
26655,王牌保镖,28.3%,1095.38,6,26.9%,4.5%
26656,看不见的客人,16.8%,650.71,8,12.0%,6.7%
26657,蜘蛛侠：英雄归来,7.7%,298.41,4,11.7%,2.8%
26658,捍卫者,3.2%,126.86,9,1.7%,11.0%
26659,战狼2,3.1%,123.30,5,3.3%,5.3%
26660,建军大业,0.9%,35.56,57,<0.1%,73.0%
26661,惊天解密,0.9%,34.85,2,4.2%,1.2%
26662,托马斯大电影之了不起的比赛,0.7%,29.52,2,3.0%,1.5%
26663,敦刻尔克,0.6%,25.45,4,0.8%,3.7%
26664,羞羞的铁拳,0.6%,25.33,119,<0.1%,100%
26665,刀剑神域：序列之争,0.6%,24.34,3,1.6%,2.3%
26666,龙之战,0.4%,17.31,55,<0.1%,100%
26667,画室惊魂,0.3%,11.67,3,0.8%,2.5%
26668,玩偶奇兵,0.2%,10.24,81,<0.1%,85.3%
26669,天梯：蔡国强的艺术,0.2%,8.37,2,0.5%,1.9%
26670,心理罪,0.1%,5.71,18,<0.1%,24.7%
26671,极致追击,0.1%,4.55,70,<0.1%,46.8%
26672,缝纫机乐队,0.1%,4.18,525,<0.1%,76.6%
26673,理查大冒险,<0.1%,3.11,1,0.7%,0.7%
26674,空天猎,<0.1%,3.06,215,<0.1%,92.9%
26675,声之形,<0.1%,3.01,2,0.2%,1.9%
26676,黑猫警长之翡翠之星,<0.1%,2.81,1,0.5%,1.0%
26677,纯洁心灵·逐梦演艺圈,<0.1%,2.49,1,0.4%,1.1%
26678,诡域新娘,<0.1%,2.10,3,0.1%,4.1%
26679,地球：神奇的一天,<0.1%,2.05,16,<0.1%,18.5%
26680,会痛的十七岁,<0.1%,1.96,2,0.2%,1.7%
26681,杀破狼·贪狼,<0.1%,1.84,3,<0.1%,3.6%
26682,阳光萌星社,<0.1%,1.71,172,<0.1%,--
26683,请勿靠近,<0.1%,1.65,2,0.1%,2.0%
26684,海边的曼彻斯特,<0.1%,1.36,5,<0.1%,4.1%
26685,李三娘,<0.1%,1.35,41,<0.1%,83.6%
26686,娘子军传奇,<0.1%,1.33,6,<0.1%,8.4%
26687,银魂 真人版,<0.1%,1.30,2,<0.1%,2.1%
26688,谜证,<0.1%,1.02,1,0.1%,1.1%
26689,猩球崛起3：终极之战,32.8%,1189.34,5,28.9%,3.3%
26690,王牌保镖,27.6%,1001.15,6,26.8%,4.1%
26691,看不见的客人,17.5%,637.61,7,12.5%,6.5%
26692,蜘蛛侠：英雄归来,7.7%,282.54,3,11.5%,2.8%
26693,捍卫者,3.5%,130.26,9,1.9%,11.1%
26694,战狼2,3.3%,122.11,5,3.5%,4.8%
26695,建军大业,1.1%,41.19,64,<0.1%,91.9%
26696,敦刻尔克,0.8%,30.81,4,0.9%,4.4%
26697,惊天解密,0.8%,29.57,2,4.0%,1.1%
26698,托马斯大电影之了不起的比赛,0.7%,26.87,2,2.9%,1.4%
26699,刀剑神域：序列之争,0.6%,21.86,2,1.5%,2.1%
26700,龙之战,0.4%,16.27,52,<0.1%,100%
26701,画室惊魂,0.3%,11.56,3,0.8%,2.5%
26702,玩偶奇兵,0.2%,9.32,84,<0.1%,98.4%
26703,天梯：蔡国强的艺术,0.2%,7.75,2,0.5%,1.8%
26704,心理罪,0.1%,5.54,18,<0.1%,28.2%
26705,缝纫机乐队,0.1%,5.01,69,<0.1%,52.3%
26706,空天猎,0.1%,4.56,108,<0.1%,49.8%
26707,地球：神奇的一天,0.1%,3.88,28,<0.1%,36.8%
26708,理查大冒险,0.1%,3.80,1,0.6%,1.0%
26709,羞羞的铁拳,0.1%,3.74,75,<0.1%,100%
26710,杀破狼·贪狼,<0.1%,2.68,4,0.1%,5.3%
26711,声之形,<0.1%,2.64,2,0.2%,1.8%
26712,黑猫警长之翡翠之星,<0.1%,1.98,1,0.4%,0.7%
26713,会痛的十七岁,<0.1%,1.92,2,0.2%,1.5%
26714,诡域新娘,<0.1%,1.69,2,0.1%,3.2%
26715,请勿靠近,<0.1%,1.57,2,0.1%,1.9%
26716,银魂 真人版,<0.1%,1.55,3,<0.1%,2.6%
26717,血战湘江,<0.1%,1.54,30,<0.1%,33.4%
26718,商魂,<0.1%,1.47,114,<0.1%,--
26719,李三娘,<0.1%,1.43,42,<0.1%,82.5%
26720,极致追击,<0.1%,1.35,388,<0.1%,--
26721,纯洁心灵·逐梦演艺圈,<0.1%,1.25,1,0.3%,0.7%
26722,猩球崛起3：终极之战,31.8%,1142.63,5,28.8%,3.1%
26723,王牌保镖,25.5%,917.45,5,26.8%,3.8%
26724,看不见的客人,18.4%,663.57,7,12.7%,6.5%
26725,蜘蛛侠：英雄归来,7.7%,277.90,3,11.4%,2.7%
26726,捍卫者,3.8%,137.27,9,1.9%,10.7%
26727,战狼2,3.3%,121.68,5,3.5%,4.7%
26728,缝纫机乐队,1.5%,54.50,25,0.2%,18.7%
26729,建军大业,1.1%,39.85,60,<0.1%,82.7%
26730,敦刻尔克,0.8%,31.52,5,0.9%,4.5%
26731,惊天解密,0.8%,29.41,2,3.8%,1.1%
26732,托马斯大电影之了不起的比赛,0.7%,27.33,2,2.8%,1.4%
26733,刀剑神域：序列之争,0.6%,23.85,3,1.5%,2.4%
26734,龙之战,0.4%,16.48,51,<0.1%,100%
26735,空天猎,0.4%,15.82,88,<0.1%,62.6%
26736,画室惊魂,0.3%,11.64,3,0.8%,2.6%
26737,玩偶奇兵,0.2%,9.64,94,<0.1%,100%
26738,天梯：蔡国强的艺术,0.2%,9.22,3,0.5%,2.1%
26739,心理罪,0.1%,5.63,17,<0.1%,26.7%
26740,那一场呼啸而过的青春,0.1%,4.53,182,<0.1%,94.4%
26741,昆塔：反转星球,0.1%,3.60,63,<0.1%,100%
26742,血战湘江,<0.1%,3.57,46,<0.1%,67.2%
26743,地球：神奇的一天,<0.1%,2.93,19,<0.1%,24.7%
26744,声之形,<0.1%,2.75,2,0.2%,2.0%
26745,理查大冒险,<0.1%,2.66,1,0.6%,0.6%
26746,诡域新娘,<0.1%,1.88,2,0.1%,3.5%
26747,羞羞的铁拳,<0.1%,1.83,21,<0.1%,100%
26748,英伦对决,<0.1%,1.65,46,<0.1%,100.0%
26749,会痛的十七岁,<0.1%,1.61,1,0.2%,1.2%
26750,请勿靠近,<0.1%,1.58,2,0.1%,1.9%
26751,杀破狼·贪狼,<0.1%,1.47,2,0.1%,2.6%
26752,黑猫警长之翡翠之星,<0.1%,1.45,1,0.4%,0.5%
26753,银魂 真人版,<0.1%,1.39,3,<0.1%,2.5%
26754,海边的曼彻斯特,<0.1%,1.13,5,<0.1%,4.8%
26755,娘子军传奇,<0.1%,1.12,5,<0.1%,8.8%
26756,缝纫机乐队,40.2%,3776.10,13,36.8%,9.3%
26757,空天猎,33.6%,3157.44,22,17.1%,18.0%
26758,猩球崛起3：终极之战,8.4%,791.56,6,14.0%,4.2%
26759,看不见的客人,5.0%,469.74,9,6.3%,8.3%
26760,王牌保镖,3.8%,358.82,4,11.0%,3.5%
26761,英伦对决,3.0%,286.24,34,0.8%,20.8%
26762,追龙,1.6%,150.47,40,0.4%,33.9%
26763,蜘蛛侠：英雄归来,1.4%,133.74,4,3.8%,3.7%
26764,战狼2,0.5%,51.39,6,1.1%,6.1%
26765,建军大业,0.3%,34.52,60,<0.1%,78.5%
26766,捍卫者,0.2%,25.48,6,0.5%,7.3%
26767,托马斯大电影之了不起的比赛,0.2%,19.77,3,1.2%,2.2%
26768,龙之战,0.1%,18.36,62,<0.1%,100%
26769,敦刻尔克,0.1%,13.91,5,0.3%,4.7%
26770,刀剑神域：序列之争,0.1%,13.25,4,0.4%,4.5%
26771,玩偶奇兵,<0.1%,7.37,76,<0.1%,81.3%
26772,初恋日记,<0.1%,7.17,20,<0.1%,36.2%
26773,天梯：蔡国强的艺术,<0.1%,6.14,4,0.1%,4.3%
26774,芳华,<0.1%,5.55,1,2.4%,--
26775,心理罪,<0.1%,5.33,33,<0.1%,54.3%
26776,惊天解密,<0.1%,5.24,1,0.7%,1.1%
26777,极致追击,<0.1%,4.90,5,0.1%,4.2%
26778,画室惊魂,<0.1%,3.28,2,0.2%,2.5%
26779,地球：神奇的一天,<0.1%,2.85,24,<0.1%,28.6%
26780,羞羞的铁拳,<0.1%,2.69,4,<0.1%,16.0%
26781,血战湘江,<0.1%,2.58,33,<0.1%,37.6%
26782,理查大冒险,<0.1%,2.58,2,0.3%,1.4%
26783,黑猫警长之翡翠之星,<0.1%,1.94,2,0.2%,1.4%
26784,五女拜寿,<0.1%,1.83,142,<0.1%,--
26785,声之形,<0.1%,1.70,2,0.1%,2.3%
26786,那一场呼啸而过的青春,<0.1%,1.60,149,<0.1%,100%
26787,银魂 真人版,<0.1%,1.19,3,<0.1%,3.4%
26788,李三娘,<0.1%,1.16,42,<0.1%,100%
26789,会痛的十七岁,<0.1%,1.14,2,<0.1%,2.3%
26790,羞羞的铁拳,44.7%,13297.54,45,29.6%,32.8%
26791,英伦对决,24.4%,7264.57,28,23.0%,19.4%
26792,追龙,13.6%,4051.87,30,13.4%,29.5%
26793,空天猎,9.0%,2693.51,18,14.0%,17.3%
26794,缝纫机乐队,4.5%,1362.68,17,7.8%,17.2%
26795,极致追击,2.1%,626.44,8,7.3%,8.1%
26796,看不见的客人,0.3%,115.45,42,0.2%,47.6%
26797,猩球崛起3：终极之战,0.3%,96.22,17,0.4%,21.7%
26798,托马斯大电影之了不起的比赛,0.1%,30.50,10,0.3%,11.1%
26799,王牌保镖,<0.1%,27.82,9,0.2%,9.2%
26800,蜘蛛侠：英雄归来,<0.1%,21.69,11,0.1%,13.4%
26801,战狼2,<0.1%,14.54,14,<0.1%,17.3%
26802,建军大业,<0.1%,12.77,47,<0.1%,52.5%
26803,理查大冒险,<0.1%,10.47,10,0.1%,15.7%
26804,敦刻尔克,<0.1%,9.66,11,<0.1%,11.5%
26805,黑猫警长之翡翠之星,<0.1%,5.80,7,0.1%,10.0%
26806,心理罪,<0.1%,5.45,137,<0.1%,100%
26807,怪物岛,<0.1%,5.24,25,<0.1%,34.1%
26808,初恋日记,<0.1%,4.98,50,<0.1%,69.8%
26809,芳华,<0.1%,4.96,1,1.9%,--
26810,捍卫者,<0.1%,4.92,9,<0.1%,11.2%
26811,龙之战,<0.1%,3.45,26,<0.1%,100%
26812,五女拜寿,<0.1%,3.08,184,<0.1%,--
26813,刀剑神域：序列之争,<0.1%,2.87,11,<0.1%,18.8%
26814,天梯：蔡国强的艺术,<0.1%,2.79,9,<0.1%,8.6%
26815,玩偶奇兵,<0.1%,2.75,47,<0.1%,42.1%
26816,地球：神奇的一天,<0.1%,2.33,96,<0.1%,100%
26817,麦豆的夏天,<0.1%,1.95,163,<0.1%,--
26818,大耳朵图图之美食狂想曲,<0.1%,1.55,154,<0.1%,100%
26819,钢铁飞龙之再见奥特曼,<0.1%,1.36,89,<0.1%,54.6%
26820,大闹天宫,<0.1%,1.26,2,<0.1%,2.4%
26821,声之形,<0.1%,1.14,4,<0.1%,4.0%
26822,李三娘,<0.1%,1.10,43,<0.1%,--
26823,羞羞的铁拳,46.2%,17781.89,56,29.7%,39.7%
26824,英伦对决,18.6%,7165.83,28,21.6%,19.5%
26825,追龙,13.8%,5317.84,37,14.1%,34.1%
26826,空天猎,7.2%,2795.63,24,11.8%,23.8%
26827,缝纫机乐队,6.0%,2321.46,30,7.6%,30.6%
26828,钢铁飞龙之再见奥特曼,2.4%,943.34,27,3.5%,28.4%
26829,昆塔：反转星球,2.0%,797.98,22,3.6%,22.6%
26830,极致追击,0.9%,375.72,8,4.3%,8.3%
26831,看不见的客人,0.6%,268.57,48,0.4%,50.2%
26832,猩球崛起3：终极之战,0.6%,234.02,38,0.4%,42.4%
26833,托马斯大电影之了不起的比赛,0.2%,102.18,28,0.3%,29.8%
26834,战狼2,0.1%,68.56,30,0.2%,38.1%
26835,蜘蛛侠：英雄归来,0.1%,63.65,24,0.2%,26.7%
26836,王牌保镖,0.1%,53.90,15,0.3%,16.1%
26837,建军大业,<0.1%,13.15,54,<0.1%,69.1%
26838,刀剑神域：序列之争,<0.1%,12.90,31,<0.1%,34.2%
26839,大闹天宫,<0.1%,12.48,8,0.1%,8.6%
26840,捍卫者,<0.1%,6.08,12,<0.1%,17.0%
26841,理查大冒险,<0.1%,5.04,8,<0.1%,11.8%
26842,天梯：蔡国强的艺术,<0.1%,4.29,14,<0.1%,12.6%
26843,黑猫警长之翡翠之星,<0.1%,4.16,7,<0.1%,9.7%
26844,声之形,<0.1%,3.37,9,<0.1%,9.1%
26845,怪物岛,<0.1%,2.70,10,<0.1%,12.8%
26846,地球：神奇的一天,<0.1%,2.54,48,<0.1%,40.6%
26847,龙之战,<0.1%,2.25,48,<0.1%,--
26848,儿大女大,<0.1%,2.25,136,<0.1%,79.4%
26849,诡域新娘,<0.1%,2.20,4,<0.1%,11.3%
26850,初恋日记,<0.1%,1.89,54,<0.1%,78.7%
26851,娘子军传奇,<0.1%,1.69,99,<0.1%,100%
26852,画室惊魂,<0.1%,1.41,6,<0.1%,6.9%
26853,天若有情,<0.1%,1.29,78,<0.1%,--
26854,李三娘,<0.1%,1.29,63,<0.1%,--
26855,赛尔号大电影6：圣者无敌,<0.1%,1.27,18,<0.1%,27.5%
26856,五女拜寿,<0.1%,1.14,102,<0.1%,--
26857,海边的曼彻斯特,<0.1%,1.01,27,<0.1%,34.0%
26858,羞羞的铁拳,51.4%,18633.55,55,32.0%,37.9%
26859,英伦对决,14.4%,5241.86,24,19.2%,16.9%
26860,追龙,13.7%,4980.31,33,14.7%,29.9%
26861,空天猎,6.6%,2391.65,21,10.8%,21.2%
26862,缝纫机乐队,6.2%,2245.94,27,8.2%,26.8%
26863,钢铁飞龙之再见奥特曼,1.7%,619.74,17,3.7%,17.5%
26864,昆塔：反转星球,1.6%,610.09,17,3.6%,16.8%
26865,看不见的客人,0.9%,352.05,38,0.7%,37.0%
26866,猩球崛起3：终极之战,0.8%,322.36,34,0.7%,32.9%
26867,极致追击,0.5%,214.41,6,3.2%,6.4%
26868,战狼2,0.3%,123.23,32,0.3%,35.7%
26869,托马斯大电影之了不起的比赛,0.3%,118.06,26,0.4%,27.0%
26870,蜘蛛侠：英雄归来,0.2%,96.42,27,0.2%,27.9%
26871,王牌保镖,0.1%,50.63,15,0.3%,15.4%
26872,刀剑神域：序列之争,<0.1%,17.11,27,<0.1%,31.0%
26873,大闹天宫,<0.1%,11.79,9,0.1%,9.1%
26874,建军大业,<0.1%,8.32,46,<0.1%,41.1%
26875,理查大冒险,<0.1%,5.48,9,<0.1%,12.9%
26876,捍卫者,<0.1%,5.47,16,<0.1%,19.6%
26877,声之形,<0.1%,4.46,10,<0.1%,10.8%
26878,黑猫警长之翡翠之星,<0.1%,4.42,7,<0.1%,8.9%
26879,天梯：蔡国强的艺术,<0.1%,4.00,12,<0.1%,11.2%
26880,地球：神奇的一天,<0.1%,3.72,49,<0.1%,45.9%
26881,龙之战,<0.1%,3.49,76,<0.1%,--
26882,诡域新娘,<0.1%,2.35,4,<0.1%,11.1%
26883,赛尔号大电影6：圣者无敌,<0.1%,2.17,22,<0.1%,28.7%
26884,娘子军传奇,<0.1%,1.87,212,<0.1%,100%
26885,初恋日记,<0.1%,1.68,47,<0.1%,49.5%
26886,李三娘,<0.1%,1.18,65,<0.1%,--
26887,画室惊魂,<0.1%,1.18,6,<0.1%,6.9%
26888,怪物岛,<0.1%,1.07,5,<0.1%,5.3%
26889,海边的曼彻斯特,<0.1%,1.03,29,<0.1%,36.2%
26890,羞羞的铁拳,51.9%,18511.67,52,34.3%,34.7%
26891,英伦对决,14.0%,5020.38,25,17.4%,19.1%
26892,追龙,13.3%,4744.14,32,14.7%,28.1%
26893,缝纫机乐队,6.9%,2470.55,28,8.6%,28.0%
26894,空天猎,6.7%,2396.99,22,10.3%,22.2%
26895,昆塔：反转星球,1.5%,557.18,16,3.5%,16.1%
26896,钢铁飞龙之再见奥特曼,1.5%,537.16,15,3.7%,15.9%
26897,看不见的客人,1.0%,363.37,32,1.0%,30.1%
26898,猩球崛起3：终极之战,0.9%,351.56,29,1.0%,26.5%
26899,战狼2,0.4%,164.06,29,0.5%,29.6%
26900,极致追击,0.3%,139.70,6,2.4%,5.7%
26901,托马斯大电影之了不起的比赛,0.3%,108.40,21,0.5%,21.1%
26902,蜘蛛侠：英雄归来,0.2%,100.16,22,0.3%,21.4%
26903,王牌保镖,0.1%,44.73,13,0.3%,13.8%
26904,刀剑神域：序列之争,<0.1%,19.04,24,<0.1%,28.1%
26905,建军大业,<0.1%,10.43,52,<0.1%,44.6%
26906,大闹天宫,<0.1%,8.97,8,0.1%,7.6%
26907,理查大冒险,<0.1%,7.02,11,<0.1%,12.5%
26908,捍卫者,<0.1%,5.56,17,<0.1%,21.6%
26909,黑猫警长之翡翠之星,<0.1%,4.87,8,<0.1%,9.5%
26910,声之形,<0.1%,4.77,9,<0.1%,10.2%
26911,天梯：蔡国强的艺术,<0.1%,3.86,11,<0.1%,9.6%
26912,地球：神奇的一天,<0.1%,3.77,34,<0.1%,32.6%
26913,龙之战,<0.1%,3.53,112,<0.1%,--
26914,那一场呼啸而过的青春,<0.1%,3.34,75,<0.1%,100.0%
26915,画室惊魂,<0.1%,3.29,12,<0.1%,16.5%
26916,儿大女大,<0.1%,3.19,140,<0.1%,61.3%
26917,诡域新娘,<0.1%,2.69,5,<0.1%,11.6%
26918,赛尔号大电影6：圣者无敌,<0.1%,2.18,21,<0.1%,25.2%
26919,李三娘,<0.1%,1.73,64,<0.1%,--
26920,怪物岛,<0.1%,1.15,5,<0.1%,5.6%
26921,羞羞的铁拳,51.8%,18431.14,50,35.6%,32.7%
26922,英伦对决,13.7%,4876.60,27,16.1%,21.5%
26923,追龙,13.6%,4835.11,33,14.7%,28.2%
26924,空天猎,7.5%,2686.52,25,9.8%,25.3%
26925,缝纫机乐队,7.2%,2575.83,28,9.1%,27.4%
26926,昆塔：反转星球,1.2%,434.96,14,3.3%,13.7%
26927,钢铁飞龙之再见奥特曼,1.2%,429.90,13,3.6%,13.0%
26928,猩球崛起3：终极之战,0.9%,351.51,25,1.2%,22.3%
26929,看不见的客人,0.8%,316.30,25,1.2%,23.8%
26930,战狼2,0.5%,194.62,27,0.6%,27.2%
26931,托马斯大电影之了不起的比赛,0.2%,91.93,17,0.5%,17.1%
26932,极致追击,0.2%,84.60,5,1.7%,4.9%
26933,蜘蛛侠：英雄归来,0.2%,82.43,17,0.4%,16.1%
26934,王牌保镖,0.1%,37.19,12,0.3%,11.6%
26935,刀剑神域：序列之争,<0.1%,13.79,16,<0.1%,16.9%
26936,建军大业,<0.1%,10.49,55,<0.1%,48.3%
26937,那一场呼啸而过的青春,<0.1%,9.10,8,0.1%,10.6%
26938,大闹天宫,<0.1%,6.28,6,0.1%,6.4%
26939,理查大冒险,<0.1%,5.85,9,<0.1%,10.9%
26940,捍卫者,<0.1%,5.80,20,<0.1%,25.2%
26941,母亲的肖像,<0.1%,5.15,10,<0.1%,10.6%
26942,我的妈呀,<0.1%,4.41,93,<0.1%,100%
26943,怪物岛,<0.1%,3.88,15,<0.1%,14.8%
26944,黑猫警长之翡翠之星,<0.1%,3.74,7,<0.1%,7.8%
26945,地球：神奇的一天,<0.1%,3.46,26,<0.1%,25.5%
26946,光影之战,<0.1%,3.35,3,0.1%,2.5%
26947,天梯：蔡国强的艺术,<0.1%,3.20,9,<0.1%,7.8%
26948,声之形,<0.1%,3.10,6,<0.1%,6.8%
26949,诡域新娘,<0.1%,2.53,4,<0.1%,10.1%
26950,赛尔号大电影6：圣者无敌,<0.1%,2.29,19,<0.1%,18.5%
26951,娘子军传奇,<0.1%,2.00,58,<0.1%,100%
26952,初恋日记,<0.1%,1.83,56,<0.1%,82.6%
26953,画室惊魂,<0.1%,1.43,5,<0.1%,5.7%
26954,李三娘,<0.1%,1.18,61,<0.1%,--
26955,羞羞的铁拳,51.3%,16948.44,46,35.6%,29.8%
26956,英伦对决,14.0%,4637.78,27,14.7%,22.0%
26957,追龙,13.5%,4483.42,31,14.1%,26.7%
26958,缝纫机乐队,7.9%,2617.07,29,8.8%,28.4%
26959,空天猎,6.1%,2037.45,22,8.8%,22.1%
26960,那一场呼啸而过的青春,1.4%,478.70,11,5.2%,10.8%
26961,钢铁飞龙之再见奥特曼,1.1%,376.68,13,3.2%,13.0%
26962,看不见的客人,0.9%,326.92,28,1.1%,26.3%
26963,昆塔：反转星球,0.8%,294.22,11,2.9%,10.5%
26964,猩球崛起3：终极之战,0.8%,285.80,22,1.1%,19.2%
26965,战狼2,0.4%,155.55,20,0.7%,20.7%
26966,托马斯大电影之了不起的比赛,0.2%,93.18,18,0.5%,18.2%
26967,蜘蛛侠：英雄归来,0.2%,77.48,17,0.4%,15.4%
26968,极致追击,0.1%,47.11,4,1.1%,4.0%
26969,王牌保镖,<0.1%,31.73,11,0.2%,11.7%
26970,刀剑神域：序列之争,<0.1%,14.24,17,<0.1%,18.5%
26971,建军大业,<0.1%,13.00,65,<0.1%,56.9%
26972,理查大冒险,<0.1%,7.16,11,<0.1%,12.4%
26973,捍卫者,<0.1%,5.51,16,<0.1%,17.8%
26974,大闹天宫,<0.1%,5.25,7,<0.1%,7.4%
26975,五女拜寿,<0.1%,4.64,225,<0.1%,--
26976,地球：神奇的一天,<0.1%,4.03,27,<0.1%,25.4%
26977,黑猫警长之翡翠之星,<0.1%,3.69,6,<0.1%,7.3%
26978,声之形,<0.1%,3.07,6,<0.1%,7.0%
26979,怪物岛,<0.1%,3.03,12,<0.1%,12.4%
26980,天梯：蔡国强的艺术,<0.1%,2.90,10,<0.1%,8.4%
26981,赛尔号大电影6：圣者无敌,<0.1%,2.73,20,<0.1%,18.6%
26982,李三娘,<0.1%,2.13,68,<0.1%,100%
26983,诡域新娘,<0.1%,1.99,4,<0.1%,8.4%
26984,娘子军传奇,<0.1%,1.87,105,<0.1%,84.2%
26985,初恋日记,<0.1%,1.51,46,<0.1%,41.6%
26986,母亲的肖像,<0.1%,1.35,10,<0.1%,12.1%
26987,画室惊魂,<0.1%,1.14,4,<0.1%,5.3%
26988,商魂,<0.1%,1.00,127,<0.1%,--
26989,羞羞的铁拳,51.6%,16210.65,44,36.3%,28.0%
26990,追龙,13.4%,4230.89,29,14.5%,24.8%
26991,英伦对决,13.1%,4118.22,24,14.3%,19.8%
26992,缝纫机乐队,8.9%,2819.26,29,9.6%,27.9%
26993,空天猎,6.8%,2155.00,22,9.2%,21.6%
26994,钢铁飞龙之再见奥特曼,1.1%,360.86,12,3.2%,12.5%
26995,看不见的客人,1.1%,349.29,26,1.2%,25.7%
26996,昆塔：反转星球,0.8%,281.31,11,2.8%,10.5%
26997,猩球崛起3：终极之战,0.8%,262.67,19,1.2%,17.4%
26998,战狼2,0.4%,148.99,18,0.7%,18.4%
26999,那一场呼啸而过的青春,0.4%,136.42,5,3.1%,5.2%
27000,托马斯大电影之了不起的比赛,0.2%,94.07,18,0.5%,17.7%
27001,蜘蛛侠：英雄归来,0.2%,67.21,14,0.4%,13.8%
27002,极致追击,0.1%,41.14,4,1.0%,3.9%
27003,王牌保镖,0.1%,31.50,11,0.2%,11.1%
27004,刀剑神域：序列之争,<0.1%,11.88,14,<0.1%,15.4%
27005,建军大业,<0.1%,9.34,46,<0.1%,44.3%
27006,理查大冒险,<0.1%,8.40,12,<0.1%,13.6%
27007,捍卫者,<0.1%,5.60,16,<0.1%,17.1%
27008,黑猫警长之翡翠之星,<0.1%,4.27,6,<0.1%,7.4%
27009,地球：神奇的一天,<0.1%,3.71,22,<0.1%,25.1%
27010,声之形,<0.1%,2.73,6,<0.1%,6.3%
27011,天梯：蔡国强的艺术,<0.1%,2.72,9,<0.1%,7.2%
27012,赛尔号大电影6：圣者无敌,<0.1%,2.62,18,<0.1%,15.7%
27013,五女拜寿,<0.1%,2.12,238,<0.1%,--
27014,儿大女大,<0.1%,2.11,130,<0.1%,85.1%
27015,娘子军传奇,<0.1%,1.81,152,<0.1%,100%
27016,诡域新娘,<0.1%,1.77,3,<0.1%,7.9%
27017,初恋日记,<0.1%,1.70,48,<0.1%,39.9%
27018,商魂,<0.1%,1.54,152,<0.1%,--
27019,怪物岛,<0.1%,1.24,6,<0.1%,6.0%
27020,画室惊魂,<0.1%,1.18,4,<0.1%,4.6%
27021,李三娘,<0.1%,1.15,56,<0.1%,100%
27022,母亲的肖像,<0.1%,1.09,9,<0.1%,10.4%
27023,羞羞的铁拳,51.6%,15989.22,43,36.6%,27.2%
27024,追龙,13.0%,4056.10,28,14.6%,23.7%
27025,英伦对决,11.6%,3617.36,22,13.9%,18.5%
27026,缝纫机乐队,9.5%,2968.58,29,10.3%,27.3%
27027,空天猎,8.4%,2627.30,25,9.5%,25.1%
27028,看不见的客人,1.1%,364.42,26,1.3%,25.8%
27029,钢铁飞龙之再见奥特曼,1.0%,333.91,11,3.2%,11.8%
27030,昆塔：反转星球,0.8%,271.12,10,2.7%,10.1%
27031,猩球崛起3：终极之战,0.7%,241.38,17,1.2%,15.6%
27032,战狼2,0.4%,141.10,17,0.7%,17.3%
27033,托马斯大电影之了不起的比赛,0.3%,96.51,17,0.6%,17.2%
27034,那一场呼啸而过的青春,0.2%,77.28,4,2.2%,4.3%
27035,蜘蛛侠：英雄归来,0.1%,60.07,13,0.4%,13.1%
27036,王牌保镖,<0.1%,29.93,10,0.2%,10.7%
27037,极致追击,<0.1%,29.34,3,0.9%,3.3%
27038,刀剑神域：序列之争,<0.1%,9.23,12,<0.1%,12.5%
27039,建军大业,<0.1%,9.00,46,<0.1%,44.4%
27040,理查大冒险,<0.1%,7.91,10,<0.1%,11.4%
27041,捍卫者,<0.1%,7.73,20,<0.1%,24.2%
27042,地球：神奇的一天,<0.1%,4.05,24,<0.1%,24.6%
27043,黑猫警长之翡翠之星,<0.1%,3.58,6,<0.1%,7.3%
27044,娘子军传奇,<0.1%,3.03,157,<0.1%,100%
27045,天梯：蔡国强的艺术,<0.1%,2.79,10,<0.1%,8.0%
27046,声之形,<0.1%,2.28,5,<0.1%,5.0%
27047,赛尔号大电影6：圣者无敌,<0.1%,1.98,15,<0.1%,15.5%
27048,初恋日记,<0.1%,1.67,51,<0.1%,53.9%
27049,诡域新娘,<0.1%,1.66,3,<0.1%,6.9%
27050,母亲的肖像,<0.1%,1.63,13,<0.1%,15.8%
27051,画室惊魂,<0.1%,1.38,4,<0.1%,5.2%
27052,李三娘,<0.1%,1.25,55,<0.1%,100%
27053,心理罪,<0.1%,1.19,100,<0.1%,100%
27054,海边的曼彻斯特,<0.1%,1.08,17,<0.1%,20.0%
27055,羞羞的铁拳,49.5%,12098.47,33,36.9%,20.7%
27056,追龙,13.3%,3262.19,22,14.8%,18.9%
27057,英伦对决,10.9%,2670.48,17,13.9%,13.8%
27058,缝纫机乐队,10.0%,2463.90,23,10.8%,21.6%
27059,空天猎,9.7%,2371.94,23,9.4%,22.8%
27060,昆塔：反转星球,1.7%,436.38,14,3.0%,14.2%
27061,钢铁飞龙之再见奥特曼,1.2%,315.65,12,3.0%,12.3%
27062,看不见的客人,1.1%,278.01,20,1.3%,19.3%
27063,猩球崛起3：终极之战,0.7%,172.44,13,1.2%,11.2%
27064,战狼2,0.4%,104.41,13,0.8%,12.7%
27065,托马斯大电影之了不起的比赛,0.4%,97.82,18,0.6%,17.6%
27066,那一场呼啸而过的青春,0.1%,31.94,3,1.7%,2.2%
27067,王牌保镖,<0.1%,24.33,9,0.2%,8.9%
27068,极致追击,<0.1%,23.75,3,0.8%,2.7%
27069,建军大业,<0.1%,11.39,37,<0.1%,31.3%
27070,捍卫者,<0.1%,9.02,25,<0.1%,34.1%
27071,理查大冒险,<0.1%,7.75,10,<0.1%,11.8%
27072,刀剑神域：序列之争,<0.1%,6.60,8,<0.1%,8.9%
27073,地球：神奇的一天,<0.1%,4.59,24,<0.1%,25.4%
27074,黑猫警长之翡翠之星,<0.1%,4.46,6,<0.1%,7.5%
27075,天梯：蔡国强的艺术,<0.1%,3.60,11,<0.1%,10.0%
27076,怪物岛,<0.1%,2.74,7,<0.1%,7.6%
27077,赛尔号大电影6：圣者无敌,<0.1%,2.66,16,<0.1%,17.1%
27078,画室惊魂,<0.1%,2.33,7,<0.1%,8.0%
27079,娘子军传奇,<0.1%,2.27,124,<0.1%,100%
27080,母亲的肖像,<0.1%,1.51,14,<0.1%,17.4%
27081,诡域新娘,<0.1%,1.32,3,<0.1%,5.1%
27082,商魂,<0.1%,1.11,112,<0.1%,--
27083,心理罪,<0.1%,1.09,92,<0.1%,100%
27084,羞羞的铁拳,52.2%,5399.20,16,37.8%,10.3%
27085,追龙,15.2%,1580.39,12,16.0%,9.9%
27086,缝纫机乐队,11.8%,1223.16,11,12.4%,10.5%
27087,英伦对决,9.7%,1009.61,7,14.5%,5.9%
27088,空天猎,8.1%,840.38,10,9.5%,9.4%
27089,看不见的客人,0.9%,96.00,7,1.5%,6.9%
27090,猩球崛起3：终极之战,0.4%,50.02,5,1.2%,3.8%
27091,战狼2,0.2%,30.94,5,0.6%,5.3%
27092,昆塔：反转星球,0.2%,30.42,3,1.4%,2.3%
27093,建军大业,0.2%,30.31,132,<0.1%,100%
27094,极致追击,0.1%,11.92,2,1.1%,1.2%
27095,钢铁飞龙之再见奥特曼,<0.1%,9.86,1,1.4%,0.8%
27096,王牌保镖,<0.1%,7.90,3,0.3%,2.8%
27097,托马斯大电影之了不起的比赛,<0.1%,3.35,2,0.2%,1.8%
27098,捍卫者,<0.1%,3.27,7,<0.1%,8.0%
27099,那一场呼啸而过的青春,<0.1%,2.69,1,0.5%,0.6%
27100,刀剑神域：序列之争,<0.1%,1.85,3,<0.1%,3.2%
27101,天梯：蔡国强的艺术,<0.1%,1.34,5,<0.1%,4.4%
27102,画室惊魂,<0.1%,1.32,4,<0.1%,3.4%
27103,羞羞的铁拳,52.3%,4748.26,15,38.0%,9.2%
27104,追龙,16.3%,1485.62,11,16.5%,9.2%
27105,缝纫机乐队,13.6%,1239.37,11,13.1%,10.2%
27106,英伦对决,9.9%,904.51,7,14.3%,5.5%
27107,空天猎,4.0%,370.50,5,9.3%,4.7%
27108,看不见的客人,1.0%,99.17,7,1.6%,6.8%
27109,猩球崛起3：终极之战,0.5%,48.51,4,1.2%,3.9%
27110,战狼2,0.3%,32.31,5,0.7%,5.6%
27111,昆塔：反转星球,0.3%,30.58,3,1.2%,2.7%
27112,建军大业,0.3%,27.88,122,<0.1%,100%
27113,极致追击,0.1%,15.85,2,1.1%,1.5%
27114,天才枪手,0.1%,13.99,139,<0.1%,94.5%
27115,情遇曼哈顿,0.1%,12.32,228,<0.1%,--
27116,王牌保镖,0.1%,9.45,3,0.3%,3.1%
27117,钢铁飞龙之再见奥特曼,<0.1%,6.64,1,1.2%,0.7%
27118,捍卫者,<0.1%,4.84,9,<0.1%,10.2%
27119,托马斯大电影之了不起的比赛,<0.1%,2.66,2,0.2%,1.7%
27120,心理罪,<0.1%,1.32,52,<0.1%,46.8%
27121,天梯：蔡国强的艺术,<0.1%,1.26,5,<0.1%,4.3%
27122,画室惊魂,<0.1%,1.20,3,<0.1%,2.8%
27123,血战湘江,<0.1%,1.12,44,<0.1%,59.6%
27124,羞羞的铁拳,48.8%,4248.29,13,38.0%,8.3%
27125,追龙,16.8%,1463.42,11,16.7%,9.0%
27126,缝纫机乐队,14.1%,1228.49,11,13.5%,9.8%
27127,英伦对决,9.5%,829.07,7,14.1%,5.2%
27128,空天猎,7.3%,640.21,8,9.0%,7.9%
27129,看不见的客人,1.1%,100.17,7,1.7%,6.7%
27130,猩球崛起3：终极之战,0.5%,44.64,4,1.2%,3.6%
27131,战狼2,0.3%,30.86,5,0.7%,5.0%
27132,建军大业,0.3%,29.83,116,<0.1%,100%
27133,昆塔：反转星球,0.3%,27.78,3,1.1%,2.6%
27134,极致追击,0.1%,14.73,2,1.0%,1.5%
27135,王牌保镖,<0.1%,7.97,3,0.3%,2.7%
27136,钢铁飞龙之再见奥特曼,<0.1%,5.55,1,1.0%,0.6%
27137,捍卫者,<0.1%,4.03,8,<0.1%,8.1%
27138,怨灵2,<0.1%,3.34,19,<0.1%,18.6%
27139,相爱相亲,<0.1%,2.84,313,<0.1%,--
27140,情遇曼哈顿,<0.1%,2.30,57,<0.1%,43.1%
27141,托马斯大电影之了不起的比赛,<0.1%,2.07,2,0.1%,1.4%
27142,初恋日记,<0.1%,1.73,59,<0.1%,100%
27143,心理罪,<0.1%,1.38,63,<0.1%,60.9%
27144,时间去哪儿了,<0.1%,1.33,223,<0.1%,100.0%
27145,李三娘,<0.1%,1.22,54,<0.1%,100%
27146,天梯：蔡国强的艺术,<0.1%,1.19,5,<0.1%,4.0%
27147,商魂,<0.1%,1.17,78,<0.1%,100%
27148,画室惊魂,<0.1%,1.05,2,<0.1%,2.2%
27149,羞羞的铁拳,47.1%,3715.18,12,37.4%,7.3%
27150,追龙,17.0%,1339.65,10,16.6%,8.3%
27151,缝纫机乐队,14.8%,1171.27,10,13.6%,9.2%
27152,英伦对决,9.6%,758.77,6,13.6%,5.0%
27153,空天猎,5.3%,417.32,6,8.2%,5.6%
27154,怨灵2,2.2%,175.94,10,2.4%,11.3%
27155,看不见的客人,1.1%,91.76,7,1.6%,6.4%
27156,猩球崛起3：终极之战,0.4%,38.08,4,1.1%,3.3%
27157,战狼2,0.3%,28.28,5,0.7%,4.7%
27158,建军大业,0.3%,27.91,120,<0.1%,100%
27159,天才枪手,0.2%,21.29,13,0.2%,8.9%
27160,王牌特工2：黄金圈,0.2%,18.00,700,<0.1%,62.0%
27161,极致追击,0.1%,13.09,2,0.9%,1.4%
27162,昆塔：反转星球,0.1%,12.36,2,0.9%,1.6%
27163,王牌保镖,<0.1%,6.97,3,0.3%,2.5%
27164,情遇曼哈顿,<0.1%,5.26,11,<0.1%,9.6%
27165,捍卫者,<0.1%,5.08,9,<0.1%,9.5%
27166,钢铁飞龙之再见奥特曼,<0.1%,4.01,1,0.9%,0.5%
27167,回到火星,<0.1%,2.65,8,<0.1%,7.5%
27168,托马斯大电影之了不起的比赛,<0.1%,2.39,2,0.1%,1.9%
27169,李三娘,<0.1%,1.44,52,<0.1%,100%
27170,血战湘江,<0.1%,1.40,61,<0.1%,86.6%
27171,天梯：蔡国强的艺术,<0.1%,1.37,5,<0.1%,5.3%
27172,商魂,<0.1%,1.22,112,<0.1%,--
27173,建党伟业,<0.1%,1.00,111,<0.1%,--
27174,羞羞的铁拳,36.0%,4966.13,22,25.0%,14.0%
27175,天才枪手,22.4%,3097.80,15,26.1%,10.9%
27176,十八洞村,9.3%,1291.40,25,4.5%,25.5%
27177,追龙,8.5%,1174.55,17,7.9%,15.5%
27178,缝纫机乐队,7.3%,1012.95,19,6.0%,17.4%
27179,英伦对决,4.3%,603.62,12,4.6%,11.7%
27180,情遇曼哈顿,3.6%,497.95,7,9.7%,6.3%
27181,空天猎,2.8%,395.41,16,2.2%,15.4%
27182,回到火星,2.7%,374.50,7,7.3%,6.7%
27183,怨灵2,1.0%,139.22,11,1.6%,12.1%
27184,看不见的客人,0.3%,49.97,15,0.3%,15.5%
27185,建军大业,0.2%,27.96,128,<0.1%,100%
27186,猩球崛起3：终极之战,0.1%,18.12,7,0.2%,7.1%
27187,昆塔：反转星球,0.1%,15.60,6,0.3%,6.7%
27188,战狼2,0.1%,15.55,8,0.2%,8.5%
27189,极致追击,<0.1%,10.77,7,0.1%,9.8%
27190,大闹天宫,<0.1%,9.37,4,0.3%,4.2%
27191,火力全开,<0.1%,9.20,322,<0.1%,--
27192,我的妈呀,<0.1%,7.41,2,0.6%,1.6%
27193,钢铁飞龙之再见奥特曼,<0.1%,5.66,2,0.4%,1.7%
27194,捍卫者,<0.1%,3.55,15,<0.1%,14.9%
27195,青海湖畔,<0.1%,2.95,140,<0.1%,100%
27196,托马斯大电影之了不起的比赛,<0.1%,2.64,4,<0.1%,4.2%
27197,李三娘,<0.1%,2.41,60,<0.1%,100%
27198,血战湘江,<0.1%,2.00,56,<0.1%,62.1%
27199,五女拜寿,<0.1%,1.79,90,<0.1%,--
27200,王牌保镖,<0.1%,1.64,3,<0.1%,3.3%
27201,铁道飞虎,<0.1%,1.50,111,<0.1%,--
27202,胡杨的夏天,<0.1%,1.10,276,<0.1%,100.0%
27203,生门,<0.1%,1.00,74,<0.1%,89.0%
27204,羞羞的铁拳,39.3%,8504.97,33,26.2%,21.6%
27205,天才枪手,21.2%,4606.63,22,23.5%,15.7%
27206,缝纫机乐队,8.9%,1928.29,30,6.5%,28.4%
27207,追龙,8.8%,1918.69,25,7.9%,23.6%
27208,十八洞村,5.2%,1145.92,16,6.5%,19.4%
27209,英伦对决,4.5%,979.69,21,4.2%,20.3%
27210,我的爸爸是森林之王,3.4%,739.68,18,5.3%,17.9%
27211,空天猎,2.7%,593.88,27,1.8%,28.9%
27212,情遇曼哈顿,1.4%,308.04,5,6.9%,5.2%
27213,回到火星,1.1%,246.17,6,5.0%,5.7%
27214,怨灵2,0.8%,179.35,14,1.6%,15.0%
27215,看不见的客人,0.4%,105.34,27,0.3%,29.7%
27216,钢铁飞龙之再见奥特曼,0.2%,60.78,11,0.5%,12.6%
27217,昆塔：反转星球,0.1%,38.03,11,0.3%,12.5%
27218,猩球崛起3：终极之战,0.1%,36.67,12,0.2%,12.3%
27219,战狼2,0.1%,34.54,12,0.2%,14.2%
27220,大闹天宫,0.1%,32.74,7,0.6%,7.0%
27221,时间去哪儿了,0.1%,31.99,116,<0.1%,100%
27222,极致追击,<0.1%,20.14,12,0.1%,19.0%
27223,托马斯大电影之了不起的比赛,<0.1%,17.15,12,0.1%,12.7%
27224,建军大业,<0.1%,14.09,124,<0.1%,100%
27225,邹碧华,<0.1%,7.00,1000,<0.1%,--
27226,了不起的小家伙们,<0.1%,6.67,4,0.2%,3.6%
27227,我的妈呀,<0.1%,5.79,3,0.2%,2.6%
27228,王牌保镖,<0.1%,3.92,7,<0.1%,7.9%
27229,捍卫者,<0.1%,3.00,13,<0.1%,14.7%
27230,李三娘,<0.1%,2.17,60,<0.1%,100%
27231,铁道飞虎,<0.1%,2.00,111,<0.1%,--
27232,生门,<0.1%,1.75,65,<0.1%,100%
27233,理查大冒险,<0.1%,1.65,7,<0.1%,9.2%
27234,天梯：蔡国强的艺术,<0.1%,1.38,11,<0.1%,11.9%
27235,儿大女大,<0.1%,1.31,146,<0.1%,85.1%
27236,羞羞的铁拳,36.3%,6372.44,24,27.5%,15.4%
27237,天才枪手,20.9%,3672.94,19,22.4%,13.2%
27238,缝纫机乐队,9.9%,1743.26,23,7.6%,21.8%
27239,追龙,9.3%,1637.06,20,8.6%,18.7%
27240,十八洞村,5.5%,965.13,15,6.2%,18.1%
27241,英伦对决,5.1%,909.49,18,4.5%,17.6%
27242,我的爸爸是森林之王,4.8%,849.25,18,5.7%,18.8%
27243,空天猎,3.2%,561.71,25,1.9%,26.7%
27244,情遇曼哈顿,1.2%,212.72,5,5.6%,4.6%
27245,回到火星,0.8%,142.41,4,4.1%,4.1%
27246,怨灵2,0.6%,108.02,8,1.6%,9.0%
27247,看不见的客人,0.4%,72.20,21,0.3%,23.9%
27248,战狼2,0.2%,39.67,11,0.3%,12.9%
27249,钢铁飞龙之再见奥特曼,0.2%,39.45,8,0.5%,8.9%
27250,昆塔：反转星球,0.1%,33.73,11,0.3%,12.0%
27251,大闹天宫,0.1%,29.30,7,0.5%,6.7%
27252,托马斯大电影之了不起的比赛,0.1%,18.68,13,0.1%,14.0%
27253,极致追击,<0.1%,14.59,9,0.1%,14.9%
27254,建军大业,<0.1%,13.64,122,<0.1%,100%
27255,王牌保镖,<0.1%,4.07,6,<0.1%,6.1%
27256,我的妈呀,<0.1%,3.99,3,0.2%,2.2%
27257,青海湖畔,<0.1%,3.50,91,<0.1%,100%
27258,胡杨的夏天,<0.1%,3.46,289,<0.1%,95.1%
27259,了不起的小家伙们,<0.1%,3.00,4,0.1%,3.5%
27260,捍卫者,<0.1%,2.55,10,<0.1%,9.6%
27261,天梯：蔡国强的艺术,<0.1%,2.46,16,<0.1%,15.0%
27262,坑爹游戏,<0.1%,2.03,73,<0.1%,35.0%
27263,初恋日记,<0.1%,2.00,54,<0.1%,99.2%
27264,铁道飞虎,<0.1%,2.00,112,<0.1%,--
27265,生门,<0.1%,1.96,70,<0.1%,92.2%
27266,时间去哪儿了,<0.1%,1.75,50,<0.1%,46.0%
27267,李三娘,<0.1%,1.60,51,<0.1%,100%
27268,摇摇晃晃的人间,<0.1%,1.49,37,<0.1%,69.0%
27269,商魂,<0.1%,1.30,156,<0.1%,--
27270,黑猫警长之翡翠之星,<0.1%,1.22,7,<0.1%,9.5%
27271,五女拜寿,<0.1%,1.12,43,<0.1%,--
27272,羞羞的铁拳,35.6%,2733.12,11,29.8%,6.9%
27273,天才枪手,19.5%,1499.34,9,22.8%,6.1%
27274,追龙,11.2%,865.97,11,10.1%,9.6%
27275,缝纫机乐队,11.2%,861.69,11,9.5%,9.7%
27276,空天猎,6.5%,502.44,20,2.3%,22.7%
27277,英伦对决,5.7%,437.64,9,5.3%,8.0%
27278,十八洞村,3.6%,281.05,8,3.6%,8.5%
27279,王牌特工2：黄金圈,1.4%,111.37,210,<0.1%,88.0%
27280,怨灵2,1.0%,79.68,6,1.8%,6.6%
27281,情遇曼哈顿,1.0%,77.02,2,5.1%,1.9%
27282,回到火星,0.6%,53.37,2,3.8%,1.9%
27283,我的爸爸是森林之王,0.5%,39.26,3,2.7%,2.0%
27284,看不见的客人,0.3%,25.64,7,0.4%,7.9%
27285,建军大业,0.2%,20.87,107,<0.1%,100%
27286,战狼2,0.2%,19.87,6,0.4%,5.9%
27287,极致追击,0.2%,15.41,8,0.1%,11.6%
27288,旋风女队,<0.1%,4.66,10,<0.1%,11.5%
27289,蝴蝶公墓,<0.1%,3.59,205,<0.1%,--
27290,时间去哪儿了,<0.1%,3.41,98,<0.1%,--
27291,捍卫者,<0.1%,1.65,6,<0.1%,5.8%
27292,王牌保镖,<0.1%,1.65,3,<0.1%,2.6%
27293,我的妈呀,<0.1%,1.62,2,0.2%,1.1%
27294,建党伟业,<0.1%,1.50,108,<0.1%,--
27295,李三娘,<0.1%,1.41,57,<0.1%,100%
27296,昆塔：反转星球,<0.1%,1.39,2,0.1%,2.0%
27297,大闹天宫,<0.1%,1.25,1,0.2%,0.6%
27298,羞羞的铁拳,34.5%,2491.03,10,30.0%,6.3%
27299,天才枪手,19.6%,1417.95,9,22.0%,6.0%
27300,缝纫机乐队,11.8%,854.43,10,10.2%,8.9%
27301,追龙,11.7%,848.87,10,10.6%,9.0%
27302,空天猎,8.7%,634.82,22,2.4%,25.6%
27303,英伦对决,6.2%,448.01,8,5.6%,7.8%
27304,十八洞村,2.2%,162.47,6,3.0%,6.4%
27305,怨灵2,1.0%,77.40,6,1.8%,6.6%
27306,情遇曼哈顿,0.8%,58.06,2,4.2%,1.8%
27307,回到火星,0.7%,56.76,3,3.1%,2.8%
27308,我的爸爸是森林之王,0.4%,34.17,3,2.2%,2.1%
27309,看不见的客人,0.4%,29.23,8,0.4%,8.2%
27310,建军大业,0.2%,20.07,92,<0.1%,100%
27311,战狼2,0.2%,18.09,5,0.4%,4.8%
27312,六年，六天,0.1%,14.42,3,0.8%,2.6%
27313,极致追击,0.1%,13.83,8,0.1%,12.6%
27314,你若安好,<0.1%,4.04,1,0.5%,1.0%
27315,捍卫者,<0.1%,2.90,9,<0.1%,7.9%
27316,南哥,<0.1%,2.35,1,0.4%,0.5%
27317,王牌保镖,<0.1%,1.94,3,<0.1%,3.0%
27318,建党伟业,<0.1%,1.80,107,<0.1%,--
27319,李三娘,<0.1%,1.77,63,<0.1%,100%
27320,旋风女队,<0.1%,1.61,5,<0.1%,6.3%
27321,昆塔：反转星球,<0.1%,1.51,3,0.1%,2.7%
27322,我的妈呀,<0.1%,1.24,2,0.1%,1.2%
27323,羞羞的铁拳,33.3%,2246.98,9,30.1%,5.6%
27324,天才枪手,19.2%,1296.22,8,21.6%,5.6%
27325,缝纫机乐队,12.2%,824.65,9,10.6%,8.2%
27326,追龙,11.8%,801.08,9,10.9%,8.2%
27327,空天猎,9.2%,621.45,22,2.4%,24.4%
27328,英伦对决,6.4%,433.66,8,5.7%,7.4%
27329,十八洞村,2.2%,150.15,6,2.8%,6.3%
27330,怨灵2,1.0%,70.96,6,1.8%,6.1%
27331,情遇曼哈顿,0.8%,55.52,2,3.8%,1.8%
27332,回到火星,0.5%,36.83,2,2.9%,1.7%
27333,我的爸爸是森林之王,0.4%,31.52,3,2.1%,2.1%
27334,六年，六天,0.4%,29.78,5,1.0%,4.0%
27335,看不见的客人,0.4%,27.36,7,0.4%,7.5%
27336,你若安好,0.3%,23.70,5,0.7%,4.6%
27337,建军大业,0.3%,21.42,96,<0.1%,100%
27338,战狼2,0.2%,19.88,5,0.5%,5.0%
27339,极致追击,0.1%,12.76,6,0.1%,9.0%
27340,捍卫者,<0.1%,2.16,6,<0.1%,4.8%
27341,铁道飞虎,<0.1%,1.70,112,<0.1%,--
27342,魔都爱之十二星座,<0.1%,1.66,76,<0.1%,100%
27343,昆塔：反转星球,<0.1%,1.58,1,0.1%,0.5%
27344,龙之战,<0.1%,1.54,74,<0.1%,94.2%
27345,旋风女队,<0.1%,1.52,7,<0.1%,7.5%
27346,李三娘,<0.1%,1.47,58,<0.1%,100%
27347,时间去哪儿了,<0.1%,1.43,24,<0.1%,20.3%
27348,王牌保镖,<0.1%,1.40,2,<0.1%,2.1%
27349,情比山高,<0.1%,1.35,63,<0.1%,70.8%
27350,我的妈呀,<0.1%,1.31,2,0.1%,1.4%
27351,五女拜寿,<0.1%,1.16,67,<0.1%,--
27352,羞羞的铁拳,30.3%,2037.09,8,29.2%,5.1%
27353,天才枪手,17.6%,1185.56,8,20.3%,5.4%
27354,缝纫机乐队,11.6%,783.02,9,10.4%,7.8%
27355,追龙,11.2%,754.17,9,10.6%,7.6%
27356,空天猎,9.2%,618.64,22,2.3%,24.7%
27357,英伦对决,6.6%,444.93,8,5.5%,7.7%
27358,王牌特工2：黄金圈,4.8%,326.49,26,1.3%,12.9%
27359,十八洞村,2.4%,161.17,8,2.2%,8.4%
27360,时间去哪儿了,0.7%,49.38,2,3.4%,1.6%
27361,怨灵2,0.6%,46.58,5,1.3%,5.6%
27362,情遇曼哈顿,0.6%,40.28,2,3.2%,1.6%
27363,六年，六天,0.5%,33.66,6,0.9%,4.7%
27364,恐怖电影院2,0.4%,32.55,5,0.9%,5.0%
27365,我的爸爸是森林之王,0.4%,30.07,3,1.8%,2.3%
27366,你若安好,0.4%,29.76,6,0.7%,5.7%
27367,看不见的客人,0.3%,25.26,7,0.4%,7.2%
27368,回到火星,0.3%,21.82,2,2.2%,1.3%
27369,建军大业,0.3%,21.11,104,<0.1%,100%
27370,战狼2,0.2%,19.60,5,0.5%,4.9%
27371,极致追击,<0.1%,4.74,3,0.1%,4.0%
27372,血战湘江,<0.1%,2.85,83,<0.1%,78.1%
27373,李三娘,<0.1%,2.51,78,<0.1%,100%
27374,捍卫者,<0.1%,2.25,7,<0.1%,6.5%
27375,南哥,<0.1%,1.94,1,0.4%,0.3%
27376,昆塔：反转星球,<0.1%,1.78,2,<0.1%,2.4%
27377,旋风女队,<0.1%,1.61,7,<0.1%,8.9%
27378,商魂,<0.1%,1.42,189,<0.1%,--
27379,王牌保镖,<0.1%,1.41,2,<0.1%,2.0%
27380,铁道飞虎,<0.1%,1.38,34,<0.1%,45.9%
27381,大耳朵图图之美食狂想曲,<0.1%,1.35,191,<0.1%,73.4%
27382,龙之战,<0.1%,1.24,80,<0.1%,68.6%
27383,相爱相亲,<0.1%,1.20,200,<0.1%,100.0%
27384,蝴蝶公墓,<0.1%,1.16,6,<0.1%,6.2%
27385,胡杨的夏天,<0.1%,1.01,31,<0.1%,39.2%
27386,王牌特工2：黄金圈,56.6%,7831.24,22,37.8%,14.3%
27387,羞羞的铁拳,16.6%,2299.75,16,16.6%,13.3%
27388,天才枪手,8.5%,1187.75,17,9.0%,15.4%
27389,缝纫机乐队,4.0%,554.80,15,4.3%,14.5%
27390,十八洞村,3.3%,465.31,11,4.2%,10.7%
27391,追龙,2.8%,393.28,12,3.8%,12.1%
27392,英伦对决,1.4%,202.84,15,1.3%,16.6%
27393,蝴蝶公墓,1.2%,166.99,5,4.7%,5.3%
27394,时间去哪儿了,0.8%,117.70,7,1.7%,6.3%
27395,胡杨的夏天,0.7%,109.48,7,1.9%,6.9%
27396,坑爹游戏,0.5%,73.53,4,2.3%,4.2%
27397,我的爸爸是森林之王,0.4%,64.15,8,1.1%,7.9%
27398,火力全开,0.3%,52.78,4,1.7%,3.6%
27399,恐怖电影院2,0.2%,41.38,5,1.0%,5.9%
27400,空天猎,0.2%,35.27,8,0.4%,10.3%
27401,你若安好,0.2%,34.20,9,0.5%,8.5%
27402,六年，六天,0.2%,33.06,7,0.6%,6.3%
27403,建军大业,0.1%,21.68,102,<0.1%,100%
27404,怨灵2,0.1%,16.39,9,0.2%,11.3%
27405,咕噜咕噜美人鱼,0.1%,16.10,3,0.7%,3.2%
27406,青春逗,0.1%,14.12,1,3.0%,0.8%
27407,战狼2,<0.1%,11.95,8,0.1%,9.7%
27408,看不见的客人,<0.1%,10.90,9,0.1%,10.4%
27409,情遇曼哈顿,<0.1%,10.01,2,0.6%,2.0%
27410,血战湘江,<0.1%,3.33,66,<0.1%,67.3%
27411,大爱无言,<0.1%,3.22,5,0.1%,4.6%
27412,极致追击,<0.1%,2.84,7,<0.1%,11.8%
27413,捍卫者,<0.1%,2.27,12,<0.1%,11.5%
27414,建党伟业,<0.1%,2.20,110,<0.1%,--
27415,理查大冒险,<0.1%,2.08,21,<0.1%,21.0%
27416,大耳朵图图之美食狂想曲,<0.1%,1.91,216,<0.1%,100%
27417,回到火星,<0.1%,1.74,2,0.1%,1.3%
27418,昆塔：反转星球,<0.1%,1.72,6,<0.1%,8.5%
27419,五女拜寿,<0.1%,1.63,133,<0.1%,--
27420,请爱我的女朋友,<0.1%,1.63,2,0.1%,1.6%
27421,南哥,<0.1%,1.52,1,0.2%,0.4%
27422,李三娘,<0.1%,1.48,63,<0.1%,100%
27423,旋风女队,<0.1%,1.32,13,<0.1%,17.0%
27424,商魂,<0.1%,1.05,185,<0.1%,--
27425,钢铁飞龙之再见奥特曼,<0.1%,1.05,2,<0.1%,2.7%
27426,画室惊魂,<0.1%,1.01,11,<0.1%,7.9%
27427,王牌特工2：黄金圈,51.3%,10702.12,29,37.6%,18.7%
27428,羞羞的铁拳,19.8%,4129.09,26,17.4%,22.5%
27429,天才枪手,10.4%,2169.02,27,9.4%,25.3%
27430,缝纫机乐队,5.0%,1041.67,25,4.6%,24.9%
27431,追龙,3.0%,630.59,18,3.9%,19.0%
27432,我的爸爸是森林之王,2.9%,607.87,18,4.5%,18.2%
27433,十八洞村,2.2%,472.64,7,6.6%,7.5%
27434,英伦对决,1.1%,242.77,20,1.1%,22.2%
27435,时间去哪儿了,0.5%,123.51,9,1.3%,8.3%
27436,胡杨的夏天,0.5%,122.96,13,1.1%,13.4%
27437,咕噜咕噜美人鱼,0.4%,88.43,8,1.5%,8.2%
27438,蝴蝶公墓,0.2%,61.89,3,3.0%,2.8%
27439,火力全开,0.2%,58.38,6,1.1%,6.3%
27440,恐怖电影院2,0.1%,41.45,6,0.9%,6.5%
27441,空天猎,0.1%,39.12,9,0.3%,11.0%
27442,昆塔：反转星球,0.1%,37.40,15,0.1%,18.3%
27443,坑爹游戏,0.1%,30.00,4,1.0%,4.2%
27444,六年，六天,0.1%,27.82,8,0.3%,8.2%
27445,看不见的客人,0.1%,25.99,19,0.1%,22.9%
27446,怨灵2,0.1%,25.34,12,0.2%,14.9%
27447,战狼2,0.1%,25.01,13,0.2%,15.9%
27448,你若安好,0.1%,24.08,9,0.2%,10.9%
27449,情遇曼哈顿,<0.1%,15.73,3,0.5%,3.4%
27450,钢铁飞龙之再见奥特曼,<0.1%,10.11,5,0.2%,6.3%
27451,青春逗,<0.1%,10.02,2,0.7%,1.9%
27452,托马斯大电影之了不起的比赛,<0.1%,6.18,11,<0.1%,12.2%
27453,大闹天宫,<0.1%,5.69,7,0.1%,8.3%
27454,建军大业,<0.1%,5.48,102,<0.1%,--
27455,回到火星,<0.1%,3.64,3,0.1%,3.5%
27456,建党伟业,<0.1%,3.30,110,<0.1%,--
27457,李三娘,<0.1%,3.14,80,<0.1%,100%
27458,情比山高,<0.1%,2.91,120,<0.1%,100%
27459,旋风女队,<0.1%,2.77,35,<0.1%,37.3%
27460,捍卫者,<0.1%,2.35,11,<0.1%,7.6%
27461,生门,<0.1%,2.02,84,<0.1%,100%
27462,天若有情,<0.1%,1.66,63,<0.1%,--
27463,大耳朵图图之美食狂想曲,<0.1%,1.49,202,<0.1%,85.7%
27464,王牌保镖,<0.1%,1.37,5,<0.1%,5.0%
27465,商魂,<0.1%,1.24,168,<0.1%,--
27466,极致追击,<0.1%,1.19,4,<0.1%,6.3%
27467,光影之战,<0.1%,1.19,38,<0.1%,49.9%
27468,王牌特工2：黄金圈,47.1%,7510.11,21,36.7%,13.4%
27469,羞羞的铁拳,20.2%,3225.95,20,18.2%,16.6%
27470,天才枪手,10.7%,1707.54,20,9.9%,18.7%
27471,缝纫机乐队,5.5%,879.16,19,5.0%,19.2%
27472,我的爸爸是森林之王,4.2%,671.21,19,4.8%,18.8%
27473,追龙,3.4%,549.53,16,4.0%,16.2%
27474,十八洞村,2.9%,474.91,7,6.9%,7.3%
27475,英伦对决,1.4%,233.40,19,1.1%,20.9%
27476,时间去哪儿了,0.6%,105.55,9,1.2%,7.9%
27477,咕噜咕噜美人鱼,0.5%,84.71,8,1.4%,8.8%
27478,胡杨的夏天,0.4%,76.81,10,1.0%,9.7%
27479,火力全开,0.2%,44.06,5,1.0%,5.4%
27480,昆塔：反转星球,0.2%,40.75,16,0.1%,19.6%
27481,蝴蝶公墓,0.2%,39.59,2,2.5%,2.2%
27482,六年，六天,0.1%,28.40,9,0.2%,9.1%
27483,恐怖电影院2,0.1%,27.68,4,0.9%,4.4%
27484,坑爹游戏,0.1%,26.62,4,0.8%,4.7%
27485,空天猎,0.1%,25.44,9,0.3%,10.5%
27486,你若安好,0.1%,25.43,11,0.2%,12.7%
27487,战狼2,0.1%,25.13,12,0.2%,13.2%
27488,看不见的客人,0.1%,22.64,15,0.1%,18.3%
27489,怨灵2,0.1%,18.63,8,0.3%,9.1%
27490,情遇曼哈顿,<0.1%,12.35,3,0.5%,2.7%
27491,钢铁飞龙之再见奥特曼,<0.1%,12.14,5,0.2%,6.9%
27492,青春逗,<0.1%,6.33,2,0.6%,1.5%
27493,建军大业,<0.1%,5.44,111,<0.1%,100%
27494,大闹天宫,<0.1%,5.24,6,0.1%,6.7%
27495,铁道飞虎,<0.1%,2.80,112,<0.1%,--
27496,旋风女队,<0.1%,2.37,33,<0.1%,42.8%
27497,捍卫者,<0.1%,2.15,11,<0.1%,9.2%
27498,回到火星,<0.1%,2.09,2,0.1%,2.3%
27499,极致追击,<0.1%,1.98,6,<0.1%,7.3%
27500,魔都爱之十二星座,<0.1%,1.92,57,<0.1%,100%
27501,李三娘,<0.1%,1.64,56,<0.1%,100%
27502,生门,<0.1%,1.46,95,<0.1%,100%
27503,光影之战,<0.1%,1.02,37,<0.1%,49.6%
27504,王牌特工2：黄金圈,44.5%,2824.15,9,36.0%,5.7%
27505,羞羞的铁拳,20.2%,1282.55,8,19.9%,6.6%
27506,天才枪手,9.6%,609.93,8,11.0%,6.7%
27507,缝纫机乐队,6.8%,433.62,9,6.2%,8.3%
27508,十八洞村,6.4%,408.80,6,7.3%,6.4%
27509,追龙,4.9%,315.64,8,4.9%,8.4%
27510,时间去哪儿了,1.3%,85.72,7,1.2%,6.6%
27511,英伦对决,1.0%,69.72,6,1.3%,6.3%
27512,昆塔：反转星球,0.8%,54.94,40,<0.1%,42.9%
27513,空天猎,0.4%,29.11,8,0.4%,8.9%
27514,我的爸爸是森林之王,0.4%,25.96,3,1.7%,2.2%
27515,你若安好,0.3%,23.70,12,0.2%,13.9%
27516,六年，六天,0.3%,22.35,11,0.2%,12.8%
27517,胡杨的夏天,0.3%,20.51,4,0.8%,3.6%
27518,恐怖电影院2,0.3%,20.49,3,1.0%,3.3%
27519,蝴蝶公墓,0.2%,18.30,2,2.3%,1.2%
27520,火力全开,0.2%,16.87,3,0.9%,2.4%
27521,怨灵2,0.2%,16.48,6,0.4%,6.8%
27522,战狼2,0.2%,12.79,6,0.3%,6.3%
27523,看不见的客人,0.1%,9.06,6,0.1%,6.5%
27524,坑爹游戏,0.1%,8.96,2,0.7%,1.9%
27525,情遇曼哈顿,<0.1%,5.94,2,0.6%,1.3%
27526,极致追击,<0.1%,2.99,5,<0.1%,9.0%
27527,咕噜咕噜美人鱼,<0.1%,2.50,1,0.5%,0.8%
27528,建党伟业,<0.1%,2.20,110,<0.1%,--
27529,李三娘,<0.1%,1.95,63,<0.1%,100%
27530,青春逗,<0.1%,1.91,1,0.4%,0.6%
27531,因为爱情,<0.1%,1.72,345,<0.1%,100.0%
27532,建军大业,<0.1%,1.40,49,<0.1%,69.3%
27533,了不起的小家伙们,<0.1%,1.40,351,<0.1%,32.7%
27534,大耳朵图图之美食狂想曲,<0.1%,1.39,193,<0.1%,100%
27535,血战湘江,<0.1%,1.36,116,<0.1%,88.6%
27536,王牌特工2：黄金圈,42.4%,2437.98,8,34.9%,5.1%
27537,羞羞的铁拳,20.3%,1169.73,7,20.0%,6.0%
27538,天才枪手,9.8%,565.52,7,11.0%,6.1%
27539,缝纫机乐队,7.4%,425.57,8,6.6%,7.7%
27540,十八洞村,6.6%,380.04,6,7.3%,6.0%
27541,追龙,5.2%,304.21,8,5.1%,7.7%
27542,时间去哪儿了,1.4%,85.49,8,1.1%,6.7%
27543,英伦对决,1.1%,68.18,6,1.3%,6.0%
27544,昆塔：反转星球,1.0%,57.67,47,<0.1%,53.0%
27545,胡杨的夏天,0.4%,26.62,6,0.6%,5.8%
27546,我的爸爸是森林之王,0.4%,25.35,3,1.5%,2.4%
27547,空天猎,0.3%,20.59,6,0.4%,7.0%
27548,六年，六天,0.3%,19.69,12,0.1%,13.5%
27549,恐怖电影院2,0.3%,18.28,3,0.9%,3.1%
27550,怨灵2,0.2%,16.53,6,0.4%,6.3%
27551,你若安好,0.2%,15.86,10,0.1%,12.2%
27552,情比山高,0.2%,15.57,2,1.5%,1.9%
27553,蝴蝶公墓,0.2%,13.46,1,1.9%,1.0%
27554,战狼2,0.2%,13.32,6,0.3%,5.9%
27555,火力全开,0.2%,11.84,2,0.8%,1.9%
27556,看不见的客人,0.1%,9.24,6,0.1%,6.5%
27557,坑爹游戏,0.1%,7.54,2,0.6%,1.9%
27558,情遇曼哈顿,0.1%,7.29,2,0.6%,1.6%
27559,建军大业,<0.1%,5.14,79,<0.1%,100%
27560,大耳朵图图之美食狂想曲,<0.1%,2.52,327,<0.1%,100%
27561,建党伟业,<0.1%,2.20,110,<0.1%,--
27562,咕噜咕噜美人鱼,<0.1%,2.11,1,0.4%,0.8%
27563,全球风暴,<0.1%,1.52,23,<0.1%,15.2%
27564,李三娘,<0.1%,1.40,75,<0.1%,100%
27565,商魂,<0.1%,1.36,170,<0.1%,100%
27566,童话先生,<0.1%,1.28,2,0.1%,2.5%
27567,青春逗,<0.1%,1.20,1,0.3%,0.5%
27568,回到火星,<0.1%,1.04,1,0.1%,1.1%
27569,王牌特工2：黄金圈,41.3%,2176.49,8,35.5%,4.6%
27570,羞羞的铁拳,20.8%,1096.82,7,21.1%,5.4%
27571,天才枪手,10.3%,544.19,7,11.7%,5.7%
27572,缝纫机乐队,8.0%,424.41,7,7.4%,7.0%
27573,追龙,5.8%,308.28,7,5.8%,7.0%
27574,十八洞村,4.1%,217.00,6,4.3%,5.9%
27575,时间去哪儿了,1.6%,84.46,8,1.1%,7.0%
27576,昆塔：反转星球,1.4%,74.51,50,<0.1%,54.3%
27577,英伦对决,1.1%,61.71,5,1.5%,5.0%
27578,你若安好,0.5%,27.53,16,0.1%,22.1%
27579,空天猎,0.4%,25.21,6,0.4%,7.2%
27580,六年，六天,0.4%,24.56,13,0.1%,16.9%
27581,我的爸爸是森林之王,0.4%,22.95,3,1.6%,2.2%
27582,胡杨的夏天,0.3%,20.82,5,0.6%,5.1%
27583,恐怖电影院2,0.3%,17.86,3,1.0%,2.9%
27584,怨灵2,0.3%,16.79,5,0.5%,5.8%
27585,常在你左右,0.3%,16.52,106,<0.1%,82.9%
27586,情遇曼哈顿,0.2%,13.63,3,0.6%,2.6%
27587,战狼2,0.2%,13.62,5,0.3%,5.4%
27588,蝴蝶公墓,0.2%,12.98,1,1.9%,1.0%
27589,火力全开,0.2%,11.43,2,0.8%,1.8%
27590,看不见的客人,0.2%,10.59,6,0.2%,6.6%
27591,坑爹游戏,0.1%,8.33,2,0.6%,2.2%
27592,情比山高,<0.1%,3.93,3,0.2%,2.6%
27593,铁道飞虎,<0.1%,2.20,110,<0.1%,--
27594,我的妈呀,<0.1%,2.14,37,<0.1%,58.9%
27595,血战湘江,<0.1%,2.10,56,<0.1%,65.6%
27596,咕噜咕噜美人鱼,<0.1%,1.90,1,0.4%,0.8%
27597,李三娘,<0.1%,1.70,87,<0.1%,100%
27598,建军大业,<0.1%,1.57,37,<0.1%,91.5%
27599,青春逗,<0.1%,1.23,1,0.3%,0.5%
27600,王牌特工2：黄金圈,34.9%,1943.53,7,33.2%,4.3%
27601,羞羞的铁拳,18.0%,1003.98,6,20.3%,5.0%
27602,常在你左右,9.3%,519.65,16,4.7%,14.3%
27603,天才枪手,8.8%,492.49,6,11.1%,5.3%
27604,缝纫机乐队,6.8%,379.08,7,7.2%,6.2%
27605,追龙,4.7%,264.57,6,5.6%,6.1%
27606,全球风暴,4.5%,250.89,24,1.2%,12.7%
27607,十八洞村,3.8%,214.93,8,3.2%,7.9%
27608,时间去哪儿了,1.5%,83.57,8,1.0%,7.3%
27609,英伦对决,0.9%,55.05,4,1.4%,4.5%
27610,昆塔：反转星球,0.9%,51.29,39,<0.1%,43.7%
27611,银翼杀手2049,0.7%,40.99,7,0.6%,4.0%
27612,空天猎,0.6%,38.08,6,0.4%,7.1%
27613,你若安好,0.5%,28.26,18,0.1%,25.5%
27614,六年，六天,0.4%,22.80,14,0.1%,17.9%
27615,我的爸爸是森林之王,0.3%,20.55,3,1.4%,2.1%
27616,胡杨的夏天,0.3%,19.52,6,0.4%,6.1%
27617,相爱相亲,0.2%,14.57,142,<0.1%,100%
27618,战狼2,0.2%,14.16,5,0.3%,5.6%
27619,怨灵2,0.2%,11.33,4,0.4%,4.5%
27620,恐怖电影院2,0.1%,10.46,2,0.7%,2.3%
27621,火力全开,0.1%,9.75,2,0.7%,1.8%
27622,看不见的客人,0.1%,9.69,5,0.2%,5.7%
27623,蝴蝶公墓,0.1%,8.14,1,1.5%,0.8%
27624,情遇曼哈顿,0.1%,6.32,2,0.6%,1.3%
27625,坑爹游戏,0.1%,6.11,2,0.5%,1.9%
27626,爱情邮局,<0.1%,5.21,3,0.3%,3.5%
27627,云上石头城,<0.1%,3.87,19,<0.1%,12.4%
27628,血战湘江,<0.1%,3.22,58,<0.1%,66.0%
27629,李三娘,<0.1%,1.76,92,<0.1%,100%
27630,情比山高,<0.1%,1.72,2,0.1%,1.7%
27631,建军大业,<0.1%,1.62,32,<0.1%,47.5%
27632,咕噜咕噜美人鱼,<0.1%,1.52,1,0.3%,0.7%
27633,商魂,<0.1%,1.50,171,<0.1%,--
27634,童话先生,<0.1%,1.34,4,<0.1%,4.2%
27635,回到火星,<0.1%,1.00,2,0.1%,1.6%
27636,建党伟业,<0.1%,1.00,111,<0.1%,--
27637,全球风暴,51.4%,6505.44,22,32.5%,14.3%
27638,银翼杀手2049,12.7%,1607.66,9,20.5%,6.8%
27639,王牌特工2：黄金圈,10.8%,1374.35,15,10.1%,12.9%
27640,常在你左右,8.0%,1022.78,9,14.8%,9.0%
27641,羞羞的铁拳,6.7%,856.50,13,7.8%,12.0%
27642,十八洞村,2.4%,312.99,30,1.1%,36.3%
27643,天才枪手,2.3%,292.25,14,2.5%,13.2%
27644,缝纫机乐队,1.6%,211.34,12,2.0%,12.4%
27645,追龙,0.6%,79.67,10,1.1%,10.3%
27646,我的爸爸是森林之王,0.4%,53.50,8,0.9%,8.7%
27647,昆塔：反转星球,0.4%,52.13,47,<0.1%,54.0%
27648,因为爱情,0.3%,50.36,2,3.8%,2.1%
27649,你若安好,0.3%,47.24,43,<0.1%,74.9%
27650,六年，六天,0.3%,45.21,46,<0.1%,88.5%
27651,英伦对决,0.2%,25.89,8,0.3%,7.8%
27652,空天猎,0.1%,18.57,17,0.1%,22.1%
27653,胡杨的夏天,0.1%,14.92,9,0.2%,9.3%
27654,战狼2,<0.1%,9.03,8,0.1%,9.5%
27655,怨灵2,<0.1%,4.66,7,0.1%,8.3%
27656,云上石头城,<0.1%,4.64,23,<0.1%,15.3%
27657,血战湘江,<0.1%,4.19,66,<0.1%,100%
27658,咕噜咕噜美人鱼,<0.1%,3.90,3,0.2%,3.5%
27659,看不见的客人,<0.1%,2.86,7,<0.1%,8.3%
27660,恐怖电影院2,<0.1%,2.86,2,0.1%,2.8%
27661,火力全开,<0.1%,2.19,3,<0.1%,3.8%
27662,建军大业,<0.1%,1.83,46,<0.1%,91.0%
27663,情比山高,<0.1%,1.70,6,<0.1%,13.6%
27664,一江春水向东流,<0.1%,1.61,4,<0.1%,3.6%
27665,李三娘,<0.1%,1.54,67,<0.1%,100%
27666,建党伟业,<0.1%,1.50,112,<0.1%,--
27667,相爱相亲,<0.1%,1.36,18,<0.1%,74.8%
27668,坑爹游戏,<0.1%,1.19,3,<0.1%,5.4%
27669,童话先生,<0.1%,1.12,10,<0.1%,15.5%
27670,七十七天,<0.1%,1.10,49,<0.1%,50.4%
27671,全球风暴,47.4%,8791.91,28,33.5%,17.8%
27672,王牌特工2：黄金圈,14.2%,2642.26,25,11.0%,22.2%
27673,银翼杀手2049,10.5%,1961.86,12,17.6%,9.1%
27674,羞羞的铁拳,9.6%,1795.63,21,9.4%,20.3%
27675,常在你左右,4.3%,809.96,9,11.8%,8.3%
27676,天才枪手,3.5%,662.38,25,3.1%,24.4%
27677,我的爸爸是森林之王,2.5%,477.68,16,3.9%,16.8%
27678,缝纫机乐队,2.3%,433.73,20,2.4%,20.9%
27679,十八洞村,1.9%,359.10,36,0.9%,41.9%
27680,追龙,0.8%,149.80,15,1.3%,16.7%
27681,因为爱情,0.3%,59.35,6,1.3%,6.3%
27682,昆塔：反转星球,0.2%,53.01,26,<0.1%,33.9%
27683,六年，六天,0.2%,48.47,69,<0.1%,100%
27684,你若安好,0.2%,46.28,60,<0.1%,100%
27685,咕噜咕噜美人鱼,0.2%,40.77,8,0.7%,8.4%
27686,英伦对决,0.1%,33.85,10,0.3%,10.6%
27687,七十七天,0.1%,21.71,27,<0.1%,28.0%
27688,战狼2,<0.1%,18.20,14,0.1%,16.7%
27689,胡杨的夏天,<0.1%,17.11,10,0.2%,9.7%
27690,空天猎,<0.1%,14.24,13,0.1%,17.1%
27691,怨灵2,<0.1%,8.80,9,0.1%,10.6%
27692,相爱相亲,<0.1%,8.16,39,<0.1%,40.3%
27693,火力全开,<0.1%,7.30,10,<0.1%,12.4%
27694,云上石头城,<0.1%,6.99,36,<0.1%,21.7%
27695,看不见的客人,<0.1%,6.77,12,<0.1%,15.2%
27696,钢铁飞龙之再见奥特曼,<0.1%,6.42,4,0.2%,4.8%
27697,我只认识你,<0.1%,5.65,942,<0.1%,89.0%
27698,恐怖电影院2,<0.1%,4.96,3,0.2%,4.6%
27699,邹碧华,<0.1%,3.00,1000,<0.1%,--
27700,密战,<0.1%,2.85,61,<0.1%,57.7%
27701,建军大业,<0.1%,2.26,59,<0.1%,58.6%
27702,童话先生,<0.1%,2.01,18,<0.1%,30.4%
27703,李三娘,<0.1%,1.87,70,<0.1%,100%
27704,大闹天宫,<0.1%,1.67,5,<0.1%,5.1%
27705,一江春水向东流,<0.1%,1.54,5,<0.1%,4.2%
27706,时间去哪儿了,<0.1%,1.42,6,<0.1%,6.6%
27707,商魂,<0.1%,1.39,113,<0.1%,100%
27708,生门,<0.1%,1.36,55,<0.1%,63.0%
27709,天若有情,<0.1%,1.27,58,<0.1%,--
27710,摇摇晃晃的人间,<0.1%,1.23,28,<0.1%,44.8%
27711,蝴蝶公墓,<0.1%,1.13,2,0.1%,2.0%
27712,大爱无言,<0.1%,1.11,16,<0.1%,23.4%
27713,血战湘江,<0.1%,1.07,39,<0.1%,63.4%
27714,铁道飞虎,<0.1%,1.00,83,<0.1%,100%
27715,全球风暴,46.1%,7061.25,22,33.7%,14.0%
27716,王牌特工2：黄金圈,13.8%,2117.54,18,12.2%,15.7%
27717,羞羞的铁拳,10.3%,1575.98,16,10.8%,15.0%
27718,银翼杀手2049,9.5%,1457.60,10,15.0%,8.0%
27719,常在你左右,4.0%,613.56,7,10.3%,7.3%
27720,天才枪手,3.8%,582.65,19,3.6%,18.1%
27721,我的爸爸是森林之王,3.6%,559.25,17,4.3%,18.0%
27722,缝纫机乐队,2.6%,400.85,17,2.7%,16.7%
27723,十八洞村,2.4%,368.66,40,0.9%,44.7%
27724,追龙,0.9%,150.83,14,1.5%,14.8%
27725,因为爱情,0.4%,76.32,7,1.2%,8.2%
27726,咕噜咕噜美人鱼,0.3%,48.20,9,0.7%,9.8%
27727,你若安好,0.3%,46.10,60,<0.1%,100%
27728,六年，六天,0.2%,42.32,66,<0.1%,100%
27729,英伦对决,0.2%,36.63,10,0.3%,10.9%
27730,空天猎,<0.1%,13.52,12,0.1%,15.4%
27731,昆塔：反转星球,<0.1%,12.84,11,<0.1%,15.6%
27732,相爱相亲,<0.1%,9.53,40,<0.1%,42.2%
27733,胡杨的夏天,<0.1%,9.00,6,0.1%,5.7%
27734,看不见的客人,<0.1%,7.80,12,<0.1%,14.6%
27735,火力全开,<0.1%,6.68,9,<0.1%,10.2%
27736,钢铁飞龙之再见奥特曼,<0.1%,6.53,4,0.2%,4.9%
27737,怨灵2,<0.1%,6.37,6,0.1%,7.3%
27738,云上石头城,<0.1%,6.31,33,<0.1%,19.4%
27739,恐怖电影院2,<0.1%,3.69,3,0.2%,3.4%
27740,七十七天,<0.1%,3.44,63,<0.1%,90.0%
27741,大闹天宫,<0.1%,2.70,7,<0.1%,7.6%
27742,我的妈呀,<0.1%,2.47,42,<0.1%,89.1%
27743,天若有情,<0.1%,2.00,72,<0.1%,--
27744,李三娘,<0.1%,1.78,72,<0.1%,100%
27745,坑爹游戏,<0.1%,1.58,4,<0.1%,7.1%
27746,童话先生,<0.1%,1.54,18,<0.1%,21.0%
27747,情遇曼哈顿,<0.1%,1.51,4,<0.1%,6.2%
27748,一江春水向东流,<0.1%,1.46,4,<0.1%,3.4%
27749,时间去哪儿了,<0.1%,1.45,6,<0.1%,6.7%
27750,生门,<0.1%,1.26,51,<0.1%,57.3%
27751,蝴蝶公墓,<0.1%,1.03,1,0.1%,1.7%
27752,商魂,<0.1%,1.02,103,<0.1%,100%
27753,回到火星,<0.1%,1.01,4,<0.1%,3.8%
27754,建党伟业,<0.1%,1.00,111,<0.1%,--
27755,全球风暴,48.5%,3041.40,10,35.0%,6.5%
27756,王牌特工2：黄金圈,12.2%,764.66,7,13.4%,5.7%
27757,羞羞的铁拳,9.7%,613.47,7,11.6%,6.0%
27758,银翼杀手2049,8.1%,512.56,5,13.8%,3.5%
27759,常在你左右,5.2%,330.66,5,9.9%,4.4%
27760,十八洞村,3.5%,221.10,26,0.9%,30.2%
27761,天才枪手,3.1%,197.75,6,4.4%,5.6%
27762,缝纫机乐队,2.9%,184.19,7,3.3%,7.0%
27763,追龙,1.2%,78.42,8,1.6%,8.3%
27764,你若安好,0.8%,54.61,66,<0.1%,100%
27765,六年，六天,0.8%,52.41,66,<0.1%,87.9%
27766,英伦对决,0.4%,28.50,7,0.4%,6.1%
27767,我的爸爸是森林之王,0.3%,22.28,3,1.3%,2.5%
27768,因为爱情,0.1%,10.68,2,1.1%,1.4%
27769,空天猎,0.1%,9.84,7,0.1%,6.7%
27770,怨灵2,<0.1%,6.10,5,0.2%,5.2%
27771,看不见的客人,<0.1%,4.26,5,<0.1%,6.4%
27772,云上石头城,<0.1%,3.82,19,<0.1%,11.4%
27773,恐怖电影院2,<0.1%,2.94,2,0.2%,2.3%
27774,大闹天宫,<0.1%,2.89,21,<0.1%,22.0%
27775,胡杨的夏天,<0.1%,2.32,2,0.2%,1.3%
27776,密战,<0.1%,1.92,84,<0.1%,44.2%
27777,那一场呼啸而过的青春,<0.1%,1.67,40,<0.1%,98.9%
27778,李三娘,<0.1%,1.62,70,<0.1%,100%
27779,火力全开,<0.1%,1.58,2,0.1%,2.2%
27780,建军大业,<0.1%,1.36,52,<0.1%,25.1%
27781,坑爹游戏,<0.1%,1.33,4,<0.1%,6.1%
27782,咕噜咕噜美人鱼,<0.1%,1.17,1,0.2%,0.9%
27783,情遇曼哈顿,<0.1%,1.03,2,0.1%,1.6%
27784,建党伟业,<0.1%,1.00,111,<0.1%,--
27785,全球风暴,45.5%,2843.52,10,35.0%,6.1%
27786,王牌特工2：黄金圈,12.4%,779.43,7,13.7%,5.6%
27787,羞羞的铁拳,10.5%,657.72,7,12.1%,6.1%
27788,银翼杀手2049,7.4%,464.49,5,12.5%,3.6%
27789,常在你左右,6.4%,403.75,6,9.7%,5.6%
27790,十八洞村,3.4%,216.13,25,0.9%,30.8%
27791,缝纫机乐队,3.3%,207.30,8,3.6%,7.2%
27792,天才枪手,3.2%,202.16,6,4.7%,5.4%
27793,追龙,1.4%,91.16,8,1.8%,8.4%
27794,你若安好,0.9%,56.59,65,<0.1%,100%
27795,六年，六天,0.8%,52.75,67,<0.1%,92.5%
27796,我的爸爸是森林之王,0.4%,25.09,3,1.3%,3.0%
27797,英伦对决,0.3%,23.91,9,0.2%,10.4%
27798,怨灵2,0.2%,13.94,6,0.3%,7.2%
27799,密战,0.2%,13.75,131,<0.1%,100%
27800,空天猎,0.1%,10.99,11,<0.1%,14.0%
27801,七十七天,0.1%,7.91,133,<0.1%,100.0%
27802,因为爱情,0.1%,6.68,1,0.9%,1.0%
27803,建军大业,0.1%,6.39,102,<0.1%,74.1%
27804,恐怖电影院2,0.1%,6.26,3,0.3%,3.5%
27805,看不见的客人,<0.1%,4.43,6,0.1%,6.2%
27806,云上石头城,<0.1%,3.16,14,<0.1%,8.4%
27807,咕噜咕噜美人鱼,<0.1%,2.85,3,0.2%,2.6%
27808,胡杨的夏天,<0.1%,2.28,2,0.2%,1.3%
27809,李三娘,<0.1%,2.09,88,<0.1%,100%
27810,坑爹游戏,<0.1%,1.70,4,<0.1%,5.0%
27811,战狼2,<0.1%,1.37,38,<0.1%,47.9%
27812,火力全开,<0.1%,1.36,2,0.1%,1.8%
27813,回到火星,<0.1%,1.32,2,0.1%,1.8%
27814,大闹天宫,<0.1%,1.21,10,<0.1%,10.8%
27815,十三根金条,<0.1%,1.19,118,<0.1%,77.8%
27816,情遇曼哈顿,<0.1%,1.14,2,0.1%,1.5%
27817,时间去哪儿了,<0.1%,1.10,4,<0.1%,4.3%
27818,铁道飞虎,<0.1%,1.10,110,<0.1%,--
27819,蝴蝶公墓,<0.1%,1.05,1,0.1%,1.3%
27820,天若有情,<0.1%,1.03,65,<0.1%,--
27821,全球风暴,45.3%,2526.91,9,35.2%,5.4%
27822,王牌特工2：黄金圈,12.9%,720.46,6,14.0%,5.1%
27823,羞羞的铁拳,11.0%,618.26,6,12.7%,5.5%
27824,银翼杀手2049,7.4%,413.96,4,11.8%,3.4%
27825,常在你左右,5.2%,291.84,5,9.2%,4.3%
27826,十八洞村,3.7%,211.60,27,0.8%,32.9%
27827,缝纫机乐队,3.5%,198.44,7,3.8%,6.4%
27828,天才枪手,3.4%,194.25,6,4.8%,5.0%
27829,追龙,1.6%,94.52,8,2.1%,7.8%
27830,六年，六天,0.9%,52.59,64,<0.1%,90.5%
27831,你若安好,0.9%,52.44,61,<0.1%,100%
27832,英伦对决,0.3%,20.92,8,0.2%,8.1%
27833,我的爸爸是森林之王,0.3%,20.49,3,1.2%,2.7%
27834,怨灵2,0.1%,10.01,5,0.3%,5.4%
27835,因为爱情,0.1%,6.48,1,0.9%,1.0%
27836,密战,<0.1%,5.03,1252,<0.1%,91.4%
27837,看不见的客人,<0.1%,4.13,5,0.1%,5.5%
27838,恐怖电影院2,<0.1%,3.64,2,0.2%,2.5%
27839,云上石头城,<0.1%,2.62,12,<0.1%,7.4%
27840,空天猎,<0.1%,2.22,4,<0.1%,4.8%
27841,雷神3：诸神黄昏,<0.1%,1.79,179,<0.1%,--
27842,识色，幸也,<0.1%,1.78,166,<0.1%,--
27843,李三娘,<0.1%,1.65,79,<0.1%,100%
27844,咕噜咕噜美人鱼,<0.1%,1.61,2,0.2%,1.6%
27845,坑爹游戏,<0.1%,1.59,4,<0.1%,4.5%
27846,火力全开,<0.1%,1.44,2,0.1%,1.9%
27847,天若有情,<0.1%,1.43,75,<0.1%,--
27848,昆塔：反转星球,<0.1%,1.33,9,<0.1%,8.4%
27849,胡杨的夏天,<0.1%,1.30,1,0.2%,0.8%
27850,七十七天,<0.1%,1.17,81,<0.1%,78.8%
27851,建党伟业,<0.1%,1.10,110,<0.1%,--
27852,诡梦凶铃,<0.1%,1.01,101,<0.1%,100.0%
27853,全球风暴,36.9%,2096.57,7,34.4%,4.5%
27854,雷神3：诸神黄昏,13.0%,740.64,40,2.0%,20.7%
27855,王牌特工2：黄金圈,11.6%,658.03,6,13.7%,4.6%
27856,羞羞的铁拳,10.0%,572.11,6,12.7%,4.9%
27857,银翼杀手2049,6.3%,360.12,4,11.1%,3.1%
27858,常在你左右,4.2%,239.57,4,8.9%,3.6%
27859,十八洞村,3.9%,224.14,28,0.8%,33.9%
27860,缝纫机乐队,3.2%,184.67,6,3.9%,5.8%
27861,天才枪手,3.2%,184.05,5,4.7%,4.8%
27862,追龙,1.5%,86.77,7,2.1%,6.8%
27863,六年，六天,0.9%,55.67,66,<0.1%,100%
27864,你若安好,0.8%,50.25,57,<0.1%,100%
27865,英伦对决,0.3%,20.32,7,0.2%,7.8%
27866,我的爸爸是森林之王,0.3%,18.11,3,1.2%,2.3%
27867,密战,0.2%,13.50,8,0.2%,7.6%
27868,怨灵2,0.1%,8.67,4,0.3%,4.6%
27869,相爱相亲,0.1%,7.17,15,<0.1%,20.4%
27870,因为爱情,<0.1%,5.31,1,0.8%,0.9%
27871,看不见的客人,<0.1%,4.35,5,0.1%,5.5%
27872,胡杨的夏天,<0.1%,3.42,2,0.2%,1.9%
27873,云上石头城,<0.1%,2.51,11,<0.1%,7.3%
27874,七十七天,<0.1%,2.48,22,<0.1%,26.1%
27875,恐怖电影院2,<0.1%,2.16,2,0.2%,1.7%
27876,坑爹游戏,<0.1%,1.82,4,<0.1%,5.1%
27877,空天猎,<0.1%,1.68,3,<0.1%,3.6%
27878,李三娘,<0.1%,1.47,62,<0.1%,100%
27879,血战湘江,<0.1%,1.34,93,<0.1%,46.0%
27880,宝贝特攻,<0.1%,1.32,131,<0.1%,100%
27881,蝴蝶公墓,<0.1%,1.29,1,0.1%,1.2%
27882,诡梦凶铃,<0.1%,1.18,58,<0.1%,75.3%
27883,情遇曼哈顿,<0.1%,1.15,2,0.1%,1.6%
27884,十三根金条,<0.1%,1.14,64,<0.1%,55.4%
27885,咕噜咕噜美人鱼,<0.1%,1.14,1,0.2%,1.1%
27886,火力全开,<0.1%,1.06,2,0.1%,1.5%
27887,建党伟业,<0.1%,1.00,100,<0.1%,--
27888,雷神3：诸神黄昏,68.1%,10599.63,27,41.6%,17.4%
27889,密战,11.1%,1734.85,12,18.7%,10.6%
27890,全球风暴,7.8%,1221.85,11,12.0%,10.0%
27891,羞羞的铁拳,2.1%,339.10,10,3.8%,10.5%
27892,王牌特工2：黄金圈,1.8%,291.11,9,3.3%,9.1%
27893,七十七天,1.7%,267.63,6,5.2%,7.2%
27894,相爱相亲,1.4%,232.19,4,6.8%,4.3%
27895,十八洞村,1.2%,196.91,52,0.3%,60.0%
27896,银翼杀手2049,0.6%,100.97,9,1.0%,9.7%
27897,缝纫机乐队,0.4%,77.43,10,0.8%,11.0%
27898,天才枪手,0.4%,71.34,10,0.8%,9.6%
27899,常在你左右,0.4%,62.52,7,1.1%,7.5%
27900,六年，六天,0.2%,44.42,78,<0.1%,100%
27901,你若安好,0.2%,43.32,76,<0.1%,100%
27902,我的爸爸是森林之王,0.2%,37.18,7,0.8%,6.6%
27903,追龙,0.1%,19.22,8,0.4%,8.1%
27904,识色，幸也,<0.1%,14.81,3,0.7%,2.7%
27905,英伦对决,<0.1%,11.35,12,<0.1%,12.3%
27906,怨灵2,<0.1%,7.16,7,0.1%,7.9%
27907,宝贝特攻,<0.1%,3.87,1,0.5%,0.9%
27908,云上石头城,<0.1%,3.85,25,<0.1%,26.2%
27909,咕噜咕噜美人鱼,<0.1%,3.79,5,0.1%,6.3%
27910,诡梦凶铃,<0.1%,3.12,67,<0.1%,100%
27911,我们全家不太熟,<0.1%,2.52,2,0.2%,1.6%
27912,恐怖电影院2,<0.1%,1.82,2,0.1%,3.4%
27913,看不见的客人,<0.1%,1.49,6,<0.1%,7.8%
27914,情遇曼哈顿,<0.1%,1.48,3,<0.1%,3.1%
27915,天梯：蔡国强的艺术,<0.1%,1.38,96,<0.1%,54.7%
27916,李三娘,<0.1%,1.17,61,<0.1%,100%
27917,铁道飞虎,<0.1%,1.10,110,<0.1%,98.2%
27918,雷神3：诸神黄昏,65.4%,14518.59,34,43.9%,22.0%
27919,全球风暴,9.7%,2156.51,19,12.1%,17.4%
27920,密战,8.2%,1826.89,13,16.9%,12.0%
27921,羞羞的铁拳,3.5%,798.39,19,4.6%,20.3%
27922,王牌特工2：黄金圈,2.9%,645.22,18,3.5%,18.5%
27923,七十七天,1.8%,409.04,14,3.3%,15.3%
27924,我的爸爸是森林之王,1.7%,396.49,15,3.5%,15.9%
27925,相爱相亲,1.0%,226.88,6,4.0%,6.6%
27926,银翼杀手2049,0.8%,198.75,19,0.9%,20.7%
27927,天才枪手,0.8%,182.66,21,0.9%,20.6%
27928,缝纫机乐队,0.7%,175.12,19,1.0%,21.1%
27929,十八洞村,0.7%,158.14,49,0.3%,61.5%
27930,常在你左右,0.4%,91.82,9,1.2%,10.1%
27931,六年，六天,0.1%,42.09,73,<0.1%,100%
27932,你若安好,0.1%,37.86,70,<0.1%,100%
27933,追龙,0.1%,37.21,13,0.4%,14.3%
27934,咕噜咕噜美人鱼,0.1%,25.14,7,0.5%,8.7%
27935,时间去哪儿了,0.1%,24.25,43,<0.1%,50.9%
27936,英伦对决,<0.1%,12.20,13,<0.1%,14.0%
27937,怨灵2,<0.1%,11.43,10,0.1%,11.9%
27938,识色，幸也,<0.1%,9.36,4,0.3%,4.5%
27939,回到火星,<0.1%,8.06,17,<0.1%,12.3%
27940,云上石头城,<0.1%,6.35,34,<0.1%,35.8%
27941,宝贝特攻,<0.1%,4.60,2,0.3%,1.9%
27942,看不见的客人,<0.1%,3.84,12,<0.1%,15.0%
27943,恐怖电影院2,<0.1%,3.78,4,0.1%,6.0%
27944,昆塔：反转星球,<0.1%,3.23,19,<0.1%,21.5%
27945,我们全家不太熟,<0.1%,3.21,2,0.2%,1.7%
27946,生门,<0.1%,2.58,60,<0.1%,94.1%
27947,诡梦凶铃,<0.1%,2.42,79,<0.1%,69.4%
27948,大闹天宫,<0.1%,1.95,7,<0.1%,7.6%
27949,天若有情,<0.1%,1.89,76,<0.1%,--
27950,托马斯大电影之了不起的比赛,<0.1%,1.82,21,<0.1%,19.4%
27951,胡杨的夏天,<0.1%,1.78,11,<0.1%,19.2%
27952,因为爱情,<0.1%,1.58,4,<0.1%,4.8%
27953,建党伟业,<0.1%,1.50,112,<0.1%,--
27954,我的老兵爷爷,<0.1%,1.34,268,<0.1%,93.0%
27955,情遇曼哈顿,<0.1%,1.31,3,<0.1%,2.9%
27956,李三娘,<0.1%,1.20,78,<0.1%,100%
27957,天梯：蔡国强的艺术,<0.1%,1.03,51,<0.1%,39.0%
27958,雷神3：诸神黄昏,61.2%,10410.14,24,43.8%,15.8%
27959,全球风暴,10.3%,1752.49,15,12.4%,14.0%
27960,密战,8.1%,1388.16,11,15.8%,9.9%
27961,羞羞的铁拳,4.1%,700.78,15,5.2%,15.3%
27962,王牌特工2：黄金圈,3.0%,516.09,14,3.7%,14.2%
27963,七十七天,2.6%,452.62,15,3.5%,16.1%
27964,我的爸爸是森林之王,2.5%,434.02,16,3.7%,16.3%
27965,相爱相亲,1.2%,216.33,7,3.4%,7.1%
27966,银翼杀手2049,1.0%,170.26,16,0.9%,17.6%
27967,十八洞村,0.9%,156.86,48,0.3%,60.0%
27968,天才枪手,0.9%,156.10,17,1.0%,16.0%
27969,缝纫机乐队,0.9%,153.44,15,1.2%,16.1%
27970,常在你左右,0.3%,62.93,6,1.2%,6.8%
27971,六年，六天,0.2%,48.73,76,<0.1%,100%
27972,你若安好,0.2%,41.81,71,<0.1%,100%
27973,追龙,0.1%,33.44,11,0.5%,12.6%
27974,咕噜咕噜美人鱼,0.1%,25.08,7,0.5%,8.2%
27975,时间去哪儿了,0.1%,23.99,43,<0.1%,54.4%
27976,兄弟，别闹！,<0.1%,16.68,20,0.1%,19.1%
27977,英伦对决,<0.1%,11.75,12,<0.1%,13.4%
27978,识色，幸也,<0.1%,9.47,5,0.2%,5.9%
27979,怨灵2,<0.1%,7.52,7,0.1%,7.7%
27980,捍卫者,<0.1%,5.52,44,<0.1%,35.1%
27981,看不见的客人,<0.1%,3.98,11,<0.1%,14.5%
27982,云上石头城,<0.1%,3.84,23,<0.1%,24.5%
27983,宝贝特攻,<0.1%,3.69,2,0.2%,2.0%
27984,恐怖电影院2,<0.1%,3.01,3,0.1%,4.3%
27985,天生不对,<0.1%,2.97,166,<0.1%,100.0%
27986,猪太狼的夏天,<0.1%,2.07,345,<0.1%,100.0%
27987,生门,<0.1%,1.90,56,<0.1%,94.3%
27988,诡梦凶铃,<0.1%,1.69,55,<0.1%,54.9%
27989,我们全家不太熟,<0.1%,1.67,2,0.1%,1.3%
27990,胡杨的夏天,<0.1%,1.63,11,<0.1%,17.1%
27991,铁道飞虎,<0.1%,1.50,112,<0.1%,--
27992,嘉年华,<0.1%,1.27,131,<0.1%,100.0%
27993,托马斯大电影之了不起的比赛,<0.1%,1.21,12,<0.1%,13.0%
27994,坑爹游戏,<0.1%,1.17,15,<0.1%,24.1%
27995,大闹天宫,<0.1%,1.11,4,<0.1%,4.0%
27996,空天猎,<0.1%,1.10,8,<0.1%,13.6%
27997,天若有情,<0.1%,1.09,58,<0.1%,--
27998,天梯：蔡国强的艺术,<0.1%,1.02,63,<0.1%,49.9%
27999,雷神3：诸神黄昏,55.9%,3946.64,11,43.1%,6.8%
28000,全球风暴,10.8%,765.20,7,13.5%,6.2%
28001,密战,9.7%,687.09,6,15.8%,5.4%
28002,羞羞的铁拳,4.0%,286.70,6,6.0%,6.0%
28003,七十七天,3.9%,281.60,9,4.1%,9.1%
28004,十八洞村,3.1%,224.29,54,0.4%,70.0%
28005,王牌特工2：黄金圈,2.5%,182.37,5,4.2%,4.9%
28006,相爱相亲,1.5%,111.94,4,3.4%,4.0%
28007,缝纫机乐队,1.0%,73.08,7,1.5%,6.8%
28008,银翼杀手2049,0.8%,58.01,6,1.0%,6.1%
28009,你若安好,0.7%,50.60,75,<0.1%,100%
28010,天才枪手,0.6%,47.71,5,1.2%,4.9%
28011,六年，六天,0.6%,47.39,68,<0.1%,100%
28012,常在你左右,0.6%,42.87,4,1.4%,4.4%
28013,追龙,0.2%,19.91,6,0.6%,6.9%
28014,我的爸爸是森林之王,0.1%,12.73,2,1.1%,1.7%
28015,英伦对决,0.1%,10.35,10,0.1%,10.6%
28016,天生不对,0.1%,8.97,117,<0.1%,68.3%
28017,怨灵2,<0.1%,5.24,5,0.1%,5.2%
28018,识色，幸也,<0.1%,4.59,3,0.2%,3.2%
28019,东方快车谋杀案,<0.1%,3.37,141,<0.1%,--
28020,狂兽,<0.1%,3.33,78,<0.1%,42.5%
28021,胡杨的夏天,<0.1%,2.66,19,<0.1%,31.2%
28022,看不见的客人,<0.1%,1.83,5,<0.1%,6.0%
28023,恐怖电影院2,<0.1%,1.66,2,0.1%,2.3%
28024,云上石头城,<0.1%,1.53,8,<0.1%,8.1%
28025,情遇曼哈顿,<0.1%,1.43,3,<0.1%,3.2%
28026,时间去哪儿了,<0.1%,1.42,14,<0.1%,19.9%
28027,诡梦凶铃,<0.1%,1.33,89,<0.1%,82.5%
28028,建党伟业,<0.1%,1.30,95,<0.1%,--
28029,十三根金条,<0.1%,1.15,54,<0.1%,34.8%
28030,李三娘,<0.1%,1.03,72,<0.1%,100%
28031,雷神3：诸神黄昏,50.9%,3306.76,9,42.6%,5.8%
28032,全球风暴,11.5%,750.24,7,13.7%,6.0%
28033,密战,9.7%,635.95,6,15.2%,5.2%
28034,七十七天,6.0%,389.95,10,4.8%,10.7%
28035,羞羞的铁拳,4.3%,280.90,6,6.3%,5.7%
28036,十八洞村,3.7%,241.14,56,0.4%,73.1%
28037,王牌特工2：黄金圈,2.6%,173.53,5,4.3%,4.6%
28038,相爱相亲,1.6%,106.30,4,3.2%,4.1%
28039,缝纫机乐队,1.1%,73.22,6,1.5%,6.5%
28040,六年，六天,0.9%,64.18,84,<0.1%,100%
28041,银翼杀手2049,0.9%,58.65,6,1.0%,6.2%
28042,你若安好,0.8%,54.73,77,<0.1%,100%
28043,天才枪手,0.6%,44.17,5,1.2%,4.4%
28044,常在你左右,0.6%,41.00,4,1.5%,4.0%
28045,追龙,0.3%,19.80,6,0.6%,6.2%
28046,我的爸爸是森林之王,0.1%,11.91,2,1.0%,1.8%
28047,兄弟，别闹！,0.1%,9.23,141,<0.1%,--
28048,英伦对决,0.1%,9.09,9,0.1%,9.5%
28049,怨灵2,<0.1%,5.32,5,0.1%,4.9%
28050,天生不对,<0.1%,3.63,133,<0.1%,75.3%
28051,狂兽,<0.1%,2.82,45,<0.1%,37.6%
28052,识色，幸也,<0.1%,2.13,2,0.2%,1.7%
28053,云上石头城,<0.1%,1.72,12,<0.1%,9.8%
28054,恐怖电影院2,<0.1%,1.58,2,0.1%,2.2%
28055,看不见的客人,<0.1%,1.48,5,<0.1%,5.2%
28056,诡梦凶铃,<0.1%,1.36,90,<0.1%,83.5%
28057,十三根金条,<0.1%,1.24,48,<0.1%,42.9%
28058,李三娘,<0.1%,1.20,77,<0.1%,100%
28059,大耳朵图图之美食狂想曲,<0.1%,1.14,210,<0.1%,--
28060,建党伟业,<0.1%,1.10,74,<0.1%,--
28061,雷神3：诸神黄昏,48.3%,2959.49,9,41.9%,5.3%
28062,全球风暴,11.6%,715.31,7,13.8%,5.7%
28063,密战,9.6%,591.84,6,14.9%,5.0%
28064,七十七天,8.1%,497.90,11,5.7%,11.4%
28065,羞羞的铁拳,4.4%,272.50,6,6.4%,5.4%
28066,十八洞村,4.2%,261.92,57,0.4%,74.7%
28067,王牌特工2：黄金圈,2.6%,160.41,5,4.2%,4.4%
28068,相爱相亲,1.8%,114.09,5,3.1%,4.5%
28069,缝纫机乐队,1.1%,68.38,6,1.6%,5.8%
28070,你若安好,1.0%,66.21,83,<0.1%,100%
28071,六年，六天,1.0%,62.33,69,<0.1%,100%
28072,银翼杀手2049,0.8%,50.39,6,1.0%,5.4%
28073,天才枪手,0.6%,40.69,5,1.1%,4.1%
28074,常在你左右,0.6%,37.49,4,1.5%,3.7%
28075,追龙,0.3%,18.54,6,0.6%,5.8%
28076,我的爸爸是森林之王,0.2%,14.01,2,0.9%,2.1%
28077,英伦对决,0.1%,8.70,9,0.1%,9.2%
28078,怨灵2,<0.1%,5.62,5,0.1%,4.9%
28079,天生不对,<0.1%,3.37,92,<0.1%,66.9%
28080,识色，幸也,<0.1%,2.39,2,0.2%,2.2%
28081,时间去哪儿了,<0.1%,2.22,40,<0.1%,78.2%
28082,云上石头城,<0.1%,2.15,3,<0.1%,3.2%
28083,狂兽,<0.1%,1.82,27,<0.1%,22.1%
28084,恐怖电影院2,<0.1%,1.74,2,0.1%,2.4%
28085,十三根金条,<0.1%,1.68,67,<0.1%,51.4%
28086,看不见的客人,<0.1%,1.54,4,<0.1%,5.3%
28087,诡梦凶铃,<0.1%,1.21,79,<0.1%,85.0%
28088,血战湘江,<0.1%,1.20,101,<0.1%,59.0%
28089,建党伟业,<0.1%,1.10,110,<0.1%,--
28090,雷神3：诸神黄昏,45.7%,2559.33,8,41.1%,4.6%
28091,全球风暴,11.6%,650.76,6,13.7%,5.1%
28092,七十七天,9.4%,527.56,11,6.4%,10.5%
28093,密战,9.1%,510.79,5,14.6%,4.4%
28094,羞羞的铁拳,4.5%,253.72,5,6.4%,5.0%
28095,十八洞村,4.4%,248.97,55,0.4%,73.4%
28096,王牌特工2：黄金圈,2.6%,149.86,5,4.1%,4.1%
28097,相爱相亲,1.9%,111.77,5,3.0%,4.5%
28098,缝纫机乐队,1.1%,64.65,6,1.6%,5.4%
28099,东方快车谋杀案,1.0%,60.80,15,0.5%,9.5%
28100,你若安好,0.9%,54.76,79,<0.1%,100%
28101,六年，六天,0.9%,51.96,73,<0.1%,100%
28102,银翼杀手2049,0.8%,48.61,6,1.0%,5.3%
28103,狂兽,0.7%,39.31,11,0.4%,7.7%
28104,天才枪手,0.6%,37.97,5,1.1%,4.1%
28105,常在你左右,0.5%,33.47,4,1.4%,3.3%
28106,追龙,0.3%,18.73,6,0.6%,6.3%
28107,我的爸爸是森林之王,0.1%,9.47,2,0.9%,1.6%
28108,英伦对决,0.1%,9.23,10,<0.1%,10.1%
28109,天生不对,0.1%,9.17,20,<0.1%,19.6%
28110,怨灵2,<0.1%,5.51,5,0.1%,5.0%
28111,血战湘江,<0.1%,3.18,145,<0.1%,88.9%
28112,烽火芳菲,<0.1%,2.63,7,<0.1%,7.1%
28113,诡梦凶铃,<0.1%,1.64,58,<0.1%,73.9%
28114,云上石头城,<0.1%,1.60,3,<0.1%,2.6%
28115,看不见的客人,<0.1%,1.56,5,<0.1%,6.2%
28116,铁道飞虎,<0.1%,1.50,112,<0.1%,--
28117,推理笔记,<0.1%,1.48,163,<0.1%,98.5%
28118,恐怖电影院2,<0.1%,1.48,2,0.1%,2.0%
28119,大闹天宫,<0.1%,1.47,26,<0.1%,32.8%
28120,不成问题的问题,<0.1%,1.46,266,<0.1%,--
28121,识色，幸也,<0.1%,1.35,1,0.2%,1.1%
28122,建军大业,<0.1%,1.35,113,<0.1%,88.5%
28123,东方快车谋杀案,30.2%,3288.50,16,23.2%,12.1%
28124,雷神3：诸神黄昏,29.1%,3166.32,16,20.0%,9.6%
28125,狂兽,15.8%,1717.86,9,21.1%,6.8%
28126,烽火芳菲,4.7%,515.22,6,10.2%,6.2%
28127,天生不对,4.0%,444.15,7,7.8%,6.6%
28128,兄弟，别闹！,3.8%,413.29,9,5.7%,9.0%
28129,七十七天,3.2%,350.84,21,1.7%,21.3%
28130,全球风暴,1.9%,214.43,10,2.2%,9.9%
28131,十八洞村,1.8%,197.75,61,0.2%,78.6%
28132,羞羞的铁拳,0.8%,94.44,9,1.1%,10.3%
28133,密战,0.5%,63.54,5,1.3%,5.6%
28134,你若安好,0.4%,49.23,91,<0.1%,100%
28135,六年，六天,0.3%,42.31,78,<0.1%,100%
28136,王牌特工2：黄金圈,0.3%,38.75,8,0.4%,9.5%
28137,相爱相亲,0.3%,37.05,11,0.3%,11.5%
28138,我的爸爸是森林之王,0.2%,24.80,8,0.4%,8.4%
28139,缝纫机乐队,0.1%,18.81,8,0.2%,10.0%
28140,银翼杀手2049,0.1%,18.67,11,0.1%,13.8%
28141,天才枪手,0.1%,13.76,9,0.1%,7.3%
28142,猪太狼的夏天,<0.1%,9.79,1,2.1%,0.8%
28143,常在你左右,<0.1%,7.34,5,0.1%,5.9%
28144,空天猎,<0.1%,6.64,55,<0.1%,100%
28145,诡梦凶铃,<0.1%,6.16,86,<0.1%,91.8%
28146,英伦对决,<0.1%,5.97,15,<0.1%,17.5%
28147,血战湘江,<0.1%,4.89,127,<0.1%,88.2%
28148,怨灵2,<0.1%,4.21,7,<0.1%,7.9%
28149,追龙,<0.1%,3.23,7,<0.1%,7.9%
28150,云上石头城,<0.1%,2.54,3,<0.1%,3.1%
28151,铁道飞虎,<0.1%,1.50,112,<0.1%,--
28152,恐怖电影院2,<0.1%,1.21,2,<0.1%,3.3%
28153,嘉年华,<0.1%,1.10,228,<0.1%,100.0%
28154,咕噜咕噜美人鱼,<0.1%,1.01,3,<0.1%,3.0%
28155,雷神3：诸神黄昏,36.2%,6664.43,30,21.4%,18.6%
28156,东方快车谋杀案,29.8%,5493.53,26,23.0%,19.4%
28157,狂兽,8.5%,1573.88,9,17.9%,7.3%
28158,精灵宝可梦：波尔凯尼恩与机巧的玛机雅娜,4.6%,848.36,11,9.5%,10.8%
28159,七十七天,4.1%,756.62,29,2.6%,28.8%
28160,天生不对,3.2%,604.75,12,5.6%,12.4%
28161,全球风暴,2.5%,474.11,20,2.3%,20.6%
28162,烽火芳菲,2.4%,456.38,8,7.0%,7.5%
28163,羞羞的铁拳,1.6%,294.31,21,1.4%,22.6%
28164,兄弟，别闹！,1.5%,293.81,9,4.0%,8.6%
28165,十八洞村,0.7%,140.33,58,0.1%,73.8%
28166,密战,0.5%,98.48,10,1.1%,10.9%
28167,王牌特工2：黄金圈,0.5%,97.75,19,0.4%,21.8%
28168,相爱相亲,0.4%,81.19,22,0.3%,25.4%
28169,我的爸爸是森林之王,0.3%,60.74,15,0.5%,16.5%
28170,缝纫机乐队,0.2%,52.90,19,0.3%,22.7%
28171,你若安好,0.2%,46.66,84,<0.1%,100%
28172,六年，六天,0.2%,44.28,91,<0.1%,100%
28173,银翼杀手2049,0.2%,41.58,22,0.1%,26.4%
28174,天才枪手,0.1%,32.89,16,0.2%,14.3%
28175,推理笔记,0.1%,27.88,109,<0.1%,100%
28176,我只认识你,<0.1%,16.14,88,<0.1%,94.6%
28177,常在你左右,<0.1%,14.53,8,0.2%,9.0%
28178,甲方乙方,<0.1%,10.64,32,<0.1%,100%
28179,钢的琴,<0.1%,9.67,36,<0.1%,100%
28180,怨灵2,<0.1%,8.65,12,<0.1%,13.4%
28181,追龙,<0.1%,8.30,15,<0.1%,16.3%
28182,英伦对决,<0.1%,6.58,16,<0.1%,18.4%
28183,猪太狼的夏天,<0.1%,6.04,2,0.4%,1.8%
28184,云上石头城,<0.1%,3.39,12,<0.1%,12.7%
28185,因为爱情,<0.1%,3.33,22,<0.1%,18.5%
28186,恐怖电影院2,<0.1%,3.25,4,0.1%,7.4%
28187,湄公河行动,<0.1%,2.92,46,<0.1%,38.4%
28188,咕噜咕噜美人鱼,<0.1%,2.47,5,<0.1%,7.4%
28189,乘风破浪,<0.1%,1.97,37,<0.1%,32.2%
28190,建党伟业,<0.1%,1.50,112,<0.1%,--
28191,诡梦凶铃,<0.1%,1.38,71,<0.1%,91.0%
28192,爱情邮局,<0.1%,1.30,35,<0.1%,27.0%
28193,童话先生,<0.1%,1.26,46,<0.1%,77.2%
28194,生门,<0.1%,1.26,68,<0.1%,72.3%
28195,看不见的客人,<0.1%,1.20,11,<0.1%,20.5%
28196,雷神3：诸神黄昏,33.7%,4634.51,20,22.8%,12.3%
28197,东方快车谋杀案,28.1%,3862.95,18,23.3%,13.5%
28198,狂兽,9.0%,1243.09,8,15.8%,6.5%
28199,七十七天,5.7%,786.69,23,3.6%,21.7%
28200,精灵宝可梦：波尔凯尼恩与机巧的玛机雅娜,5.0%,697.51,10,8.9%,9.6%
28201,全球风暴,3.3%,454.62,16,2.8%,16.2%
28202,天生不对,3.0%,416.67,9,5.4%,8.9%
28203,烽火芳菲,2.3%,318.80,6,6.2%,6.0%
28204,羞羞的铁拳,2.0%,283.75,16,1.9%,16.1%
28205,兄弟，别闹！,1.3%,190.99,6,3.6%,6.3%
28206,十八洞村,0.7%,103.52,52,0.1%,70.5%
28207,相爱相亲,0.6%,93.31,21,0.3%,23.5%
28208,王牌特工2：黄金圈,0.6%,86.41,14,0.5%,16.2%
28209,我的爸爸是森林之王,0.6%,84.69,17,0.6%,17.4%
28210,密战,0.5%,76.91,7,1.2%,8.1%
28211,缝纫机乐队,0.3%,51.55,14,0.4%,16.2%
28212,银翼杀手2049,0.2%,38.70,19,0.1%,21.5%
28213,你若安好,0.2%,34.48,73,<0.1%,100%
28214,推理笔记,0.2%,32.18,133,<0.1%,96.9%
28215,六年，六天,0.2%,30.60,75,<0.1%,100%
28216,天才枪手,0.2%,29.72,13,0.2%,12.3%
28217,常在你左右,<0.1%,8.34,5,0.2%,5.2%
28218,追龙,<0.1%,7.77,12,0.1%,14.2%
28219,英伦对决,<0.1%,6.67,16,<0.1%,17.9%
28220,怨灵2,<0.1%,5.08,8,<0.1%,9.0%
28221,猪太狼的夏天,<0.1%,4.11,2,0.3%,1.4%
28222,恐袭波士顿,<0.1%,3.71,203,<0.1%,95.1%
28223,咕噜咕噜美人鱼,<0.1%,3.67,7,<0.1%,9.3%
28224,我只认识你,<0.1%,3.29,69,<0.1%,78.7%
28225,时间去哪儿了,<0.1%,2.63,46,<0.1%,100%
28226,云上石头城,<0.1%,1.94,6,<0.1%,7.1%
28227,因为爱情,<0.1%,1.71,21,<0.1%,16.8%
28228,看不见的客人,<0.1%,1.58,11,<0.1%,18.2%
28229,恐怖电影院2,<0.1%,1.53,2,0.1%,3.5%
28230,建党伟业,<0.1%,1.50,112,<0.1%,--
28231,诡梦凶铃,<0.1%,1.28,67,<0.1%,58.4%
28232,生门,<0.1%,1.14,55,<0.1%,100%
28233,战狼2,<0.1%,1.12,282,<0.1%,100.0%
28234,童话先生,<0.1%,1.08,44,<0.1%,72.1%
28235,坑爹游戏,<0.1%,1.02,16,<0.1%,17.6%
28236,雷神3：诸神黄昏,31.0%,1590.33,7,24.5%,4.5%
28237,东方快车谋杀案,26.8%,1375.29,8,24.2%,5.3%
28238,狂兽,11.7%,600.85,5,15.2%,3.7%
28239,七十七天,7.7%,394.09,10,5.0%,8.9%
28240,全球风暴,4.1%,214.00,7,3.6%,6.6%
28241,天生不对,3.9%,202.22,5,5.5%,4.7%
28242,烽火芳菲,2.9%,149.40,3,6.0%,2.8%
28243,羞羞的铁拳,2.3%,121.54,7,2.3%,6.4%
28244,兄弟，别闹！,1.3%,69.07,3,3.5%,2.5%
28245,精灵宝可梦：波尔凯尼恩与机巧的玛机雅娜,1.2%,65.74,2,4.3%,1.9%
28246,相爱相亲,0.9%,49.15,8,0.6%,7.6%
28247,密战,0.8%,43.92,4,1.5%,3.8%
28248,王牌特工2：黄金圈,0.5%,28.38,5,0.6%,4.8%
28249,缝纫机乐队,0.5%,26.57,6,0.5%,6.7%
28250,六年，六天,0.2%,13.33,115,<0.1%,100%
28251,你若安好,0.2%,13.14,94,<0.1%,100%
28252,银翼杀手2049,0.2%,12.56,7,0.1%,6.9%
28253,常在你左右,0.1%,7.43,4,0.2%,4.0%
28254,英伦对决,0.1%,7.23,15,<0.1%,17.7%
28255,追龙,0.1%,6.45,8,0.1%,8.9%
28256,我的爸爸是森林之王,<0.1%,3.88,4,0.1%,4.1%
28257,天才枪手,<0.1%,3.53,6,<0.1%,6.1%
28258,让爱活下去,<0.1%,2.12,95,<0.1%,71.0%
28259,暴雪将至,<0.1%,2.10,117,<0.1%,100.0%
28260,恐袭波士顿,<0.1%,1.86,78,<0.1%,100%
28261,怨灵2,<0.1%,1.83,6,<0.1%,7.4%
28262,诡梦凶铃,<0.1%,1.53,71,<0.1%,45.8%
28263,铁道飞虎,<0.1%,1.50,112,<0.1%,--
28264,嘉年华,<0.1%,1.47,150,<0.1%,100%
28265,云上石头城,<0.1%,1.37,3,<0.1%,3.7%
28266,天梯：蔡国强的艺术,<0.1%,1.23,103,<0.1%,79.2%
28267,青春逗,<0.1%,1.22,11,<0.1%,15.9%
28268,恐怖电影院2,<0.1%,1.11,2,0.1%,2.3%
28269,雷神3：诸神黄昏,30.9%,1453.48,7,24.9%,4.2%
28270,东方快车谋杀案,26.0%,1221.75,7,24.0%,4.8%
28271,狂兽,9.8%,460.42,4,14.5%,3.2%
28272,七十七天,8.7%,411.36,9,6.0%,8.0%
28273,烽火芳菲,4.8%,228.57,4,5.5%,4.0%
28274,全球风暴,4.6%,216.56,7,4.0%,6.1%
28275,天生不对,4.0%,187.86,5,5.3%,4.6%
28276,羞羞的铁拳,2.5%,120.65,6,2.6%,5.8%
28277,兄弟，别闹！,1.5%,73.49,3,3.2%,2.6%
28278,精灵宝可梦：波尔凯尼恩与机巧的玛机雅娜,1.1%,54.47,2,3.8%,1.9%
28279,相爱相亲,1.0%,50.77,7,0.7%,7.1%
28280,密战,1.0%,49.52,4,1.6%,4.2%
28281,王牌特工2：黄金圈,0.6%,29.10,5,0.7%,4.5%
28282,缝纫机乐队,0.5%,27.22,6,0.6%,6.0%
28283,银翼杀手2049,0.3%,14.08,7,0.2%,7.1%
28284,六年，六天,0.1%,8.94,86,<0.1%,100%
28285,你若安好,0.1%,8.35,69,<0.1%,100%
28286,英伦对决,0.1%,7.20,15,<0.1%,16.4%
28287,常在你左右,0.1%,6.51,3,0.3%,3.4%
28288,追龙,0.1%,6.14,6,0.2%,7.0%
28289,天才枪手,<0.1%,4.39,5,0.1%,4.6%
28290,十八洞村,<0.1%,3.61,32,<0.1%,38.1%
28291,云上石头城,<0.1%,1.92,7,<0.1%,7.2%
28292,闪光少女,<0.1%,1.84,155,<0.1%,100%
28293,怨灵2,<0.1%,1.58,5,<0.1%,5.9%
28294,建党伟业,<0.1%,1.50,112,<0.1%,--
28295,侗族大歌,<0.1%,1.49,7,<0.1%,8.1%
28296,大耳朵图图之美食狂想曲,<0.1%,1.45,121,<0.1%,100%
28297,青春逗,<0.1%,1.24,17,<0.1%,16.8%
28298,天梯：蔡国强的艺术,<0.1%,1.22,102,<0.1%,78.2%
28299,恐怖电影院2,<0.1%,1.20,2,0.1%,2.3%
28300,诡梦凶铃,<0.1%,1.16,75,<0.1%,68.9%
28301,猪太狼的夏天,<0.1%,1.08,1,0.1%,0.8%
28302,雷神3：诸神黄昏,30.4%,1399.38,7,25.1%,4.0%
28303,东方快车谋杀案,24.8%,1142.29,7,23.8%,4.5%
28304,狂兽,9.7%,445.98,4,14.0%,3.2%
28305,七十七天,9.2%,422.43,8,6.5%,7.4%
28306,烽火芳菲,5.3%,246.09,5,5.1%,4.5%
28307,全球风暴,4.7%,215.98,6,4.3%,5.6%
28308,天生不对,3.8%,176.24,5,5.3%,4.3%
28309,羞羞的铁拳,2.6%,123.23,6,2.7%,5.5%
28310,兄弟，别闹！,1.1%,54.55,3,3.1%,2.3%
28311,精灵宝可梦：波尔凯尼恩与机巧的玛机雅娜,1.1%,50.92,2,3.5%,1.9%
28312,相爱相亲,1.1%,50.81,7,0.8%,6.6%
28313,密战,1.0%,46.92,4,1.7%,3.8%
28314,缝纫机乐队,0.6%,29.58,6,0.7%,5.9%
28315,王牌特工2：黄金圈,0.6%,28.13,4,0.7%,4.2%
28316,银翼杀手2049,0.3%,16.20,8,0.2%,7.7%
28317,英伦对决,0.1%,7.78,15,<0.1%,15.7%
28318,追龙,0.1%,7.47,7,0.2%,7.2%
28319,常在你左右,0.1%,6.87,3,0.3%,3.4%
28320,暴雪将至,0.1%,6.70,109,<0.1%,--
28321,十八洞村,0.1%,5.64,32,<0.1%,49.8%
28322,天才枪手,<0.1%,4.29,5,0.1%,4.1%
28323,六年，六天,<0.1%,4.03,37,<0.1%,64.0%
28324,你若安好,<0.1%,4.03,34,<0.1%,48.3%
28325,旋风女队,<0.1%,1.99,135,<0.1%,100%
28326,云上石头城,<0.1%,1.93,8,<0.1%,9.5%
28327,侗族大歌,<0.1%,1.91,7,<0.1%,8.3%
28328,爱情邮局,<0.1%,1.89,64,<0.1%,100%
28329,大耳朵图图之美食狂想曲,<0.1%,1.76,214,<0.1%,100%
28330,怨灵2,<0.1%,1.73,5,<0.1%,5.9%
28331,推理笔记,<0.1%,1.68,240,<0.1%,100.0%
28332,天梯：蔡国强的艺术,<0.1%,1.64,138,<0.1%,100%
28333,建党伟业,<0.1%,1.50,112,<0.1%,--
28334,恐怖电影院2,<0.1%,1.36,2,0.1%,2.3%
28335,我的爸爸是森林之王,<0.1%,1.31,4,<0.1%,4.0%
28336,诡梦凶铃,<0.1%,1.16,52,<0.1%,47.3%
28337,青春逗,<0.1%,1.12,11,<0.1%,15.0%
28338,雷神3：诸神黄昏,25.3%,1299.72,6,24.6%,3.7%
28339,东方快车谋杀案,19.5%,1003.99,6,23.1%,4.0%
28340,正义联盟,17.1%,878.80,43,1.9%,21.6%
28341,七十七天,7.8%,400.76,8,6.6%,6.8%
28342,狂兽,7.3%,378.71,4,13.5%,2.7%
28343,烽火芳菲,4.5%,233.65,5,4.8%,4.4%
28344,全球风暴,4.0%,206.50,6,4.3%,5.1%
28345,天生不对,3.0%,158.71,4,5.1%,3.9%
28346,羞羞的铁拳,2.4%,127.19,6,2.8%,5.4%
28347,相爱相亲,1.0%,51.96,7,0.8%,6.7%
28348,兄弟，别闹！,0.9%,49.84,3,2.9%,2.1%
28349,精灵宝可梦：波尔凯尼恩与机巧的玛机雅娜,0.8%,44.79,2,3.3%,1.7%
28350,密战,0.8%,44.48,4,1.6%,3.6%
28351,降魔传,0.8%,44.17,14,0.3%,12.5%
28352,王牌特工2：黄金圈,0.5%,29.85,5,0.7%,4.4%
28353,缝纫机乐队,0.5%,28.49,5,0.7%,5.4%
28354,银翼杀手2049,0.2%,12.14,6,0.1%,6.1%
28355,十八洞村,0.1%,7.93,33,<0.1%,41.0%
28356,英伦对决,0.1%,7.75,14,<0.1%,14.9%
28357,追龙,0.1%,7.19,6,0.2%,6.9%
28358,六年，六天,0.1%,6.53,62,<0.1%,89.4%
28359,常在你左右,0.1%,6.18,3,0.3%,3.2%
28360,天才枪手,<0.1%,4.93,5,0.1%,4.7%
28361,你若安好,<0.1%,4.12,33,<0.1%,41.3%
28362,英雄本色,<0.1%,3.97,6,<0.1%,6.2%
28363,云上石头城,<0.1%,3.63,16,<0.1%,18.4%
28364,暴雪将至,<0.1%,3.62,4,0.1%,3.9%
28365,建党伟业,<0.1%,2.00,112,<0.1%,--
28366,天梯：蔡国强的艺术,<0.1%,1.64,103,<0.1%,93.8%
28367,怨灵2,<0.1%,1.57,5,<0.1%,5.4%
28368,我的爸爸是森林之王,<0.1%,1.46,4,<0.1%,4.2%
28369,深宫怨灵,<0.1%,1.41,10,<0.1%,11.2%
28370,推理笔记,<0.1%,1.31,91,<0.1%,51.8%
28371,恐怖电影院2,<0.1%,1.20,2,0.1%,2.3%
28372,大耳朵图图之美食狂想曲,<0.1%,1.14,151,<0.1%,100%
28373,侗族大歌,<0.1%,1.07,6,<0.1%,5.8%
28374,正义联盟,65.2%,10076.07,25,40.9%,15.9%
28375,降魔传,13.3%,2059.52,13,18.1%,11.2%
28376,暴雪将至,4.7%,730.88,8,11.3%,7.5%
28377,英雄本色,3.6%,565.89,8,8.1%,8.6%
28378,东方快车谋杀案,3.2%,500.28,15,3.6%,13.4%
28379,雷神3：诸神黄昏,2.7%,417.70,11,4.0%,10.1%
28380,恐袭波士顿,2.1%,338.75,7,6.4%,6.7%
28381,七十七天,1.0%,157.40,16,1.0%,16.7%
28382,深宫怨灵,0.6%,104.74,10,1.3%,11.6%
28383,烽火芳菲,0.6%,95.43,32,0.1%,37.6%
28384,狂兽,0.5%,86.92,8,0.9%,8.8%
28385,羞羞的铁拳,0.2%,40.10,9,0.4%,9.4%
28386,精灵宝可梦：波尔凯尼恩与机巧的玛机雅娜,0.1%,27.17,4,1.0%,3.7%
28387,全球风暴,0.1%,18.53,6,0.3%,6.7%
28388,相爱相亲,0.1%,16.70,10,0.1%,10.3%
28389,天生不对,0.1%,16.59,8,0.2%,8.5%
28390,密战,<0.1%,15.40,8,0.1%,9.4%
28391,十八洞村,<0.1%,9.98,34,<0.1%,40.7%
28392,王牌特工2：黄金圈,<0.1%,6.33,10,<0.1%,12.1%
28393,英伦对决,<0.1%,6.10,21,<0.1%,20.2%
28394,兄弟，别闹！,<0.1%,6.01,5,0.1%,5.6%
28395,缝纫机乐队,<0.1%,5.18,6,<0.1%,8.6%
28396,诡梦凶铃,<0.1%,4.86,99,<0.1%,82.3%
28397,你若安好,<0.1%,4.39,43,<0.1%,52.6%
28398,我的爸爸是森林之王,<0.1%,3.75,8,<0.1%,9.6%
28399,六年，六天,<0.1%,3.33,48,<0.1%,63.1%
28400,一辈子的姐弟,<0.1%,2.70,71,<0.1%,100%
28401,迷情N小时,<0.1%,2.57,3,<0.1%,2.8%
28402,宝贝特攻,<0.1%,2.06,29,<0.1%,55.6%
28403,铁道飞虎,<0.1%,2.00,400,<0.1%,--
28404,银翼杀手2049,<0.1%,1.67,6,<0.1%,8.3%
28405,血战湘江,<0.1%,1.60,113,<0.1%,100%
28406,十三根金条,<0.1%,1.40,189,<0.1%,100%
28407,追龙,<0.1%,1.19,7,<0.1%,7.2%
28408,云上石头城,<0.1%,1.18,11,<0.1%,12.9%
28409,大耳朵图图之美食狂想曲,<0.1%,1.07,249,<0.1%,--
28410,正义联盟,63.9%,13957.83,33,40.9%,21.2%
28411,降魔传,9.5%,2092.43,13,17.2%,11.4%
28412,东方快车谋杀案,5.3%,1163.18,29,4.2%,26.5%
28413,雷神3：诸神黄昏,4.7%,1043.14,22,4.6%,21.4%
28414,英雄本色,3.6%,787.21,13,6.8%,13.7%
28415,暴雪将至,3.4%,758.38,9,9.3%,8.8%
28416,恐袭波士顿,2.3%,522.87,12,5.1%,12.2%
28417,七十七天,1.8%,402.76,26,1.5%,27.0%
28418,精灵宝可梦：波尔凯尼恩与机巧的玛机雅娜,1.4%,326.94,9,4.5%,9.5%
28419,狂兽,0.5%,124.96,13,0.7%,13.6%
28420,羞羞的铁拳,0.5%,115.64,18,0.6%,19.2%
28421,深宫怨灵,0.3%,77.15,8,1.2%,9.0%
28422,我的爸爸是森林之王,0.2%,61.91,20,0.3%,21.4%
28423,全球风暴,0.2%,47.50,13,0.3%,14.7%
28424,烽火芳菲,0.2%,46.51,19,0.1%,23.7%
28425,相爱相亲,0.1%,43.62,23,0.1%,25.4%
28426,天生不对,0.1%,33.92,12,0.3%,14.3%
28427,密战,0.1%,21.88,14,0.1%,17.3%
28428,缝纫机乐队,<0.1%,16.16,15,0.1%,19.8%
28429,王牌特工2：黄金圈,<0.1%,13.64,15,<0.1%,17.2%
28430,兄弟，别闹！,<0.1%,10.95,10,0.1%,11.5%
28431,推理笔记,<0.1%,10.23,101,<0.1%,99.3%
28432,银翼杀手2049,<0.1%,8.66,21,<0.1%,26.9%
28433,英伦对决,<0.1%,6.32,21,<0.1%,19.7%
28434,天才枪手,<0.1%,5.98,21,<0.1%,16.3%
28435,诡梦凶铃,<0.1%,4.37,116,<0.1%,83.1%
28436,空天猎,<0.1%,4.10,33,<0.1%,86.9%
28437,咕噜咕噜美人鱼,<0.1%,3.43,9,<0.1%,12.5%
28438,嘉年华,<0.1%,3.27,28,<0.1%,29.8%
28439,金珠玛米,<0.1%,3.24,109,<0.1%,100%
28440,一辈子的姐弟,<0.1%,2.49,48,<0.1%,77.9%
28441,六年，六天,<0.1%,2.10,23,<0.1%,40.2%
28442,你若安好,<0.1%,2.07,23,<0.1%,29.8%
28443,建党伟业,<0.1%,2.00,400,<0.1%,--
28444,追龙,<0.1%,1.79,11,<0.1%,12.1%
28445,我只认识你,<0.1%,1.62,28,<0.1%,30.7%
28446,恐怖理发店,<0.1%,1.50,500,<0.1%,--
28447,云上石头城,<0.1%,1.46,13,<0.1%,14.5%
28448,不成问题的问题,<0.1%,1.30,88,<0.1%,98.3%
28449,所以……和黑粉结婚了,<0.1%,1.26,105,<0.1%,100%
28450,十八洞村,<0.1%,1.22,16,<0.1%,26.3%
28451,常在你左右,<0.1%,1.18,5,<0.1%,6.4%
28452,迷情N小时,<0.1%,1.04,2,<0.1%,2.3%
28453,正义联盟,59.6%,9619.97,23,40.9%,14.7%
28454,降魔传,9.5%,1543.05,10,16.5%,8.8%
28455,东方快车谋杀案,5.9%,960.06,21,4.8%,19.2%
28456,雷神3：诸神黄昏,5.6%,905.44,17,5.4%,15.9%
28457,英雄本色,4.1%,669.65,11,6.7%,11.7%
28458,暴雪将至,3.1%,505.19,7,8.1%,6.8%
28459,恐袭波士顿,2.7%,451.40,11,4.9%,11.0%
28460,七十七天,2.4%,400.80,21,1.9%,21.9%
28461,精灵宝可梦：波尔凯尼恩与机巧的玛机雅娜,2.0%,332.63,9,4.5%,9.9%
28462,羞羞的铁拳,0.7%,118.40,15,0.8%,15.8%
28463,烽火芳菲,0.5%,88.65,34,0.1%,43.7%
28464,我的爸爸是森林之王,0.4%,74.59,20,0.4%,21.2%
28465,深宫怨灵,0.3%,48.92,5,1.2%,5.9%
28466,相爱相亲,0.2%,44.14,21,0.1%,23.6%
28467,全球风暴,0.2%,43.66,11,0.4%,11.6%
28468,天生不对,0.2%,32.65,11,0.3%,12.6%
28469,不成问题的问题,0.1%,30.81,60,<0.1%,59.6%
28470,狂兽,0.1%,27.42,4,0.7%,4.1%
28471,缝纫机乐队,0.1%,17.07,12,0.1%,15.5%
28472,密战,0.1%,16.70,11,0.1%,13.1%
28473,王牌特工2：黄金圈,<0.1%,11.70,13,<0.1%,15.8%
28474,嘉年华,<0.1%,10.22,41,<0.1%,71.2%
28475,兄弟，别闹！,<0.1%,9.06,9,0.1%,10.5%
28476,推理笔记,<0.1%,7.34,112,<0.1%,81.7%
28477,英伦对决,<0.1%,6.97,22,<0.1%,21.7%
28478,银翼杀手2049,<0.1%,6.59,16,<0.1%,20.3%
28479,空天猎,<0.1%,5.94,60,<0.1%,100%
28480,天才枪手,<0.1%,5.50,16,<0.1%,13.3%
28481,咕噜咕噜美人鱼,<0.1%,4.13,10,<0.1%,13.4%
28482,引爆者,<0.1%,3.85,74,<0.1%,100%
28483,你若安好,<0.1%,2.73,26,<0.1%,38.7%
28484,追捕,<0.1%,2.64,220,<0.1%,--
28485,追龙,<0.1%,2.32,14,<0.1%,17.5%
28486,爱情邮局,<0.1%,2.24,55,<0.1%,100%
28487,建党伟业,<0.1%,2.00,400,<0.1%,--
28488,一辈子的姐弟,<0.1%,1.99,46,<0.1%,73.8%
28489,六年，六天,<0.1%,1.97,20,<0.1%,33.6%
28490,恐怖理发店,<0.1%,1.50,500,<0.1%,--
28491,十八洞村,<0.1%,1.26,24,<0.1%,52.4%
28492,正义联盟,55.1%,3210.37,9,40.5%,5.6%
28493,降魔传,11.4%,668.12,5,16.4%,4.2%
28494,东方快车谋杀案,5.6%,330.99,7,5.9%,6.1%
28495,雷神3：诸神黄昏,5.6%,330.75,6,6.5%,5.3%
28496,英雄本色,5.2%,304.36,6,6.9%,5.7%
28497,暴雪将至,3.4%,201.62,3,8.1%,3.0%
28498,恐袭波士顿,3.0%,178.60,5,5.3%,4.4%
28499,七十七天,2.7%,161.01,8,2.5%,7.4%
28500,烽火芳菲,1.4%,85.17,30,0.1%,38.6%
28501,羞羞的铁拳,0.8%,48.46,6,1.0%,5.9%
28502,深宫怨灵,0.5%,34.15,4,1.3%,4.2%
28503,相爱相亲,0.3%,18.03,9,0.2%,9.6%
28504,全球风暴,0.3%,17.95,4,0.5%,4.0%
28505,天生不对,0.2%,16.26,5,0.4%,5.6%
28506,狂兽,0.2%,15.66,2,0.8%,2.1%
28507,空天猎,0.2%,14.77,80,<0.1%,100%
28508,追捕,0.2%,13.76,178,<0.1%,--
28509,精灵宝可梦：波尔凯尼恩与机巧的玛机雅娜,0.2%,13.37,2,1.4%,1.2%
28510,缝纫机乐队,0.1%,7.83,6,0.1%,6.8%
28511,英伦对决,0.1%,7.60,22,<0.1%,20.1%
28512,密战,<0.1%,5.68,3,0.2%,3.5%
28513,你若安好,<0.1%,4.62,35,<0.1%,38.2%
28514,十八洞村,<0.1%,4.53,48,<0.1%,100%
28515,六年，六天,<0.1%,3.62,38,<0.1%,39.8%
28516,银翼杀手2049,<0.1%,3.20,7,<0.1%,8.6%
28517,兄弟，别闹！,<0.1%,2.28,2,0.1%,2.3%
28518,我的爸爸是森林之王,<0.1%,2.07,3,0.1%,3.1%
28519,铁道飞虎,<0.1%,2.00,400,<0.1%,--
28520,追龙,<0.1%,1.86,7,<0.1%,7.2%
28521,这就是命,<0.1%,1.58,56,<0.1%,30.2%
28522,恐怖理发店,<0.1%,1.50,250,<0.1%,87.7%
28523,引爆者,<0.1%,1.43,82,<0.1%,--
28524,天才枪手,<0.1%,1.42,5,<0.1%,3.7%
28525,侗族大歌,<0.1%,1.27,3,<0.1%,2.4%
28526,紫薇飘香,<0.1%,1.07,7,<0.1%,6.7%
28527,闪光少女,<0.1%,1.06,305,<0.1%,100%
28528,大耳朵图图之美食狂想曲,<0.1%,1.02,193,<0.1%,100%
28529,正义联盟,51.0%,2674.43,8,39.7%,4.8%
28530,降魔传,11.7%,614.12,5,15.5%,4.1%
28531,东方快车谋杀案,6.2%,329.08,7,5.9%,6.0%
28532,雷神3：诸神黄昏,6.0%,317.40,6,6.5%,5.2%
28533,英雄本色,4.9%,259.85,5,6.6%,5.1%
28534,不成问题的问题,3.1%,162.28,5,4.3%,4.7%
28535,恐袭波士顿,2.9%,155.98,5,4.7%,4.3%
28536,七十七天,2.9%,153.74,7,2.6%,6.8%
28537,暴雪将至,2.9%,153.63,3,6.9%,2.7%
28538,烽火芳菲,1.5%,78.90,32,0.1%,41.2%
28539,羞羞的铁拳,0.9%,48.06,6,1.0%,5.8%
28540,深宫怨灵,0.5%,29.23,4,1.2%,3.9%
28541,全球风暴,0.3%,17.29,4,0.5%,4.2%
28542,天生不对,0.3%,15.90,5,0.4%,5.5%
28543,相爱相亲,0.2%,15.23,8,0.1%,8.6%
28544,狂兽,0.2%,12.66,2,0.7%,2.0%
28545,精灵宝可梦：波尔凯尼恩与机巧的玛机雅娜,0.1%,8.88,1,1.2%,1.0%
28546,英伦对决,0.1%,8.22,22,<0.1%,20.7%
28547,密战,0.1%,7.63,5,0.2%,5.1%
28548,缝纫机乐队,0.1%,7.23,5,0.2%,5.3%
28549,你若安好,<0.1%,4.36,37,<0.1%,38.7%
28550,十八洞村,<0.1%,3.66,39,<0.1%,100%
28551,六年，六天,<0.1%,3.42,34,<0.1%,40.7%
28552,银翼杀手2049,<0.1%,2.82,6,<0.1%,6.5%
28553,追捕,<0.1%,2.74,458,<0.1%,100.0%
28554,兄弟，别闹！,<0.1%,2.34,2,0.1%,2.5%
28555,追龙,<0.1%,2.05,9,<0.1%,9.4%
28556,商魂,<0.1%,2.04,116,<0.1%,100%
28557,建党伟业,<0.1%,2.00,400,<0.1%,--
28558,我的爸爸是森林之王,<0.1%,1.85,3,<0.1%,3.3%
28559,闪光少女,<0.1%,1.52,172,<0.1%,72.8%
28560,恐怖理发店,<0.1%,1.50,250,<0.1%,87.7%
28561,李三娘,<0.1%,1.39,77,<0.1%,72.3%
28562,天才枪手,<0.1%,1.23,4,<0.1%,3.0%
28563,寻梦环游记,<0.1%,1.21,304,<0.1%,100.0%
28564,引爆者,<0.1%,1.13,76,<0.1%,100.0%
28565,正义联盟,49.3%,2347.69,7,39.4%,4.2%
28566,降魔传,11.8%,563.13,5,15.4%,3.8%
28567,东方快车谋杀案,6.7%,322.39,7,6.1%,5.7%
28568,雷神3：诸神黄昏,6.6%,316.42,6,6.8%,4.9%
28569,英雄本色,5.0%,238.48,5,6.7%,4.6%
28570,恐袭波士顿,3.2%,153.44,5,4.6%,4.3%
28571,七十七天,3.1%,151.17,7,2.8%,6.3%
28572,暴雪将至,2.9%,139.70,3,6.7%,2.6%
28573,不成问题的问题,2.7%,130.65,5,3.9%,4.0%
28574,烽火芳菲,1.1%,56.33,24,0.1%,30.1%
28575,羞羞的铁拳,0.9%,46.91,5,1.1%,5.0%
28576,深宫怨灵,0.5%,26.31,3,1.2%,3.4%
28577,全球风暴,0.4%,19.47,5,0.5%,4.1%
28578,相爱相亲,0.3%,17.09,9,0.2%,9.4%
28579,天生不对,0.3%,14.94,5,0.4%,4.8%
28580,精灵宝可梦：波尔凯尼恩与机巧的玛机雅娜,0.2%,11.67,2,1.2%,1.5%
28581,狂兽,0.2%,10.59,2,0.8%,1.6%
28582,英伦对决,0.1%,8.41,23,<0.1%,19.7%
28583,缝纫机乐队,0.1%,8.12,5,0.2%,5.6%
28584,密战,0.1%,7.37,6,0.2%,7.6%
28585,十八洞村,0.1%,5.13,34,<0.1%,93.8%
28586,六年，六天,0.1%,4.90,46,<0.1%,52.5%
28587,你若安好,<0.1%,3.95,33,<0.1%,37.8%
28588,大耳朵图图之美食狂想曲,<0.1%,3.62,184,<0.1%,100%
28589,银翼杀手2049,<0.1%,2.91,6,<0.1%,5.9%
28590,常在你左右,<0.1%,2.46,7,<0.1%,8.3%
28591,追龙,<0.1%,2.28,8,<0.1%,9.1%
28592,建党伟业,<0.1%,2.00,400,<0.1%,--
28593,我的爸爸是森林之王,<0.1%,1.99,4,<0.1%,3.8%
28594,旋风女队,<0.1%,1.92,128,<0.1%,96.6%
28595,恐怖理发店,<0.1%,1.50,250,<0.1%,87.7%
28596,兄弟，别闹！,<0.1%,1.46,2,0.1%,1.5%
28597,天才枪手,<0.1%,1.28,4,<0.1%,3.0%
28598,商魂,<0.1%,1.24,73,<0.1%,100%
28599,李三娘,<0.1%,1.10,56,<0.1%,59.4%
28600,闪光少女,<0.1%,1.09,367,<0.1%,91.2%
28601,一辈子的姐弟,<0.1%,1.01,19,<0.1%,25.7%
28602,正义联盟,45.1%,2047.21,6,38.6%,3.8%
28603,降魔传,10.9%,497.41,4,15.0%,3.4%
28604,东方快车谋杀案,6.8%,310.16,7,6.1%,5.4%
28605,雷神3：诸神黄昏,6.6%,303.33,5,7.0%,4.5%
28606,英雄本色,4.6%,212.06,4,6.5%,4.2%
28607,一路绽放,4.5%,208.34,31,0.7%,35.3%
28608,七十七天,3.1%,142.31,6,2.8%,5.8%
28609,恐袭波士顿,3.0%,140.23,4,4.4%,4.0%
28610,暴雪将至,2.7%,122.95,3,6.4%,2.4%
28611,不成问题的问题,2.4%,111.65,4,3.5%,3.8%
28612,烽火芳菲,1.5%,72.58,27,0.1%,33.5%
28613,羞羞的铁拳,1.0%,46.20,5,1.1%,4.7%
28614,追捕,0.5%,25.63,9,0.3%,6.0%
28615,七月半3：灵触第七感,0.4%,19.57,4,0.8%,3.6%
28616,深宫怨灵,0.4%,18.62,3,0.9%,3.3%
28617,全球风暴,0.4%,18.53,4,0.5%,3.8%
28618,相爱相亲,0.3%,17.33,9,0.2%,9.0%
28619,天生不对,0.3%,14.97,5,0.4%,4.7%
28620,密战,0.2%,11.43,6,0.2%,7.2%
28621,狂兽,0.2%,11.30,2,0.7%,1.8%
28622,精灵宝可梦：波尔凯尼恩与机巧的玛机雅娜,0.2%,10.75,2,1.1%,1.5%
28623,英伦对决,0.1%,9.04,23,<0.1%,20.3%
28624,缝纫机乐队,0.1%,8.09,5,0.2%,5.1%
28625,六年，六天,0.1%,5.09,45,<0.1%,54.2%
28626,根据地,0.1%,4.76,216,<0.1%,--
28627,十八洞村,0.1%,4.56,30,<0.1%,100%
28628,你若安好,<0.1%,3.96,36,<0.1%,46.1%
28629,寻梦环游记,<0.1%,3.92,5,<0.1%,2.9%
28630,银翼杀手2049,<0.1%,3.76,7,<0.1%,6.9%
28631,引爆者,<0.1%,3.57,3,0.1%,2.2%
28632,常在你左右,<0.1%,2.79,8,<0.1%,10.4%
28633,追龙,<0.1%,2.29,7,<0.1%,8.2%
28634,推理笔记,<0.1%,2.04,5,<0.1%,4.6%
28635,铁道飞虎,<0.1%,2.00,400,<0.1%,--
28636,大耳朵图图之美食狂想曲,<0.1%,1.88,271,<0.1%,100%
28637,兄弟，别闹！,<0.1%,1.80,2,0.1%,1.9%
28638,商魂,<0.1%,1.66,83,<0.1%,100%
28639,血战湘江,<0.1%,1.55,111,<0.1%,65.0%
28640,童话先生,<0.1%,1.52,45,<0.1%,63.8%
28641,恐怖理发店,<0.1%,1.50,502,<0.1%,100.0%
28642,我的爸爸是森林之王,<0.1%,1.38,3,<0.1%,2.7%
28643,李三娘,<0.1%,1.19,50,<0.1%,61.9%
28644,夺金四贱客,<0.1%,1.18,237,<0.1%,100.0%
28645,天才枪手,<0.1%,1.11,4,<0.1%,2.7%
28646,追捕,31.0%,2963.67,11,29.5%,8.2%
28647,正义联盟,26.5%,2531.83,13,18.8%,7.9%
28648,寻梦环游记,13.3%,1279.23,13,9.8%,10.7%
28649,引爆者,11.5%,1098.84,9,15.5%,7.7%
28650,推理笔记,3.7%,355.98,5,9.2%,5.1%
28651,嘉年华,2.2%,210.25,14,1.5%,14.5%
28652,东方快车谋杀案,1.5%,148.17,18,0.8%,17.4%
28653,雷神3：诸神黄昏,1.3%,128.61,11,1.2%,11.0%
28654,刺杀盖世太保,1.3%,125.45,4,4.2%,3.2%
28655,降魔传,1.1%,107.35,5,2.5%,4.9%
28656,一路绽放,1.0%,96.55,28,0.3%,33.4%
28657,七月半3：灵触第七感,0.7%,75.84,6,1.7%,6.1%
28658,七十七天,0.6%,61.03,12,0.5%,13.0%
28659,不成问题的问题,0.4%,41.74,13,0.3%,14.3%
28660,英雄本色,0.3%,37.75,7,0.6%,7.4%
28661,烽火芳菲,0.2%,28.44,53,<0.1%,72.8%
28662,羞羞的铁拳,0.2%,23.16,9,0.2%,9.1%
28663,恐袭波士顿,0.2%,20.36,8,0.2%,8.6%
28664,灿烂这一刻,0.1%,17.89,6,0.3%,6.0%
28665,暴雪将至,0.1%,15.29,5,0.3%,5.0%
28666,十八洞村,0.1%,9.89,48,<0.1%,66.3%
28667,炸裂青春,<0.1%,8.87,5,0.3%,4.0%
28668,密战,<0.1%,7.22,15,<0.1%,31.2%
28669,相爱相亲,<0.1%,6.34,13,<0.1%,16.8%
28670,全球风暴,<0.1%,5.25,6,<0.1%,8.0%
28671,北纬二十八度,<0.1%,5.14,12,<0.1%,13.6%
28672,精灵宝可梦：波尔凯尼恩与机巧的玛机雅娜,<0.1%,4.01,5,0.1%,6.1%
28673,天生不对,<0.1%,3.59,7,<0.1%,7.7%
28674,缝纫机乐队,<0.1%,3.05,7,<0.1%,9.5%
28675,女巫斗恶龙,<0.1%,2.83,1,0.3%,0.9%
28676,诡梦凶铃,<0.1%,2.61,72,<0.1%,100.0%
28677,你若安好,<0.1%,2.37,27,<0.1%,40.6%
28678,六年，六天,<0.1%,2.30,31,<0.1%,40.3%
28679,玩命大师,<0.1%,2.23,11,<0.1%,12.4%
28680,深宫怨灵,<0.1%,2.06,3,<0.1%,4.5%
28681,湄公河行动,<0.1%,2.00,100,<0.1%,--
28682,建党伟业,<0.1%,2.00,400,<0.1%,--
28683,恐怖理发店,<0.1%,1.50,500,<0.1%,99.6%
28684,血战湘江,<0.1%,1.33,134,<0.1%,74.0%
28685,一辈子的姐弟,<0.1%,1.18,32,<0.1%,37.5%
28686,银翼杀手2049,<0.1%,1.18,6,<0.1%,8.4%
28687,大耳朵图图之美食狂想曲,<0.1%,1.11,157,<0.1%,--
28688,童话先生,<0.1%,1.00,82,<0.1%,53.9%
28689,正义联盟,30.0%,4865.73,23,20.1%,14.3%
28690,寻梦环游记,29.3%,4747.05,31,15.1%,25.9%
28691,追捕,16.3%,2649.64,11,26.1%,7.7%
28692,引爆者,7.5%,1225.37,11,13.7%,9.8%
28693,嘉年华,3.4%,560.72,17,3.5%,16.1%
28694,东方快车谋杀案,2.3%,374.38,29,1.2%,28.7%
28695,雷神3：诸神黄昏,2.2%,363.15,21,1.6%,21.3%
28696,推理笔记,1.7%,279.99,5,6.8%,5.3%
28697,降魔传,1.2%,208.04,9,2.5%,9.2%
28698,七十七天,0.8%,131.53,17,0.7%,19.1%
28699,一路绽放,0.6%,107.51,35,0.3%,43.7%
28700,刺杀盖世太保,0.5%,88.36,5,2.2%,4.5%
28701,羞羞的铁拳,0.4%,73.78,17,0.4%,18.1%
28702,不成问题的问题,0.4%,68.06,19,0.3%,21.4%
28703,七月半3：灵触第七感,0.3%,56.43,6,1.3%,5.9%
28704,英雄本色,0.3%,50.33,8,0.6%,9.5%
28705,恐袭波士顿,0.2%,34.36,12,0.2%,14.3%
28706,烽火芳菲,0.1%,24.96,47,<0.1%,69.9%
28707,精灵宝可梦：波尔凯尼恩与机巧的玛机雅娜,0.1%,20.87,7,0.3%,7.8%
28708,暴雪将至,0.1%,20.33,6,0.3%,7.8%
28709,相爱相亲,<0.1%,13.65,19,<0.1%,22.8%
28710,全球风暴,<0.1%,13.48,12,0.1%,14.0%
28711,我的爸爸是森林之王,<0.1%,13.38,12,0.1%,12.2%
28712,缝纫机乐队,<0.1%,10.17,15,<0.1%,17.9%
28713,灿烂这一刻,<0.1%,9.77,6,0.1%,6.0%
28714,天生不对,<0.1%,8.23,11,<0.1%,11.9%
28715,北纬二十八度,<0.1%,6.50,14,<0.1%,16.2%
28716,狂兽,<0.1%,5.58,7,<0.1%,11.9%
28717,深宫怨灵,<0.1%,4.00,5,0.1%,7.0%
28718,密战,<0.1%,3.90,12,<0.1%,21.5%
28719,诡梦凶铃,<0.1%,3.73,74,<0.1%,83.0%
28720,炸裂青春,<0.1%,3.67,5,0.1%,5.5%
28721,银翼杀手2049,<0.1%,3.48,13,<0.1%,18.5%
28722,女巫斗恶龙,<0.1%,3.29,2,0.2%,1.7%
28723,你在哪,<0.1%,3.10,345,<0.1%,--
28724,追龙,<0.1%,2.58,26,<0.1%,31.7%
28725,建党伟业,<0.1%,2.00,400,<0.1%,--
28726,生门,<0.1%,1.62,48,<0.1%,65.1%
28727,恐怖理发店,<0.1%,1.50,500,<0.1%,99.6%
28728,所以……和黑粉结婚了,<0.1%,1.45,90,<0.1%,91.5%
28729,天才枪手,<0.1%,1.45,12,<0.1%,8.2%
28730,我只认识你,<0.1%,1.27,68,<0.1%,100%
28731,玩命大师,<0.1%,1.23,8,<0.1%,10.2%
28732,垫底联盟,<0.1%,1.14,88,<0.1%,99.7%
28733,寻梦环游记,41.2%,5839.25,29,19.8%,23.2%
28734,正义联盟,24.2%,3427.63,16,20.6%,9.9%
28735,追捕,12.4%,1766.35,9,22.3%,6.3%
28736,引爆者,6.3%,900.88,9,12.3%,8.0%
28737,嘉年华,3.4%,494.01,12,4.4%,11.4%
28738,雷神3：诸神黄昏,2.2%,316.34,15,2.0%,15.2%
28739,东方快车谋杀案,2.1%,298.65,21,1.4%,19.9%
28740,降魔传,1.2%,181.81,7,2.7%,7.7%
28741,推理笔记,1.0%,153.66,4,5.7%,3.5%
28742,七十七天,0.8%,114.01,14,0.8%,14.9%
28743,一路绽放,0.5%,71.97,27,0.2%,34.3%
28744,羞羞的铁拳,0.4%,69.99,13,0.5%,13.6%
28745,刺杀盖世太保,0.4%,66.21,5,1.8%,4.5%
28746,不成问题的问题,0.4%,64.42,17,0.3%,18.8%
28747,英雄本色,0.2%,38.46,7,0.6%,7.3%
28748,七月半3：灵触第七感,0.2%,37.48,4,1.2%,4.3%
28749,恐袭波士顿,0.2%,28.70,10,0.2%,12.0%
28750,精灵宝可梦：波尔凯尼恩与机巧的玛机雅娜,0.1%,23.50,7,0.3%,8.7%
28751,烽火芳菲,0.1%,20.25,41,<0.1%,57.9%
28752,暴雪将至,0.1%,14.29,5,0.3%,5.7%
28753,我的爸爸是森林之王,<0.1%,12.40,11,0.1%,12.1%
28754,相爱相亲,<0.1%,12.31,17,<0.1%,21.0%
28755,全球风暴,<0.1%,10.44,7,0.1%,7.3%
28756,缝纫机乐队,<0.1%,9.37,12,<0.1%,13.8%
28757,天生不对,<0.1%,8.46,10,0.1%,10.5%
28758,灿烂这一刻,<0.1%,8.35,6,0.1%,6.0%
28759,北纬二十八度,<0.1%,5.95,10,<0.1%,11.4%
28760,狂兽,<0.1%,5.84,7,<0.1%,11.1%
28761,密战,<0.1%,3.91,22,<0.1%,45.0%
28762,深宫怨灵,<0.1%,3.39,4,0.1%,5.2%
28763,诡梦凶铃,<0.1%,3.25,79,<0.1%,78.3%
28764,追龙,<0.1%,2.72,26,<0.1%,34.0%
28765,银翼杀手2049,<0.1%,2.68,11,<0.1%,13.5%
28766,建党伟业,<0.1%,2.00,400,<0.1%,--
28767,炸裂青春,<0.1%,1.95,4,<0.1%,3.6%
28768,钟馗传奇之岁寒三友,<0.1%,1.58,6,<0.1%,5.0%
28769,天才枪手,<0.1%,1.53,10,<0.1%,8.6%
28770,恐怖理发店,<0.1%,1.50,500,<0.1%,99.6%
28771,天若有情,<0.1%,1.40,68,<0.1%,--
28772,女巫斗恶龙,<0.1%,1.33,1,0.1%,1.1%
28773,维京:王者之战,<0.1%,1.26,84,<0.1%,100%
28774,十八洞村,<0.1%,1.03,38,<0.1%,40.6%
28775,寻梦环游记,38.7%,2008.94,11,20.0%,8.0%
28776,正义联盟,22.3%,1157.89,6,21.3%,3.7%
28777,追捕,13.6%,709.08,4,20.4%,3.1%
28778,引爆者,7.7%,402.52,5,12.1%,4.1%
28779,嘉年华,3.9%,203.88,5,5.1%,4.5%
28780,雷神3：诸神黄昏,2.2%,119.28,6,2.4%,5.2%
28781,东方快车谋杀案,1.7%,92.63,7,1.6%,5.9%
28782,降魔传,1.5%,80.60,3,3.0%,3.3%
28783,七十七天,0.9%,48.23,6,1.0%,5.6%
28784,推理笔记,0.9%,47.13,2,5.2%,1.2%
28785,一路绽放,0.7%,39.15,20,0.2%,26.6%
28786,羞羞的铁拳,0.5%,28.88,6,0.6%,5.7%
28787,刺杀盖世太保,0.5%,28.55,3,1.7%,2.2%
28788,不成问题的问题,0.4%,24.85,7,0.4%,6.9%
28789,七月半3：灵触第七感,0.4%,23.63,3,1.2%,3.0%
28790,英雄本色,0.3%,18.32,3,0.7%,3.3%
28791,恐袭波士顿,0.2%,12.08,4,0.3%,4.4%
28792,暴雪将至,0.1%,5.79,2,0.3%,2.0%
28793,相爱相亲,0.1%,5.31,7,<0.1%,9.0%
28794,天生不对,<0.1%,4.77,6,0.1%,6.1%
28795,烽火芳菲,<0.1%,4.00,14,<0.1%,18.7%
28796,缝纫机乐队,<0.1%,3.91,5,0.1%,5.6%
28797,精灵宝可梦：波尔凯尼恩与机巧的玛机雅娜,<0.1%,3.52,3,0.1%,3.7%
28798,大耳朵图图之美食狂想曲,<0.1%,3.12,216,<0.1%,88.1%
28799,全球风暴,<0.1%,2.93,4,<0.1%,5.3%
28800,密战,<0.1%,2.91,7,<0.1%,10.7%
28801,邹碧华,<0.1%,2.85,71,<0.1%,66.5%
28802,深宫怨灵,<0.1%,2.42,3,0.1%,3.7%
28803,垫底联盟,<0.1%,2.07,32,<0.1%,37.0%
28804,铁道飞虎,<0.1%,2.00,400,<0.1%,--
28805,诡梦凶铃,<0.1%,1.87,105,<0.1%,69.6%
28806,北纬二十八度,<0.1%,1.64,7,<0.1%,8.2%
28807,灿烂这一刻,<0.1%,1.62,2,0.1%,1.8%
28808,恐怖理发店,<0.1%,1.50,500,<0.1%,99.6%
28809,女巫斗恶龙,<0.1%,1.48,1,0.1%,0.9%
28810,狂兽,<0.1%,1.27,2,0.1%,1.9%
28811,李三娘,<0.1%,1.22,56,<0.1%,64.6%
28812,商魂,<0.1%,1.03,116,<0.1%,100%
28813,寻梦环游记,40.9%,2163.36,11,21.7%,7.8%
28814,正义联盟,20.1%,1063.39,6,20.9%,3.5%
28815,追捕,11.5%,612.49,4,18.2%,3.1%
28816,引爆者,6.9%,366.71,5,11.0%,4.1%
28817,垫底联盟,4.2%,226.18,7,3.4%,6.5%
28818,嘉年华,3.1%,167.35,4,5.1%,3.8%
28819,雷神3：诸神黄昏,2.1%,114.15,5,2.5%,4.9%
28820,东方快车谋杀案,1.7%,91.54,7,1.6%,5.9%
28821,降魔传,1.5%,81.84,3,3.0%,3.3%
28822,七十七天,0.9%,50.61,6,1.0%,5.6%
28823,推理笔记,0.6%,33.29,2,4.2%,1.1%
28824,羞羞的铁拳,0.5%,28.38,5,0.6%,5.1%
28825,一路绽放,0.4%,25.62,17,0.1%,22.1%
28826,刺杀盖世太保,0.4%,24.37,3,1.3%,2.5%
28827,七月半3：灵触第七感,0.4%,22.38,3,1.1%,3.1%
28828,不成问题的问题,0.4%,21.76,6,0.4%,6.1%
28829,烽火芳菲,0.3%,16.31,34,<0.1%,36.6%
28830,英雄本色,0.3%,16.20,3,0.6%,3.3%
28831,恐袭波士顿,0.2%,11.24,4,0.3%,4.5%
28832,天才枪手,0.1%,8.87,47,<0.1%,37.4%
28833,暴雪将至,0.1%,5.29,2,0.3%,2.0%
28834,天生不对,<0.1%,4.79,6,0.1%,6.1%
28835,相爱相亲,<0.1%,4.76,7,<0.1%,8.6%
28836,缝纫机乐队,<0.1%,3.77,5,0.1%,4.8%
28837,全球风暴,<0.1%,3.67,5,<0.1%,5.4%
28838,旋风女队,<0.1%,3.33,278,<0.1%,73.4%
28839,北纬二十八度,<0.1%,3.32,8,<0.1%,9.5%
28840,密战,<0.1%,2.60,6,<0.1%,9.4%
28841,深宫怨灵,<0.1%,2.60,3,0.1%,4.0%
28842,星期8,<0.1%,2.21,2,0.1%,1.8%
28843,建党伟业,<0.1%,2.00,200,<0.1%,--
28844,诡梦凶铃,<0.1%,1.75,71,<0.1%,81.4%
28845,狂兽,<0.1%,1.51,2,0.1%,2.2%
28846,恐怖理发店,<0.1%,1.50,500,<0.1%,99.6%
28847,你若安好,<0.1%,1.40,234,<0.1%,100.0%
28848,六年，六天,<0.1%,1.40,234,<0.1%,100.0%
28849,邹碧华,<0.1%,1.36,68,<0.1%,80.0%
28850,商魂,<0.1%,1.28,174,<0.1%,100%
28851,大耳朵图图之美食狂想曲,<0.1%,1.26,208,<0.1%,100%
28852,灿烂这一刻,<0.1%,1.11,2,<0.1%,2.2%
28853,精灵宝可梦：波尔凯尼恩与机巧的玛机雅娜,<0.1%,1.01,2,<0.1%,1.5%
28854,寻梦环游记,45.5%,2402.17,12,23.0%,8.2%
28855,正义联盟,18.8%,995.95,6,20.9%,3.4%
28856,追捕,10.8%,573.85,4,17.7%,3.1%
28857,引爆者,6.6%,350.76,5,11.0%,4.0%
28858,嘉年华,2.8%,150.51,4,5.0%,3.4%
28859,垫底联盟,2.2%,118.26,5,2.4%,4.3%
28860,雷神3：诸神黄昏,2.1%,114.11,5,2.6%,4.6%
28861,东方快车谋杀案,1.6%,84.63,6,1.7%,5.1%
28862,降魔传,1.5%,81.84,3,3.2%,3.1%
28863,七十七天,0.9%,50.21,5,1.1%,5.3%
28864,羞羞的铁拳,0.5%,30.56,6,0.7%,5.2%
28865,推理笔记,0.5%,26.77,1,3.9%,1.0%
28866,烽火芳菲,0.5%,26.76,46,<0.1%,47.7%
28867,刺杀盖世太保,0.4%,21.45,3,1.3%,2.2%
28868,不成问题的问题,0.3%,19.63,5,0.4%,5.6%
28869,七月半3：灵触第七感,0.3%,19.41,3,1.1%,2.6%
28870,一路绽放,0.3%,19.30,14,0.1%,18.7%
28871,英雄本色,0.3%,16.29,3,0.7%,3.2%
28872,天才枪手,0.2%,11.72,52,<0.1%,46.2%
28873,恐袭波士顿,0.1%,10.44,4,0.3%,3.8%
28874,这就是命,0.1%,8.87,116,<0.1%,100%
28875,天生不对,0.1%,7.02,7,0.1%,7.3%
28876,暴雪将至,0.1%,5.59,2,0.3%,1.9%
28877,密战,0.1%,5.31,11,<0.1%,15.8%
28878,巨额来电,<0.1%,5.18,124,<0.1%,100%
28879,相爱相亲,<0.1%,4.49,7,<0.1%,8.5%
28880,全球风暴,<0.1%,4.23,5,0.1%,5.4%
28881,邹碧华,<0.1%,3.00,86,<0.1%,100%
28882,云上石头城,<0.1%,2.86,57,<0.1%,100%
28883,深宫怨灵,<0.1%,2.66,3,0.1%,3.4%
28884,北纬二十八度,<0.1%,2.66,7,<0.1%,8.2%
28885,星期8,<0.1%,2.40,4,0.1%,3.6%
28886,十八洞村,<0.1%,2.11,36,<0.1%,34.7%
28887,缝纫机乐队,<0.1%,2.10,4,<0.1%,4.0%
28888,诡梦凶铃,<0.1%,2.00,115,<0.1%,75.4%
28889,建党伟业,<0.1%,2.00,200,<0.1%,100%
28890,恐怖理发店,<0.1%,1.50,500,<0.1%,99.6%
28891,狂兽,<0.1%,1.41,2,0.1%,1.8%
28892,李三娘,<0.1%,1.29,89,<0.1%,76.2%
28893,灿烂这一刻,<0.1%,1.14,3,<0.1%,2.7%
28894,建军大业,<0.1%,1.11,148,<0.1%,97.3%
28895,寻梦环游记,47.4%,2505.80,12,23.5%,8.3%
28896,正义联盟,18.5%,981.37,6,20.5%,3.4%
28897,追捕,9.8%,522.17,4,17.0%,2.9%
28898,引爆者,6.1%,324.95,4,10.7%,3.7%
28899,嘉年华,2.4%,127.38,4,4.7%,3.1%
28900,雷神3：诸神黄昏,2.1%,114.68,5,2.6%,4.5%
28901,降魔传,1.5%,81.69,3,3.2%,3.1%
28902,东方快车谋杀案,1.5%,81.56,6,1.7%,4.9%
28903,你在哪,1.2%,64.99,4,2.0%,4.0%
28904,七十七天,0.9%,48.00,5,1.1%,4.9%
28905,垫底联盟,0.8%,46.46,3,1.8%,2.7%
28906,烟花,0.7%,39.87,22,0.2%,16.8%
28907,守信少年,0.6%,34.21,109,<0.1%,75.9%
28908,羞羞的铁拳,0.5%,27.81,5,0.6%,4.9%
28909,烽火芳菲,0.4%,25.16,45,<0.1%,45.5%
28910,推理笔记,0.4%,23.78,1,3.5%,0.9%
28911,笔仙咒怨,0.3%,20.59,7,0.4%,6.6%
28912,刺杀盖世太保,0.3%,19.80,2,1.2%,2.1%
28913,不成问题的问题,0.3%,18.75,5,0.4%,5.3%
28914,英雄本色,0.3%,16.00,3,0.6%,3.3%
28915,七月半3：灵触第七感,0.2%,15.06,3,0.9%,2.5%
28916,一路绽放,0.2%,13.93,13,0.1%,17.4%
28917,恐袭波士顿,0.2%,11.59,4,0.3%,4.1%
28918,天才枪手,0.2%,10.64,50,<0.1%,43.3%
28919,天生不对,0.1%,6.56,6,0.1%,6.8%
28920,暴雪将至,0.1%,5.62,2,0.3%,2.0%
28921,邹碧华,<0.1%,4.99,100,<0.1%,98.2%
28922,相爱相亲,<0.1%,4.37,6,<0.1%,7.1%
28923,全球风暴,<0.1%,4.19,5,0.1%,5.0%
28924,这就是命,<0.1%,3.98,22,<0.1%,23.3%
28925,密战,<0.1%,3.40,7,<0.1%,11.1%
28926,十八洞村,<0.1%,2.62,31,<0.1%,37.8%
28927,深宫怨灵,<0.1%,2.62,3,0.1%,3.9%
28928,缝纫机乐队,<0.1%,2.17,4,<0.1%,3.7%
28929,北纬二十八度,<0.1%,2.06,6,<0.1%,6.7%
28930,建党伟业,<0.1%,2.00,400,<0.1%,--
28931,维京:王者之战,<0.1%,1.80,5,<0.1%,3.3%
28932,六年，六天,<0.1%,1.74,202,<0.1%,100.0%
28933,大耳朵图图之美食狂想曲,<0.1%,1.71,166,<0.1%,100%
28934,相声大电影之我要幸福,<0.1%,1.55,6,<0.1%,4.6%
28935,恐怖理发店,<0.1%,1.50,500,<0.1%,99.6%
28936,你若安好,<0.1%,1.40,234,<0.1%,50.0%
28937,精灵宝可梦：波尔凯尼恩与机巧的玛机雅娜,<0.1%,1.28,3,<0.1%,3.4%
28938,星期8,<0.1%,1.19,3,<0.1%,2.9%
28939,我只认识你,<0.1%,1.17,98,<0.1%,100.0%
28940,诡梦凶铃,<0.1%,1.15,106,<0.1%,61.3%
28941,李三娘,<0.1%,1.10,111,<0.1%,81.3%
28942,狂兽,<0.1%,1.09,2,0.1%,1.5%
28943,寻梦环游记,42.5%,5141.00,27,19.2%,17.2%
28944,烟花,20.8%,2517.93,14,22.9%,10.2%
28945,正义联盟,9.9%,1209.20,13,9.2%,8.1%
28946,这就是命,7.2%,874.84,14,7.8%,13.5%
28947,相声大电影之我要幸福,5.0%,605.55,7,11.1%,5.9%
28948,维京:王者之战,4.2%,512.75,7,8.7%,6.0%
28949,至暗时刻,2.2%,271.99,7,4.3%,5.7%
28950,追捕,0.9%,116.90,5,2.3%,5.0%
28951,笔仙咒怨,0.8%,103.01,8,1.5%,8.8%
28952,夺金四贱客,0.6%,75.52,5,1.9%,4.8%
28953,你在哪,0.5%,69.44,33,0.1%,42.3%
28954,雷神3：诸神黄昏,0.5%,62.64,10,0.5%,9.4%
28955,守信少年,0.4%,58.61,109,<0.1%,69.0%
28956,冒牌监护人之寻宝闹翻天,0.3%,46.81,4,1.4%,3.9%
28957,引爆者,0.3%,44.23,5,1.0%,5.1%
28958,东方快车谋杀案,0.3%,44.03,13,0.2%,13.8%
28959,嘉年华,0.3%,42.41,8,0.5%,7.8%
28960,末日重启,0.3%,40.39,3,1.9%,2.4%
28961,空难余波,0.2%,27.56,2,1.8%,1.5%
28962,降魔传,0.2%,24.42,4,0.6%,4.5%
28963,七十七天,0.1%,23.33,8,0.3%,8.5%
28964,烽火芳菲,0.1%,20.07,59,<0.1%,51.0%
28965,不成问题的问题,<0.1%,10.22,13,<0.1%,16.1%
28966,邹碧华,<0.1%,9.87,75,<0.1%,100%
28967,一路绽放,<0.1%,9.55,19,<0.1%,22.2%
28968,垫底联盟,<0.1%,9.48,12,<0.1%,16.2%
28969,十八洞村,<0.1%,6.95,53,<0.1%,100%
28970,诡梦凶铃,<0.1%,3.28,119,<0.1%,100.0%
28971,羞羞的铁拳,<0.1%,2.82,8,<0.1%,6.9%
28972,恐袭波士顿,<0.1%,2.79,5,<0.1%,7.6%
28973,英雄本色,<0.1%,2.56,3,<0.1%,4.7%
28974,天生不对,<0.1%,2.24,8,<0.1%,8.2%
28975,密战,<0.1%,2.12,13,<0.1%,22.7%
28976,全球风暴,<0.1%,2.11,6,<0.1%,7.7%
28977,刺杀盖世太保,<0.1%,2.10,5,<0.1%,8.0%
28978,精灵宝可梦：波尔凯尼恩与机巧的玛机雅娜,<0.1%,1.95,10,<0.1%,12.6%
28979,七月半3：灵触第七感,<0.1%,1.86,3,0.1%,3.6%
28980,相爱相亲,<0.1%,1.82,8,<0.1%,9.8%
28981,大耳朵图图之美食狂想曲,<0.1%,1.71,167,<0.1%,100%
28982,北纬二十八度,<0.1%,1.52,15,<0.1%,19.0%
28983,恐怖理发店,<0.1%,1.50,500,<0.1%,99.6%
28984,星期8,<0.1%,1.17,25,<0.1%,33.7%
28985,缝纫机乐队,<0.1%,1.15,7,<0.1%,9.0%
28986,商魂,<0.1%,1.06,165,<0.1%,100%
28987,鲨海,<0.1%,1.00,200,<0.1%,50.0%
28988,寻梦环游记,56.4%,12768.60,46,26.3%,31.3%
28989,烟花,14.2%,3230.72,16,23.4%,12.4%
28990,正义联盟,11.5%,2607.05,23,10.4%,15.9%
28991,这就是命,4.6%,1062.58,17,7.3%,17.1%
28992,至暗时刻,2.4%,545.02,16,3.4%,14.8%
28993,相声大电影之我要幸福,2.1%,488.91,7,7.5%,6.7%
28994,维京:王者之战,1.9%,437.98,8,6.6%,6.7%
28995,追捕,0.7%,178.08,8,2.0%,8.6%
28996,雷神3：诸神黄昏,0.6%,150.17,18,0.7%,17.7%
28997,七十七天,0.5%,125.06,25,0.3%,28.4%
28998,东方快车谋杀案,0.5%,124.20,25,0.4%,25.8%
28999,笔仙咒怨,0.4%,99.70,9,1.4%,9.8%
29000,夺金四贱客,0.3%,87.99,7,1.4%,7.2%
29001,嘉年华,0.3%,87.92,13,0.6%,13.6%
29002,引爆者,0.3%,73.40,8,0.9%,8.9%
29003,守信少年,0.2%,61.96,107,<0.1%,71.2%
29004,降魔传,0.2%,46.36,7,0.6%,8.1%
29005,冒牌监护人之寻宝闹翻天,0.2%,45.98,6,0.9%,6.1%
29006,鲨海,0.1%,37.63,108,<0.1%,84.6%
29007,你在哪,0.1%,31.76,23,0.1%,28.7%
29008,末日重启,0.1%,27.27,3,1.2%,2.7%
29009,空难余波,0.1%,25.74,3,1.2%,2.2%
29010,羞羞的铁拳,<0.1%,21.15,14,0.1%,14.6%
29011,烽火芳菲,<0.1%,19.18,44,<0.1%,41.3%
29012,不成问题的问题,<0.1%,18.04,21,<0.1%,25.5%
29013,一路绽放,<0.1%,15.72,25,<0.1%,31.3%
29014,钟馗传奇之岁寒三友,<0.1%,15.56,3,0.6%,2.9%
29015,垫底联盟,<0.1%,9.99,15,<0.1%,20.8%
29016,精灵宝可梦：波尔凯尼恩与机巧的玛机雅娜,<0.1%,6.18,6,<0.1%,7.0%
29017,恐袭波士顿,<0.1%,5.61,11,<0.1%,16.3%
29018,我的爸爸是森林之王,<0.1%,5.45,9,<0.1%,10.5%
29019,推理笔记,<0.1%,5.26,6,0.1%,8.2%
29020,全球风暴,<0.1%,5.24,11,<0.1%,15.8%
29021,英雄本色,<0.1%,4.85,5,<0.1%,7.3%
29022,相爱相亲,<0.1%,4.53,13,<0.1%,19.4%
29023,缝纫机乐队,<0.1%,3.52,12,<0.1%,11.9%
29024,七月半3：灵触第七感,<0.1%,2.80,4,<0.1%,5.8%
29025,天生不对,<0.1%,2.48,9,<0.1%,10.6%
29026,帕丁顿熊2,<0.1%,2.47,42,<0.1%,50.6%
29027,刺杀盖世太保,<0.1%,2.42,6,<0.1%,9.3%
29028,云上石头城,<0.1%,2.34,74,<0.1%,55.8%
29029,炸裂青春,<0.1%,2.26,61,<0.1%,53.7%
29030,诡梦凶铃,<0.1%,1.78,177,<0.1%,97.7%
29031,暴雪将至,<0.1%,1.55,4,<0.1%,5.1%
29032,恐怖理发店,<0.1%,1.50,500,<0.1%,99.6%
29033,星期8,<0.1%,1.38,21,<0.1%,30.3%
29034,深宫怨灵,<0.1%,1.13,4,<0.1%,6.8%
29035,寻梦环游记,64.1%,11354.62,36,30.1%,24.7%
29036,正义联盟,10.5%,1873.74,15,11.3%,10.8%
29037,烟花,7.3%,1306.99,7,21.6%,5.6%
29038,这就是命,5.4%,970.61,14,7.6%,14.8%
29039,至暗时刻,3.3%,590.61,16,3.6%,15.3%
29040,相声大电影之我要幸福,1.8%,330.15,6,6.1%,5.4%
29041,维京:王者之战,1.1%,208.35,5,5.6%,3.9%
29042,追捕,0.7%,138.66,7,2.0%,6.7%
29043,七十七天,0.6%,122.93,21,0.4%,24.1%
29044,东方快车谋杀案,0.5%,105.55,17,0.5%,18.0%
29045,夺金四贱客,0.3%,68.87,6,1.3%,6.4%
29046,笔仙咒怨,0.3%,63.07,6,1.3%,6.3%
29047,引爆者,0.3%,60.91,7,0.9%,7.5%
29048,嘉年华,0.3%,59.48,9,0.6%,9.0%
29049,守信少年,0.2%,51.61,101,<0.1%,74.4%
29050,降魔传,0.2%,46.60,6,0.7%,7.2%
29051,冒牌监护人之寻宝闹翻天,0.1%,34.67,5,0.8%,4.9%
29052,羞羞的铁拳,0.1%,25.46,12,0.2%,13.3%
29053,烽火芳菲,0.1%,24.43,54,<0.1%,43.2%
29054,你在哪,<0.1%,17.29,14,0.1%,17.8%
29055,末日重启,<0.1%,16.86,2,1.0%,2.0%
29056,不成问题的问题,<0.1%,15.74,17,<0.1%,20.5%
29057,空难余波,<0.1%,14.42,2,1.0%,1.4%
29058,钟馗传奇之岁寒三友,<0.1%,11.03,3,0.5%,2.3%
29059,垫底联盟,<0.1%,8.29,15,<0.1%,20.2%
29060,一路绽放,<0.1%,6.90,14,<0.1%,19.0%
29061,全球风暴,<0.1%,6.53,11,<0.1%,14.1%
29062,我的爸爸是森林之王,<0.1%,6.32,11,<0.1%,12.6%
29063,精灵宝可梦：波尔凯尼恩与机巧的玛机雅娜,<0.1%,5.68,7,<0.1%,7.6%
29064,恐袭波士顿,<0.1%,4.52,7,<0.1%,9.4%
29065,英雄本色,<0.1%,3.99,4,<0.1%,5.1%
29066,刺杀盖世太保,<0.1%,3.70,7,<0.1%,9.4%
29067,至爱梵高·星空之谜,<0.1%,3.59,139,<0.1%,100%
29068,天生不对,<0.1%,3.55,10,<0.1%,11.1%
29069,相爱相亲,<0.1%,3.33,17,<0.1%,22.2%
29070,缝纫机乐队,<0.1%,3.32,9,<0.1%,12.1%
29071,云上石头城,<0.1%,2.77,59,<0.1%,100%
29072,诡梦凶铃,<0.1%,2.30,236,<0.1%,96.9%
29073,雷神3：诸神黄昏,<0.1%,2.19,2,0.1%,7.3%
29074,七月半3：灵触第七感,<0.1%,1.91,3,<0.1%,3.7%
29075,推理笔记,<0.1%,1.86,2,0.1%,2.6%
29076,暴雪将至,<0.1%,1.72,4,<0.1%,3.6%
29077,帕丁顿熊2,<0.1%,1.63,34,<0.1%,22.0%
29078,恐怖理发店,<0.1%,1.50,500,<0.1%,99.6%
29079,狂兽,<0.1%,1.17,3,<0.1%,3.0%
29080,寻梦环游记,57.8%,3176.62,12,30.0%,7.5%
29081,正义联盟,11.5%,632.37,6,12.4%,3.7%
29082,这就是命,8.3%,459.28,7,8.4%,6.9%
29083,至暗时刻,5.5%,306.29,8,4.7%,6.8%
29084,烟花,3.9%,215.55,2,18.2%,1.2%
29085,相声大电影之我要幸福,1.6%,92.13,3,5.6%,2.0%
29086,七十七天,1.4%,79.77,16,0.3%,16.9%
29087,维京:王者之战,1.4%,77.59,2,5.4%,1.6%
29088,追捕,1.2%,69.20,3,2.4%,3.1%
29089,笔仙咒怨,0.7%,39.89,4,1.4%,4.1%
29090,东方快车谋杀案,0.6%,36.50,6,0.6%,5.6%
29091,守信少年,0.6%,33.58,100,<0.1%,76.1%
29092,引爆者,0.6%,33.28,4,1.2%,3.4%
29093,夺金四贱客,0.5%,31.13,3,1.4%,2.9%
29094,降魔传,0.4%,24.34,3,0.9%,3.2%
29095,烽火芳菲,0.3%,21.94,44,<0.1%,37.2%
29096,嘉年华,0.3%,21.43,3,0.8%,3.0%
29097,冒牌监护人之寻宝闹翻天,0.2%,13.85,2,0.8%,2.1%
29098,羞羞的铁拳,0.2%,12.71,6,0.2%,5.6%
29099,空难余波,0.1%,7.57,1,1.0%,0.8%
29100,末日重启,0.1%,7.51,1,1.0%,0.9%
29101,不成问题的问题,0.1%,6.84,7,0.1%,7.5%
29102,邹碧华,<0.1%,3.84,59,<0.1%,79.5%
29103,全球风暴,<0.1%,3.14,5,<0.1%,5.8%
29104,垫底联盟,<0.1%,3.13,4,<0.1%,5.7%
29105,至爱梵高·星空之谜,<0.1%,2.97,206,<0.1%,100.0%
29106,你在哪,<0.1%,2.84,3,0.1%,2.6%
29107,一路绽放,<0.1%,2.82,10,<0.1%,13.3%
29108,英雄本色,<0.1%,2.62,3,0.1%,2.9%
29109,巨额来电,<0.1%,2.23,283,<0.1%,38.9%
29110,云上石头城,<0.1%,2.01,53,<0.1%,59.2%
29111,天生不对,<0.1%,1.85,5,<0.1%,5.9%
29112,刺杀盖世太保,<0.1%,1.81,3,<0.1%,3.7%
29113,恐袭波士顿,<0.1%,1.77,3,<0.1%,3.1%
29114,帕丁顿熊2,<0.1%,1.64,39,<0.1%,24.9%
29115,大耳朵图图之美食狂想曲,<0.1%,1.59,119,<0.1%,--
29116,缝纫机乐队,<0.1%,1.59,4,<0.1%,4.8%
29117,恐怖理发店,<0.1%,1.50,500,<0.1%,99.6%
29118,钟馗传奇之岁寒三友,<0.1%,1.49,1,0.2%,1.0%
29119,七月半3：灵触第七感,<0.1%,1.49,2,0.1%,2.6%
29120,寻梦环游记,57.5%,2994.20,11,31.3%,6.8%
29121,正义联盟,11.3%,592.79,5,13.0%,3.4%
29122,这就是命,9.0%,471.57,7,9.3%,6.3%
29123,至暗时刻,6.3%,328.91,7,5.4%,6.3%
29124,烟花,2.9%,153.99,2,15.4%,1.1%
29125,七十七天,1.7%,92.77,16,0.4%,16.5%
29126,相声大电影之我要幸福,1.5%,78.23,2,5.2%,1.9%
29127,追捕,1.3%,68.11,3,2.6%,2.8%
29128,维京:王者之战,1.1%,61.86,2,4.9%,1.5%
29129,引爆者,0.7%,37.26,4,1.4%,3.3%
29130,东方快车谋杀案,0.7%,36.73,6,0.7%,5.4%
29131,笔仙咒怨,0.6%,35.86,4,1.4%,3.7%
29132,夺金四贱客,0.5%,29.02,3,1.4%,2.7%
29133,降魔传,0.4%,25.74,3,1.0%,3.0%
29134,守信少年,0.3%,20.13,84,<0.1%,61.3%
29135,嘉年华,0.3%,16.85,3,0.7%,2.4%
29136,烽火芳菲,0.3%,16.11,33,<0.1%,33.5%
29137,羞羞的铁拳,0.2%,13.38,5,0.3%,5.1%
29138,冒牌监护人之寻宝闹翻天,0.2%,12.87,2,0.8%,2.1%
29139,不成问题的问题,0.1%,8.06,8,0.1%,7.9%
29140,空难余波,0.1%,7.21,1,0.9%,0.8%
29141,末日重启,0.1%,6.47,1,0.9%,0.9%
29142,奇门遁甲,<0.1%,3.93,328,<0.1%,--
29143,你在哪,<0.1%,3.45,3,0.1%,3.5%
29144,英雄本色,<0.1%,3.34,3,0.1%,3.1%
29145,邹碧华,<0.1%,3.31,64,<0.1%,79.7%
29146,全球风暴,<0.1%,3.02,5,<0.1%,5.7%
29147,恐袭波士顿,<0.1%,2.42,4,<0.1%,3.4%
29148,天生不对,<0.1%,2.23,5,<0.1%,5.4%
29149,缝纫机乐队,<0.1%,2.10,4,<0.1%,5.1%
29150,女巫斗恶龙,<0.1%,1.95,11,<0.1%,19.2%
29151,刺杀盖世太保,<0.1%,1.81,3,<0.1%,3.8%
29152,一路绽放,<0.1%,1.77,7,<0.1%,8.4%
29153,钟馗传奇之岁寒三友,<0.1%,1.72,2,0.1%,1.4%
29154,垫底联盟,<0.1%,1.57,3,<0.1%,3.8%
29155,恐怖理发店,<0.1%,1.50,500,<0.1%,99.6%
29156,七月半3：灵触第七感,<0.1%,1.47,2,0.1%,2.7%
29157,十八洞村,<0.1%,1.23,41,<0.1%,45.6%
29158,暴雪将至,<0.1%,1.01,2,<0.1%,1.7%
29159,至爱梵高·星空之谜,<0.1%,1.01,207,<0.1%,95.8%
29160,寻梦环游记,56.8%,2813.70,10,32.2%,6.3%
29161,正义联盟,11.6%,577.58,5,13.4%,3.2%
29162,这就是命,9.6%,475.57,7,9.8%,6.0%
29163,至暗时刻,6.6%,330.22,7,6.0%,5.8%
29164,烟花,2.4%,122.90,2,13.5%,1.0%
29165,七十七天,1.8%,91.80,15,0.5%,15.8%
29166,追捕,1.4%,69.95,3,2.7%,2.8%
29167,相声大电影之我要幸福,1.3%,66.67,2,4.9%,1.8%
29168,维京:王者之战,1.0%,50.11,2,4.5%,1.3%
29169,东方快车谋杀案,0.7%,35.83,5,0.7%,5.0%
29170,笔仙咒怨,0.6%,33.76,4,1.4%,3.5%
29171,引爆者,0.6%,33.60,3,1.4%,3.0%
29172,降魔传,0.5%,26.56,3,1.1%,2.9%
29173,夺金四贱客,0.5%,25.52,3,1.4%,2.4%
29174,守信少年,0.3%,16.29,88,<0.1%,56.4%
29175,嘉年华,0.3%,15.28,3,0.7%,2.3%
29176,羞羞的铁拳,0.3%,14.99,5,0.3%,5.1%
29177,冒牌监护人之寻宝闹翻天,0.2%,10.66,2,0.7%,1.9%
29178,烽火芳菲,0.1%,9.29,26,<0.1%,28.9%
29179,邹碧华,0.1%,7.97,78,<0.1%,100%
29180,大秦直道,0.1%,6.36,15,<0.1%,14.8%
29181,末日重启,0.1%,5.89,1,0.9%,0.9%
29182,空难余波,0.1%,5.32,1,0.9%,0.7%
29183,不成问题的问题,<0.1%,4.58,4,0.1%,4.4%
29184,天生不对,<0.1%,4.55,14,<0.1%,18.3%
29185,一路绽放,<0.1%,4.22,14,<0.1%,18.4%
29186,全球风暴,<0.1%,3.21,5,<0.1%,4.7%
29187,英雄本色,<0.1%,2.49,2,0.1%,2.2%
29188,缝纫机乐队,<0.1%,2.24,4,<0.1%,4.8%
29189,恐袭波士顿,<0.1%,2.13,3,<0.1%,2.7%
29190,至爱梵高·星空之谜,<0.1%,2.00,103,<0.1%,78.3%
29191,芳华,<0.1%,2.00,406,<0.1%,--
29192,十八洞村,<0.1%,1.82,52,<0.1%,69.1%
29193,刺杀盖世太保,<0.1%,1.62,3,<0.1%,2.8%
29194,你在哪,<0.1%,1.55,2,0.1%,1.8%
29195,恐怖理发店,<0.1%,1.50,500,<0.1%,99.6%
29196,七月半3：灵触第七感,<0.1%,1.45,2,0.1%,2.7%
29197,钟馗传奇之岁寒三友,<0.1%,1.25,2,0.1%,1.1%
29198,相爱相亲,<0.1%,1.20,4,<0.1%,5.3%
29199,垫底联盟,<0.1%,1.13,3,<0.1%,3.3%
29200,暴雪将至,<0.1%,1.12,2,<0.1%,1.8%
29201,李三娘,<0.1%,1.09,109,<0.1%,82.3%
29202,寻梦环游记,54.7%,2479.19,9,32.5%,5.5%
29203,正义联盟,11.7%,530.00,5,13.6%,2.9%
29204,这就是命,10.0%,454.23,6,10.1%,5.5%
29205,至暗时刻,6.6%,299.72,6,6.3%,5.0%
29206,烟花,2.2%,102.42,2,12.4%,0.9%
29207,七十七天,2.0%,91.14,15,0.5%,15.9%
29208,追捕,1.3%,63.13,3,2.7%,2.6%
29209,相声大电影之我要幸福,1.3%,60.98,2,4.7%,1.7%
29210,维京:王者之战,0.9%,43.96,2,4.2%,1.2%
29211,东方快车谋杀案,0.7%,34.15,5,0.7%,4.8%
29212,引爆者,0.7%,32.26,3,1.4%,2.9%
29213,笔仙咒怨,0.6%,30.13,3,1.4%,3.2%
29214,降魔传,0.5%,26.68,3,1.1%,2.7%
29215,夺金四贱客,0.5%,24.46,3,1.3%,2.5%
29216,鲨海,0.4%,20.48,18,0.1%,14.7%
29217,羞羞的铁拳,0.3%,16.21,5,0.3%,5.2%
29218,嘉年华,0.3%,15.64,3,0.7%,2.4%
29219,帕丁顿熊2,0.3%,14.56,8,0.2%,4.5%
29220,冒牌监护人之寻宝闹翻天,0.2%,11.80,2,0.7%,2.1%
29221,烽火芳菲,0.2%,9.53,29,<0.1%,30.2%
29222,大秦直道,0.1%,7.40,14,<0.1%,14.1%
29223,末日重启,0.1%,7.14,2,0.9%,1.1%
29224,邹碧华,0.1%,6.28,74,<0.1%,100%
29225,巨额来电,0.1%,5.94,8,0.1%,6.6%
29226,恐袭波士顿,0.1%,5.30,5,<0.1%,5.5%
29227,空难余波,0.1%,5.22,1,0.8%,0.7%
29228,至爱梵高·星空之谜,0.1%,5.13,18,<0.1%,17.0%
29229,不成问题的问题,<0.1%,4.36,4,0.1%,4.4%
29230,全球风暴,<0.1%,3.60,5,<0.1%,4.9%
29231,一路绽放,<0.1%,3.13,12,<0.1%,16.0%
29232,钟馗传奇之岁寒三友,<0.1%,2.61,3,0.1%,2.7%
29233,英雄本色,<0.1%,2.60,2,0.1%,2.5%
29234,天生不对,<0.1%,2.29,5,<0.1%,4.9%
29235,假如王子睡着了,<0.1%,2.03,6,<0.1%,6.0%
29236,十八洞村,<0.1%,2.03,48,<0.1%,56.9%
29237,缝纫机乐队,<0.1%,1.93,4,<0.1%,4.5%
29238,恐怖理发店,<0.1%,1.50,500,<0.1%,99.6%
29239,相爱相亲,<0.1%,1.47,5,<0.1%,7.3%
29240,七月半3：灵触第七感,<0.1%,1.45,2,0.1%,2.4%
29241,暴雪将至,<0.1%,1.44,2,<0.1%,1.9%
29242,刺杀盖世太保,<0.1%,1.42,2,<0.1%,2.4%
29243,童话先生,<0.1%,1.06,106,<0.1%,92.8%
29244,寻梦环游记,37.1%,4336.95,24,17.9%,15.8%
29245,帕丁顿熊2,22.4%,2624.66,13,24.9%,8.5%
29246,巨额来电,13.8%,1621.13,12,16.0%,10.2%
29247,鲨海,9.3%,1092.81,11,12.8%,9.3%
29248,至爱梵高·星空之谜,5.8%,688.83,12,6.3%,11.3%
29249,勇往直前,2.1%,248.11,8,3.8%,7.0%
29250,假如王子睡着了,1.6%,189.69,4,5.9%,4.1%
29251,正义联盟,1.1%,137.85,7,1.8%,6.6%
29252,疯狂特警队,1.0%,119.87,5,3.0%,4.5%
29253,双面劫匪,0.9%,113.89,6,2.4%,5.5%
29254,这就是命,0.8%,102.90,14,0.8%,16.0%
29255,至暗时刻,0.7%,85.80,20,0.3%,20.3%
29256,七十七天,0.2%,34.27,35,<0.1%,38.4%
29257,邹碧华,0.2%,24.34,96,<0.1%,100%
29258,烟花,0.1%,22.53,4,0.8%,3.9%
29259,北平以北,0.1%,16.87,7,0.3%,7.1%
29260,相声大电影之我要幸福,0.1%,11.69,7,0.2%,8.9%
29261,诡梦凶铃,<0.1%,10.94,79,<0.1%,100%
29262,笔仙咒怨,<0.1%,9.96,4,0.3%,5.4%
29263,追捕,<0.1%,7.71,4,0.1%,5.7%
29264,降魔传,<0.1%,5.21,3,0.2%,3.1%
29265,烽火芳菲,<0.1%,5.03,31,<0.1%,40.5%
29266,十八洞村,<0.1%,4.64,54,<0.1%,61.6%
29267,东方快车谋杀案,<0.1%,4.59,8,<0.1%,9.3%
29268,羞羞的铁拳,<0.1%,4.03,6,<0.1%,6.4%
29269,大秦直道,<0.1%,2.95,21,<0.1%,30.3%
29270,嘉年华,<0.1%,2.93,8,<0.1%,10.7%
29271,引爆者,<0.1%,2.44,3,0.1%,3.0%
29272,一路绽放,<0.1%,2.17,16,<0.1%,19.2%
29273,老兽,<0.1%,1.97,14,<0.1%,12.9%
29274,童话先生,<0.1%,1.71,105,<0.1%,77.6%
29275,炸裂青春,<0.1%,1.68,52,<0.1%,49.6%
29276,女巫斗恶龙,<0.1%,1.67,29,<0.1%,65.4%
29277,维京:王者之战,<0.1%,1.46,2,0.1%,2.0%
29278,全球风暴,<0.1%,1.28,6,<0.1%,9.7%
29279,不成问题的问题,<0.1%,1.22,9,<0.1%,14.4%
29280,寻梦环游记,46.8%,10478.05,40,25.3%,27.8%
29281,帕丁顿熊2,19.3%,4336.22,21,23.4%,14.9%
29282,芳华,6.7%,1511.70,49,2.9%,38.8%
29283,奇门遁甲,5.8%,1301.46,48,2.8%,33.8%
29284,巨额来电,5.3%,1190.38,11,12.1%,10.1%
29285,至爱梵高·星空之谜,4.8%,1091.72,18,6.3%,17.2%
29286,鲨海,4.1%,917.30,10,10.7%,9.4%
29287,正义联盟,1.3%,312.21,14,2.0%,13.2%
29288,勇往直前,0.8%,179.33,8,2.6%,7.5%
29289,至暗时刻,0.7%,174.81,26,0.5%,27.1%
29290,这就是命,0.7%,169.99,22,0.8%,29.1%
29291,假如王子睡着了,0.6%,141.03,5,3.6%,4.8%
29292,疯狂特警队,0.4%,91.75,6,1.7%,6.1%
29293,双面劫匪,0.3%,72.15,7,1.1%,7.1%
29294,烟花,0.3%,69.27,8,1.0%,10.5%
29295,七十七天,0.2%,49.99,36,0.1%,37.7%
29296,笔仙咒怨,<0.1%,18.27,7,0.3%,8.1%
29297,东方快车谋杀案,<0.1%,14.39,15,<0.1%,17.9%
29298,羞羞的铁拳,<0.1%,13.12,12,0.1%,12.6%
29299,追捕,<0.1%,8.71,5,0.1%,6.2%
29300,相声大电影之我要幸福,<0.1%,8.55,6,0.1%,8.3%
29301,降魔传,<0.1%,8.23,4,0.2%,5.3%
29302,老兽,<0.1%,8.12,36,<0.1%,39.4%
29303,炸裂青春,<0.1%,5.27,112,<0.1%,100%
29304,嘉年华,<0.1%,5.22,12,<0.1%,14.4%
29305,引爆者,<0.1%,4.18,5,<0.1%,5.4%
29306,维京:王者之战,<0.1%,3.99,5,<0.1%,6.8%
29307,一路绽放,<0.1%,3.07,20,<0.1%,23.6%
29308,全球风暴,<0.1%,2.70,8,<0.1%,11.0%
29309,北平以北,<0.1%,2.50,6,<0.1%,6.7%
29310,恐袭波士顿,<0.1%,2.40,11,<0.1%,15.4%
29311,诡梦凶铃,<0.1%,2.17,77,<0.1%,100%
29312,玩命大师,<0.1%,2.13,54,<0.1%,81.4%
29313,空难余波,<0.1%,1.78,8,<0.1%,10.5%
29314,夺金四贱客,<0.1%,1.46,3,<0.1%,5.5%
29315,不成问题的问题,<0.1%,1.30,11,<0.1%,14.6%
29316,守信少年,<0.1%,1.26,158,<0.1%,64.2%
29317,我的爸爸是森林之王,<0.1%,1.16,7,<0.1%,7.4%
29318,缝纫机乐队,<0.1%,1.16,8,<0.1%,12.3%
29319,冒牌监护人之寻宝闹翻天,<0.1%,1.11,4,<0.1%,5.0%
29320,相爱相亲,<0.1%,1.07,10,<0.1%,14.6%
29321,寻梦环游记,49.2%,8250.29,29,28.4%,19.4%
29322,帕丁顿熊2,20.8%,3483.55,17,23.5%,12.0%
29323,至爱梵高·星空之谜,6.4%,1083.60,17,7.0%,16.3%
29324,巨额来电,5.6%,949.80,10,11.5%,8.6%
29325,芳华,5.4%,910.72,30,2.9%,23.4%
29326,鲨海,4.2%,708.55,8,10.2%,7.9%
29327,正义联盟,1.6%,269.23,11,2.3%,10.0%
29328,至暗时刻,0.9%,159.74,20,0.6%,20.3%
29329,这就是命,0.9%,156.89,20,0.9%,25.4%
29330,勇往直前,0.8%,146.65,7,2.5%,6.4%
29331,假如王子睡着了,0.5%,87.15,3,3.3%,3.4%
29332,疯狂特警队,0.5%,86.51,6,1.6%,6.4%
29333,七十七天,0.3%,55.52,36,0.1%,37.7%
29334,双面劫匪,0.3%,54.88,6,1.0%,5.8%
29335,烟花,0.2%,44.35,5,1.0%,6.0%
29336,奇门遁甲,0.1%,27.69,56,<0.1%,100%
29337,羞羞的铁拳,<0.1%,15.18,11,0.1%,12.4%
29338,笔仙咒怨,<0.1%,13.57,5,0.3%,5.8%
29339,圣诞奇妙公司,<0.1%,11.59,43,<0.1%,40.5%
29340,降魔传,<0.1%,11.22,5,0.2%,6.1%
29341,追捕,<0.1%,8.59,5,0.2%,5.5%
29342,东方快车谋杀案,<0.1%,8.01,13,<0.1%,17.6%
29343,相声大电影之我要幸福,<0.1%,6.43,5,0.1%,5.6%
29344,守信少年,<0.1%,6.27,197,<0.1%,96.3%
29345,引爆者,<0.1%,5.87,6,0.1%,7.2%
29346,金珠玛米,<0.1%,5.34,58,<0.1%,96.0%
29347,炸裂青春,<0.1%,4.61,81,<0.1%,56.1%
29348,嘉年华,<0.1%,4.53,10,<0.1%,11.8%
29349,一路绽放,<0.1%,3.34,19,<0.1%,33.6%
29350,全球风暴,<0.1%,3.26,9,<0.1%,11.6%
29351,天生不对,<0.1%,3.18,36,<0.1%,60.0%
29352,不成问题的问题,<0.1%,2.49,15,<0.1%,19.7%
29353,维京:王者之战,<0.1%,2.30,3,0.1%,2.9%
29354,北平以北,<0.1%,1.26,4,<0.1%,5.0%
29355,相爱相亲,<0.1%,1.21,10,<0.1%,16.3%
29356,南哥,<0.1%,1.21,106,<0.1%,64.4%
29357,冒牌监护人之寻宝闹翻天,<0.1%,1.19,4,<0.1%,4.8%
29358,我的爸爸是森林之王,<0.1%,1.17,7,<0.1%,8.4%
29359,夺金四贱客,<0.1%,1.17,3,<0.1%,4.5%
29360,诡梦凶铃,<0.1%,1.10,107,<0.1%,48.5%
29361,寻梦环游记,39.0%,1852.44,8,28.1%,4.6%
29362,帕丁顿熊2,21.1%,1001.88,6,22.8%,3.8%
29363,巨额来电,9.8%,467.35,5,11.6%,4.5%
29364,至爱梵高·星空之谜,9.7%,461.85,8,7.7%,6.8%
29365,鲨海,6.2%,298.35,4,10.3%,3.5%
29366,正义联盟,2.1%,100.57,4,2.6%,3.6%
29367,勇往直前,1.5%,73.58,3,2.9%,3.0%
29368,至暗时刻,1.3%,65.38,7,0.9%,6.9%
29369,老兽,1.0%,49.54,3,2.1%,2.9%
29370,七十七天,1.0%,48.10,26,0.1%,27.5%
29371,假如王子睡着了,0.7%,36.59,2,3.1%,1.6%
29372,这就是命,0.7%,36.58,5,1.0%,5.5%
29373,疯狂特警队,0.7%,35.59,3,1.7%,2.7%
29374,奇门遁甲,0.5%,25.74,162,<0.1%,100%
29375,双面劫匪,0.4%,21.10,3,1.0%,2.5%
29376,笔仙咒怨,0.2%,10.72,4,0.4%,4.1%
29377,羞羞的铁拳,0.1%,8.22,6,0.1%,6.1%
29378,烟花,0.1%,6.88,2,0.7%,1.4%
29379,守信少年,0.1%,6.27,197,<0.1%,96.3%
29380,降魔传,0.1%,5.09,2,0.2%,2.6%
29381,圣诞奇妙公司,<0.1%,4.51,153,<0.1%,100%
29382,炸裂青春,<0.1%,4.29,80,<0.1%,65.4%
29383,邹碧华,<0.1%,3.59,87,<0.1%,65.5%
29384,追捕,<0.1%,3.15,2,0.2%,1.8%
29385,引爆者,<0.1%,3.13,3,0.1%,3.3%
29386,相声大电影之我要幸福,<0.1%,2.85,2,0.1%,2.4%
29387,东方快车谋杀案,<0.1%,2.46,6,<0.1%,6.3%
29388,嘉年华,<0.1%,2.43,4,<0.1%,3.4%
29389,恐袭波士顿,<0.1%,2.31,9,<0.1%,14.8%
29390,一路绽放,<0.1%,2.27,24,<0.1%,26.3%
29391,北平以北,<0.1%,2.25,7,<0.1%,7.7%
29392,全球风暴,<0.1%,1.52,5,<0.1%,5.0%
29393,维京:王者之战,<0.1%,1.35,2,0.1%,1.8%
29394,不成问题的问题,<0.1%,1.13,12,<0.1%,17.0%
29395,寻梦环游记,37.1%,1651.15,7,27.6%,4.2%
29396,帕丁顿熊2,22.0%,978.91,6,21.6%,4.0%
29397,巨额来电,10.0%,446.69,5,10.9%,4.6%
29398,至爱梵高·星空之谜,9.2%,412.23,7,7.9%,5.9%
29399,鲨海,6.0%,267.27,4,9.6%,3.4%
29400,正义联盟,2.1%,97.39,4,2.6%,3.4%
29401,金珠玛米,2.0%,91.02,3,4.5%,3.4%
29402,勇往直前,1.5%,69.71,4,2.7%,3.1%
29403,至暗时刻,1.4%,64.72,7,0.9%,6.5%
29404,七十七天,0.9%,40.03,14,0.2%,15.1%
29405,这就是命,0.8%,37.21,5,1.0%,5.6%
29406,老兽,0.7%,34.72,3,1.4%,2.9%
29407,假如王子睡着了,0.7%,32.02,2,2.6%,1.7%
29408,疯狂特警队,0.7%,31.98,3,1.5%,2.8%
29409,双面劫匪,0.4%,19.78,3,0.9%,2.9%
29410,奇门遁甲,0.2%,9.73,134,<0.1%,96.7%
29411,笔仙咒怨,0.2%,9.29,4,0.4%,3.8%
29412,羞羞的铁拳,0.1%,7.75,5,0.1%,5.2%
29413,降魔传,0.1%,6.04,3,0.3%,2.8%
29414,北平以北,0.1%,5.84,18,<0.1%,19.8%
29415,烟花,0.1%,5.65,2,0.6%,1.2%
29416,追捕,0.1%,5.35,3,0.2%,3.2%
29417,邹碧华,<0.1%,4.24,56,<0.1%,100%
29418,相声大电影之我要幸福,<0.1%,4.16,3,0.1%,4.1%
29419,逃离现场,<0.1%,3.95,4,0.2%,3.5%
29420,引爆者,<0.1%,3.88,4,0.1%,4.3%
29421,血战湘江,<0.1%,2.98,83,<0.1%,54.1%
29422,炸裂青春,<0.1%,2.77,46,<0.1%,35.9%
29423,东方快车谋杀案,<0.1%,2.55,6,<0.1%,5.8%
29424,十八洞村,<0.1%,2.04,52,<0.1%,21.8%
29425,一路绽放,<0.1%,1.95,23,<0.1%,31.8%
29426,全球风暴,<0.1%,1.81,5,<0.1%,6.1%
29427,嘉年华,<0.1%,1.16,2,<0.1%,1.6%
29428,李三娘,<0.1%,1.14,109,<0.1%,78.2%
29429,维京:王者之战,<0.1%,1.08,2,0.1%,1.6%
29430,寻梦环游记,37.5%,1544.10,6,28.2%,3.9%
29431,帕丁顿熊2,21.3%,879.67,5,22.1%,3.5%
29432,巨额来电,10.2%,419.48,5,11.4%,4.2%
29433,至爱梵高·星空之谜,9.5%,393.31,6,8.4%,5.3%
29434,鲨海,5.7%,237.62,4,9.8%,3.0%
29435,正义联盟,2.4%,99.19,4,2.8%,3.3%
29436,勇往直前,1.7%,70.63,4,2.7%,3.1%
29437,至暗时刻,1.5%,63.65,7,1.0%,6.2%
29438,七十七天,1.2%,49.33,18,0.2%,17.9%
29439,这就是命,0.9%,40.48,5,1.1%,5.5%
29440,疯狂特警队,0.8%,33.30,3,1.5%,2.9%
29441,老兽,0.8%,33.06,3,1.3%,2.9%
29442,假如王子睡着了,0.7%,29.08,2,2.6%,1.5%
29443,金珠玛米,0.5%,20.78,2,1.7%,1.5%
29444,双面劫匪,0.4%,19.79,3,0.9%,2.7%
29445,笔仙咒怨,0.2%,9.36,3,0.4%,3.6%
29446,羞羞的铁拳,0.2%,9.24,5,0.2%,5.3%
29447,邹碧华,0.2%,8.84,68,<0.1%,80.3%
29448,降魔传,0.1%,6.85,3,0.3%,2.8%
29449,奇门遁甲,0.1%,6.37,80,<0.1%,71.6%
29450,烟花,0.1%,4.84,1,0.6%,1.1%
29451,北平以北,<0.1%,3.79,14,<0.1%,16.1%
29452,炸裂青春,<0.1%,3.38,56,<0.1%,44.1%
29453,追捕,<0.1%,3.33,2,0.2%,1.7%
29454,芳华,<0.1%,3.31,46,<0.1%,100%
29455,相声大电影之我要幸福,<0.1%,3.03,2,0.1%,2.6%
29456,逃离现场,<0.1%,2.48,3,0.1%,2.5%
29457,东方快车谋杀案,<0.1%,2.41,5,<0.1%,4.8%
29458,暴雪将至,<0.1%,2.10,25,<0.1%,46.6%
29459,全球风暴,<0.1%,1.79,5,<0.1%,5.1%
29460,引爆者,<0.1%,1.78,2,0.1%,1.9%
29461,一路绽放,<0.1%,1.37,15,<0.1%,17.0%
29462,十八洞村,<0.1%,1.37,50,<0.1%,22.1%
29463,李三娘,<0.1%,1.33,91,<0.1%,71.9%
29464,商魂,<0.1%,1.29,165,<0.1%,100%
29465,嘉年华,<0.1%,1.24,2,<0.1%,1.8%
29466,血战湘江,<0.1%,1.08,90,<0.1%,61.4%
29467,奇门遁甲,45.4%,2673.59,19,15.6%,12.6%
29468,寻梦环游记,21.9%,1290.40,6,24.9%,3.9%
29469,帕丁顿熊2,10.9%,643.65,5,18.6%,3.2%
29470,至爱梵高·星空之谜,5.3%,316.18,5,7.3%,4.8%
29471,巨额来电,3.8%,228.31,3,9.4%,2.9%
29472,鲨海,2.2%,130.13,3,7.8%,2.1%
29473,芳华,1.1%,69.34,14,0.5%,10.4%
29474,七十七天,1.0%,59.92,18,0.2%,20.7%
29475,正义联盟,0.9%,58.41,3,2.2%,2.5%
29476,至暗时刻,0.8%,52.67,6,0.8%,6.0%
29477,勇往直前,0.6%,37.86,3,2.0%,2.2%
29478,圣诞大赢家,0.5%,34.22,102,<0.1%,73.6%
29479,疯狂特警队,0.4%,27.74,3,1.2%,2.9%
29480,老兽,0.4%,26.70,4,0.9%,3.2%
29481,这就是命,0.4%,25.54,4,0.9%,4.8%
29482,假如王子睡着了,0.2%,16.27,1,1.9%,1.1%
29483,邹碧华,0.2%,16.06,70,<0.1%,99.0%
29484,金珠玛米,0.2%,15.71,2,1.1%,1.8%
29485,双面劫匪,0.2%,12.50,3,0.7%,2.3%
29486,整形师·脸,0.1%,9.86,106,<0.1%,81.7%
29487,疯狂丑小鸭,0.1%,7.09,80,<0.1%,64.2%
29488,北平以北,0.1%,6.65,26,<0.1%,31.5%
29489,笔仙咒怨,0.1%,6.13,3,0.3%,3.1%
29490,羞羞的铁拳,0.1%,6.04,4,0.1%,4.0%
29491,相声大电影之我要幸福,<0.1%,4.08,3,0.1%,3.6%
29492,烟花,<0.1%,3.94,1,0.5%,1.1%
29493,妖铃铃,<0.1%,3.45,63,<0.1%,43.9%
29494,炸裂青春,<0.1%,3.35,48,<0.1%,38.8%
29495,降魔传,<0.1%,3.01,2,0.3%,1.4%
29496,追捕,<0.1%,2.94,2,0.2%,1.9%
29497,引爆者,<0.1%,2.37,3,0.1%,3.5%
29498,东方快车谋杀案,<0.1%,2.20,5,<0.1%,5.1%
29499,血战湘江,<0.1%,1.92,121,<0.1%,95.9%
29500,十八洞村,<0.1%,1.64,60,<0.1%,17.1%
29501,逃离现场,<0.1%,1.62,3,0.1%,3.0%
29502,大耳朵图图之美食狂想曲,<0.1%,1.49,107,<0.1%,62.7%
29503,嘉年华,<0.1%,1.39,2,<0.1%,2.1%
29504,全球风暴,<0.1%,1.31,4,<0.1%,4.0%
29505,维京:王者之战,<0.1%,1.22,2,<0.1%,2.0%
29506,天若有情,<0.1%,1.21,66,<0.1%,--
29507,李三娘,<0.1%,1.05,104,<0.1%,76.5%
29508,芳华,44.1%,7612.56,25,34.2%,19.6%
29509,奇门遁甲,39.2%,6762.26,20,37.1%,14.0%
29510,寻梦环游记,10.2%,1760.69,17,11.4%,15.9%
29511,帕丁顿熊2,2.6%,452.18,10,5.6%,11.0%
29512,至爱梵高·星空之谜,1.0%,185.97,11,1.9%,11.8%
29513,七十七天,0.4%,85.07,39,0.1%,43.5%
29514,圣诞奇妙公司,0.4%,82.75,3,4.1%,2.9%
29515,圣诞大赢家,0.2%,36.99,111,<0.1%,82.8%
29516,巨额来电,0.2%,35.77,3,1.4%,3.4%
29517,邹碧华,0.1%,23.57,80,<0.1%,100%
29518,鲨海,0.1%,22.52,3,1.1%,3.2%
29519,至暗时刻,0.1%,22.23,16,0.1%,19.3%
29520,正义联盟,<0.1%,12.97,5,0.3%,6.0%
29521,老兽,<0.1%,10.51,12,<0.1%,15.2%
29522,整形师·脸,<0.1%,10.35,103,<0.1%,75.2%
29523,勇往直前,<0.1%,10.24,5,0.2%,6.5%
29524,这就是命,<0.1%,9.43,10,0.1%,13.7%
29525,诡梦凶铃,<0.1%,5.80,79,<0.1%,100.0%
29526,疯狂丑小鸭,<0.1%,5.79,61,<0.1%,51.0%
29527,北平以北,<0.1%,5.57,53,<0.1%,61.5%
29528,笔仙咒怨,<0.1%,5.39,4,0.2%,5.3%
29529,疯狂特警队,<0.1%,5.05,5,0.1%,6.7%
29530,十八洞村,<0.1%,4.88,61,<0.1%,42.5%
29531,相声大电影之我要幸福,<0.1%,3.99,13,<0.1%,18.1%
29532,妖铃铃,<0.1%,3.48,62,<0.1%,41.2%
29533,炸裂青春,<0.1%,3.13,72,<0.1%,56.3%
29534,金珠玛米,<0.1%,1.84,3,<0.1%,2.8%
29535,烟花,<0.1%,1.55,2,0.1%,2.8%
29536,羞羞的铁拳,<0.1%,1.50,5,<0.1%,5.0%
29537,假如王子睡着了,<0.1%,1.42,2,0.1%,1.9%
29538,东方快车谋杀案,<0.1%,1.38,10,<0.1%,11.9%
29539,南哥,<0.1%,1.11,86,<0.1%,56.1%
29540,一路绽放,<0.1%,1.00,19,<0.1%,25.0%
29541,芳华,41.8%,10726.90,34,33.4%,26.1%
29542,奇门遁甲,26.6%,6816.58,22,32.6%,15.6%
29543,寻梦环游记,20.3%,5226.55,34,16.3%,30.7%
29544,帕丁顿熊2,5.2%,1353.88,24,6.9%,25.6%
29545,至爱梵高·星空之谜,1.7%,440.37,20,2.3%,22.0%
29546,心理罪之城市之光,1.6%,421.85,111,0.4%,94.7%
29547,圣诞奇妙公司,0.4%,123.25,6,2.6%,6.6%
29548,七十七天,0.3%,84.56,36,0.1%,38.7%
29549,圣诞大赢家,0.2%,61.59,122,<0.1%,87.8%
29550,巨额来电,0.2%,54.57,6,1.2%,5.6%
29551,至暗时刻,0.2%,52.38,27,0.1%,31.8%
29552,正义联盟,0.1%,38.71,11,0.3%,14.7%
29553,鲨海,0.1%,37.95,5,1.0%,5.8%
29554,这就是命,<0.1%,13.72,14,0.1%,20.5%
29555,勇往直前,<0.1%,12.94,7,0.2%,10.0%
29556,整形师·脸,<0.1%,12.35,107,<0.1%,75.5%
29557,老兽,<0.1%,11.23,13,<0.1%,15.2%
29558,金珠玛米,<0.1%,10.94,21,<0.1%,23.4%
29559,笔仙咒怨,<0.1%,10.66,7,0.2%,9.0%
29560,妖铃铃,<0.1%,10.41,115,<0.1%,67.8%
29561,疯狂丑小鸭,<0.1%,7.20,76,<0.1%,50.8%
29562,诡梦凶铃,<0.1%,7.15,84,<0.1%,84.7%
29563,疯狂特警队,<0.1%,5.15,6,0.1%,7.9%
29564,烟花,<0.1%,4.93,4,0.1%,5.7%
29565,羞羞的铁拳,<0.1%,4.74,12,<0.1%,13.5%
29566,天若有情,<0.1%,4.21,79,<0.1%,--
29567,炸裂青春,<0.1%,3.82,138,<0.1%,88.2%
29568,追捕,<0.1%,3.59,8,<0.1%,12.5%
29569,东方快车谋杀案,<0.1%,2.46,21,<0.1%,27.3%
29570,引爆者,<0.1%,2.28,10,<0.1%,16.6%
29571,双面劫匪,<0.1%,2.13,4,<0.1%,5.8%
29572,降魔传,<0.1%,2.01,3,<0.1%,3.9%
29573,暴雪将至,<0.1%,1.91,20,<0.1%,44.9%
29574,一路绽放,<0.1%,1.86,30,<0.1%,19.9%
29575,血战湘江,<0.1%,1.70,101,<0.1%,100%
29576,相声大电影之我要幸福,<0.1%,1.64,5,<0.1%,9.0%
29577,假如王子睡着了,<0.1%,1.39,2,0.1%,2.5%
29578,全球风暴,<0.1%,1.08,8,<0.1%,10.8%
29579,嘉年华,<0.1%,1.02,11,<0.1%,20.8%
29580,芳华,48.9%,11023.48,34,33.8%,26.1%
29581,奇门遁甲,21.3%,4814.57,17,29.6%,12.5%
29582,寻梦环游记,19.4%,4376.69,25,18.8%,21.5%
29583,帕丁顿熊2,5.9%,1334.12,21,7.8%,21.8%
29584,至爱梵高·星空之谜,1.8%,426.71,18,2.6%,19.3%
29585,圣诞奇妙公司,0.4%,96.04,6,2.2%,6.1%
29586,七十七天,0.3%,81.78,34,0.1%,38.1%
29587,圣诞大赢家,0.2%,57.94,104,<0.1%,80.6%
29588,至暗时刻,0.2%,55.62,23,0.2%,27.8%
29589,巨额来电,0.1%,38.65,5,1.1%,4.5%
29590,鲨海,0.1%,29.38,4,1.0%,4.5%
29591,正义联盟,<0.1%,17.73,9,0.1%,11.8%
29592,勇往直前,<0.1%,13.35,8,0.2%,10.0%
29593,这就是命,<0.1%,13.24,13,0.1%,19.7%
29594,整形师·脸,<0.1%,12.45,115,<0.1%,78.3%
29595,老兽,<0.1%,9.61,12,<0.1%,13.7%
29596,疯狂丑小鸭,<0.1%,8.93,69,<0.1%,56.3%
29597,笔仙咒怨,<0.1%,8.35,5,0.2%,6.5%
29598,疯狂特警队,<0.1%,5.86,5,0.1%,7.9%
29599,暴雪将至,<0.1%,4.85,48,<0.1%,95.0%
29600,羞羞的铁拳,<0.1%,4.62,9,<0.1%,11.7%
29601,炸裂青春,<0.1%,4.54,109,<0.1%,65.2%
29602,烟花,<0.1%,4.20,3,0.1%,4.7%
29603,妖猫传,<0.1%,3.44,328,<0.1%,--
29604,追捕,<0.1%,3.27,8,<0.1%,14.2%
29605,东方快车谋杀案,<0.1%,3.23,17,<0.1%,21.7%
29606,金珠玛米,<0.1%,3.13,6,<0.1%,7.5%
29607,天若有情,<0.1%,2.66,59,<0.1%,--
29608,引爆者,<0.1%,2.31,9,<0.1%,15.9%
29609,一路绽放,<0.1%,2.27,26,<0.1%,37.8%
29610,降魔传,<0.1%,1.58,3,<0.1%,3.8%
29611,北平以北,<0.1%,1.34,56,<0.1%,100%
29612,全球风暴,<0.1%,1.30,7,<0.1%,10.9%
29613,双面劫匪,<0.1%,1.27,2,<0.1%,3.3%
29614,诡梦凶铃,<0.1%,1.22,136,<0.1%,74.8%
29615,相声大电影之我要幸福,<0.1%,1.18,4,<0.1%,6.5%
29616,假如王子睡着了,<0.1%,1.07,2,0.1%,2.2%
29617,冒牌监护人之寻宝闹翻天,<0.1%,1.00,7,<0.1%,6.9%
29618,芳华,65.0%,6640.95,22,35.4%,16.0%
29619,奇门遁甲,19.1%,1953.17,8,28.8%,5.8%
29620,寻梦环游记,8.4%,864.44,6,17.1%,5.1%
29621,帕丁顿熊2,2.6%,267.81,5,7.6%,4.7%
29622,至爱梵高·星空之谜,1.4%,145.82,6,3.1%,6.1%
29623,七十七天,0.5%,59.80,22,0.2%,24.7%
29624,圣诞大赢家,0.3%,37.87,108,<0.1%,82.6%
29625,巨额来电,0.2%,22.39,3,1.3%,2.5%
29626,至暗时刻,0.2%,22.05,8,0.2%,9.0%
29627,圣诞奇妙公司,0.2%,21.61,2,2.0%,1.5%
29628,鲨海,0.1%,16.62,2,1.2%,2.3%
29629,整形师·脸,0.1%,15.99,116,<0.1%,72.1%
29630,邹碧华,<0.1%,10.16,61,<0.1%,71.2%
29631,这就是命,<0.1%,7.08,6,0.2%,8.4%
29632,正义联盟,<0.1%,6.77,4,0.1%,5.1%
29633,心理罪之城市之光,<0.1%,6.45,350,<0.1%,99.0%
29634,疯狂丑小鸭,<0.1%,6.20,68,<0.1%,48.9%
29635,疯狂特警队,<0.1%,5.80,4,0.1%,6.0%
29636,笔仙咒怨,<0.1%,5.75,3,0.2%,4.0%
29637,老兽,<0.1%,5.56,5,0.1%,5.3%
29638,金珠玛米,<0.1%,5.33,8,<0.1%,11.2%
29639,勇往直前,<0.1%,4.36,3,0.2%,3.0%
29640,猪太狼的夏天,<0.1%,4.00,118,<0.1%,100%
29641,炸裂青春,<0.1%,3.67,117,<0.1%,53.2%
29642,妖猫传,<0.1%,3.44,328,<0.1%,--
29643,一路绽放,<0.1%,3.02,25,<0.1%,30.8%
29644,天若有情,<0.1%,2.56,83,<0.1%,--
29645,北平以北,<0.1%,2.19,50,<0.1%,40.5%
29646,羞羞的铁拳,<0.1%,2.00,4,<0.1%,4.2%
29647,嘉年华,<0.1%,1.57,23,<0.1%,38.1%
29648,大闹天宫,<0.1%,1.41,95,<0.1%,100%
29649,我们诞生在中国,<0.1%,1.40,101,<0.1%,89.7%
29650,妖铃铃,<0.1%,1.32,38,<0.1%,32.7%
29651,冒牌监护人之寻宝闹翻天,<0.1%,1.32,9,<0.1%,9.5%
29652,诡梦凶铃,<0.1%,1.25,93,<0.1%,85.4%
29653,芳华,66.9%,6544.96,21,37.1%,15.0%
29654,奇门遁甲,17.5%,1721.47,8,27.7%,5.5%
29655,寻梦环游记,7.8%,771.65,6,16.5%,4.7%
29656,帕丁顿熊2,2.5%,246.51,5,7.6%,4.5%
29657,至爱梵高·星空之谜,1.4%,142.18,6,3.2%,5.7%
29658,七十七天,0.5%,52.56,19,0.2%,20.1%
29659,解忧杂货店,0.3%,37.40,234,<0.1%,100%
29660,圣诞大赢家,0.3%,30.74,116,<0.1%,82.7%
29661,悔恨,0.2%,26.69,17,0.2%,19.1%
29662,至暗时刻,0.2%,22.09,8,0.3%,8.9%
29663,巨额来电,0.2%,21.41,3,1.3%,2.5%
29664,圣诞奇妙公司,0.1%,18.41,2,1.8%,1.5%
29665,鲨海,0.1%,14.71,2,1.2%,2.1%
29666,整形师·脸,0.1%,13.43,94,<0.1%,65.6%
29667,邹碧华,0.1%,10.32,66,<0.1%,81.7%
29668,正义联盟,<0.1%,7.26,4,0.2%,4.5%
29669,笔仙咒怨,<0.1%,6.05,4,0.2%,4.1%
29670,妖铃铃,<0.1%,6.01,79,<0.1%,48.8%
29671,疯狂丑小鸭,<0.1%,5.67,67,<0.1%,57.4%
29672,金珠玛米,<0.1%,5.29,9,<0.1%,13.0%
29673,这就是命,<0.1%,5.28,4,0.2%,5.0%
29674,疯狂特警队,<0.1%,5.04,4,0.1%,5.4%
29675,勇往直前,<0.1%,4.81,3,0.2%,3.4%
29676,老兽,<0.1%,4.65,5,0.1%,5.1%
29677,北平以北,<0.1%,3.78,50,<0.1%,55.4%
29678,一路绽放,<0.1%,3.49,29,<0.1%,41.6%
29679,炸裂青春,<0.1%,3.47,109,<0.1%,65.6%
29680,青春逗,<0.1%,3.00,99,<0.1%,100%
29681,前任3：再见前任,<0.1%,2.30,23,<0.1%,15.0%
29682,羞羞的铁拳,<0.1%,2.08,4,<0.1%,4.0%
29683,玩命大师,<0.1%,1.65,66,<0.1%,100%
29684,大闹天宫,<0.1%,1.45,486,<0.1%,100%
29685,冒牌监护人之寻宝闹翻天,<0.1%,1.39,11,<0.1%,11.1%
29686,东方快车谋杀案,<0.1%,1.37,8,<0.1%,10.0%
29687,天若有情,<0.1%,1.34,46,<0.1%,--
29688,诡梦凶铃,<0.1%,1.32,100,<0.1%,96.8%
29689,南哥,<0.1%,1.14,161,<0.1%,95.5%
29690,芳华,67.9%,6363.77,20,38.6%,14.0%
29691,奇门遁甲,16.7%,1565.29,7,27.1%,5.2%
29692,寻梦环游记,7.5%,708.55,6,15.9%,4.6%
29693,帕丁顿熊2,2.5%,237.52,5,7.4%,4.4%
29694,至爱梵高·星空之谜,1.3%,128.66,5,3.3%,5.1%
29695,七十七天,0.6%,59.13,20,0.2%,21.2%
29696,解忧杂货店,0.4%,39.21,134,<0.1%,100%
29697,圣诞大赢家,0.3%,32.80,95,<0.1%,65.5%
29698,至暗时刻,0.2%,23.39,8,0.3%,8.9%
29699,巨额来电,0.2%,23.29,3,1.2%,2.7%
29700,鲨海,0.1%,15.76,2,1.2%,2.1%
29701,圣诞奇妙公司,0.1%,15.72,2,1.6%,1.4%
29702,整形师·脸,0.1%,11.83,90,<0.1%,63.9%
29703,邹碧华,0.1%,11.80,69,<0.1%,85.9%
29704,疯狂丑小鸭,<0.1%,7.57,81,<0.1%,62.8%
29705,这就是命,<0.1%,7.09,5,0.2%,6.3%
29706,正义联盟,<0.1%,6.96,4,0.2%,3.8%
29707,二代妖精之今生有幸,<0.1%,6.38,234,<0.1%,94.6%
29708,勇往直前,<0.1%,5.81,4,0.2%,4.1%
29709,笔仙咒怨,<0.1%,5.78,3,0.3%,3.7%
29710,疯狂特警队,<0.1%,4.93,4,0.1%,5.1%
29711,炸裂青春,<0.1%,4.02,115,<0.1%,82.0%
29712,北平以北,<0.1%,3.77,66,<0.1%,38.4%
29713,老兽,<0.1%,3.66,4,0.1%,4.0%
29714,唐人街探案,<0.1%,3.12,95,<0.1%,100%
29715,追捕,<0.1%,2.71,13,<0.1%,19.9%
29716,羞羞的铁拳,<0.1%,2.40,4,<0.1%,4.5%
29717,前任3：再见前任,<0.1%,2.39,20,<0.1%,14.6%
29718,天若有情,<0.1%,2.06,69,<0.1%,--
29719,一路绽放,<0.1%,2.00,19,<0.1%,26.7%
29720,金珠玛米,<0.1%,1.97,5,<0.1%,6.4%
29721,悔恨,<0.1%,1.70,3,<0.1%,4.6%
29722,假如王子睡着了,<0.1%,1.46,1,0.1%,1.4%
29723,冒牌监护人之寻宝闹翻天,<0.1%,1.31,10,<0.1%,10.4%
29724,诡梦凶铃,<0.1%,1.30,131,<0.1%,95.1%
29725,玩命大师,<0.1%,1.12,75,<0.1%,67.7%
29726,李三娘,<0.1%,1.03,102,<0.1%,88.1%
29727,青春逗,<0.1%,1.00,100,<0.1%,--
29728,芳华,65.8%,5974.15,18,39.1%,12.8%
29729,奇门遁甲,14.6%,1328.54,6,26.3%,4.5%
29730,寻梦环游记,7.1%,645.73,5,15.2%,4.3%
29731,机器之血,2.6%,237.44,31,0.9%,17.9%
29732,帕丁顿熊2,2.5%,227.07,5,7.1%,4.3%
29733,至爱梵高·星空之谜,1.4%,130.69,5,3.2%,5.2%
29734,心理罪之城市之光,0.7%,68.59,13,0.6%,8.7%
29735,七十七天,0.7%,64.92,26,0.2%,25.8%
29736,圣诞大赢家,0.6%,54.54,116,<0.1%,83.8%
29737,解忧杂货店,0.2%,23.23,137,<0.1%,100%
29738,整形师·脸,0.2%,22.38,107,<0.1%,72.6%
29739,一路绽放,0.2%,22.17,45,<0.1%,31.2%
29740,至暗时刻,0.2%,21.70,7,0.3%,8.1%
29741,邹碧华,0.2%,20.12,83,<0.1%,100%
29742,巨额来电,0.2%,18.98,2,1.2%,2.3%
29743,圣诞奇妙公司,0.1%,18.02,2,1.5%,1.6%
29744,鲨海,0.1%,12.03,2,1.1%,1.7%
29745,疯狂丑小鸭,0.1%,10.78,106,<0.1%,76.1%
29746,这就是命,0.1%,10.03,7,0.2%,9.7%
29747,惊魂七夜,<0.1%,8.28,6,0.2%,6.3%
29748,妖铃铃,<0.1%,7.43,161,<0.1%,85.8%
29749,勇往直前,<0.1%,7.31,5,0.2%,5.2%
29750,二代妖精之今生有幸,<0.1%,6.87,188,<0.1%,95.5%
29751,正义联盟,<0.1%,6.49,3,0.2%,3.8%
29752,滚蛋吧！肿瘤君,<0.1%,6.17,108,<0.1%,100%
29753,唐人街探案,<0.1%,6.10,74,<0.1%,100%
29754,前任3：再见前任,<0.1%,5.23,146,<0.1%,88.5%
29755,疯狂特警队,<0.1%,4.34,4,0.1%,4.8%
29756,笔仙咒怨,<0.1%,4.12,3,0.2%,3.3%
29757,炸裂青春,<0.1%,3.96,142,<0.1%,79.8%
29758,快手枪手快枪手,<0.1%,3.17,194,<0.1%,96.9%
29759,北平以北,<0.1%,2.84,58,<0.1%,50.9%
29760,羞羞的铁拳,<0.1%,2.29,4,<0.1%,4.1%
29761,妖猫传,<0.1%,2.15,3,<0.1%,7.1%
29762,冒牌监护人之寻宝闹翻天,<0.1%,1.89,18,<0.1%,36.6%
29763,金珠玛米,<0.1%,1.72,5,<0.1%,6.7%
29764,天若有情,<0.1%,1.69,56,<0.1%,--
29765,老兽,<0.1%,1.36,2,<0.1%,1.6%
29766,假如王子睡着了,<0.1%,1.36,2,0.1%,1.8%
29767,南哥,<0.1%,1.30,28,<0.1%,100%
29768,夺金四贱客,<0.1%,1.02,11,<0.1%,28.0%
29769,机器之血,29.3%,7608.55,27,30.2%,19.8%
29770,妖猫传,28.6%,7425.87,32,23.7%,25.2%
29771,心理罪之城市之光,21.1%,5479.77,24,27.3%,19.6%
29772,芳华,17.2%,4479.04,39,11.7%,36.1%
29773,寻梦环游记,1.6%,430.82,16,2.8%,15.9%
29774,奇门遁甲,0.3%,103.22,6,2.0%,6.4%
29775,帕丁顿熊2,0.2%,60.59,11,0.5%,13.3%
29776,七十七天,0.2%,53.42,46,<0.1%,45.2%
29777,至爱梵高·星空之谜,0.1%,30.02,14,0.2%,16.4%
29778,邹碧华,0.1%,29.76,98,<0.1%,90.8%
29779,回马亭,0.1%,29.03,127,<0.1%,--
29780,二代妖精之今生有幸,<0.1%,7.65,154,<0.1%,83.6%
29781,前任3：再见前任,<0.1%,7.08,314,<0.1%,84.1%
29782,唐人街探案,<0.1%,6.58,161,<0.1%,100%
29783,圣诞大赢家,<0.1%,6.48,140,<0.1%,91.5%
29784,妖铃铃,<0.1%,5.98,141,<0.1%,93.5%
29785,至暗时刻,<0.1%,5.33,17,<0.1%,25.7%
29786,这就是命,<0.1%,4.48,21,<0.1%,42.2%
29787,惊魂七夜,<0.1%,4.10,6,0.1%,6.5%
29788,圣诞奇妙公司,<0.1%,4.03,4,0.1%,4.3%
29789,天若有情,<0.1%,3.64,94,<0.1%,--
29790,诡梦凶铃,<0.1%,3.62,151,<0.1%,100.0%
29791,炸裂青春,<0.1%,3.24,102,<0.1%,78.0%
29792,北平以北,<0.1%,3.12,52,<0.1%,47.6%
29793,疯狂丑小鸭,<0.1%,2.52,91,<0.1%,71.4%
29794,勇往直前,<0.1%,2.46,17,<0.1%,27.1%
29795,疯狂特警队,<0.1%,1.87,7,<0.1%,20.6%
29796,一路绽放,<0.1%,1.73,30,<0.1%,39.8%
29797,嘉年华,<0.1%,1.72,83,<0.1%,100%
29798,快手枪手快枪手,<0.1%,1.31,60,<0.1%,100%
29799,笔仙咒怨,<0.1%,1.29,3,<0.1%,4.1%
29800,金珠玛米,<0.1%,1.25,13,<0.1%,40.4%
29801,鲨海,<0.1%,1.21,2,<0.1%,1.9%
29802,南哥,<0.1%,1.08,50,<0.1%,100%
29803,烈日灼心,<0.1%,1.01,127,<0.1%,--
29804,芳华,31.2%,10110.65,54,18.9%,45.0%
29805,妖猫传,27.0%,8736.01,36,24.5%,26.9%
29806,机器之血,18.5%,5988.09,25,24.7%,18.7%
29807,心理罪之城市之光,13.5%,4367.73,24,19.8%,20.6%
29808,寻梦环游记,6.2%,2011.80,32,6.5%,30.6%
29809,帕丁顿熊2,1.0%,344.50,26,1.4%,29.5%
29810,奇门遁甲,0.6%,210.64,10,2.0%,12.2%
29811,至爱梵高·星空之谜,0.2%,95.53,28,0.3%,31.0%
29812,七十七天,0.2%,78.46,59,0.1%,56.8%
29813,回马亭,0.1%,59.37,140,<0.1%,--
29814,圣诞奇妙公司,<0.1%,22.25,11,0.2%,14.3%
29815,至暗时刻,<0.1%,14.87,34,<0.1%,48.6%
29816,二代妖精之今生有幸,<0.1%,13.96,115,<0.1%,87.6%
29817,妖铃铃,<0.1%,9.01,202,<0.1%,88.1%
29818,前任3：再见前任,<0.1%,7.22,199,<0.1%,86.3%
29819,炸裂青春,<0.1%,6.88,157,<0.1%,85.1%
29820,惊魂七夜,<0.1%,6.85,5,0.1%,5.2%
29821,情圣,<0.1%,6.46,231,<0.1%,--
29822,快手枪手快枪手,<0.1%,6.38,112,<0.1%,100%
29823,唐人街探案,<0.1%,6.26,102,<0.1%,100%
29824,圣诞大赢家,<0.1%,5.33,85,<0.1%,100%
29825,滚蛋吧！肿瘤君,<0.1%,4.15,198,<0.1%,100%
29826,巨额来电,<0.1%,3.52,9,<0.1%,15.1%
29827,烈日灼心,<0.1%,3.46,145,<0.1%,--
29828,正义联盟,<0.1%,2.78,12,<0.1%,15.9%
29829,疯狂特警队,<0.1%,2.48,12,<0.1%,32.2%
29830,笔仙咒怨,<0.1%,2.36,4,0.1%,6.4%
29831,天若有情,<0.1%,2.11,48,<0.1%,--
29832,诡梦凶铃,<0.1%,2.11,196,<0.1%,97.0%
29833,假如王子睡着了,<0.1%,1.84,9,<0.1%,29.9%
29834,这就是命,<0.1%,1.75,9,<0.1%,15.1%
29835,鲨海,<0.1%,1.29,2,<0.1%,2.4%
29836,勇往直前,<0.1%,1.23,8,<0.1%,15.2%
29837,东方快车谋杀案,<0.1%,1.16,26,<0.1%,36.0%
29838,李三娘,<0.1%,1.14,127,<0.1%,100.0%
29839,烟花,<0.1%,1.08,4,<0.1%,7.7%
29840,芳华,32.4%,10790.38,48,22.6%,37.1%
29841,妖猫传,24.5%,8163.13,34,23.8%,25.7%
29842,机器之血,18.0%,6001.79,29,21.3%,22.3%
29843,心理罪之城市之光,12.6%,4193.50,26,16.8%,23.9%
29844,寻梦环游记,6.2%,2088.64,31,6.8%,29.7%
29845,解忧杂货店,2.2%,762.80,31,2.7%,27.6%
29846,帕丁顿熊2,1.3%,443.46,28,1.7%,31.3%
29847,奇门遁甲,0.6%,215.99,11,1.9%,13.3%
29848,至爱梵高·星空之谜,0.3%,116.57,28,0.4%,30.9%
29849,七十七天,0.2%,77.51,98,<0.1%,78.5%
29850,回马亭,0.1%,58.01,124,<0.1%,--
29851,圣诞奇妙公司,<0.1%,32.02,11,0.3%,14.2%
29852,至暗时刻,<0.1%,17.18,31,<0.1%,37.5%
29853,二代妖精之今生有幸,<0.1%,12.65,81,<0.1%,--
29854,快手枪手快枪手,<0.1%,11.27,142,<0.1%,100%
29855,惊魂七夜,<0.1%,9.40,7,0.1%,6.9%
29856,前任3：再见前任,<0.1%,6.81,158,<0.1%,100%
29857,唐人街探案,<0.1%,6.62,107,<0.1%,100%
29858,烈日灼心,<0.1%,5.62,201,<0.1%,--
29859,巨额来电,<0.1%,4.77,12,<0.1%,15.9%
29860,情圣,<0.1%,4.72,148,<0.1%,--
29861,滚蛋吧！肿瘤君,<0.1%,4.59,183,<0.1%,100%
29862,正义联盟,<0.1%,3.69,14,<0.1%,22.0%
29863,笔仙咒怨,<0.1%,3.50,5,0.1%,8.6%
29864,追捕,<0.1%,3.27,33,<0.1%,63.0%
29865,圣诞大赢家,<0.1%,2.76,88,<0.1%,--
29866,这就是命,<0.1%,2.22,10,<0.1%,17.8%
29867,诡梦凶铃,<0.1%,2.13,193,<0.1%,95.5%
29868,假如王子睡着了,<0.1%,1.90,10,<0.1%,37.2%
29869,疯狂特警队,<0.1%,1.89,11,<0.1%,29.7%
29870,鲨海,<0.1%,1.67,3,<0.1%,3.1%
29871,一路绽放,<0.1%,1.57,451,<0.1%,--
29872,东方快车谋杀案,<0.1%,1.28,23,<0.1%,31.7%
29873,老兽,<0.1%,1.16,7,<0.1%,6.8%
29874,烟花,<0.1%,1.09,4,<0.1%,6.1%
29875,妖铃铃,<0.1%,1.06,104,<0.1%,96.8%
29876,芳华,34.5%,5982.35,26,26.0%,19.0%
29877,妖猫传,25.7%,4465.45,20,25.0%,14.6%
29878,机器之血,19.1%,3313.58,17,21.4%,14.0%
29879,心理罪之城市之光,13.7%,2388.47,17,16.8%,15.2%
29880,寻梦环游记,3.1%,547.26,12,5.2%,11.2%
29881,帕丁顿熊2,0.6%,113.17,11,1.3%,11.4%
29882,奇门遁甲,0.5%,100.99,6,1.9%,7.0%
29883,七十七天,0.3%,61.13,93,<0.1%,71.0%
29884,至爱梵高·星空之谜,0.3%,53.79,13,0.4%,14.2%
29885,回马亭,0.2%,36.64,121,<0.1%,--
29886,圣诞奇妙公司,0.1%,17.70,7,0.3%,7.9%
29887,唐人街探案,<0.1%,11.43,120,<0.1%,100%
29888,解忧杂货店,<0.1%,10.82,25,<0.1%,86.3%
29889,至暗时刻,<0.1%,10.70,17,<0.1%,20.3%
29890,惊魂七夜,<0.1%,7.94,7,0.1%,7.5%
29891,前任3：再见前任,<0.1%,7.81,68,<0.1%,--
29892,情圣,<0.1%,6.86,215,<0.1%,--
29893,这就是命,<0.1%,6.71,31,<0.1%,51.9%
29894,巨额来电,<0.1%,6.25,16,<0.1%,19.2%
29895,邹碧华,<0.1%,5.68,47,<0.1%,63.4%
29896,滚蛋吧！肿瘤君,<0.1%,4.63,159,<0.1%,100%
29897,烈日灼心,<0.1%,4.44,139,<0.1%,--
29898,相声大电影之我要幸福,<0.1%,2.74,22,<0.1%,53.0%
29899,妖铃铃,<0.1%,2.67,193,<0.1%,100%
29900,快手枪手快枪手,<0.1%,2.55,85,<0.1%,100%
29901,金珠玛米,<0.1%,2.51,32,<0.1%,73.4%
29902,诡梦凶铃,<0.1%,2.05,229,<0.1%,93.0%
29903,冒牌监护人之寻宝闹翻天,<0.1%,2.02,41,<0.1%,62.1%
29904,笔仙咒怨,<0.1%,2.00,3,0.1%,5.7%
29905,圣诞大赢家,<0.1%,1.75,84,<0.1%,--
29906,正义联盟,<0.1%,1.72,6,<0.1%,8.3%
29907,疯狂特警队,<0.1%,1.42,7,<0.1%,14.9%
29908,勇往直前,<0.1%,1.39,9,<0.1%,16.0%
29909,芳华,34.5%,4082.88,18,26.9%,12.9%
29910,妖猫传,23.4%,2769.68,13,24.2%,9.8%
29911,机器之血,14.9%,1763.78,10,20.5%,8.1%
29912,心理罪之城市之光,10.6%,1261.16,10,15.7%,9.0%
29913,前任3：再见前任,9.3%,1111.61,47,2.9%,40.0%
29914,寻梦环游记,2.6%,316.45,8,4.7%,7.3%
29915,七十七天,0.5%,65.53,97,<0.1%,74.1%
29916,奇门遁甲,0.5%,64.47,5,1.7%,5.1%
29917,帕丁顿熊2,0.5%,61.24,7,1.2%,7.1%
29918,回马亭,0.3%,44.09,126,<0.1%,--
29919,至爱梵高·星空之谜,0.3%,39.96,9,0.5%,10.3%
29920,邹碧华,0.1%,20.85,72,<0.1%,71.1%
29921,滚蛋吧！肿瘤君,0.1%,13.42,141,<0.1%,100%
29922,唐人街探案,<0.1%,11.40,125,<0.1%,100%
29923,至暗时刻,<0.1%,8.04,13,<0.1%,17.2%
29924,情圣,<0.1%,6.86,215,<0.1%,--
29925,这就是命,<0.1%,6.60,30,<0.1%,55.6%
29926,惊魂七夜,<0.1%,5.07,5,0.1%,4.7%
29927,烈日灼心,<0.1%,4.45,124,<0.1%,100%
29928,巨额来电,<0.1%,3.47,8,<0.1%,11.8%
29929,北平以北,<0.1%,3.40,66,<0.1%,56.7%
29930,快手枪手快枪手,<0.1%,2.91,79,<0.1%,100%
29931,非常父子档,<0.1%,2.87,205,<0.1%,89.9%
29932,疯狂特警队,<0.1%,2.80,17,<0.1%,41.3%
29933,解忧杂货店,<0.1%,2.20,53,<0.1%,48.7%
29934,圣诞奇妙公司,<0.1%,1.91,2,0.1%,2.4%
29935,勇往直前,<0.1%,1.81,9,<0.1%,13.5%
29936,龙之战,<0.1%,1.78,238,<0.1%,--
29937,圣诞大赢家,<0.1%,1.75,84,<0.1%,--
29938,冒牌监护人之寻宝闹翻天,<0.1%,1.73,38,<0.1%,56.0%
29939,六年，六天,<0.1%,1.70,116,<0.1%,100%
29940,正义联盟,<0.1%,1.58,5,<0.1%,7.0%
29941,你在哪,<0.1%,1.57,75,<0.1%,100%
29942,笔仙咒怨,<0.1%,1.49,3,0.1%,3.7%
29943,诡梦凶铃,<0.1%,1.11,110,<0.1%,86.0%
29944,芳华,36.7%,3785.78,16,28.0%,11.5%
29945,妖猫传,26.8%,2760.71,13,24.6%,9.7%
29946,机器之血,15.9%,1643.98,10,20.9%,7.5%
29947,心理罪之城市之光,11.9%,1230.82,10,16.1%,8.7%
29948,寻梦环游记,3.0%,314.49,8,4.9%,7.3%
29949,奇门遁甲,0.6%,71.18,5,1.9%,5.6%
29950,帕丁顿熊2,0.6%,66.45,7,1.2%,7.6%
29951,七十七天,0.6%,63.74,85,<0.1%,68.8%
29952,回马亭,0.4%,42.55,130,<0.1%,--
29953,至爱梵高·星空之谜,0.3%,40.27,9,0.5%,9.4%
29954,邹碧华,0.2%,28.56,86,<0.1%,100%
29955,滚蛋吧！肿瘤君,0.2%,22.79,164,<0.1%,100%
29956,唐人街探案,0.1%,10.42,116,<0.1%,100%
29957,至暗时刻,<0.1%,8.90,13,<0.1%,16.0%
29958,前任3：再见前任,<0.1%,7.45,17,<0.1%,82.6%
29959,妖铃铃,<0.1%,6.04,159,<0.1%,93.8%
29960,烈日灼心,<0.1%,5.86,210,<0.1%,--
29961,惊魂七夜,<0.1%,4.75,5,0.1%,4.5%
29962,快手枪手快枪手,<0.1%,4.67,90,<0.1%,100%
29963,金珠玛米,<0.1%,4.56,50,<0.1%,100%
29964,六年，六天,<0.1%,4.13,138,<0.1%,100%
29965,非常父子档,<0.1%,4.10,196,<0.1%,85.9%
29966,情圣,<0.1%,3.64,152,<0.1%,--
29967,冒牌监护人之寻宝闹翻天,<0.1%,2.53,54,<0.1%,71.8%
29968,疯狂特警队,<0.1%,2.50,15,<0.1%,32.0%
29969,北平以北,<0.1%,2.48,76,<0.1%,57.0%
29970,圣诞奇妙公司,<0.1%,2.28,3,0.1%,3.3%
29971,二代妖精之今生有幸,<0.1%,1.92,78,<0.1%,54.2%
29972,圣诞大赢家,<0.1%,1.75,84,<0.1%,--
29973,正义联盟,<0.1%,1.74,5,<0.1%,6.1%
29974,笔仙咒怨,<0.1%,1.46,2,0.1%,3.4%
29975,解忧杂货店,<0.1%,1.34,38,<0.1%,35.1%
29976,相声大电影之我要幸福,<0.1%,1.28,12,<0.1%,26.2%
29977,你若安好,<0.1%,1.26,89,<0.1%,40.9%
29978,巨额来电,<0.1%,1.08,3,<0.1%,3.7%
29979,勇往直前,<0.1%,1.02,7,<0.1%,8.7%
29980,芳华,36.8%,3522.10,15,28.0%,10.6%
29981,妖猫传,25.3%,2422.02,12,24.3%,8.6%
29982,机器之血,14.4%,1380.79,8,20.5%,6.4%
29983,心理罪之城市之光,11.2%,1075.19,9,15.8%,7.7%
29984,寻梦环游记,3.4%,332.65,8,4.9%,7.7%
29985,前任3：再见前任,2.1%,206.02,53,0.4%,42.2%
29986,奇门遁甲,0.7%,70.82,5,1.9%,5.4%
29987,帕丁顿熊2,0.7%,68.05,7,1.2%,7.8%
29988,二代妖精之今生有幸,0.7%,67.02,18,0.4%,11.9%
29989,七十七天,0.4%,45.94,73,<0.1%,72.6%
29990,至爱梵高·星空之谜,0.4%,41.28,9,0.5%,9.4%
29991,解忧杂货店,0.4%,38.98,19,0.2%,15.3%
29992,邹碧华,0.3%,34.01,84,<0.1%,95.2%
29993,回马亭,0.3%,33.89,116,<0.1%,--
29994,唐人街探案,0.1%,14.30,168,<0.1%,100%
29995,快手枪手快枪手,0.1%,10.01,132,<0.1%,100%
29996,至暗时刻,<0.1%,8.88,13,<0.1%,15.2%
29997,疯狂特警队,<0.1%,7.60,27,<0.1%,48.6%
29998,滚蛋吧！肿瘤君,<0.1%,6.83,121,<0.1%,100%
29999,勇往直前,<0.1%,6.33,19,<0.1%,25.8%
30000,非常父子档,<0.1%,4.31,176,<0.1%,83.5%
30001,妖铃铃,<0.1%,4.08,13,<0.1%,60.3%
30002,六年，六天,<0.1%,3.87,123,<0.1%,100%
30003,惊魂七夜,<0.1%,3.83,4,0.1%,4.1%
30004,圣诞奇妙公司,<0.1%,3.68,4,0.1%,5.4%
30005,巨额来电,<0.1%,2.40,5,<0.1%,7.0%
30006,情圣,<0.1%,1.92,161,<0.1%,--
30007,圣诞大赢家,<0.1%,1.75,84,<0.1%,--
30008,笔仙咒怨,<0.1%,1.41,2,0.1%,3.5%
30009,杀破狼2,<0.1%,1.34,108,<0.1%,97.9%
30010,北平以北,<0.1%,1.32,46,<0.1%,48.4%
30011,正义联盟,<0.1%,1.30,4,<0.1%,4.7%
30012,钟馗传奇之岁寒三友,<0.1%,1.30,9,<0.1%,76.1%
30013,李三娘,<0.1%,1.13,111,<0.1%,81.6%
30014,妖铃铃,28.8%,9074.77,38,23.1%,30.1%
30015,前任3：再见前任,20.4%,6449.24,33,18.6%,28.0%
30016,二代妖精之今生有幸,18.3%,5779.36,25,22.1%,20.4%
30017,解忧杂货店,12.1%,3831.83,25,16.0%,21.9%
30018,芳华,10.4%,3302.57,33,9.1%,23.7%
30019,妖猫传,6.3%,2004.61,35,5.0%,25.0%
30020,寻梦环游记,0.9%,305.17,25,1.1%,25.2%
30021,机器之血,0.7%,222.40,10,1.9%,9.0%
30022,心理罪之城市之光,0.5%,182.20,11,1.5%,10.9%
30023,帕丁顿熊2,0.2%,78.31,29,0.3%,34.5%
30024,邹碧华,<0.1%,27.94,86,<0.1%,75.3%
30025,至爱梵高·星空之谜,<0.1%,24.19,20,0.1%,21.4%
30026,奇门遁甲,<0.1%,15.88,9,0.1%,15.3%
30027,回马亭,<0.1%,10.48,95,<0.1%,--
30028,守信少年,<0.1%,10.35,85,<0.1%,64.0%
30029,滚蛋吧！肿瘤君,<0.1%,9.93,105,<0.1%,100%
30030,七十七天,<0.1%,8.78,76,<0.1%,68.6%
30031,圣诞奇妙公司,<0.1%,6.62,32,<0.1%,55.1%
30032,至暗时刻,<0.1%,5.54,27,<0.1%,41.1%
30033,快手枪手快枪手,<0.1%,4.63,131,<0.1%,87.4%
30034,疯狂特警队,<0.1%,4.34,33,<0.1%,43.0%
30035,非常父子档,<0.1%,3.60,149,<0.1%,77.8%
30036,童话先生,<0.1%,3.45,83,<0.1%,100%
30037,六年，六天,<0.1%,3.18,128,<0.1%,89.8%
30038,诡梦凶铃,<0.1%,3.12,169,<0.1%,100%
30039,唐人街探案,<0.1%,2.47,65,<0.1%,86.5%
30040,战狼2,<0.1%,2.16,578,<0.1%,100%
30041,东方快车谋杀案,<0.1%,2.03,47,<0.1%,100%
30042,圣诞大赢家,<0.1%,1.75,100,<0.1%,--
30043,大闹天宫,<0.1%,1.59,532,<0.1%,--
30044,十八洞村,<0.1%,1.55,77,<0.1%,48.5%
30045,旋风女队,<0.1%,1.42,179,<0.1%,--
30046,杀破狼2,<0.1%,1.40,141,<0.1%,96.5%
30047,麦豆的夏天,<0.1%,1.30,109,<0.1%,66.4%
30048,北平以北,<0.1%,1.28,64,<0.1%,69.3%
30049,惊魂七夜,<0.1%,1.18,6,<0.1%,6.3%
30050,闪光少女,<0.1%,1.17,167,<0.1%,99.1%
30051,勇往直前,<0.1%,1.10,15,<0.1%,29.8%
30052,笔仙咒怨,<0.1%,1.05,3,<0.1%,5.9%
30053,巨额来电,<0.1%,1.01,7,<0.1%,10.0%
30054,前任3：再见前任,21.4%,8546.23,47,16.0%,39.9%
30055,妖铃铃,19.1%,7645.29,30,22.9%,22.4%
30056,芳华,16.7%,6667.67,53,11.1%,38.4%
30057,二代妖精之今生有幸,12.9%,5166.09,26,17.9%,20.9%
30058,解忧杂货店,11.7%,4685.67,31,14.5%,28.6%
30059,妖猫传,9.6%,3853.57,56,5.6%,38.7%
30060,寻梦环游记,3.4%,1385.52,43,2.9%,39.8%
30061,机器之血,1.0%,399.46,24,1.4%,22.5%
30062,小猫巴克里,0.8%,349.94,18,2.0%,18.3%
30063,咕噜咕噜美人鱼2,0.8%,329.59,13,3.0%,14.5%
30064,心理罪之城市之光,0.7%,306.67,29,0.9%,33.6%
30065,帕丁顿熊2,0.5%,208.24,38,0.5%,39.9%
30066,至爱梵高·星空之谜,0.1%,51.95,35,0.1%,43.3%
30067,守信少年,0.1%,41.60,95,<0.1%,76.7%
30068,回马亭,<0.1%,35.11,114,<0.1%,--
30069,奇门遁甲,<0.1%,20.83,11,0.1%,17.6%
30070,至暗时刻,<0.1%,14.50,45,<0.1%,56.0%
30071,诡梦凶铃,<0.1%,3.92,142,<0.1%,100.0%
30072,正义联盟,<0.1%,3.66,19,<0.1%,31.3%
30073,疯狂特警队,<0.1%,3.40,15,<0.1%,42.3%
30074,惊魂七夜,<0.1%,2.82,9,<0.1%,10.1%
30075,七十七天,<0.1%,2.48,59,<0.1%,49.3%
30076,圣诞大赢家,<0.1%,2.45,88,<0.1%,--
30077,快手枪手快枪手,<0.1%,2.35,68,<0.1%,--
30078,相声大电影之我要幸福,<0.1%,2.18,49,<0.1%,76.2%
30079,笔仙咒怨,<0.1%,2.03,4,<0.1%,9.5%
30080,圣诞奇妙公司,<0.1%,2.00,10,<0.1%,23.8%
30081,村戏,<0.1%,1.72,344,<0.1%,94.5%
30082,唐人街探案,<0.1%,1.43,56,<0.1%,88.3%
30083,邹碧华,<0.1%,1.43,72,<0.1%,100%
30084,闪光少女,<0.1%,1.17,169,<0.1%,100.0%
30085,杀破狼2,<0.1%,1.17,157,<0.1%,96.1%
30086,巨额来电,<0.1%,1.05,10,<0.1%,14.3%
30087,前任3：再见前任,26.0%,13157.62,64,17.9%,52.9%
30088,芳华,17.0%,8627.25,57,13.3%,39.5%
30089,妖铃铃,16.5%,8380.11,37,20.2%,29.3%
30090,二代妖精之今生有幸,11.6%,5902.38,34,15.5%,28.2%
30091,解忧杂货店,11.4%,5803.20,38,14.5%,34.9%
30092,妖猫传,8.4%,4273.40,56,6.3%,41.3%
30093,寻梦环游记,4.2%,2131.84,48,4.1%,42.6%
30094,机器之血,1.2%,623.69,34,1.5%,32.2%
30095,心理罪之城市之光,0.8%,410.25,34,1.0%,38.4%
30096,帕丁顿熊2,0.6%,310.04,44,0.6%,44.4%
30097,小猫巴克里,0.5%,300.95,19,1.6%,19.0%
30098,咕噜咕噜美人鱼2,0.5%,263.28,15,2.1%,16.5%
30099,至爱梵高·星空之谜,0.1%,75.34,34,0.1%,41.4%
30100,回马亭,<0.1%,42.17,120,<0.1%,--
30101,守信少年,<0.1%,41.38,101,<0.1%,76.8%
30102,奇门遁甲,<0.1%,21.36,11,0.1%,18.1%
30103,至暗时刻,<0.1%,18.63,50,<0.1%,60.4%
30104,惊魂七夜,<0.1%,7.10,22,<0.1%,24.3%
30105,正义联盟,<0.1%,6.13,33,<0.1%,51.7%
30106,诡梦凶铃,<0.1%,5.58,166,<0.1%,96.1%
30107,疯狂特警队,<0.1%,4.35,25,<0.1%,57.9%
30108,金珠玛米,<0.1%,3.47,49,<0.1%,100%
30109,笔仙咒怨,<0.1%,3.19,6,<0.1%,16.9%
30110,唐人街探案,<0.1%,3.13,83,<0.1%,100%
30111,圣诞大赢家,<0.1%,2.80,89,<0.1%,--
30112,圣诞奇妙公司,<0.1%,2.38,18,<0.1%,39.0%
30113,爱的帕斯卡,<0.1%,1.67,140,<0.1%,100%
30114,你在哪,<0.1%,1.67,187,<0.1%,100%
30115,邹碧华,<0.1%,1.55,104,<0.1%,--
30116,杀破狼2,<0.1%,1.17,157,<0.1%,96.1%
30117,七十七天,<0.1%,1.16,23,<0.1%,24.5%
30118,前任3：再见前任,33.7%,12407.49,55,20.5%,41.6%
30119,芳华,17.1%,6303.12,39,14.7%,26.5%
30120,妖铃铃,13.6%,5014.68,26,18.2%,21.4%
30121,二代妖精之今生有幸,10.1%,3737.35,24,13.9%,21.5%
30122,解忧杂货店,8.7%,3228.67,23,14.0%,21.1%
30123,妖猫传,5.7%,2125.96,32,5.7%,25.2%
30124,寻梦环游记,5.7%,2106.45,41,4.9%,36.3%
30125,机器之血,1.5%,566.10,29,1.7%,27.1%
30126,帕丁顿熊2,0.8%,329.81,41,0.7%,42.9%
30127,心理罪之城市之光,0.7%,289.74,23,1.1%,25.3%
30128,小猫巴克里,0.7%,286.67,20,1.5%,20.1%
30129,咕噜咕噜美人鱼2,0.6%,241.05,16,1.8%,17.8%
30130,至爱梵高·星空之谜,0.1%,59.93,27,0.2%,30.6%
30131,奇门遁甲,<0.1%,13.95,8,0.1%,13.4%
30132,妈妈咪鸭,<0.1%,12.63,140,<0.1%,100%
30133,至暗时刻,<0.1%,8.26,37,<0.1%,48.4%
30134,咖啡风暴,<0.1%,5.40,78,<0.1%,57.2%
30135,诡梦凶铃,<0.1%,4.13,169,<0.1%,100%
30136,正义联盟,<0.1%,3.29,18,<0.1%,32.5%
30137,惊魂七夜,<0.1%,2.42,9,<0.1%,9.5%
30138,相声大电影之我要幸福,<0.1%,2.07,86,<0.1%,100%
30139,东方快车谋杀案,<0.1%,2.01,26,<0.1%,39.5%
30140,笔仙咒怨,<0.1%,1.56,4,<0.1%,9.5%
30141,七十七天,<0.1%,1.27,28,<0.1%,40.1%
30142,咕噜咕噜美人鱼,<0.1%,1.01,12,<0.1%,11.2%
30143,前任3：再见前任,57.2%,9374.17,41,23.5%,29.2%
30144,芳华,12.6%,2066.77,14,15.5%,9.8%
30145,妖铃铃,9.2%,1515.11,9,18.0%,7.5%
30146,二代妖精之今生有幸,8.2%,1352.49,10,14.2%,8.6%
30147,解忧杂货店,5.1%,846.04,7,13.6%,6.2%
30148,妖猫传,3.8%,629.60,11,5.9%,8.3%
30149,寻梦环游记,1.1%,192.83,7,2.9%,6.4%
30150,机器之血,1.0%,179.06,9,2.1%,8.0%
30151,心理罪之城市之光,0.7%,126.09,9,1.4%,9.6%
30152,帕丁顿熊2,0.1%,27.96,7,0.4%,6.9%
30153,至爱梵高·星空之谜,<0.1%,16.04,9,0.1%,10.4%
30154,小猫巴克里,<0.1%,11.32,2,0.7%,2.0%
30155,咕噜咕噜美人鱼2,<0.1%,8.98,2,0.7%,1.8%
30156,咖啡风暴,<0.1%,6.83,70,<0.1%,74.3%
30157,奇门遁甲,<0.1%,6.36,4,0.2%,5.1%
30158,邹碧华,<0.1%,4.86,55,<0.1%,55.1%
30159,诡梦凶铃,<0.1%,2.93,166,<0.1%,85.7%
30160,至暗时刻,<0.1%,2.71,17,<0.1%,21.5%
30161,惊魂七夜,<0.1%,1.66,5,<0.1%,5.2%
30162,圣诞奇妙公司,<0.1%,1.01,9,<0.1%,17.0%
30163,前任3：再见前任,66.7%,10912.91,41,27.6%,28.9%
30164,芳华,10.0%,1639.19,12,15.4%,8.1%
30165,二代妖精之今生有幸,6.6%,1084.71,9,13.5%,7.3%
30166,妖铃铃,6.4%,1053.34,7,16.6%,5.9%
30167,解忧杂货店,3.9%,646.70,6,12.1%,5.5%
30168,妖猫传,3.1%,509.89,9,5.8%,6.9%
30169,寻梦环游记,0.9%,156.02,7,2.7%,5.6%
30170,机器之血,0.8%,145.26,7,2.1%,6.4%
30171,心理罪之城市之光,0.6%,101.46,8,1.4%,7.7%
30172,帕丁顿熊2,0.1%,21.84,6,0.4%,5.8%
30173,邹碧华,0.1%,21.21,88,<0.1%,100%
30174,至爱梵高·星空之谜,<0.1%,14.13,7,0.2%,7.9%
30175,咖啡风暴,<0.1%,8.41,76,<0.1%,78.2%
30176,小猫巴克里,<0.1%,7.36,2,0.5%,1.6%
30177,奇门遁甲,<0.1%,5.06,3,0.2%,4.0%
30178,咕噜咕噜美人鱼2,<0.1%,5.04,2,0.5%,1.3%
30179,至暗时刻,<0.1%,3.16,14,<0.1%,17.8%
30180,诡梦凶铃,<0.1%,2.64,122,<0.1%,75.7%
30181,巨额来电,<0.1%,2.23,38,<0.1%,68.0%
30182,惊魂七夜,<0.1%,1.73,5,<0.1%,4.6%
30183,前任3：再见前任,69.6%,11540.82,38,31.4%,26.5%
30184,芳华,8.6%,1434.10,11,14.9%,7.6%
30185,二代妖精之今生有幸,5.9%,992.70,8,12.9%,7.2%
30186,妖铃铃,5.1%,851.83,6,14.8%,5.5%
30187,解忧杂货店,2.8%,469.84,5,10.6%,4.7%
30188,妖猫传,2.7%,449.42,8,5.5%,6.5%
30189,星球大战：最后的绝地武士,2.2%,366.93,23,1.4%,11.5%
30190,寻梦环游记,0.8%,146.43,7,2.5%,5.7%
30191,机器之血,0.8%,133.10,7,2.1%,6.1%
30192,心理罪之城市之光,0.5%,89.27,7,1.3%,7.0%
30193,邹碧华,0.1%,20.99,72,<0.1%,80.2%
30194,帕丁顿熊2,0.1%,19.20,6,0.4%,5.6%
30195,至爱梵高·星空之谜,<0.1%,13.37,7,0.2%,7.5%
30196,咖啡风暴,<0.1%,8.28,88,<0.1%,85.6%
30197,小猫巴克里,<0.1%,6.90,2,0.4%,1.8%
30198,奇门遁甲,<0.1%,6.21,4,0.2%,4.4%
30199,咕噜咕噜美人鱼2,<0.1%,4.54,2,0.4%,1.5%
30200,至暗时刻,<0.1%,2.61,11,<0.1%,15.6%
30201,北平以北,<0.1%,1.31,85,<0.1%,79.0%
30202,惊魂七夜,<0.1%,1.16,4,<0.1%,3.7%
30203,诡梦凶铃,<0.1%,1.12,72,<0.1%,86.0%
30204,前任3：再见前任,60.9%,14924.48,50,33.0%,40.7%
30205,星球大战：最后的绝地武士,25.0%,6140.63,20,34.5%,12.9%
30206,芳华,5.6%,1390.20,17,9.4%,17.2%
30207,二代妖精之今生有幸,2.4%,599.42,13,5.2%,13.7%
30208,妖铃铃,1.9%,483.97,9,6.6%,8.8%
30209,解忧杂货店,1.1%,288.84,9,4.0%,9.4%
30210,妖猫传,1.0%,263.93,14,2.0%,14.9%
30211,寻梦环游记,0.6%,171.06,12,1.7%,12.0%
30212,心理罪之城市之光,0.1%,44.06,10,0.4%,11.6%
30213,邹碧华,0.1%,40.71,86,<0.1%,100%
30214,机器之血,0.1%,38.42,7,0.6%,8.1%
30215,帕丁顿熊2,<0.1%,19.49,9,0.2%,10.2%
30216,尼斯：疯狂的心,<0.1%,12.72,6,0.2%,4.5%
30217,至爱梵高·星空之谜,<0.1%,10.34,10,0.1%,11.0%
30218,咕噜咕噜美人鱼2,<0.1%,9.24,4,0.3%,4.5%
30219,小猫巴克里,<0.1%,9.13,5,0.3%,4.9%
30220,咖啡风暴,<0.1%,6.28,80,<0.1%,100%
30221,奇门遁甲,<0.1%,4.06,5,0.1%,6.6%
30222,北平以北,<0.1%,3.52,115,<0.1%,73.0%
30223,至暗时刻,<0.1%,2.04,15,<0.1%,22.5%
30224,诡梦凶铃,<0.1%,1.93,90,<0.1%,100%
30225,醉佳导演,<0.1%,1.60,1,0.2%,1.0%
30226,惊魂七夜,<0.1%,1.34,6,<0.1%,6.0%
30227,南哥,<0.1%,1.30,171,<0.1%,85.8%
30228,巨额来电,<0.1%,1.12,12,<0.1%,15.4%
30229,前任3：再见前任,62.2%,21915.67,55,40.5%,42.5%
30230,星球大战：最后的绝地武士,20.5%,7212.44,27,26.6%,18.4%
30231,芳华,6.4%,2253.86,26,9.2%,27.2%
30232,二代妖精之今生有幸,2.8%,988.63,22,4.6%,25.8%
30233,寻梦环游记,2.1%,751.47,22,3.7%,21.3%
30234,妖铃铃,1.7%,599.28,13,5.1%,13.6%
30235,妖猫传,1.3%,461.02,24,1.8%,26.3%
30236,解忧杂货店,1.2%,446.20,15,3.2%,17.1%
30237,帕丁顿熊2,0.3%,112.62,21,0.6%,22.3%
30238,小猫巴克里,0.2%,73.10,9,1.0%,9.2%
30239,心理罪之城市之光,0.1%,68.24,16,0.4%,19.9%
30240,咕噜咕噜美人鱼2,0.1%,59.93,8,1.1%,8.6%
30241,机器之血,0.1%,59.81,11,0.6%,13.2%
30242,奇迹男孩,0.1%,37.19,111,<0.1%,94.4%
30243,至爱梵高·星空之谜,<0.1%,24.41,19,0.1%,21.7%
30244,尼斯：疯狂的心,<0.1%,17.10,9,0.1%,7.8%
30245,卧底巨星,<0.1%,12.33,207,<0.1%,74.9%
30246,至暗时刻,<0.1%,7.81,32,<0.1%,49.7%
30247,咖啡风暴,<0.1%,5.47,86,<0.1%,100%
30248,奇门遁甲,<0.1%,4.33,6,<0.1%,8.7%
30249,天籁梦想,<0.1%,3.80,97,<0.1%,100%
30250,邹碧华,<0.1%,3.67,65,<0.1%,56.3%
30251,诡梦凶铃,<0.1%,3.43,79,<0.1%,86.4%
30252,惊魂七夜,<0.1%,2.27,8,<0.1%,8.0%
30253,太空救援,<0.1%,1.24,98,<0.1%,100.0%
30254,醉佳导演,<0.1%,1.21,2,0.1%,1.4%
30255,笔仙咒怨,<0.1%,1.15,4,<0.1%,9.7%
30256,东方快车谋杀案,<0.1%,1.10,18,<0.1%,32.9%
30257,前任3：再见前任,64.9%,19719.60,47,43.3%,34.8%
30258,星球大战：最后的绝地武士,16.2%,4937.18,21,23.7%,14.6%
30259,芳华,6.4%,1972.20,23,9.3%,23.4%
30260,二代妖精之今生有幸,3.2%,972.47,21,4.7%,24.8%
30261,寻梦环游记,2.4%,753.14,21,3.9%,20.9%
30262,妖铃铃,1.6%,508.53,11,4.9%,12.1%
30263,妖猫传,1.4%,438.34,21,2.0%,22.7%
30264,解忧杂货店,1.2%,381.07,14,3.1%,15.5%
30265,帕丁顿熊2,0.3%,114.34,22,0.6%,23.6%
30266,勇敢者游戏：决战丛林,0.2%,90.90,224,<0.1%,83.3%
30267,小猫巴克里,0.2%,75.43,10,0.9%,10.1%
30268,心理罪之城市之光,0.2%,63.76,14,0.4%,16.9%
30269,机器之血,0.2%,63.58,11,0.6%,13.6%
30270,咕噜咕噜美人鱼2,0.2%,63.23,8,1.0%,9.4%
30271,妈妈咪鸭,0.1%,31.86,55,<0.1%,81.2%
30272,至爱梵高·星空之谜,<0.1%,21.55,18,0.1%,19.8%
30273,尼斯：疯狂的心,<0.1%,17.62,9,0.1%,8.2%
30274,卧底巨星,<0.1%,15.13,166,<0.1%,83.7%
30275,咖啡风暴,<0.1%,6.72,81,<0.1%,100%
30276,至暗时刻,<0.1%,5.88,25,<0.1%,38.7%
30277,奇门遁甲,<0.1%,5.47,7,<0.1%,10.9%
30278,大世界,<0.1%,5.15,152,<0.1%,--
30279,邹碧华,<0.1%,4.43,149,<0.1%,100%
30280,巨额来电,<0.1%,3.39,52,<0.1%,100%
30281,诡梦凶铃,<0.1%,2.74,77,<0.1%,90.6%
30282,无问西东,<0.1%,2.40,198,<0.1%,100.0%
30283,惊魂七夜,<0.1%,2.06,7,<0.1%,7.1%
30284,北平以北,<0.1%,1.57,263,<0.1%,50.9%
30285,前任3：再见前任,71.9%,9846.35,25,44.5%,18.0%
30286,星球大战：最后的绝地武士,10.9%,1498.51,8,22.9%,5.2%
30287,芳华,6.4%,875.98,11,10.1%,10.5%
30288,二代妖精之今生有幸,3.4%,470.58,10,5.5%,10.5%
30289,妖铃铃,1.8%,251.70,6,5.4%,5.8%
30290,妖猫传,1.4%,203.65,9,2.4%,10.1%
30291,解忧杂货店,1.2%,170.57,6,3.4%,6.8%
30292,寻梦环游记,0.9%,125.54,7,2.2%,6.8%
30293,机器之血,0.2%,35.68,6,0.7%,6.4%
30294,心理罪之城市之光,0.2%,33.84,7,0.5%,7.6%
30295,邹碧华,0.1%,13.77,99,<0.1%,100%
30296,卧底巨星,0.1%,13.71,288,<0.1%,85.5%
30297,帕丁顿熊2,<0.1%,10.39,6,0.2%,7.0%
30298,尼斯：疯狂的心,<0.1%,8.83,5,0.2%,3.8%
30299,咖啡风暴,<0.1%,7.95,88,<0.1%,100%
30300,至爱梵高·星空之谜,<0.1%,5.15,8,<0.1%,8.5%
30301,小猫巴克里,<0.1%,5.07,2,0.3%,2.0%
30302,咕噜咕噜美人鱼2,<0.1%,4.59,2,0.3%,2.3%
30303,无问西东,<0.1%,3.99,227,<0.1%,86.4%
30304,北平以北,<0.1%,3.25,149,<0.1%,41.3%
30305,奇门遁甲,<0.1%,2.79,3,0.1%,4.3%
30306,诡梦凶铃,<0.1%,2.60,91,<0.1%,88.2%
30307,至暗时刻,<0.1%,2.27,11,<0.1%,15.4%
30308,惊魂七夜,<0.1%,1.45,5,<0.1%,5.0%
30309,前任3：再见前任,67.9%,7816.41,20,45.2%,14.0%
30310,星球大战：最后的绝地武士,11.4%,1319.02,7,21.1%,5.0%
30311,芳华,7.2%,835.78,10,10.3%,9.8%
30312,二代妖精之今生有幸,4.3%,503.33,10,5.8%,10.5%
30313,妖铃铃,2.1%,243.30,6,5.4%,5.7%
30314,妖猫传,1.8%,209.22,9,2.6%,9.6%
30315,解忧杂货店,1.4%,167.34,6,3.3%,6.8%
30316,寻梦环游记,1.0%,126.17,7,2.2%,6.8%
30317,无问西东,0.4%,46.84,108,<0.1%,89.9%
30318,机器之血,0.3%,36.10,5,0.8%,5.9%
30319,心理罪之城市之光,0.2%,34.45,7,0.5%,7.7%
30320,邹碧华,0.2%,32.90,90,<0.1%,100%
30321,帕丁顿熊2,<0.1%,10.72,7,0.2%,7.5%
30322,天籁梦想,<0.1%,9.50,4,0.3%,3.6%
30323,尼斯：疯狂的心,<0.1%,7.88,5,0.2%,3.5%
30324,卧底巨星,<0.1%,7.36,213,<0.1%,84.5%
30325,咖啡风暴,<0.1%,6.93,83,<0.1%,90.8%
30326,小猫巴克里,<0.1%,5.32,3,0.3%,2.3%
30327,至爱梵高·星空之谜,<0.1%,5.02,7,<0.1%,7.6%
30328,咕噜咕噜美人鱼2,<0.1%,3.86,2,0.3%,2.2%
30329,奇门遁甲,<0.1%,3.79,4,0.1%,5.6%
30330,至暗时刻,<0.1%,2.32,10,<0.1%,14.8%
30331,诡梦凶铃,<0.1%,1.73,83,<0.1%,73.7%
30332,北平以北,<0.1%,1.53,92,<0.1%,22.4%
30333,惊魂七夜,<0.1%,1.48,5,<0.1%,4.7%
30334,东方快车谋杀案,<0.1%,1.00,21,<0.1%,25.9%
30335,前任3：再见前任,64.7%,6424.08,16,45.4%,11.4%
30336,星球大战：最后的绝地武士,11.7%,1166.29,7,20.0%,4.7%
30337,芳华,7.9%,791.79,9,10.5%,9.0%
30338,二代妖精之今生有幸,5.2%,525.46,10,6.2%,10.1%
30339,妖铃铃,2.3%,236.44,5,5.4%,5.5%
30340,妖猫传,2.2%,219.01,9,2.9%,9.1%
30341,解忧杂货店,1.6%,166.74,6,3.4%,6.6%
30342,寻梦环游记,1.2%,124.36,7,2.2%,6.7%
30343,心理罪之城市之光,0.3%,36.99,7,0.6%,7.5%
30344,机器之血,0.3%,36.38,5,0.9%,5.6%
30345,邹碧华,0.3%,30.46,82,<0.1%,100%
30346,整形师·脸,0.2%,26.41,122,<0.1%,75.6%
30347,无问西东,0.1%,16.73,74,<0.1%,100%
30348,卧底巨星,0.1%,14.22,190,<0.1%,88.8%
30349,帕丁顿熊2,0.1%,9.99,6,0.2%,6.2%
30350,尼斯：疯狂的心,<0.1%,7.43,4,0.2%,3.2%
30351,小猫巴克里,<0.1%,5.80,3,0.3%,2.6%
30352,咖啡风暴,<0.1%,5.62,94,<0.1%,87.7%
30353,至爱梵高·星空之谜,<0.1%,5.21,7,<0.1%,7.3%
30354,天籁梦想,<0.1%,4.39,3,0.1%,3.0%
30355,咕噜咕噜美人鱼2,<0.1%,3.53,2,0.3%,2.1%
30356,奇门遁甲,<0.1%,3.30,3,0.1%,4.3%
30357,相声大电影之我要幸福,<0.1%,2.32,94,<0.1%,100%
30358,至暗时刻,<0.1%,2.12,9,<0.1%,14.0%
30359,惊魂七夜,<0.1%,1.72,5,<0.1%,5.0%
30360,北平以北,<0.1%,1.23,107,<0.1%,18.9%
30361,童话先生,<0.1%,1.19,100,<0.1%,--
30362,诡梦凶铃,<0.1%,1.11,83,<0.1%,68.2%
30363,前任3：再见前任,59.9%,5377.53,14,44.6%,9.5%
30364,星球大战：最后的绝地武士,11.2%,1009.98,6,18.9%,4.2%
30365,芳华,8.5%,770.58,9,10.6%,8.5%
30366,二代妖精之今生有幸,5.9%,532.97,9,6.7%,9.3%
30367,勇敢者游戏：决战丛林,2.5%,231.52,32,0.9%,18.5%
30368,妖铃铃,2.4%,222.43,5,5.4%,5.1%
30369,妖猫传,2.4%,220.48,8,3.0%,8.7%
30370,解忧杂货店,1.8%,163.01,6,3.4%,6.4%
30371,寻梦环游记,1.3%,121.72,7,2.2%,6.4%
30372,无问西东,0.5%,48.61,26,0.2%,20.4%
30373,邹碧华,0.4%,43.13,78,<0.1%,100%
30374,心理罪之城市之光,0.4%,37.24,7,0.6%,7.1%
30375,机器之血,0.3%,32.68,5,0.9%,4.8%
30376,卧底巨星,0.2%,25.28,19,0.1%,17.7%
30377,整形师·脸,0.2%,23.17,136,<0.1%,79.7%
30378,帕丁顿熊2,0.1%,11.18,6,0.2%,6.5%
30379,尼斯：疯狂的心,<0.1%,7.22,4,0.2%,3.2%
30380,至爱梵高·星空之谜,<0.1%,5.89,7,<0.1%,8.0%
30381,奇门遁甲,<0.1%,5.47,5,0.1%,7.3%
30382,咖啡风暴,<0.1%,5.14,84,<0.1%,78.6%
30383,太空救援,<0.1%,4.33,6,0.1%,5.4%
30384,小猫巴克里,<0.1%,4.15,2,0.3%,1.9%
30385,天籁梦想,<0.1%,4.12,4,0.1%,3.5%
30386,至暗时刻,<0.1%,2.93,10,<0.1%,14.2%
30387,咕噜咕噜美人鱼2,<0.1%,2.57,2,0.2%,1.5%
30388,北平以北,<0.1%,1.58,44,<0.1%,18.3%
30389,惊魂七夜,<0.1%,1.15,5,<0.1%,4.9%
30390,诡梦凶铃,<0.1%,1.03,73,<0.1%,64.8%
30391,勇敢者游戏：决战丛林,37.9%,7442.06,30,25.8%,20.1%
30392,前任3：再见前任,24.2%,4750.75,25,18.4%,19.4%
30393,无问西东,18.1%,3552.64,22,19.5%,19.1%
30394,卧底巨星,10.7%,2099.10,15,15.9%,15.0%
30395,太空救援,2.5%,509.74,9,6.9%,8.2%
30396,星球大战：最后的绝地武士,1.8%,366.13,11,2.5%,6.0%
30397,芳华,1.2%,240.83,16,1.5%,17.3%
30398,迷镇凶案,0.8%,160.62,7,3.0%,6.4%
30399,大世界,0.3%,64.30,3,2.3%,3.0%
30400,邹碧华,0.2%,58.77,96,<0.1%,98.2%
30401,寻梦环游记,0.2%,55.58,11,0.5%,12.2%
30402,整形师·脸,0.2%,44.71,113,<0.1%,69.0%
30403,二代妖精之今生有幸,0.1%,38.24,10,0.4%,12.7%
30404,妖猫传,0.1%,26.21,12,0.1%,15.2%
30405,时空终点,<0.1%,19.51,4,0.7%,4.1%
30406,神秘巨星,<0.1%,16.93,72,<0.1%,53.1%
30407,妖铃铃,<0.1%,16.01,5,0.3%,6.6%
30408,大寒,<0.1%,11.95,6,0.2%,6.6%
30409,小猫巴克里,<0.1%,8.95,6,0.1%,7.7%
30410,心理罪之城市之光,<0.1%,8.45,8,<0.1%,7.8%
30411,解忧杂货店,<0.1%,6.91,5,0.1%,8.2%
30412,诡梦凶铃,<0.1%,6.77,93,<0.1%,100%
30413,咖啡风暴,<0.1%,4.26,69,<0.1%,90.1%
30414,奇门遁甲,<0.1%,3.92,12,<0.1%,18.6%
30415,北平以北,<0.1%,3.77,160,<0.1%,45.6%
30416,帕丁顿熊2,<0.1%,3.05,8,<0.1%,9.8%
30417,咕噜咕噜美人鱼2,<0.1%,2.89,4,0.1%,4.8%
30418,尼斯：疯狂的心,<0.1%,2.42,3,<0.1%,2.3%
30419,至爱梵高·星空之谜,<0.1%,2.01,10,<0.1%,13.3%
30420,机器之血,<0.1%,1.75,3,<0.1%,3.5%
30421,勇敢者游戏：决战丛林,39.6%,10038.13,36,28.1%,23.7%
30422,前任3：再见前任,26.3%,6661.25,30,21.4%,24.0%
30423,无问西东,19.2%,4877.75,30,18.5%,25.4%
30424,卧底巨星,3.1%,802.89,8,11.6%,7.8%
30425,星球大战：最后的绝地武士,2.7%,705.89,22,2.4%,12.0%
30426,芳华,2.1%,554.07,23,2.3%,24.8%
30427,太空救援,1.4%,375.34,9,4.2%,9.4%
30428,寻梦环游记,1.4%,371.19,19,2.0%,18.3%
30429,迷镇凶案,0.6%,157.78,9,2.1%,9.3%
30430,青蛙总动员,0.3%,99.89,7,1.6%,7.9%
30431,二代妖精之今生有幸,0.3%,93.99,17,0.5%,20.5%
30432,妖猫传,0.3%,78.93,21,0.3%,25.3%
30433,守信少年,0.2%,66.69,84,<0.1%,65.2%
30434,整形师·脸,0.2%,63.03,133,<0.1%,79.9%
30435,大世界,0.2%,57.68,4,1.6%,3.9%
30436,帕丁顿熊2,0.1%,36.91,19,0.2%,20.1%
30437,妖铃铃,0.1%,28.28,8,0.3%,10.5%
30438,大寒,0.1%,27.14,52,<0.1%,50.2%
30439,小猫巴克里,<0.1%,19.58,8,0.3%,9.2%
30440,解忧杂货店,<0.1%,17.98,10,0.1%,15.0%
30441,咕噜咕噜美人鱼2,<0.1%,17.18,6,0.3%,7.9%
30442,心理罪之城市之光,<0.1%,15.06,12,0.1%,14.2%
30443,至爱梵高·星空之谜,<0.1%,7.32,17,<0.1%,19.2%
30444,我的影子在奔跑,<0.1%,7.04,107,<0.1%,100%
30445,机器之血,<0.1%,4.56,6,<0.1%,7.4%
30446,尼斯：疯狂的心,<0.1%,4.36,5,<0.1%,4.4%
30447,咖啡风暴,<0.1%,4.29,89,<0.1%,100%
30448,时空终点,<0.1%,3.02,2,0.3%,1.6%
30449,邹碧华,<0.1%,3.01,67,<0.1%,93.3%
30450,至暗时刻,<0.1%,2.94,22,<0.1%,32.9%
30451,一个人的课堂,<0.1%,2.52,78,<0.1%,100%
30452,奇迹男孩,<0.1%,2.38,2,0.1%,100%
30453,天籁梦想,<0.1%,2.09,3,<0.1%,3.7%
30454,奇门遁甲,<0.1%,2.07,7,<0.1%,12.5%
30455,诡梦凶铃,<0.1%,1.52,85,<0.1%,100.0%
30456,神秘巨星,<0.1%,1.48,161,<0.1%,100.0%
30457,北平以北,<0.1%,1.43,66,<0.1%,11.2%
30458,只想好好和你在一起,<0.1%,1.14,111,<0.1%,100%
30459,勇敢者游戏：决战丛林,37.3%,8123.56,28,29.1%,18.5%
30460,无问西东,24.8%,5408.81,32,18.8%,27.7%
30461,前任3：再见前任,23.4%,5093.24,22,22.4%,17.9%
30462,芳华,2.4%,533.52,19,2.8%,20.4%
30463,星球大战：最后的绝地武士,2.3%,518.60,17,2.4%,9.2%
30464,卧底巨星,1.9%,431.58,6,9.1%,5.5%
30465,寻梦环游记,1.7%,380.18,17,2.3%,16.9%
30466,太空救援,1.3%,293.63,8,3.8%,8.4%
30467,迷镇凶案,0.5%,116.97,7,2.0%,7.6%
30468,守信少年,0.5%,110.70,104,<0.1%,74.5%
30469,青蛙总动员,0.4%,101.38,8,1.5%,8.5%
30470,二代妖精之今生有幸,0.4%,93.19,14,0.6%,16.6%
30471,妖猫传,0.3%,74.08,17,0.4%,19.0%
30472,整形师·脸,0.3%,69.13,135,<0.1%,80.2%
30473,大世界,0.2%,47.13,4,1.3%,3.8%
30474,帕丁顿熊2,0.1%,38.08,18,0.2%,20.1%
30475,咕噜咕噜美人鱼2,0.1%,33.98,12,0.4%,14.9%
30476,大寒,0.1%,28.83,64,<0.1%,53.3%
30477,妖铃铃,0.1%,27.70,7,0.4%,8.7%
30478,小猫巴克里,<0.1%,21.17,8,0.3%,8.9%
30479,解忧杂货店,<0.1%,19.30,9,0.2%,13.5%
30480,心理罪之城市之光,<0.1%,11.59,10,0.1%,11.0%
30481,至爱梵高·星空之谜,<0.1%,7.00,16,<0.1%,17.2%
30482,机器之血,<0.1%,5.57,6,0.1%,6.3%
30483,奇门遁甲,<0.1%,4.31,13,<0.1%,21.5%
30484,尼斯：疯狂的心,<0.1%,3.98,5,<0.1%,4.3%
30485,咖啡风暴,<0.1%,2.84,68,<0.1%,76.3%
30486,时空终点,<0.1%,2.80,2,0.2%,1.6%
30487,相声大电影之我要幸福,<0.1%,2.80,80,<0.1%,100%
30488,至暗时刻,<0.1%,2.36,20,<0.1%,31.3%
30489,我的影子在奔跑,<0.1%,2.18,92,<0.1%,94.3%
30490,天籁梦想,<0.1%,1.39,2,<0.1%,2.9%
30491,诡梦凶铃,<0.1%,1.24,83,<0.1%,88.9%
30492,神秘巨星,<0.1%,1.08,141,<0.1%,97.2%
30493,邹碧华,<0.1%,1.00,62,<0.1%,100%
30494,勇敢者游戏：决战丛林,32.6%,3367.20,13,29.8%,8.4%
30495,无问西东,32.5%,3355.15,19,21.5%,16.6%
30496,前任3：再见前任,23.8%,2455.25,12,22.8%,9.7%
30497,芳华,2.3%,242.43,9,3.1%,9.1%
30498,星球大战：最后的绝地武士,1.5%,160.92,6,2.7%,3.0%
30499,卧底巨星,1.5%,157.84,3,7.6%,2.7%
30500,太空救援,1.1%,118.33,4,3.8%,3.7%
30501,寻梦环游记,0.5%,59.50,7,1.1%,6.2%
30502,二代妖精之今生有幸,0.5%,55.22,7,0.8%,8.3%
30503,整形师·脸,0.5%,53.42,128,<0.1%,76.9%
30504,迷镇凶案,0.3%,34.79,3,2.0%,2.4%
30505,妖猫传,0.3%,34.30,8,0.4%,8.2%
30506,大世界,0.2%,20.85,3,1.1%,2.2%
30507,邹碧华,0.1%,19.84,78,<0.1%,100%
30508,妖铃铃,0.1%,17.41,4,0.5%,4.9%
30509,英雄本色2018,0.1%,16.27,206,<0.1%,100%
30510,心理罪之城市之光,<0.1%,9.23,7,0.1%,7.6%
30511,解忧杂货店,<0.1%,7.49,4,0.2%,5.0%
30512,青蛙总动员,<0.1%,6.53,2,0.5%,1.7%
30513,机器之血,<0.1%,4.89,5,0.1%,5.2%
30514,大寒,<0.1%,4.40,20,<0.1%,22.3%
30515,帕丁顿熊2,<0.1%,3.73,5,0.1%,5.4%
30516,谜巢,<0.1%,3.49,194,<0.1%,100.0%
30517,咖啡风暴,<0.1%,2.96,90,<0.1%,99.3%
30518,至爱梵高·星空之谜,<0.1%,2.57,7,<0.1%,7.7%
30519,时空终点,<0.1%,2.24,2,0.1%,2.3%
30520,尼斯：疯狂的心,<0.1%,2.06,3,0.1%,1.9%
30521,小猫巴克里,<0.1%,1.59,2,0.1%,2.1%
30522,至暗时刻,<0.1%,1.51,10,<0.1%,15.1%
30523,神秘巨星,<0.1%,1.14,156,<0.1%,68.1%
30524,无问西东,36.3%,3655.87,19,23.8%,15.9%
30525,勇敢者游戏：决战丛林,30.3%,3051.66,12,29.1%,8.0%
30526,前任3：再见前任,21.8%,2190.98,11,22.3%,9.2%
30527,芳华,2.2%,226.42,9,3.1%,9.2%
30528,星球大战：最后的绝地武士,1.5%,153.13,6,2.6%,2.9%
30529,卧底巨星,1.2%,125.12,3,6.3%,2.7%
30530,太空救援,1.1%,110.84,4,3.4%,3.9%
30531,整形师·脸,0.6%,64.03,138,<0.1%,78.7%
30532,二代妖精之今生有幸,0.5%,57.64,7,0.9%,8.3%
30533,寻梦环游记,0.5%,55.55,6,1.1%,6.1%
30534,公牛历险记,0.4%,44.63,116,<0.1%,93.0%
30535,妖猫传,0.3%,35.12,7,0.5%,7.1%
30536,邹碧华,0.3%,33.20,87,<0.1%,100%
30537,迷镇凶案,0.3%,32.90,3,1.8%,2.6%
30538,大世界,0.1%,17.64,3,0.9%,2.1%
30539,妖铃铃,0.1%,16.90,4,0.5%,4.9%
30540,心理罪之城市之光,0.1%,12.56,9,0.1%,10.2%
30541,神秘巨星,<0.1%,9.38,156,<0.1%,--
30542,解忧杂货店,<0.1%,8.30,4,0.2%,5.4%
30543,青蛙总动员,<0.1%,6.08,2,0.5%,1.8%
30544,一个人的课堂,<0.1%,4.85,2,0.4%,1.3%
30545,帕丁顿熊2,<0.1%,4.45,7,<0.1%,6.9%
30546,大寒,<0.1%,4.19,27,<0.1%,29.0%
30547,第一夫人,<0.1%,3.97,245,<0.1%,100.0%
30548,我的影子在奔跑,<0.1%,3.36,2,0.3%,1.2%
30549,机器之血,<0.1%,3.22,3,0.1%,3.7%
30550,咖啡风暴,<0.1%,2.93,75,<0.1%,97.9%
30551,至爱梵高·星空之谜,<0.1%,2.19,6,<0.1%,6.8%
30552,芒刺,<0.1%,2.16,4,0.1%,3.6%
30553,尼斯：疯狂的心,<0.1%,1.84,3,<0.1%,1.8%
30554,时空终点,<0.1%,1.57,2,0.1%,2.0%
30555,小猫巴克里,<0.1%,1.29,2,0.1%,1.8%
30556,诡梦凶铃,<0.1%,1.18,110,<0.1%,64.3%
30557,至暗时刻,<0.1%,1.13,8,<0.1%,12.6%
30558,咕噜咕噜美人鱼2,<0.1%,1.05,2,<0.1%,2.3%
30559,无问西东,39.6%,3890.28,19,25.4%,15.4%
30560,勇敢者游戏：决战丛林,28.8%,2833.65,12,28.7%,7.6%
30561,前任3：再见前任,20.4%,2008.61,10,22.2%,8.6%
30562,芳华,2.2%,216.62,8,3.4%,8.2%
30563,星球大战：最后的绝地武士,1.5%,153.17,6,2.5%,3.0%
30564,卧底巨星,1.0%,107.18,3,5.7%,2.5%
30565,太空救援,1.0%,101.19,4,3.3%,3.7%
30566,整形师·脸,0.7%,70.60,145,<0.1%,81.4%
30567,寻梦环游记,0.6%,64.09,7,1.1%,6.7%
30568,二代妖精之今生有幸,0.5%,56.63,7,0.9%,7.7%
30569,妖猫传,0.3%,39.06,7,0.5%,7.4%
30570,邹碧华,0.3%,38.86,90,<0.1%,89.5%
30571,迷镇凶案,0.2%,24.46,2,1.7%,2.0%
30572,守信少年,0.1%,19.18,106,<0.1%,75.5%
30573,妖铃铃,0.1%,16.96,4,0.5%,4.8%
30574,大世界,0.1%,16.53,2,0.9%,2.1%
30575,心理罪之城市之光,<0.1%,8.92,6,0.1%,7.4%
30576,解忧杂货店,<0.1%,7.64,4,0.2%,5.6%
30577,神秘巨星,<0.1%,6.88,523,<0.1%,86.8%
30578,大寒,<0.1%,6.03,34,<0.1%,38.5%
30579,青蛙总动员,<0.1%,5.99,2,0.4%,2.0%
30580,帕丁顿熊2,<0.1%,5.61,7,0.1%,8.1%
30581,S4侠降魔记,<0.1%,3.69,298,<0.1%,--
30582,机器之血,<0.1%,3.28,3,0.1%,3.5%
30583,咖啡风暴,<0.1%,2.96,82,<0.1%,99.3%
30584,至爱梵高·星空之谜,<0.1%,2.60,7,<0.1%,7.4%
30585,我的影子在奔跑,<0.1%,2.57,2,0.2%,1.2%
30586,一个人的课堂,<0.1%,2.31,3,0.1%,2.6%
30587,你在哪,<0.1%,2.11,88,<0.1%,100%
30588,柳毅奇缘,<0.1%,1.82,152,<0.1%,--
30589,尼斯：疯狂的心,<0.1%,1.80,2,<0.1%,1.7%
30590,小猫巴克里,<0.1%,1.80,3,<0.1%,2.9%
30591,时空终点,<0.1%,1.60,2,0.1%,2.1%
30592,芒刺,<0.1%,1.55,4,<0.1%,3.9%
30593,我们诞生在中国,<0.1%,1.50,503,<0.1%,--
30594,无问西东,38.3%,3830.18,19,25.0%,15.0%
30595,勇敢者游戏：决战丛林,24.8%,2481.28,11,25.3%,7.6%
30596,前任3：再见前任,17.2%,1723.18,10,19.7%,8.4%
30597,英雄本色2018,10.1%,1013.49,11,11.2%,9.2%
30598,芳华,1.7%,178.57,7,3.0%,7.3%
30599,星球大战：最后的绝地武士,1.5%,153.10,7,2.0%,3.2%
30600,太空救援,0.6%,66.57,4,2.3%,3.4%
30601,寻梦环游记,0.6%,61.36,7,1.0%,7.0%
30602,卧底巨星,0.5%,57.13,2,3.8%,2.0%
30603,整形师·脸,0.5%,55.75,138,<0.1%,77.1%
30604,邹碧华,0.4%,42.37,80,<0.1%,100%
30605,谜巢,0.3%,39.33,16,0.3%,12.3%
30606,二代妖精之今生有幸,0.3%,38.76,6,0.7%,6.8%
30607,妖猫传,0.3%,30.89,7,0.5%,6.6%
30608,神秘巨星,0.2%,22.94,15,0.2%,10.5%
30609,守信少年,0.1%,17.09,108,<0.1%,71.3%
30610,迷镇凶案,0.1%,14.37,2,1.1%,1.6%
30611,妖铃铃,0.1%,13.31,4,0.4%,4.4%
30612,大世界,0.1%,11.23,3,0.6%,2.1%
30613,心理罪之城市之光,<0.1%,8.66,6,0.1%,7.3%
30614,解忧杂货店,<0.1%,6.62,4,0.2%,5.1%
30615,帕丁顿熊2,<0.1%,5.71,8,0.1%,8.6%
30616,奇迹男孩,<0.1%,5.70,6,0.1%,4.5%
30617,青蛙总动员,<0.1%,5.52,2,0.3%,2.3%
30618,大寒,<0.1%,5.47,36,<0.1%,39.6%
30619,至爱梵高·星空之谜,<0.1%,3.10,9,<0.1%,9.1%
30620,我的影子在奔跑,<0.1%,2.21,2,0.1%,1.9%
30621,机器之血,<0.1%,2.21,3,0.1%,2.5%
30622,一个人的课堂,<0.1%,1.81,4,<0.1%,4.4%
30623,小猫巴克里,<0.1%,1.70,3,<0.1%,3.3%
30624,尼斯：疯狂的心,<0.1%,1.68,3,<0.1%,1.8%
30625,咖啡风暴,<0.1%,1.66,48,<0.1%,100.0%
30626,至暗时刻,<0.1%,1.55,17,<0.1%,24.3%
30627,大象林旺之一炮成名,<0.1%,1.24,167,<0.1%,--
30628,战狼2,<0.1%,1.05,118,<0.1%,--
30629,咕噜咕噜美人鱼2,<0.1%,1.03,2,<0.1%,2.3%
30630,时空终点,<0.1%,1.00,2,0.1%,1.9%
30631,神秘巨星,25.3%,4366.74,29,19.0%,21.0%
30632,无问西东,19.1%,3302.08,34,10.4%,27.2%
30633,英雄本色2018,12.3%,2135.66,16,15.2%,13.1%
30634,谜巢,12.0%,2076.24,12,18.9%,9.8%
30635,奇迹男孩,9.3%,1616.72,15,13.6%,12.3%
30636,勇敢者游戏：决战丛林,7.3%,1273.31,21,5.8%,15.4%
30637,公牛历险记,5.3%,915.41,13,7.7%,11.9%
30638,前任3：再见前任,4.8%,833.03,19,4.3%,19.4%
30639,星球大战：最后的绝地武士,0.8%,139.13,14,0.6%,4.6%
30640,整形师·脸,0.5%,103.32,135,<0.1%,82.1%
30641,守信少年,0.4%,82.98,113,<0.1%,77.2%
30642,邹碧华,0.3%,68.63,98,<0.1%,100%
30643,第一夫人,0.3%,60.39,3,2.1%,3.2%
30644,芳华,0.3%,54.12,16,0.3%,19.3%
30645,太空救援,0.1%,20.13,19,0.1%,26.2%
30646,寻梦环游记,<0.1%,11.19,13,<0.1%,14.0%
30647,卧底巨星,<0.1%,11.09,9,0.1%,12.6%
30648,妖猫传,<0.1%,9.96,11,<0.1%,6.6%
30649,二代妖精之今生有幸,<0.1%,7.22,8,<0.1%,12.4%
30650,心理罪之城市之光,<0.1%,4.11,11,<0.1%,13.0%
30651,大寒,<0.1%,3.89,52,<0.1%,55.1%
30652,解忧杂货店,<0.1%,3.79,12,<0.1%,20.2%
30653,一个人的课堂,<0.1%,3.14,37,<0.1%,30.0%
30654,机器之血,<0.1%,2.52,10,<0.1%,10.0%
30655,时空终点,<0.1%,2.27,7,<0.1%,12.1%
30656,妖铃铃,<0.1%,1.96,3,<0.1%,4.7%
30657,大雪冬至,<0.1%,1.62,163,<0.1%,100.0%
30658,大世界,<0.1%,1.61,4,<0.1%,3.5%
30659,迷镇凶案,<0.1%,1.31,2,<0.1%,2.6%
30660,领袖1935,<0.1%,1.26,79,<0.1%,100.0%
30661,帕丁顿熊2,<0.1%,1.05,7,<0.1%,10.6%
30662,神秘巨星,27.9%,6770.31,38,21.2%,26.2%
30663,无问西东,25.8%,6274.48,43,15.5%,33.9%
30664,公牛历险记,10.8%,2637.03,25,11.5%,22.8%
30665,奇迹男孩,8.6%,2099.39,21,11.8%,18.0%
30666,勇敢者游戏：决战丛林,8.1%,1972.01,30,6.3%,22.9%
30667,前任3：再见前任,5.2%,1283.82,22,5.6%,22.9%
30668,谜巢,4.8%,1167.51,10,13.4%,8.2%
30669,英雄本色2018,4.7%,1145.49,12,10.3%,10.5%
30670,星球大战：最后的绝地武士,0.9%,237.23,25,0.6%,8.3%
30671,守信少年,0.4%,109.83,116,<0.1%,82.4%
30672,整形师·脸,0.4%,109.30,132,<0.1%,85.2%
30673,芳华,0.4%,108.02,18,0.5%,23.0%
30674,寻梦环游记,0.1%,41.00,17,0.2%,17.2%
30675,第一夫人,0.1%,36.17,4,0.8%,4.5%
30676,太空救援,<0.1%,20.18,17,0.1%,23.4%
30677,妖猫传,<0.1%,15.00,14,<0.1%,9.8%
30678,二代妖精之今生有幸,<0.1%,9.26,11,<0.1%,15.4%
30679,大寒,<0.1%,9.04,61,<0.1%,56.6%
30680,妖铃铃,<0.1%,7.02,9,<0.1%,12.4%
30681,卧底巨星,<0.1%,6.13,6,0.1%,8.0%
30682,解忧杂货店,<0.1%,5.07,12,<0.1%,20.7%
30683,心理罪之城市之光,<0.1%,4.52,12,<0.1%,12.8%
30684,帕丁顿熊2,<0.1%,3.59,12,<0.1%,13.5%
30685,大世界,<0.1%,3.52,7,<0.1%,6.1%
30686,村戏,<0.1%,3.37,76,<0.1%,100%
30687,我的影子在奔跑,<0.1%,3.07,21,<0.1%,21.5%
30688,一个人的课堂,<0.1%,2.99,20,<0.1%,20.9%
30689,至爱梵高·星空之谜,<0.1%,2.87,18,<0.1%,17.4%
30690,敦煌不了情,<0.1%,2.87,319,<0.1%,100.0%
30691,绝命时钟2:22,<0.1%,2.52,148,<0.1%,100.0%
30692,告诉他们，我随白鹤去了,<0.1%,2.42,63,<0.1%,98.2%
30693,迷镇凶案,<0.1%,2.13,3,<0.1%,3.7%
30694,咖啡风暴,<0.1%,1.94,49,<0.1%,100.0%
30695,青蛙总动员,<0.1%,1.87,3,<0.1%,3.5%
30696,诡梦凶铃,<0.1%,1.81,120,<0.1%,75.9%
30697,天籁梦想,<0.1%,1.38,22,<0.1%,42.3%
30698,咕噜咕噜美人鱼2,<0.1%,1.27,5,<0.1%,7.6%
30699,神秘巨星,29.9%,6354.22,33,22.5%,23.1%
30700,无问西东,26.2%,5569.65,34,18.1%,26.1%
30701,公牛历险记,11.4%,2438.21,22,12.0%,20.6%
30702,奇迹男孩,8.2%,1745.09,19,11.2%,16.6%
30703,勇敢者游戏：决战丛林,7.9%,1693.76,24,6.9%,19.1%
30704,前任3：再见前任,5.3%,1126.00,18,6.3%,18.4%
30705,英雄本色2018,3.6%,772.07,10,8.3%,9.1%
30706,谜巢,3.1%,672.42,7,10.6%,6.2%
30707,星球大战：最后的绝地武士,0.8%,180.17,20,0.6%,6.6%
30708,整形师·脸,0.5%,124.73,131,<0.1%,82.8%
30709,守信少年,0.5%,114.73,121,<0.1%,81.7%
30710,芳华,0.5%,106.29,16,0.6%,19.8%
30711,寻梦环游记,0.1%,39.63,16,0.2%,16.3%
30712,第一夫人,0.1%,27.42,5,0.6%,4.7%
30713,太空救援,<0.1%,16.07,14,0.1%,18.0%
30714,妖猫传,<0.1%,14.37,13,<0.1%,9.3%
30715,二代妖精之今生有幸,<0.1%,9.63,10,<0.1%,15.2%
30716,妖铃铃,<0.1%,6.50,8,<0.1%,11.4%
30717,大雪冬至,<0.1%,6.04,26,<0.1%,23.8%
30718,卧底巨星,<0.1%,5.60,6,0.1%,7.4%
30719,一个人的课堂,<0.1%,5.27,38,<0.1%,46.5%
30720,大寒,<0.1%,4.61,43,<0.1%,57.7%
30721,解忧杂货店,<0.1%,4.26,12,<0.1%,19.1%
30722,大世界,<0.1%,3.55,8,<0.1%,7.2%
30723,帕丁顿熊2,<0.1%,3.53,12,<0.1%,16.9%
30724,至爱梵高·星空之谜,<0.1%,3.27,16,<0.1%,18.8%
30725,咖啡风暴,<0.1%,3.18,53,<0.1%,95.7%
30726,我的影子在奔跑,<0.1%,2.74,25,<0.1%,24.2%
30727,你在哪,<0.1%,2.52,71,<0.1%,100%
30728,心理罪之城市之光,<0.1%,2.48,6,<0.1%,7.2%
30729,青蛙总动员,<0.1%,2.31,4,<0.1%,4.8%
30730,诡梦凶铃,<0.1%,2.20,152,<0.1%,100.0%
30731,迷镇凶案,<0.1%,1.86,3,<0.1%,2.7%
30732,天使的声音,<0.1%,1.64,9,<0.1%,10.2%
30733,咕噜咕噜美人鱼2,<0.1%,1.14,4,<0.1%,6.7%
30734,至暗时刻,<0.1%,1.13,20,<0.1%,25.3%
30735,天籁梦想,<0.1%,1.05,25,<0.1%,38.0%
30736,神秘巨星,33.6%,3223.83,17,24.7%,11.6%
30737,无问西东,27.4%,2637.66,16,20.4%,12.4%
30738,勇敢者游戏：决战丛林,7.8%,757.57,12,7.5%,9.8%
30739,奇迹男孩,7.6%,734.47,9,11.1%,7.7%
30740,前任3：再见前任,6.6%,634.19,11,6.8%,10.8%
30741,公牛历险记,6.3%,606.93,8,9.3%,7.2%
30742,英雄本色2018,3.5%,339.01,6,7.7%,4.6%
30743,谜巢,2.9%,278.38,4,8.7%,3.5%
30744,整形师·脸,0.7%,72.18,117,<0.1%,74.6%
30745,星球大战：最后的绝地武士,0.6%,62.47,8,0.6%,2.5%
30746,芳华,0.5%,52.24,8,0.7%,9.0%
30747,守信少年,0.5%,51.34,116,<0.1%,80.5%
30748,第一夫人,0.1%,12.41,3,0.5%,2.6%
30749,寻梦环游记,<0.1%,9.49,7,0.1%,7.5%
30750,邹碧华,<0.1%,8.75,70,<0.1%,68.0%
30751,卧底巨星,<0.1%,5.53,6,0.1%,8.1%
30752,二代妖精之今生有幸,<0.1%,5.39,5,0.1%,7.4%
30753,妖猫传,<0.1%,5.16,7,<0.1%,6.4%
30754,太空救援,<0.1%,5.06,5,0.1%,6.3%
30755,一个人的课堂,<0.1%,3.62,25,<0.1%,29.2%
30756,妖铃铃,<0.1%,2.65,4,<0.1%,4.8%
30757,心理罪之城市之光,<0.1%,2.36,10,<0.1%,11.7%
30758,青蛙总动员,<0.1%,1.61,6,<0.1%,9.1%
30759,解忧杂货店,<0.1%,1.35,4,<0.1%,5.4%
30760,大世界,<0.1%,1.25,3,<0.1%,2.9%
30761,至爱梵高·星空之谜,<0.1%,1.02,7,<0.1%,7.6%
30762,神秘巨星,34.1%,3146.61,17,25.2%,11.3%
30763,无问西东,26.7%,2471.04,15,21.1%,11.5%
30764,奇迹男孩,8.6%,798.68,10,10.7%,9.0%
30765,勇敢者游戏：决战丛林,8.0%,745.66,11,7.9%,9.3%
30766,公牛历险记,6.5%,607.71,9,9.0%,7.7%
30767,前任3：再见前任,6.4%,595.80,9,7.4%,9.4%
30768,英雄本色2018,2.8%,262.64,5,6.9%,4.0%
30769,谜巢,2.3%,214.18,4,7.5%,3.2%
30770,整形师·脸,0.6%,60.01,119,<0.1%,73.6%
30771,星球大战：最后的绝地武士,0.6%,59.33,8,0.6%,2.4%
30772,芳华,0.5%,50.51,7,0.8%,8.0%
30773,守信少年,0.5%,48.07,102,<0.1%,70.8%
30774,邹碧华,0.2%,21.49,86,<0.1%,88.5%
30775,寻梦环游记,0.1%,10.66,9,0.1%,9.3%
30776,第一夫人,0.1%,10.36,3,0.5%,2.6%
30777,敦煌不了情,<0.1%,8.86,4,0.4%,3.4%
30778,二代妖精之今生有幸,<0.1%,6.23,5,0.1%,6.9%
30779,太空救援,<0.1%,4.64,5,0.1%,5.7%
30780,妖猫传,<0.1%,3.97,8,<0.1%,9.4%
30781,一个人的课堂,<0.1%,3.93,24,<0.1%,28.3%
30782,卧底巨星,<0.1%,2.94,4,0.1%,4.7%
30783,青蛙总动员,<0.1%,2.65,9,<0.1%,15.0%
30784,S4侠降魔记,<0.1%,2.64,143,<0.1%,95.7%
30785,妖铃铃,<0.1%,2.64,3,0.1%,4.6%
30786,南极之恋,<0.1%,2.14,236,<0.1%,--
30787,大世界,<0.1%,1.97,5,<0.1%,4.1%
30788,心理罪之城市之光,<0.1%,1.77,8,<0.1%,8.6%
30789,大寒,<0.1%,1.54,36,<0.1%,44.2%
30790,南哥,<0.1%,1.18,75,<0.1%,94.0%
30791,血战湘江,<0.1%,1.15,768,<0.1%,--
30792,小猫巴克里,<0.1%,1.11,9,<0.1%,11.5%
30793,我们诞生在中国,<0.1%,1.01,49,<0.1%,97.9%
30794,神秘巨星,33.8%,2970.24,16,25.5%,10.4%
30795,无问西东,25.3%,2225.52,13,21.5%,10.2%
30796,奇迹男孩,9.4%,829.90,11,10.7%,9.5%
30797,勇敢者游戏：决战丛林,8.4%,736.58,11,8.1%,9.0%
30798,公牛历险记,7.2%,633.46,9,9.1%,8.0%
30799,前任3：再见前任,6.6%,580.26,9,7.7%,8.8%
30800,英雄本色2018,2.5%,221.02,5,6.4%,3.6%
30801,谜巢,2.1%,192.11,4,7.0%,3.1%
30802,星球大战：最后的绝地武士,0.6%,61.22,8,0.6%,2.6%
30803,芳华,0.5%,46.36,6,0.8%,7.2%
30804,阿里巴巴2所罗门封印,0.5%,45.75,104,<0.1%,81.7%
30805,邹碧华,0.2%,24.04,73,<0.1%,75.6%
30806,移动迷宫3：死亡解药,0.1%,10.84,129,<0.1%,91.6%
30807,第一夫人,0.1%,10.17,3,0.4%,2.6%
30808,二代妖精之今生有幸,<0.1%,6.02,5,0.1%,6.0%
30809,一个人的课堂,<0.1%,5.94,23,<0.1%,29.8%
30810,敦煌不了情,<0.1%,4.38,3,0.2%,3.1%
30811,太空救援,<0.1%,4.01,4,0.1%,4.5%
30812,南极之恋,<0.1%,3.64,251,<0.1%,100.0%
30813,卧底巨星,<0.1%,3.50,4,0.1%,5.3%
30814,解忧杂货店,<0.1%,3.37,14,<0.1%,25.8%
30815,妖铃铃,<0.1%,3.33,4,0.1%,5.0%
30816,妖猫传,<0.1%,3.17,6,<0.1%,7.8%
30817,咕噜咕噜美人鱼2,<0.1%,2.45,9,<0.1%,14.1%
30818,至爱梵高·星空之谜,<0.1%,1.63,8,<0.1%,8.5%
30819,心理罪之城市之光,<0.1%,1.61,8,<0.1%,7.8%
30820,青蛙总动员,<0.1%,1.46,5,<0.1%,6.2%
30821,大寒,<0.1%,1.45,38,<0.1%,41.9%
30822,整形师·脸,<0.1%,1.29,43,<0.1%,37.0%
30823,南哥,<0.1%,1.08,98,<0.1%,100%
30824,古镇画情,<0.1%,1.01,11,<0.1%,--
30825,迷镇凶案,<0.1%,1.01,2,<0.1%,2.3%
30826,神秘巨星,32.8%,2722.52,14,25.5%,9.5%
30827,无问西东,24.2%,2009.56,12,21.3%,9.2%
30828,奇迹男孩,9.6%,800.12,10,10.6%,9.1%
30829,勇敢者游戏：决战丛林,8.4%,701.62,10,8.2%,8.4%
30830,公牛历险记,7.5%,629.02,9,9.2%,7.8%
30831,前任3：再见前任,6.6%,549.76,8,7.7%,8.2%
30832,英雄本色2018,2.3%,193.56,4,5.9%,3.4%
30833,移动迷宫3：死亡解药,1.9%,158.68,25,0.6%,13.1%
30834,谜巢,1.8%,154.35,3,6.4%,2.8%
30835,星球大战：最后的绝地武士,0.6%,57.68,8,0.6%,2.5%
30836,阿里巴巴2所罗门封印,0.6%,50.53,114,<0.1%,82.3%
30837,芳华,0.5%,46.02,6,0.8%,7.2%
30838,邹碧华,0.3%,32.16,88,<0.1%,83.8%
30839,第一夫人,0.1%,10.84,3,0.4%,3.3%
30840,一个人的课堂,<0.1%,6.71,25,<0.1%,27.5%
30841,二代妖精之今生有幸,<0.1%,6.31,5,0.1%,6.2%
30842,太空救援,<0.1%,4.01,5,0.1%,5.8%
30843,妖铃铃,<0.1%,3.46,4,0.1%,5.1%
30844,妖猫传,<0.1%,3.45,6,<0.1%,7.9%
30845,敦煌不了情,<0.1%,3.38,4,0.1%,3.7%
30846,大世界,<0.1%,3.35,8,<0.1%,8.1%
30847,卧底巨星,<0.1%,2.36,3,0.1%,3.6%
30848,大雪冬至,<0.1%,2.25,1,0.4%,0.6%
30849,盛世秧歌,<0.1%,2.16,20,<0.1%,--
30850,古镇画情,<0.1%,2.00,18,<0.1%,--
30851,大寒,<0.1%,1.94,41,<0.1%,50.6%
30852,咕噜咕噜美人鱼2,<0.1%,1.90,7,<0.1%,11.2%
30853,迷镇凶案,<0.1%,1.73,3,<0.1%,3.6%
30854,帕丁顿熊2,<0.1%,1.68,7,<0.1%,8.4%
30855,解忧杂货店,<0.1%,1.30,3,<0.1%,4.7%
30856,心理罪之城市之光,<0.1%,1.22,6,<0.1%,5.9%
30857,至爱梵高·星空之谜,<0.1%,1.21,7,<0.1%,6.6%
30858,玛格丽特的春天,<0.1%,1.05,53,<0.1%,90.5%
30859,移动迷宫3：死亡解药,39.4%,5232.50,20,29.7%,13.1%
30860,神秘巨星,23.1%,3079.11,21,18.9%,15.5%
30861,无问西东,14.9%,1991.56,17,14.2%,14.8%
30862,奇迹男孩,5.0%,671.15,17,4.8%,16.9%
30863,公牛历险记,4.9%,652.14,12,6.5%,11.7%
30864,24小时：末路重生,2.8%,374.39,6,8.8%,6.0%
30865,前任3：再见前任,2.5%,335.04,10,3.6%,11.4%
30866,勇敢者游戏：决战丛林,2.4%,319.35,11,3.1%,10.9%
30867,绝命时钟2:22,0.7%,99.27,4,3.7%,3.7%
30868,S4侠降魔记,0.5%,71.84,5,1.9%,5.4%
30869,阿里巴巴2所罗门封印,0.5%,71.21,127,<0.1%,85.8%
30870,邹碧华,0.2%,37.41,77,<0.1%,89.9%
30871,英雄本色2018,0.2%,27.18,4,0.9%,4.1%
30872,芳华,0.1%,24.96,7,0.3%,10.3%
30873,谜巢,0.1%,19.89,3,1.1%,2.6%
30874,星球大战：最后的绝地武士,0.1%,14.19,12,<0.1%,8.8%
30875,一个人的课堂,<0.1%,8.81,51,<0.1%,72.8%
30876,妖铃铃,<0.1%,5.56,12,<0.1%,19.1%
30877,五度空间,<0.1%,5.32,2,0.4%,1.4%
30878,迷镇凶案,<0.1%,5.20,28,<0.1%,100%
30879,大寒,<0.1%,4.69,113,<0.1%,75.7%
30880,二代妖精之今生有幸,<0.1%,4.46,8,<0.1%,11.5%
30881,第一夫人,<0.1%,4.21,11,<0.1%,14.2%
30882,古镇画情,<0.1%,3.67,27,<0.1%,100%
30883,南哥,<0.1%,3.45,93,<0.1%,87.0%
30884,解忧杂货店,<0.1%,2.84,10,<0.1%,22.7%
30885,盛世秧歌,<0.1%,2.55,24,<0.1%,100%
30886,大雪冬至,<0.1%,1.77,2,0.1%,1.3%
30887,妖猫传,<0.1%,1.33,6,<0.1%,8.0%
30888,卧底巨星,<0.1%,1.25,3,<0.1%,5.7%
30889,战狼2,<0.1%,1.23,205,<0.1%,--
30890,太空救援,<0.1%,1.22,4,<0.1%,6.7%
30891,移动迷宫3：死亡解药,28.8%,5128.42,20,27.5%,12.7%
30892,神秘巨星,27.0%,4819.07,29,19.9%,21.9%
30893,无问西东,16.6%,2955.27,24,14.3%,21.0%
30894,公牛历险记,8.0%,1431.51,20,8.3%,18.8%
30895,奇迹男孩,6.4%,1151.37,25,5.3%,24.8%
30896,勇敢者游戏：决战丛林,2.8%,510.86,17,3.1%,16.7%
30897,前任3：再见前任,2.5%,444.91,12,3.8%,13.8%
30898,熊出没·变形记,1.4%,265.76,65,0.4%,56.4%
30899,24小时：末路重生,1.2%,220.52,6,5.1%,6.1%
30900,麦兵兵之夺宝联“萌”,1.0%,181.35,7,3.7%,7.0%
30901,阿里巴巴2所罗门封印,0.4%,72.78,115,<0.1%,82.8%
30902,妈妈咪鸭,0.3%,54.31,28,0.2%,27.8%
30903,S4侠降魔记,0.3%,53.50,5,1.2%,6.2%
30904,芳华,0.2%,48.89,13,0.4%,16.8%
30905,绝命时钟2:22,0.2%,40.68,3,1.7%,3.0%
30906,马戏之王,0.2%,39.91,77,<0.1%,23.0%
30907,英雄本色2018,0.2%,37.77,6,0.7%,7.2%
30908,金龟子,0.1%,28.63,4,0.9%,3.6%
30909,星球大战：最后的绝地武士,0.1%,24.78,20,<0.1%,14.8%
30910,谜巢,0.1%,23.07,3,0.8%,3.3%
30911,一个人的课堂,<0.1%,15.02,50,<0.1%,66.6%
30912,太空救援,<0.1%,8.85,25,<0.1%,20.3%
30913,我是哪吒,<0.1%,8.06,3,0.4%,3.1%
30914,古镇画情,<0.1%,5.69,38,<0.1%,--
30915,第一夫人,<0.1%,4.65,11,<0.1%,13.4%
30916,大雪冬至,<0.1%,4.13,6,<0.1%,5.7%
30917,时空偷渡少女,<0.1%,4.12,458,<0.1%,100.0%
30918,盛世秧歌,<0.1%,3.78,35,<0.1%,--
30919,五度空间,<0.1%,3.42,2,0.2%,2.2%
30920,大寒,<0.1%,3.41,42,<0.1%,55.0%
30921,二代妖精之今生有幸,<0.1%,3.39,6,<0.1%,8.0%
30922,妖猫传,<0.1%,2.72,10,<0.1%,15.2%
30923,小狗奶瓶,<0.1%,1.77,85,<0.1%,77.0%
30924,我的影子在奔跑,<0.1%,1.69,34,<0.1%,76.8%
30925,邹碧华,<0.1%,1.67,63,<0.1%,78.5%
30926,妖铃铃,<0.1%,1.59,4,<0.1%,5.9%
30927,卧底巨星,<0.1%,1.57,6,<0.1%,10.7%
30928,帕丁顿熊2,<0.1%,1.34,9,<0.1%,11.3%
30929,至爱梵高·星空之谜,<0.1%,1.33,12,<0.1%,8.6%
30930,诡梦凶铃,<0.1%,1.21,115,<0.1%,100.0%
30931,大世界,<0.1%,1.05,6,<0.1%,7.6%
30932,神秘巨星,26.6%,4445.50,26,20.5%,19.6%
30933,移动迷宫3：死亡解药,24.4%,4080.01,17,25.7%,10.9%
30934,无问西东,16.5%,2768.34,22,14.6%,19.5%
30935,公牛历险记,7.4%,1248.59,18,7.8%,17.2%
30936,熊出没·变形记,7.1%,1197.09,29,4.7%,24.9%
30937,奇迹男孩,7.1%,1196.28,24,5.9%,23.2%
30938,勇敢者游戏：决战丛林,2.8%,479.27,16,3.2%,15.4%
30939,前任3：再见前任,2.4%,415.24,11,3.9%,12.6%
30940,24小时：末路重生,0.9%,162.01,5,4.3%,5.2%
30941,南极之恋,0.5%,87.66,63,0.1%,59.6%
30942,麦兵兵之夺宝联“萌”,0.5%,87.50,5,2.6%,4.7%
30943,阿里巴巴2所罗门封印,0.4%,71.21,107,<0.1%,79.7%
30944,芳华,0.2%,47.26,11,0.4%,14.5%
30945,S4侠降魔记,0.2%,45.75,5,1.1%,5.7%
30946,英雄本色2018,0.1%,30.98,5,0.7%,5.9%
30947,绝命时钟2:22,0.1%,29.27,3,1.3%,2.7%
30948,星球大战：最后的绝地武士,0.1%,24.54,19,0.1%,13.5%
30949,谜巢,0.1%,21.52,3,0.9%,3.1%
30950,一个人的课堂,<0.1%,10.79,43,<0.1%,47.3%
30951,小马宝莉大电影,<0.1%,7.36,151,<0.1%,100.0%
30952,二代妖精之今生有幸,<0.1%,4.51,7,<0.1%,9.4%
30953,小狗奶瓶,<0.1%,4.47,103,<0.1%,81.0%
30954,我是哪吒,<0.1%,4.28,2,0.2%,2.2%
30955,第一夫人,<0.1%,4.03,9,<0.1%,13.4%
30956,古镇画情,<0.1%,4.00,25,<0.1%,--
30957,解忧杂货店,<0.1%,3.72,25,<0.1%,54.9%
30958,妖猫传,<0.1%,3.32,10,<0.1%,17.0%
30959,盛世秧歌,<0.1%,2.47,21,<0.1%,--
30960,大雪冬至,<0.1%,2.29,4,<0.1%,3.7%
30961,太空救援,<0.1%,2.27,8,<0.1%,13.8%
30962,五度空间,<0.1%,2.18,2,0.1%,1.5%
30963,帕丁顿熊2,<0.1%,2.14,9,<0.1%,11.9%
30964,至爱梵高·星空之谜,<0.1%,2.09,14,<0.1%,13.5%
30965,大寒,<0.1%,1.70,47,<0.1%,57.9%
30966,妖铃铃,<0.1%,1.60,4,<0.1%,5.5%
30967,卧底巨星,<0.1%,1.18,5,<0.1%,8.6%
30968,柳毅奇缘,<0.1%,1.04,110,<0.1%,98.5%
30969,诡梦凶铃,<0.1%,1.01,114,<0.1%,80.0%
30970,神秘巨星,28.2%,2163.09,13,22.5%,9.5%
30971,移动迷宫3：死亡解药,25.7%,1974.43,9,25.5%,5.9%
30972,无问西东,17.5%,1341.33,11,16.1%,9.5%
30973,奇迹男孩,8.2%,628.49,12,7.2%,11.1%
30974,公牛历险记,7.1%,547.91,9,7.8%,8.5%
30975,前任3：再见前任,3.6%,279.58,8,4.3%,8.2%
30976,勇敢者游戏：决战丛林,3.6%,278.51,9,3.9%,8.1%
30977,24小时：末路重生,0.9%,72.57,3,4.0%,2.6%
30978,阿里巴巴2所罗门封印,0.6%,48.21,95,<0.1%,73.4%
30979,麦兵兵之夺宝联“萌”,0.4%,31.65,3,2.2%,2.2%
30980,S4侠降魔记,0.3%,28.30,4,0.9%,5.0%
30981,芳华,0.3%,25.79,6,0.5%,7.3%
30982,英雄本色2018,0.2%,20.97,3,0.8%,3.8%
30983,谜巢,0.2%,17.73,3,1.0%,2.5%
30984,绝命时钟2:22,0.1%,14.50,2,1.2%,1.7%
30985,南极之恋,0.1%,9.79,449,<0.1%,100.0%
30986,邹碧华,0.1%,8.05,59,<0.1%,54.2%
30987,星球大战：最后的绝地武士,<0.1%,6.81,6,0.1%,3.6%
30988,小猫巴克里,<0.1%,6.46,69,<0.1%,95.3%
30989,一个人的课堂,<0.1%,3.73,21,<0.1%,23.9%
30990,太空救援,<0.1%,3.62,6,<0.1%,10.3%
30991,卧底巨星,<0.1%,3.11,10,<0.1%,15.5%
30992,迷镇凶案,<0.1%,2.79,14,<0.1%,23.3%
30993,古镇画情,<0.1%,2.63,16,<0.1%,85.8%
30994,解忧杂货店,<0.1%,2.61,11,<0.1%,19.5%
30995,二代妖精之今生有幸,<0.1%,2.57,5,<0.1%,6.2%
30996,第一夫人,<0.1%,2.41,5,<0.1%,5.8%
30997,妖猫传,<0.1%,2.17,6,<0.1%,8.1%
30998,我是哪吒,<0.1%,2.00,2,0.1%,1.8%
30999,盛世秧歌,<0.1%,1.73,15,<0.1%,90.1%
31000,五度空间,<0.1%,1.40,2,0.1%,1.1%
31001,神秘巨星,28.8%,2099.63,13,22.8%,9.1%
31002,移动迷宫3：死亡解药,23.9%,1745.59,9,24.4%,5.6%
31003,无问西东,17.7%,1291.08,11,16.2%,9.1%
31004,奇迹男孩,8.8%,646.14,12,7.6%,10.8%
31005,公牛历险记,7.6%,553.83,9,8.0%,8.5%
31006,勇敢者游戏：决战丛林,3.7%,274.53,8,4.1%,7.8%
31007,前任3：再见前任,3.3%,246.45,7,4.1%,7.6%
31008,24小时：末路重生,0.8%,60.75,3,3.5%,2.5%
31009,阿里巴巴2所罗门封印,0.5%,40.15,108,<0.1%,77.2%
31010,S4侠降魔记,0.4%,29.94,5,0.9%,5.4%
31011,麦兵兵之夺宝联“萌”,0.4%,29.44,2,2.2%,2.1%
31012,芳华,0.3%,28.49,6,0.5%,7.5%
31013,英雄本色2018,0.3%,23.01,4,0.8%,3.9%
31014,谜巢,0.2%,15.95,2,0.9%,2.3%
31015,邹碧华,0.1%,12.89,58,<0.1%,64.3%
31016,绝命时钟2:22,0.1%,12.38,2,1.0%,1.7%
31017,星球大战：最后的绝地武士,0.1%,8.88,7,0.1%,4.9%
31018,迷镇凶案,<0.1%,4.69,19,<0.1%,24.8%
31019,梭哈人生,<0.1%,3.35,1,0.9%,0.5%
31020,一个人的课堂,<0.1%,3.16,26,<0.1%,30.6%
31021,坏爸爸,<0.1%,3.10,345,<0.1%,100.0%
31022,妖猫传,<0.1%,2.73,7,<0.1%,10.3%
31023,第一夫人,<0.1%,2.52,5,<0.1%,6.0%
31024,古镇画情,<0.1%,2.13,14,<0.1%,100%
31025,我是哪吒,<0.1%,1.95,2,0.1%,2.1%
31026,太空救援,<0.1%,1.75,4,<0.1%,5.6%
31027,卧底巨星,<0.1%,1.72,4,<0.1%,7.5%
31028,疯狂丑小鸭,<0.1%,1.61,142,<0.1%,96.8%
31029,盛世秧歌,<0.1%,1.50,15,<0.1%,--
31030,五度空间,<0.1%,1.39,2,0.1%,1.2%
31031,青春逗,<0.1%,1.06,142,<0.1%,100.0%
31032,神秘巨星,29.0%,2039.87,12,23.1%,8.7%
31033,移动迷宫3：死亡解药,22.9%,1609.53,8,23.9%,5.3%
31034,无问西东,17.5%,1234.08,10,16.3%,8.7%
31035,奇迹男孩,9.3%,653.50,12,8.0%,10.5%
31036,公牛历险记,8.0%,563.23,9,8.4%,8.3%
31037,勇敢者游戏：决战丛林,3.8%,267.24,8,4.2%,7.4%
31038,前任3：再见前任,3.5%,248.07,7,4.3%,7.3%
31039,24小时：末路重生,0.6%,49.13,3,3.2%,2.2%
31040,阿里巴巴2所罗门封印,0.6%,45.97,112,<0.1%,74.0%
31041,疯狂丑小鸭,0.5%,41.55,99,<0.1%,68.1%
31042,麦兵兵之夺宝联“萌”,0.4%,31.89,3,2.1%,2.3%
31043,S4侠降魔记,0.4%,30.83,5,0.8%,5.7%
31044,芳华,0.4%,29.00,6,0.6%,7.1%
31045,英雄本色2018,0.3%,22.15,4,0.8%,3.9%
31046,谜巢,0.2%,16.71,3,0.9%,2.8%
31047,邹碧华,0.1%,13.19,51,<0.1%,63.5%
31048,星球大战：最后的绝地武士,0.1%,13.11,11,0.1%,7.3%
31049,绝命时钟2:22,0.1%,11.71,2,0.9%,1.8%
31050,金龟子,<0.1%,6.55,290,<0.1%,87.7%
31051,马戏之王,<0.1%,5.92,7,<0.1%,3.5%
31052,卧底巨星,<0.1%,5.50,11,<0.1%,20.2%
31053,第一夫人,<0.1%,4.04,7,<0.1%,8.3%
31054,一个人的课堂,<0.1%,3.56,26,<0.1%,30.4%
31055,妖猫传,<0.1%,2.78,7,<0.1%,9.0%
31056,我是哪吒,<0.1%,1.66,2,0.1%,1.9%
31057,古镇画情,<0.1%,1.66,12,<0.1%,--
31058,太空救援,<0.1%,1.62,5,<0.1%,5.5%
31059,梭哈人生,<0.1%,1.62,1,0.3%,0.8%
31060,诡梦凶铃,<0.1%,1.60,118,<0.1%,92.3%
31061,南哥,<0.1%,1.54,120,<0.1%,70.1%
31062,盛世秧歌,<0.1%,1.52,13,<0.1%,--
31063,五度空间,<0.1%,1.30,2,0.1%,1.2%
31064,我的影子在奔跑,<0.1%,1.30,45,<0.1%,60.4%
31065,珍珠塔,<0.1%,1.08,310,<0.1%,--
31066,神秘巨星,22.9%,1789.29,13,18.0%,9.0%
31067,马戏之王,17.4%,1360.13,8,22.0%,5.5%
31068,移动迷宫3：死亡解药,14.7%,1148.38,9,15.2%,6.2%
31069,无问西东,12.1%,950.44,10,11.6%,8.8%
31070,南极之恋,11.8%,925.41,14,8.0%,12.0%
31071,邹碧华,8.9%,695.62,--,<0.1%,55.3%
31072,奇迹男孩,6.1%,482.39,11,5.5%,10.2%
31073,公牛历险记,5.5%,435.96,8,6.5%,7.8%
31074,前任3：再见前任,2.1%,169.31,7,2.7%,7.6%
31075,勇敢者游戏：决战丛林,1.9%,153.12,7,2.4%,7.1%
31076,时空偷渡少女,1.1%,91.50,8,1.2%,7.8%
31077,疯狂丑小鸭,0.5%,45.39,98,<0.1%,69.8%
31078,阿里巴巴2所罗门封印,0.4%,37.31,116,<0.1%,78.6%
31079,麦兵兵之夺宝联“萌”,0.3%,25.49,3,1.5%,2.6%
31080,芳华,0.2%,17.72,5,0.3%,7.2%
31081,S4侠降魔记,0.2%,17.58,4,0.5%,5.8%
31082,24小时：末路重生,0.1%,13.84,2,1.0%,1.8%
31083,毕业旅行笑翻天,0.1%,12.13,3,0.6%,3.0%
31084,英雄本色2018,0.1%,9.27,3,0.4%,3.4%
31085,星球大战：最后的绝地武士,0.1%,8.21,9,<0.1%,5.1%
31086,谜巢,<0.1%,6.36,2,0.5%,1.9%
31087,忌日快乐,<0.1%,3.95,10,<0.1%,8.6%
31088,绝命时钟2:22,<0.1%,3.70,2,0.3%,1.7%
31089,一个人的课堂,<0.1%,2.95,29,<0.1%,30.4%
31090,第一夫人,<0.1%,2.49,6,<0.1%,7.7%
31091,我和神马查干,<0.1%,2.15,17,<0.1%,--
31092,浪矢解忧杂货店,<0.1%,1.95,7,<0.1%,5.9%
31093,西游记女儿国,<0.1%,1.89,246,<0.1%,100.0%
31094,大寒,<0.1%,1.87,80,<0.1%,71.6%
31095,心灵的阳光,<0.1%,1.65,13,<0.1%,--
31096,妖猫传,<0.1%,1.61,7,<0.1%,10.2%
31097,南哥,<0.1%,1.34,109,<0.1%,100%
31098,我是哪吒,<0.1%,1.18,2,0.1%,2.2%
31099,金龟子,<0.1%,1.00,16,<0.1%,21.7%
31100,南极之恋,20.7%,2292.38,14,18.1%,10.8%
31101,神秘巨星,16.1%,1782.82,16,12.1%,11.2%
31102,马戏之王,10.2%,1131.40,9,14.4%,5.7%
31103,移动迷宫3：死亡解药,7.8%,870.23,11,7.6%,8.0%
31104,坏爸爸,7.6%,841.88,29,3.4%,42.3%
31105,无问西东,6.6%,736.56,13,5.8%,11.9%
31106,浪矢解忧杂货店,5.6%,626.82,8,9.4%,6.9%
31107,小马宝莉大电影,4.8%,540.88,11,5.7%,10.7%
31108,忌日快乐,4.5%,505.19,12,4.9%,11.2%
31109,金龟子,3.9%,436.54,16,3.0%,14.2%
31110,奇迹男孩,3.0%,332.52,16,2.2%,14.6%
31111,公牛历险记,1.7%,190.25,10,2.1%,9.3%
31112,狗狗的疯狂假期,1.4%,161.34,8,2.3%,7.5%
31113,勇敢者游戏：决战丛林,0.8%,93.15,10,0.9%,10.1%
31114,前任3：再见前任,0.8%,93.11,8,1.1%,9.0%
31115,阿里巴巴2所罗门封印,0.6%,67.31,143,<0.1%,84.2%
31116,莫斯科陷落,0.5%,55.49,3,2.5%,2.5%
31117,疯狂丑小鸭,0.4%,55.02,103,<0.1%,73.5%
31118,麦兵兵之夺宝联“萌”,0.3%,36.77,6,0.9%,5.9%
31119,小狗奶瓶,0.2%,29.87,5,0.7%,4.9%
31120,余额不足,0.1%,14.40,8,0.2%,9.3%
31121,盲·道,0.1%,13.43,5,0.3%,4.5%
31122,芳华,<0.1%,8.37,6,0.1%,7.8%
31123,星球大战：最后的绝地武士,<0.1%,6.96,12,<0.1%,6.1%
31124,S4侠降魔记,<0.1%,6.26,4,0.1%,6.4%
31125,时空偷渡少女,<0.1%,6.26,7,0.1%,8.2%
31126,一个人的课堂,<0.1%,3.47,59,<0.1%,77.2%
31127,第一夫人,<0.1%,3.14,23,<0.1%,34.1%
31128,英雄本色2018,<0.1%,3.08,3,0.1%,3.8%
31129,南哥,<0.1%,2.99,85,<0.1%,100%
31130,我和神马查干,<0.1%,2.57,17,<0.1%,97.1%
31131,大寒,<0.1%,2.44,59,<0.1%,50.8%
31132,谜巢,<0.1%,2.15,2,0.1%,2.1%
31133,24小时：末路重生,<0.1%,1.99,2,0.1%,2.6%
31134,心灵的阳光,<0.1%,1.80,16,<0.1%,--
31135,毕业旅行笑翻天,<0.1%,1.66,3,<0.1%,3.5%
31136,建军大业,<0.1%,1.52,507,<0.1%,80.2%
31137,红海行动,<0.1%,1.52,380,<0.1%,100.0%
31138,诡梦凶铃,<0.1%,1.49,122,<0.1%,66.5%
31139,绝命时钟2:22,<0.1%,1.03,4,<0.1%,5.6%
31140,神秘巨星,19.9%,2977.00,23,13.6%,16.0%
31141,南极之恋,16.3%,2446.63,15,16.8%,11.6%
31142,熊出没·变形记,10.2%,1530.16,17,9.3%,14.3%
31143,马戏之王,8.3%,1245.78,11,12.0%,7.0%
31144,移动迷宫3：死亡解药,8.2%,1233.17,15,7.5%,10.9%
31145,无问西东,7.6%,1136.57,18,6.2%,16.4%
31146,小马宝莉大电影,4.1%,617.11,15,4.4%,14.3%
31147,忌日快乐,3.9%,596.29,14,4.6%,13.1%
31148,奇迹男孩,3.9%,592.59,23,2.6%,21.1%
31149,浪矢解忧杂货店,3.9%,591.05,9,7.3%,8.0%
31150,金龟子,2.4%,365.26,12,3.2%,10.6%
31151,公牛历险记,2.4%,364.95,18,2.1%,16.7%
31152,坏爸爸,2.3%,355.44,30,1.3%,39.2%
31153,勇敢者游戏：决战丛林,1.1%,168.59,15,1.0%,14.3%
31154,前任3：再见前任,0.9%,136.16,9,1.4%,10.8%
31155,狗狗的疯狂假期,0.7%,113.15,9,1.4%,8.8%
31156,麦兵兵之夺宝联“萌”,0.5%,88.22,11,1.1%,12.0%
31157,阿里巴巴2所罗门封印,0.5%,77.41,136,<0.1%,82.5%
31158,疯狂丑小鸭,0.4%,63.01,120,<0.1%,82.5%
31159,莫斯科陷落,0.2%,31.89,4,1.0%,3.5%
31160,芳华,0.1%,20.82,11,0.1%,13.7%
31161,小狗奶瓶,0.1%,18.60,5,0.4%,5.0%
31162,星球大战：最后的绝地武士,0.1%,15.26,16,<0.1%,8.9%
31163,余额不足,<0.1%,6.10,9,<0.1%,12.7%
31164,一个人的课堂,<0.1%,5.95,51,<0.1%,56.9%
31165,S4侠降魔记,<0.1%,5.74,4,0.1%,6.0%
31166,时空偷渡少女,<0.1%,4.96,8,<0.1%,9.8%
31167,盲·道,<0.1%,4.64,3,0.2%,2.7%
31168,英雄本色2018,<0.1%,4.48,4,0.1%,5.5%
31169,心灵的阳光,<0.1%,4.10,34,<0.1%,--
31170,大寒,<0.1%,3.08,50,<0.1%,62.4%
31171,谜巢,<0.1%,2.57,2,0.1%,2.7%
31172,24小时：末路重生,<0.1%,2.06,3,<0.1%,3.6%
31173,诡梦凶铃,<0.1%,1.80,130,<0.1%,77.4%
31174,第一夫人,<0.1%,1.73,12,<0.1%,27.3%
31175,我的影子在奔跑,<0.1%,1.73,45,<0.1%,69.8%
31176,妖猫传,<0.1%,1.72,11,<0.1%,16.1%
31177,我和神马查干,<0.1%,1.70,34,<0.1%,--
31178,古镇画情,<0.1%,1.51,32,<0.1%,--
31179,盛世秧歌,<0.1%,1.19,27,<0.1%,--
31180,毕业旅行笑翻天,<0.1%,1.12,3,<0.1%,3.2%
31181,大雪冬至,<0.1%,1.08,22,<0.1%,26.2%
31182,绝命时钟2:22,<0.1%,1.06,4,<0.1%,5.7%
31183,神秘巨星,19.8%,2774.79,21,14.6%,14.0%
31184,南极之恋,17.0%,2382.05,15,16.5%,11.6%
31185,熊出没·变形记,12.3%,1732.91,18,10.0%,15.1%
31186,移动迷宫3：死亡解药,8.2%,1152.95,14,7.8%,10.0%
31187,无问西东,7.9%,1113.62,17,6.7%,15.5%
31188,马戏之王,7.5%,1059.29,10,10.7%,6.8%
31189,奇迹男孩,4.1%,584.56,21,2.9%,18.9%
31190,忌日快乐,3.9%,559.50,13,4.8%,12.0%
31191,小马宝莉大电影,3.8%,540.23,14,4.4%,12.6%
31192,浪矢解忧杂货店,3.2%,460.42,8,6.5%,7.1%
31193,公牛历险记,2.2%,318.13,15,2.2%,13.7%
31194,金龟子,2.0%,286.49,10,3.1%,9.0%
31195,坏爸爸,1.8%,255.25,29,1.0%,38.3%
31196,勇敢者游戏：决战丛林,1.2%,174.65,14,1.2%,13.3%
31197,前任3：再见前任,1.0%,141.55,9,1.5%,10.4%
31198,狗狗的疯狂假期,0.6%,93.76,8,1.2%,8.4%
31199,阿里巴巴2所罗门封印,0.5%,71.84,119,<0.1%,72.8%
31200,疯狂丑小鸭,0.4%,56.27,122,<0.1%,82.9%
31201,麦兵兵之夺宝联“萌”,0.3%,47.41,7,1.0%,7.4%
31202,莫斯科陷落,0.1%,25.32,3,0.8%,3.4%
31203,芳华,0.1%,21.80,11,0.1%,13.8%
31204,小狗奶瓶,0.1%,19.38,6,0.3%,5.9%
31205,星球大战：最后的绝地武士,<0.1%,12.29,13,<0.1%,7.0%
31206,一个人的课堂,<0.1%,6.81,45,<0.1%,49.5%
31207,S4侠降魔记,<0.1%,5.79,4,0.1%,6.0%
31208,余额不足,<0.1%,5.58,9,<0.1%,13.6%
31209,盲·道,<0.1%,5.51,3,0.2%,3.4%
31210,英雄本色2018,<0.1%,4.83,4,0.1%,5.6%
31211,第一夫人,<0.1%,3.74,20,<0.1%,32.5%
31212,大寒,<0.1%,3.17,45,<0.1%,59.8%
31213,西游记女儿国,<0.1%,3.13,196,<0.1%,--
31214,谜巢,<0.1%,2.72,2,0.1%,2.9%
31215,毕业旅行笑翻天,<0.1%,2.23,3,<0.1%,3.4%
31216,妖猫传,<0.1%,2.11,11,<0.1%,15.7%
31217,古镇画情,<0.1%,1.77,21,<0.1%,100%
31218,心灵的阳光,<0.1%,1.63,17,<0.1%,--
31219,24小时：末路重生,<0.1%,1.31,2,<0.1%,2.3%
31220,时空偷渡少女,<0.1%,1.21,3,<0.1%,3.1%
31221,盛世秧歌,<0.1%,1.16,27,<0.1%,100%
31222,大雪冬至,<0.1%,1.07,20,<0.1%,31.2%
31223,神秘巨星,20.9%,1469.95,11,16.8%,7.4%
31224,南极之恋,20.3%,1427.41,10,18.0%,7.1%
31225,移动迷宫3：死亡解药,9.4%,662.47,8,9.1%,5.8%
31226,无问西东,8.6%,608.83,9,8.1%,7.8%
31227,马戏之王,7.3%,517.66,6,10.6%,3.9%
31228,忌日快乐,5.9%,415.14,10,5.6%,8.8%
31229,奇迹男孩,4.1%,291.85,10,3.7%,8.7%
31230,小马宝莉大电影,4.0%,283.82,7,5.4%,6.3%
31231,坏爸爸,3.2%,230.52,29,1.0%,38.3%
31232,浪矢解忧杂货店,2.9%,209.65,5,6.1%,3.9%
31233,公牛历险记,2.6%,188.44,8,3.1%,6.9%
31234,金龟子,2.5%,181.93,7,3.5%,5.6%
31235,前任3：再见前任,1.5%,108.75,7,1.8%,7.0%
31236,勇敢者游戏：决战丛林,1.5%,106.16,8,1.5%,7.4%
31237,狗狗的疯狂假期,0.9%,64.87,6,1.5%,5.4%
31238,阿里巴巴2所罗门封印,0.6%,45.52,121,<0.1%,69.3%
31239,疯狂丑小鸭,0.5%,40.62,107,<0.1%,74.2%
31240,莫斯科陷落,0.2%,17.60,3,0.9%,2.5%
31241,芳华,0.2%,15.11,6,0.2%,7.3%
31242,泡芙小姐,0.2%,14.59,106,<0.1%,100%
31243,小狗奶瓶,0.1%,10.35,4,0.3%,4.1%
31244,麦兵兵之夺宝联“萌”,0.1%,9.49,5,0.2%,5.0%
31245,S4侠降魔记,<0.1%,6.60,4,0.2%,4.7%
31246,英雄本色2018,<0.1%,3.80,3,0.1%,3.8%
31247,盲·道,<0.1%,3.26,2,0.2%,2.1%
31248,一个人的课堂,<0.1%,2.92,28,<0.1%,36.2%
31249,谜巢,<0.1%,2.54,2,0.1%,2.3%
31250,时空偷渡少女,<0.1%,2.27,5,<0.1%,5.3%
31251,柳毅奇缘,<0.1%,1.86,208,<0.1%,100.0%
31252,余额不足,<0.1%,1.85,4,<0.1%,5.5%
31253,妖猫传,<0.1%,1.48,7,<0.1%,8.0%
31254,心灵的阳光,<0.1%,1.32,16,<0.1%,--
31255,24小时：末路重生,<0.1%,1.26,2,0.1%,1.7%
31256,第一夫人,<0.1%,1.00,6,<0.1%,10.1%
31257,神秘巨星,21.2%,1445.79,11,17.2%,7.1%
31258,南极之恋,20.3%,1384.76,9,18.2%,6.9%
31259,移动迷宫3：死亡解药,9.3%,638.87,8,9.1%,5.6%
31260,无问西东,8.8%,603.27,9,8.4%,7.6%
31261,马戏之王,7.5%,512.80,6,10.0%,4.1%
31262,忌日快乐,6.0%,410.97,9,5.9%,8.2%
31263,奇迹男孩,4.2%,292.12,10,3.8%,8.4%
31264,小马宝莉大电影,4.0%,272.55,7,5.4%,6.2%
31265,公牛历险记,2.7%,186.73,7,3.2%,6.7%
31266,坏爸爸,2.6%,179.55,28,0.8%,38.3%
31267,浪矢解忧杂货店,2.6%,177.58,4,5.5%,3.7%
31268,金龟子,2.4%,168.73,6,3.5%,5.3%
31269,勇敢者游戏：决战丛林,1.6%,112.58,8,1.6%,7.3%
31270,前任3：再见前任,1.6%,110.20,6,2.0%,6.6%
31271,狗狗的疯狂假期,0.9%,62.37,5,1.5%,5.2%
31272,阿里巴巴2所罗门封印,0.6%,42.08,108,<0.1%,79.4%
31273,人怕出名猪怕壮,0.5%,38.74,82,<0.1%,76.8%
31274,疯狂丑小鸭,0.5%,35.29,107,<0.1%,83.4%
31275,莫斯科陷落,0.2%,15.38,3,0.8%,2.4%
31276,芳华,0.1%,12.51,5,0.2%,6.0%
31277,小狗奶瓶,0.1%,8.65,4,0.2%,3.7%
31278,S4侠降魔记,<0.1%,5.80,4,0.2%,4.2%
31279,麦兵兵之夺宝联“萌”,<0.1%,3.84,3,0.2%,3.1%
31280,盲·道,<0.1%,3.79,4,0.1%,4.1%
31281,谜巢,<0.1%,2.67,2,0.1%,2.8%
31282,英雄本色2018,<0.1%,2.37,2,0.1%,2.6%
31283,一个人的课堂,<0.1%,2.36,20,<0.1%,22.2%
31284,毕业旅行笑翻天,<0.1%,1.77,3,<0.1%,3.8%
31285,南哥,<0.1%,1.67,102,<0.1%,100%
31286,时空偷渡少女,<0.1%,1.62,4,<0.1%,4.1%
31287,余额不足,<0.1%,1.59,4,<0.1%,4.9%
31288,卧底巨星,<0.1%,1.46,9,<0.1%,12.6%
31289,妖猫传,<0.1%,1.45,6,<0.1%,7.1%
31290,24小时：末路重生,<0.1%,1.17,2,0.1%,1.8%
31291,我们诞生在中国,<0.1%,1.07,359,<0.1%,56.8%
31292,心灵的阳光,<0.1%,1.06,12,<0.1%,--
31293,诡梦凶铃,<0.1%,1.05,176,<0.1%,69.1%
31294,神秘巨星,21.3%,1432.16,11,17.4%,7.0%
31295,南极之恋,20.6%,1387.63,9,18.2%,6.8%
31296,移动迷宫3：死亡解药,9.3%,631.10,8,9.3%,5.4%
31297,无问西东,8.8%,591.61,9,8.5%,7.3%
31298,马戏之王,7.2%,484.37,6,9.5%,4.1%
31299,忌日快乐,6.1%,411.08,9,6.1%,7.9%
31300,奇迹男孩,4.3%,292.05,10,3.9%,8.3%
31301,小马宝莉大电影,3.7%,253.20,7,5.3%,5.8%
31302,公牛历险记,2.7%,182.58,7,3.3%,6.2%
31303,金龟子,2.3%,159.67,6,3.5%,5.0%
31304,浪矢解忧杂货店,2.3%,157.67,4,5.0%,3.5%
31305,坏爸爸,2.2%,152.35,26,0.7%,37.4%
31306,勇敢者游戏：决战丛林,1.8%,121.26,8,1.7%,7.4%
31307,前任3：再见前任,1.7%,116.69,6,2.1%,6.6%
31308,狗狗的疯狂假期,0.9%,62.55,5,1.5%,5.2%
31309,太空熊猫英雄归来,0.8%,55.61,133,<0.1%,81.1%
31310,人怕出名猪怕壮,0.6%,46.28,77,<0.1%,78.1%
31311,整形师·脸,0.4%,33.53,113,<0.1%,76.7%
31312,莫斯科陷落,0.2%,15.23,3,0.8%,2.5%
31313,芳华,0.1%,12.30,5,0.2%,5.6%
31314,小狗奶瓶,0.1%,8.61,4,0.3%,3.5%
31315,S4侠降魔记,<0.1%,5.86,4,0.2%,4.4%
31316,麦兵兵之夺宝联“萌”,<0.1%,4.66,3,0.2%,3.5%
31317,时空偷渡少女,<0.1%,4.08,6,<0.1%,7.4%
31318,卧底巨星,<0.1%,2.85,19,<0.1%,28.5%
31319,盲·道,<0.1%,2.30,3,0.1%,2.7%
31320,谜巢,<0.1%,2.21,2,0.1%,2.2%
31321,一个人的课堂,<0.1%,2.21,19,<0.1%,23.1%
31322,梭哈人生,<0.1%,2.05,60,<0.1%,100%
31323,24小时：末路重生,<0.1%,1.94,2,0.1%,2.5%
31324,英雄本色2018,<0.1%,1.94,2,0.1%,2.3%
31325,余额不足,<0.1%,1.51,4,<0.1%,5.3%
31326,妖猫传,<0.1%,1.30,5,<0.1%,5.4%
31327,南哥,<0.1%,1.07,73,<0.1%,75.0%
31328,绝命时钟2:22,<0.1%,1.02,4,<0.1%,4.3%
31329,神秘巨星,21.9%,1461.49,11,17.5%,7.0%
31330,南极之恋,20.3%,1359.28,9,18.3%,6.6%
31331,移动迷宫3：死亡解药,9.5%,638.28,8,9.4%,5.4%
31332,无问西东,9.0%,606.41,9,8.6%,7.5%
31333,马戏之王,7.0%,467.72,6,9.2%,4.1%
31334,忌日快乐,6.1%,411.63,9,6.3%,7.7%
31335,奇迹男孩,4.4%,294.51,10,3.9%,8.3%
31336,小马宝莉大电影,3.5%,237.77,6,5.3%,5.4%
31337,公牛历险记,2.7%,184.70,7,3.3%,6.2%
31338,金龟子,2.3%,155.29,6,3.5%,4.9%
31339,浪矢解忧杂货店,2.1%,143.48,4,4.6%,3.5%
31340,勇敢者游戏：决战丛林,1.9%,128.68,8,1.7%,7.6%
31341,前任3：再见前任,1.8%,123.85,6,2.2%,6.7%
31342,坏爸爸,1.7%,117.68,24,0.6%,36.0%
31343,狗狗的疯狂假期,0.9%,64.66,5,1.5%,5.3%
31344,太空熊猫英雄归来,0.7%,50.23,127,<0.1%,72.7%
31345,人怕出名猪怕壮,0.6%,44.15,79,<0.1%,83.1%
31346,整形师·脸,0.5%,36.07,100,<0.1%,70.3%
31347,芳华,0.2%,13.83,5,0.2%,6.0%
31348,莫斯科陷落,0.2%,13.72,3,0.7%,2.3%
31349,小狗奶瓶,0.1%,8.38,4,0.3%,3.4%
31350,S4侠降魔记,0.1%,7.22,4,0.2%,5.3%
31351,麦兵兵之夺宝联“萌”,<0.1%,3.95,3,0.1%,3.2%
31352,绝命时钟2:22,<0.1%,2.87,8,<0.1%,11.1%
31353,24小时：末路重生,<0.1%,2.76,3,0.1%,3.8%
31354,盲·道,<0.1%,2.72,3,0.1%,2.9%
31355,天籁梦想,<0.1%,2.43,64,<0.1%,100%
31356,英雄本色2018,<0.1%,2.34,3,0.1%,3.1%
31357,谜巢,<0.1%,2.27,2,0.1%,2.4%
31358,泡芙小姐,<0.1%,2.16,7,<0.1%,6.3%
31359,一个人的课堂,<0.1%,1.71,15,<0.1%,14.8%
31360,妖猫传,<0.1%,1.41,5,<0.1%,6.0%
31361,南哥,<0.1%,1.19,78,<0.1%,100%
31362,余额不足,<0.1%,1.17,4,<0.1%,4.3%
31363,时空偷渡少女,<0.1%,1.04,3,<0.1%,3.8%
31364,盛世秧歌,<0.1%,1.04,14,<0.1%,100%
31365,神秘巨星,21.5%,1624.35,12,16.2%,7.8%
31366,南极之恋,17.8%,1340.25,10,15.4%,7.3%
31367,移动迷宫3：死亡解药,8.8%,664.53,9,7.9%,6.1%
31368,泡芙小姐,8.3%,627.10,5,17.6%,3.7%
31369,无问西东,8.3%,625.24,10,7.1%,8.7%
31370,马戏之王,6.3%,481.12,8,6.1%,5.6%
31371,忌日快乐,5.6%,427.60,10,5.0%,9.2%
31372,奇迹男孩,4.2%,317.29,11,3.2%,10.0%
31373,小马宝莉大电影,3.0%,229.74,7,4.5%,6.0%
31374,公牛历险记,2.6%,201.10,8,3.0%,7.2%
31375,金龟子,2.0%,150.87,6,2.8%,5.6%
31376,勇敢者游戏：决战丛林,1.7%,132.22,10,1.4%,8.9%
31377,前任3：再见前任,1.4%,107.56,7,1.6%,7.4%
31378,浪矢解忧杂货店,1.2%,90.88,5,2.0%,4.9%
31379,太空熊猫英雄归来,1.0%,81.50,146,<0.1%,82.6%
31380,整形师·脸,0.8%,61.16,116,<0.1%,75.3%
31381,狗狗的疯狂假期,0.7%,58.55,6,1.2%,6.0%
31382,坏爸爸,0.6%,46.46,25,0.2%,32.9%
31383,人怕出名猪怕壮,0.6%,45.25,76,<0.1%,78.5%
31384,芳华,0.1%,13.48,6,0.2%,7.3%
31385,疯狂熊孩子,0.1%,10.81,6,0.2%,6.4%
31386,莫斯科陷落,0.1%,10.06,3,0.4%,3.4%
31387,大导归来,0.1%,9.49,2,0.6%,1.7%
31388,无迹可寻,0.1%,8.84,2,0.6%,1.9%
31389,小狗奶瓶,<0.1%,5.98,4,0.1%,4.0%
31390,S4侠降魔记,<0.1%,5.62,4,0.1%,5.0%
31391,纯洁心灵·逐梦演艺圈,<0.1%,2.52,1,0.4%,0.9%
31392,麦兵兵之夺宝联“萌”,<0.1%,2.49,3,0.1%,2.8%
31393,大寒,<0.1%,2.42,44,<0.1%,35.4%
31394,南哥,<0.1%,2.26,74,<0.1%,98.5%
31395,英雄本色2018,<0.1%,1.80,2,<0.1%,2.8%
31396,谜巢,<0.1%,1.75,2,0.1%,2.4%
31397,一个人的课堂,<0.1%,1.66,20,<0.1%,23.9%
31398,盲·道,<0.1%,1.63,3,<0.1%,3.8%
31399,24小时：末路重生,<0.1%,1.62,4,<0.1%,4.6%
31400,绝命时钟2:22,<0.1%,1.29,6,<0.1%,10.5%
31401,太空救援,<0.1%,1.24,9,<0.1%,10.3%
31402,心灵的阳光,<0.1%,1.16,17,<0.1%,--
31403,妖猫传,<0.1%,1.14,5,<0.1%,6.7%
31404,柳毅奇缘,<0.1%,1.08,120,<0.1%,34.1%
31405,神秘巨星,22.7%,2173.47,15,16.8%,9.4%
31406,南极之恋,17.4%,1663.37,12,15.5%,8.6%
31407,移动迷宫3：死亡解药,9.0%,860.86,10,8.2%,7.2%
31408,无问西东,8.6%,827.64,12,7.4%,10.5%
31409,马戏之王,6.9%,661.01,11,5.9%,7.4%
31410,忌日快乐,5.3%,512.02,11,5.1%,10.1%
31411,奇迹男孩,5.0%,481.19,15,3.5%,13.4%
31412,小马宝莉大电影,4.4%,429.20,10,5.1%,9.1%
31413,泡芙小姐,4.3%,416.81,4,13.2%,3.2%
31414,公牛历险记,3.6%,351.98,11,3.5%,10.0%
31415,金龟子,2.4%,232.34,8,3.1%,7.4%
31416,勇敢者游戏：决战丛林,1.9%,183.07,12,1.5%,10.7%
31417,前任3：再见前任,1.3%,129.82,7,1.8%,7.9%
31418,浪矢解忧杂货店,1.2%,114.93,7,1.8%,6.5%
31419,狗狗的疯狂假期,0.9%,94.78,8,1.3%,8.0%
31420,太空熊猫英雄归来,0.6%,63.28,137,<0.1%,76.4%
31421,整形师·脸,0.6%,58.02,120,<0.1%,81.7%
31422,人怕出名猪怕壮,0.3%,35.92,66,<0.1%,65.7%
31423,龙凤斗,0.3%,31.27,3,1.7%,2.2%
31424,坏爸爸,0.2%,27.93,8,0.4%,9.8%
31425,芳华,0.2%,20.60,8,0.2%,8.8%
31426,小狗奶瓶,0.1%,11.30,6,0.1%,6.5%
31427,莫斯科陷落,0.1%,11.21,3,0.3%,3.7%
31428,疯狂熊孩子,<0.1%,6.16,5,0.1%,4.8%
31429,大导归来,<0.1%,5.94,3,0.3%,2.8%
31430,S4侠降魔记,<0.1%,5.31,4,0.1%,5.2%
31431,熊出没·变形记,<0.1%,4.30,93,<0.1%,100%
31432,无迹可寻,<0.1%,4.00,2,0.3%,1.7%
31433,大寒,<0.1%,3.95,65,<0.1%,41.5%
31434,时空偷渡少女,<0.1%,3.65,16,<0.1%,13.9%
31435,一个人的课堂,<0.1%,3.40,35,<0.1%,40.2%
31436,麦兵兵之夺宝联“萌”,<0.1%,2.46,3,0.1%,3.1%
31437,纯洁心灵·逐梦演艺圈,<0.1%,2.25,2,0.2%,1.6%
31438,盲·道,<0.1%,1.98,4,<0.1%,4.0%
31439,24小时：末路重生,<0.1%,1.92,4,<0.1%,6.4%
31440,谜巢,<0.1%,1.78,2,0.1%,2.6%
31441,妖猫传,<0.1%,1.70,7,<0.1%,8.0%
31442,英雄本色2018,<0.1%,1.69,3,<0.1%,3.7%
31443,心灵的阳光,<0.1%,1.60,19,<0.1%,--
31444,神秘巨星,22.6%,1684.62,11,17.3%,7.3%
31445,南极之恋,18.0%,1344.45,9,16.0%,6.9%
31446,移动迷宫3：死亡解药,9.4%,702.98,9,8.5%,5.9%
31447,无问西东,8.7%,653.74,10,7.7%,8.2%
31448,马戏之王,6.2%,463.25,8,6.0%,5.3%
31449,忌日快乐,5.9%,443.02,10,5.4%,8.5%
31450,奇迹男孩,4.7%,354.26,11,3.8%,9.4%
31451,小马宝莉大电影,3.9%,292.74,7,5.2%,6.3%
31452,泡芙小姐,3.6%,273.68,3,11.0%,2.6%
31453,公牛历险记,3.5%,263.16,8,3.6%,7.4%
31454,金龟子,2.3%,172.12,6,3.2%,5.4%
31455,勇敢者游戏：决战丛林,2.0%,149.08,10,1.6%,8.5%
31456,前任3：再见前任,1.6%,123.62,7,1.8%,7.2%
31457,浪矢解忧杂货店,1.0%,78.84,5,1.7%,4.7%
31458,狗狗的疯狂假期,0.9%,73.60,6,1.4%,6.2%
31459,太空熊猫英雄归来,0.8%,59.73,146,<0.1%,81.4%
31460,整形师·脸,0.7%,52.91,111,<0.1%,77.5%
31461,人怕出名猪怕壮,0.5%,43.33,75,<0.1%,80.6%
31462,坏爸爸,0.3%,24.19,7,0.4%,7.9%
31463,龙凤斗,0.2%,18.74,2,1.3%,1.7%
31464,芳华,0.2%,16.82,7,0.2%,7.0%
31465,莫斯科陷落,0.1%,9.37,3,0.3%,2.9%
31466,小狗奶瓶,<0.1%,7.16,4,0.2%,4.2%
31467,S4侠降魔记,<0.1%,5.51,4,0.1%,4.5%
31468,疯狂熊孩子,<0.1%,4.49,4,0.1%,3.8%
31469,大导归来,<0.1%,3.21,2,0.2%,1.9%
31470,麦兵兵之夺宝联“萌”,<0.1%,2.79,3,0.1%,3.2%
31471,无迹可寻,<0.1%,2.74,2,0.3%,1.4%
31472,梭哈人生,<0.1%,2.27,50,<0.1%,100%
31473,大寒,<0.1%,2.08,41,<0.1%,33.6%
31474,妖猫传,<0.1%,1.83,6,<0.1%,7.7%
31475,英雄本色2018,<0.1%,1.56,2,<0.1%,3.0%
31476,谜巢,<0.1%,1.40,2,0.1%,1.9%
31477,熊出没·变形记,<0.1%,1.40,126,<0.1%,100%
31478,盲·道,<0.1%,1.26,3,<0.1%,3.5%
31479,盛世秧歌,<0.1%,1.20,19,<0.1%,--
31480,柳毅奇缘,<0.1%,1.10,48,<0.1%,24.2%
31481,南哥,<0.1%,1.09,194,<0.1%,100%
31482,神秘巨星,23.6%,1567.78,11,18.1%,7.0%
31483,南极之恋,18.3%,1215.68,9,16.8%,6.4%
31484,移动迷宫3：死亡解药,10.5%,697.28,8,9.2%,5.8%
31485,无问西东,9.0%,601.80,9,7.9%,7.8%
31486,忌日快乐,6.3%,422.30,9,5.8%,8.1%
31487,马戏之王,6.3%,421.05,8,6.3%,5.0%
31488,奇迹男孩,4.9%,328.64,10,4.1%,8.5%
31489,公牛历险记,3.6%,239.93,8,3.7%,6.9%
31490,小马宝莉大电影,3.6%,238.49,6,5.0%,5.6%
31491,泡芙小姐,2.9%,196.44,3,9.2%,2.4%
31492,金龟子,1.9%,132.09,5,3.1%,4.5%
31493,前任3：再见前任,1.9%,129.79,7,2.2%,6.6%
31494,浪矢解忧杂货店,1.0%,68.97,5,1.8%,4.3%
31495,狗狗的疯狂假期,0.9%,61.65,6,1.3%,5.9%
31496,人怕出名猪怕壮,0.6%,42.12,76,<0.1%,68.2%
31497,太空熊猫英雄归来,0.6%,40.73,136,<0.1%,79.8%
31498,整形师·脸,0.5%,36.82,111,<0.1%,75.9%
31499,坏爸爸,0.4%,27.50,7,0.5%,8.4%
31500,芳华,0.2%,17.29,6,0.3%,6.4%
31501,龙凤斗,0.1%,12.72,2,1.0%,1.5%
31502,莫斯科陷落,0.1%,8.73,3,0.4%,2.8%
31503,小狗奶瓶,0.1%,6.66,4,0.2%,4.0%
31504,S4侠降魔记,<0.1%,6.32,4,0.1%,4.8%
31505,无迹可寻,<0.1%,2.65,2,0.2%,1.7%
31506,谜巢,<0.1%,2.47,2,0.1%,2.5%
31507,妖猫传,<0.1%,2.21,7,<0.1%,8.8%
31508,大导归来,<0.1%,1.98,2,0.2%,1.5%
31509,时空偷渡少女,<0.1%,1.96,11,<0.1%,11.4%
31510,疯狂熊孩子,<0.1%,1.92,3,0.1%,2.5%
31511,英雄本色2018,<0.1%,1.86,3,<0.1%,2.8%
31512,麦兵兵之夺宝联“萌”,<0.1%,1.85,2,0.1%,2.2%
31513,24小时：末路重生,<0.1%,1.82,3,<0.1%,3.9%
31514,诡梦凶铃,<0.1%,1.60,267,<0.1%,83.3%
31515,盲·道,<0.1%,1.39,3,<0.1%,3.9%
31516,勇敢者游戏：决战丛林,<0.1%,1.27,2,0.1%,2.7%
31517,神秘巨星,24.0%,1600.91,11,18.5%,7.0%
31518,南极之恋,18.4%,1225.20,8,17.1%,6.3%
31519,移动迷宫3：死亡解药,10.8%,718.35,8,9.5%,5.8%
31520,无问西东,8.7%,583.99,10,7.5%,8.0%
31521,忌日快乐,6.4%,430.90,9,6.0%,8.0%
31522,马戏之王,6.4%,427.67,8,6.4%,5.0%
31523,奇迹男孩,5.0%,335.04,10,4.2%,8.5%
31524,公牛历险记,3.6%,245.47,8,3.8%,6.9%
31525,小马宝莉大电影,3.5%,233.01,6,5.1%,5.4%
31526,泡芙小姐,2.5%,172.80,3,8.6%,2.2%
31527,前任3：再见前任,2.0%,135.59,6,2.3%,6.5%
31528,金龟子,1.9%,127.38,5,3.1%,4.4%
31529,浪矢解忧杂货店,1.0%,69.30,5,1.8%,4.3%
31530,狗狗的疯狂假期,0.9%,61.90,6,1.3%,5.6%
31531,太空熊猫英雄归来,0.6%,42.57,135,<0.1%,74.8%
31532,人怕出名猪怕壮,0.6%,40.94,78,<0.1%,86.0%
31533,整形师·脸,0.5%,34.43,103,<0.1%,75.8%
31534,坏爸爸,0.3%,20.95,16,0.1%,21.5%
31535,芳华,0.3%,20.28,6,0.3%,6.9%
31536,龙凤斗,0.1%,11.05,2,1.0%,1.3%
31537,莫斯科陷落,0.1%,9.74,3,0.4%,2.9%
31538,小狗奶瓶,<0.1%,6.62,4,0.2%,4.0%
31539,时空偷渡少女,<0.1%,5.99,22,<0.1%,23.3%
31540,S4侠降魔记,<0.1%,5.96,4,0.1%,4.8%
31541,谜巢,<0.1%,2.81,2,0.1%,2.9%
31542,英雄本色2018,<0.1%,2.62,3,0.1%,3.4%
31543,第一夫人,<0.1%,2.29,23,<0.1%,30.6%
31544,无迹可寻,<0.1%,1.89,2,0.2%,1.4%
31545,麦兵兵之夺宝联“萌”,<0.1%,1.79,3,0.1%,2.5%
31546,疯狂熊孩子,<0.1%,1.72,2,0.1%,2.1%
31547,妖猫传,<0.1%,1.70,6,<0.1%,6.9%
31548,大导归来,<0.1%,1.68,2,0.1%,1.4%
31549,24小时：末路重生,<0.1%,1.17,2,<0.1%,2.5%
31550,心灵的阳光,<0.1%,1.13,14,<0.1%,--
31551,柳毅奇缘,<0.1%,1.02,67,<0.1%,31.6%
31552,太空救援,<0.1%,1.02,5,<0.1%,5.4%
31553,西游记女儿国,68.1%,17926.90,42,37.8%,29.1%
31554,南极之恋,9.5%,2524.99,18,14.7%,15.7%
31555,神秘巨星,7.8%,2056.97,19,11.7%,15.7%
31556,无问西东,2.5%,669.47,17,4.2%,15.8%
31557,移动迷宫3：死亡解药,2.5%,667.42,13,4.7%,9.9%
31558,马戏之王,1.8%,488.29,13,3.4%,8.3%
31559,忌日快乐,1.6%,431.19,15,3.3%,14.6%
31560,奇迹男孩,1.0%,283.30,14,2.2%,13.2%
31561,前任3：再见前任,0.9%,260.19,11,2.3%,11.5%
31562,小马宝莉大电影,0.7%,197.62,8,3.0%,7.1%
31563,公牛历险记,0.7%,197.47,10,2.1%,9.5%
31564,泡芙小姐,0.6%,163.24,5,4.1%,4.6%
31565,金龟子,0.3%,89.06,6,1.8%,5.0%
31566,浪矢解忧杂货店,0.2%,54.40,9,0.6%,8.5%
31567,狗狗的疯狂假期,0.1%,46.51,7,0.8%,6.9%
31568,太空熊猫英雄归来,0.1%,43.14,119,<0.1%,77.3%
31569,整形师·脸,0.1%,34.36,104,<0.1%,79.0%
31570,芳华,<0.1%,23.13,11,0.2%,12.4%
31571,龙凤斗,<0.1%,12.82,3,0.5%,2.6%
31572,人怕出名猪怕壮,<0.1%,11.80,52,<0.1%,54.0%
31573,爱在记忆消逝前,<0.1%,8.44,26,<0.1%,20.4%
31574,S4侠降魔记,<0.1%,6.41,7,0.1%,8.0%
31575,坏爸爸,<0.1%,6.39,15,<0.1%,22.2%
31576,诡梦凶铃,<0.1%,6.21,120,<0.1%,100.0%
31577,小狗奶瓶,<0.1%,5.85,6,0.1%,6.1%
31578,时空偷渡少女,<0.1%,5.81,34,<0.1%,37.6%
31579,莫斯科陷落,<0.1%,4.91,3,0.1%,4.0%
31580,我和神马查干,<0.1%,3.64,52,<0.1%,--
31581,爱情的单程列车,<0.1%,3.56,2,0.3%,1.4%
31582,心灵的阳光,<0.1%,2.91,37,<0.1%,--
31583,古镇画情,<0.1%,2.60,44,<0.1%,--
31584,盛世秧歌,<0.1%,2.35,68,<0.1%,--
31585,毕业那年,<0.1%,2.33,30,<0.1%,--
31586,守信少年,<0.1%,2.30,192,<0.1%,100.0%
31587,谜巢,<0.1%,2.20,3,<0.1%,5.6%
31588,英雄本色2018,<0.1%,2.17,4,<0.1%,6.4%
31589,小萝莉的猴神大叔,<0.1%,1.89,31,<0.1%,27.9%
31590,无迹可寻,<0.1%,1.85,2,0.1%,3.1%
31591,大雪冬至,<0.1%,1.50,43,<0.1%,98.8%
31592,妖猫传,<0.1%,1.40,6,<0.1%,9.2%
31593,麦兵兵之夺宝联“萌”,<0.1%,1.05,2,<0.1%,2.3%
31594,西游记女儿国,20.0%,658.19,42,2.9%,31.7%
31595,神秘巨星,16.8%,552.57,8,18.0%,5.1%
31596,南极之恋,11.3%,374.28,5,17.4%,3.9%
31597,移动迷宫3：死亡解药,8.2%,271.20,7,8.9%,4.7%
31598,祖宗十九代,6.2%,206.23,28,1.4%,23.0%
31599,无问西东,6.2%,205.56,7,7.5%,5.7%
31600,马戏之王,4.8%,159.43,6,6.3%,3.7%
31601,小马宝莉大电影,4.2%,141.22,7,5.6%,5.7%
31602,奇迹男孩,3.7%,124.22,7,4.3%,6.1%
31603,忌日快乐,3.3%,111.04,6,4.7%,5.3%
31604,公牛历险记,3.2%,106.58,6,4.1%,5.7%
31605,金龟子,1.8%,60.81,5,3.3%,3.8%
31606,前任3：再见前任,1.5%,51.07,5,2.5%,4.8%
31607,泡芙小姐,1.3%,45.00,3,5.6%,2.0%
31608,太空熊猫英雄归来,1.2%,41.54,140,<0.1%,77.4%
31609,整形师·脸,0.9%,31.88,104,<0.1%,69.3%
31610,狗狗的疯狂假期,0.8%,26.33,5,1.3%,5.0%
31611,浪矢解忧杂货店,0.5%,18.86,4,1.3%,3.2%
31612,芳华,0.3%,11.52,7,0.3%,8.4%
31613,坏爸爸,0.2%,8.63,18,0.1%,30.1%
31614,时空偷渡少女,0.1%,4.91,26,<0.1%,31.7%
31615,熊出没·变形记,0.1%,3.77,5,0.1%,4.4%
31616,龙凤斗,0.1%,3.51,2,0.6%,1.6%
31617,莫斯科陷落,<0.1%,2.53,2,0.3%,2.4%
31618,小狗奶瓶,<0.1%,2.32,3,0.1%,3.6%
31619,唐人街探案2,<0.1%,1.98,7,<0.1%,17.3%
31620,人怕出名猪怕壮,<0.1%,1.25,8,<0.1%,6.9%
31621,谜巢,<0.1%,1.14,2,0.1%,3.9%
31622,捉妖记2,42.8%,54685.77,102,35.6%,70.6%
31623,唐人街探案2,26.6%,34076.31,88,25.1%,75.2%
31624,西游记女儿国,12.8%,16426.56,63,16.5%,60.5%
31625,红海行动,10.1%,12951.07,69,11.4%,70.1%
31626,熊出没·变形记,5.9%,7612.80,68,7.7%,68.9%
31627,祖宗十九代,1.3%,1742.25,40,2.9%,49.5%
31628,我和神马查干,<0.1%,27.96,197,<0.1%,100%
31629,守信少年,<0.1%,25.51,110,<0.1%,78.9%
31630,疯狂丑小鸭,<0.1%,24.60,96,<0.1%,77.2%
31631,盛世秧歌,<0.1%,21.74,195,<0.1%,100%
31632,古镇画情,<0.1%,20.57,248,<0.1%,100%
31633,诡梦凶铃,<0.1%,19.55,129,<0.1%,100%
31634,毕业那年,<0.1%,17.48,157,<0.1%,--
31635,心灵的阳光,<0.1%,17.34,200,<0.1%,--
31636,太空熊猫英雄归来,<0.1%,11.78,90,<0.1%,65.6%
31637,神秘巨星,<0.1%,10.78,32,<0.1%,54.8%
31638,小马宝莉大电影,<0.1%,7.62,24,<0.1%,27.7%
31639,坏爸爸,<0.1%,7.59,86,<0.1%,100%
31640,马戏之王,<0.1%,6.65,41,<0.1%,59.4%
31641,无问西东,<0.1%,3.83,26,<0.1%,50.4%
31642,移动迷宫3：死亡解药,<0.1%,3.08,16,<0.1%,29.9%
31643,奇迹男孩,<0.1%,2.39,29,<0.1%,56.0%
31644,无迹可寻,<0.1%,2.30,6,<0.1%,19.2%
31645,公牛历险记,<0.1%,2.21,11,<0.1%,20.1%
31646,芳华,<0.1%,1.92,29,<0.1%,41.4%
31647,金龟子,<0.1%,1.69,7,<0.1%,7.9%
31648,南极之恋,<0.1%,1.37,8,<0.1%,23.9%
31649,捉妖记2,36.2%,37251.04,76,33.1%,50.4%
31650,唐人街探案2,31.7%,32625.18,81,26.4%,67.8%
31651,红海行动,14.3%,14797.40,69,13.7%,66.3%
31652,西游记女儿国,9.1%,9419.66,44,13.9%,45.4%
31653,熊出没·变形记,6.6%,6801.61,53,9.1%,53.3%
31654,祖宗十九代,1.5%,1604.77,36,3.2%,42.2%
31655,守信少年,<0.1%,33.20,116,<0.1%,77.1%
31656,疯狂丑小鸭,<0.1%,25.73,110,<0.1%,90.7%
31657,毕业那年,<0.1%,21.30,224,<0.1%,--
31658,诡梦凶铃,<0.1%,21.14,111,<0.1%,100%
31659,盛世秧歌,<0.1%,18.31,219,<0.1%,100%
31660,神秘巨星,<0.1%,18.27,30,<0.1%,49.4%
31661,心灵的阳光,<0.1%,17.32,184,<0.1%,100%
31662,我和神马查干,<0.1%,17.01,381,<0.1%,100%
31663,古镇画情,<0.1%,15.84,161,<0.1%,100%
31664,小马宝莉大电影,<0.1%,15.60,31,<0.1%,36.2%
31665,太空熊猫英雄归来,<0.1%,15.03,87,<0.1%,70.9%
31666,坏爸爸,<0.1%,10.64,98,<0.1%,100%
31667,马戏之王,<0.1%,10.57,37,<0.1%,42.1%
31668,奇迹男孩,<0.1%,9.15,34,<0.1%,34.4%
31669,无问西东,<0.1%,7.75,33,<0.1%,47.7%
31670,芳华,<0.1%,4.63,28,<0.1%,39.7%
31671,公牛历险记,<0.1%,3.21,15,<0.1%,25.6%
31672,移动迷宫3：死亡解药,<0.1%,2.94,17,<0.1%,29.4%
31673,南极之恋,<0.1%,2.28,15,<0.1%,23.4%
31674,珍珠塔,<0.1%,1.81,519,<0.1%,--
31675,青蛙总动员,<0.1%,1.67,187,<0.1%,100%
31676,金龟子,<0.1%,1.40,7,<0.1%,5.8%
31677,时空终点,<0.1%,1.39,187,<0.1%,100%
31678,忌日快乐,<0.1%,1.20,11,<0.1%,16.4%
31679,无迹可寻,<0.1%,1.05,3,<0.1%,6.8%
31680,唐人街探案2,34.3%,32344.12,75,28.5%,60.5%
31681,捉妖记2,30.2%,28509.38,65,30.6%,44.4%
31682,红海行动,19.8%,18751.30,71,16.7%,64.6%
31683,西游记女儿国,7.0%,6644.83,40,11.0%,41.6%
31684,熊出没·变形记,6.8%,6439.84,49,9.6%,48.2%
31685,祖宗十九代,1.4%,1394.95,34,3.0%,39.9%
31686,神秘巨星,<0.1%,23.69,32,<0.1%,41.0%
31687,诡梦凶铃,<0.1%,19.59,126,<0.1%,100%
31688,小马宝莉大电影,<0.1%,17.47,28,<0.1%,30.6%
31689,马戏之王,<0.1%,11.39,28,<0.1%,34.5%
31690,坏爸爸,<0.1%,10.95,97,<0.1%,100%
31691,无问西东,<0.1%,10.06,31,<0.1%,46.6%
31692,奇迹男孩,<0.1%,9.28,32,<0.1%,35.5%
31693,芳华,<0.1%,7.94,31,<0.1%,46.5%
31694,古镇画情,<0.1%,6.79,140,<0.1%,100%
31695,毕业那年,<0.1%,5.95,136,<0.1%,--
31696,盛世秧歌,<0.1%,5.78,152,<0.1%,100%
31697,公牛历险记,<0.1%,3.82,16,<0.1%,19.2%
31698,我和神马查干,<0.1%,3.78,141,<0.1%,100%
31699,南极之恋,<0.1%,2.88,13,<0.1%,19.8%
31700,移动迷宫3：死亡解药,<0.1%,2.78,18,<0.1%,24.7%
31701,珍珠塔,<0.1%,2.51,718,<0.1%,--
31702,大雪冬至,<0.1%,2.32,54,<0.1%,100%
31703,忌日快乐,<0.1%,1.83,12,<0.1%,18.2%
31704,小猫巴克里,<0.1%,1.74,123,<0.1%,100%
31705,金龟子,<0.1%,1.62,7,<0.1%,6.9%
31706,人怕出名猪怕壮,<0.1%,1.61,72,<0.1%,82.0%
31707,浪矢解忧杂货店,<0.1%,1.44,45,<0.1%,21.9%
31708,心灵的阳光,<0.1%,1.31,79,<0.1%,100%
31709,无迹可寻,<0.1%,1.02,3,<0.1%,6.8%
31710,唐人街探案2,36.6%,31859.73,70,31.1%,52.7%
31711,红海行动,25.8%,22411.91,72,20.5%,59.8%
31712,捉妖记2,23.9%,20784.30,56,26.7%,42.4%
31713,熊出没·变形记,6.5%,5699.11,44,9.7%,43.6%
31714,西游记女儿国,5.2%,4519.60,37,8.4%,41.3%
31715,祖宗十九代,1.5%,1334.25,34,3.0%,39.7%
31716,小马宝莉大电影,<0.1%,21.67,26,<0.1%,31.3%
31717,守信少年,<0.1%,21.02,116,<0.1%,82.7%
31718,马戏之王,<0.1%,16.76,30,<0.1%,37.0%
31719,无问西东,<0.1%,16.18,29,<0.1%,37.9%
31720,奇迹男孩,<0.1%,14.02,34,<0.1%,37.1%
31721,坏爸爸,<0.1%,11.27,93,<0.1%,100%
31722,疯狂丑小鸭,<0.1%,11.07,95,<0.1%,75.0%
31723,芳华,<0.1%,9.65,26,<0.1%,37.3%
31724,诡梦凶铃,<0.1%,7.63,163,<0.1%,100%
31725,太空熊猫英雄归来,<0.1%,6.88,62,<0.1%,64.1%
31726,毕业那年,<0.1%,6.24,121,<0.1%,--
31727,移动迷宫3：死亡解药,<0.1%,5.06,22,<0.1%,30.5%
31728,古镇画情,<0.1%,4.92,88,<0.1%,100%
31729,盛世秧歌,<0.1%,4.85,96,<0.1%,100%
31730,金龟子,<0.1%,4.41,15,<0.1%,12.9%
31731,我和神马查干,<0.1%,3.16,106,<0.1%,100%
31732,公牛历险记,<0.1%,2.78,15,<0.1%,19.4%
31733,珍珠塔,<0.1%,2.39,685,<0.1%,--
31734,南极之恋,<0.1%,2.37,8,<0.1%,14.3%
31735,忌日快乐,<0.1%,2.19,11,<0.1%,16.2%
31736,泡芙小姐,<0.1%,2.03,16,<0.1%,36.8%
31737,心灵的阳光,<0.1%,1.83,114,<0.1%,100%
31738,前任3：再见前任,<0.1%,1.79,12,<0.1%,15.1%
31739,时空偷渡少女,<0.1%,1.73,154,<0.1%,100%
31740,人怕出名猪怕壮,<0.1%,1.66,27,<0.1%,27.2%
31741,狗狗的疯狂假期,<0.1%,1.40,13,<0.1%,17.2%
31742,无迹可寻,<0.1%,1.26,3,<0.1%,8.3%
31743,至爱梵高·星空之谜,<0.1%,1.01,32,<0.1%,45.1%
31744,唐人街探案2,36.9%,30230.40,67,32.0%,49.0%
31745,红海行动,30.0%,24593.72,72,23.1%,55.7%
31746,捉妖记2,20.3%,16645.39,51,23.9%,42.2%
31747,熊出没·变形记,6.5%,5369.22,43,9.5%,43.0%
31748,西游记女儿国,4.0%,3352.25,33,7.2%,37.8%
31749,祖宗十九代,1.6%,1362.90,34,3.2%,38.8%
31750,守信少年,<0.1%,51.46,130,<0.1%,83.4%
31751,疯狂丑小鸭,<0.1%,40.37,125,<0.1%,81.0%
31752,太空熊猫英雄归来,<0.1%,26.53,72,<0.1%,55.3%
31753,小马宝莉大电影,<0.1%,22.37,25,<0.1%,28.4%
31754,人怕出名猪怕壮,<0.1%,21.80,7,0.2%,7.3%
31755,马戏之王,<0.1%,20.57,39,<0.1%,45.2%
31756,无问西东,<0.1%,16.92,28,<0.1%,32.3%
31757,奇迹男孩,<0.1%,15.87,32,<0.1%,37.2%
31758,坏爸爸,<0.1%,11.42,90,<0.1%,100%
31759,芳华,<0.1%,9.42,22,<0.1%,33.5%
31760,盛世秧歌,<0.1%,9.32,65,<0.1%,100%
31761,古镇画情,<0.1%,8.08,65,<0.1%,100%
31762,毕业那年,<0.1%,7.17,57,<0.1%,--
31763,公牛历险记,<0.1%,4.62,18,<0.1%,21.5%
31764,心灵的阳光,<0.1%,4.33,41,<0.1%,100%
31765,我和神马查干,<0.1%,3.48,43,<0.1%,--
31766,移动迷宫3：死亡解药,<0.1%,2.86,13,<0.1%,18.1%
31767,南极之恋,<0.1%,2.73,9,<0.1%,15.3%
31768,金龟子,<0.1%,2.69,9,<0.1%,8.0%
31769,小猫巴克里,<0.1%,2.56,115,<0.1%,100%
31770,忌日快乐,<0.1%,2.56,13,<0.1%,18.8%
31771,诡梦凶铃,<0.1%,2.52,63,<0.1%,--
31772,前任3：再见前任,<0.1%,2.09,11,<0.1%,16.7%
31773,狗狗的疯狂假期,<0.1%,1.72,13,<0.1%,18.4%
31774,珍珠塔,<0.1%,1.47,421,<0.1%,--
31775,无迹可寻,<0.1%,1.17,3,<0.1%,8.2%
31776,唐人街探案2,37.2%,29906.01,66,32.4%,49.1%
31777,红海行动,33.7%,27065.95,74,25.5%,54.6%
31778,捉妖记2,17.2%,13879.18,48,21.9%,42.2%
31779,熊出没·变形记,6.1%,4942.23,41,9.4%,41.6%
31780,西游记女儿国,3.4%,2776.68,31,6.6%,35.7%
31781,祖宗十九代,1.6%,1310.40,32,3.3%,36.7%
31782,疯狂丑小鸭,0.1%,80.60,129,<0.1%,83.8%
31783,守信少年,<0.1%,76.07,117,<0.1%,79.0%
31784,太空熊猫英雄归来,<0.1%,47.61,95,<0.1%,74.6%
31785,小马宝莉大电影,<0.1%,24.21,26,<0.1%,31.0%
31786,奇迹男孩,<0.1%,18.77,33,<0.1%,38.5%
31787,马戏之王,<0.1%,17.03,29,<0.1%,30.8%
31788,无问西东,<0.1%,16.11,24,<0.1%,28.2%
31789,坏爸爸,<0.1%,11.67,92,<0.1%,100%
31790,芳华,<0.1%,8.44,20,<0.1%,26.5%
31791,人怕出名猪怕壮,<0.1%,7.94,9,<0.1%,8.4%
31792,毕业那年,<0.1%,7.20,56,<0.1%,--
31793,古镇画情,<0.1%,6.76,60,<0.1%,100%
31794,心灵的阳光,<0.1%,5.59,51,<0.1%,--
31795,盛世秧歌,<0.1%,5.30,57,<0.1%,100%
31796,公牛历险记,<0.1%,4.71,18,<0.1%,20.6%
31797,时空偷渡少女,<0.1%,3.98,155,<0.1%,58.4%
31798,南极之恋,<0.1%,3.96,13,<0.1%,25.5%
31799,移动迷宫3：死亡解药,<0.1%,3.15,15,<0.1%,19.2%
31800,金龟子,<0.1%,3.10,9,<0.1%,9.4%
31801,我和神马查干,<0.1%,2.74,91,<0.1%,100%
31802,忌日快乐,<0.1%,2.31,10,<0.1%,14.1%
31803,前任3：再见前任,<0.1%,1.81,10,<0.1%,12.9%
31804,珍珠塔,<0.1%,1.78,510,<0.1%,71.8%
31805,狗狗的疯狂假期,<0.1%,1.78,12,<0.1%,13.0%
31806,小猫巴克里,<0.1%,1.67,140,<0.1%,100%
31807,诡梦凶铃,<0.1%,1.49,187,<0.1%,--
31808,盲·道,<0.1%,1.49,63,<0.1%,100%
31809,红海行动,36.7%,24109.60,66,27.3%,46.9%
31810,唐人街探案2,35.9%,23585.38,57,32.2%,42.3%
31811,捉妖记2,15.9%,10490.58,41,20.6%,37.9%
31812,熊出没·变形记,5.9%,3881.10,36,9.1%,36.5%
31813,西游记女儿国,3.1%,2087.55,26,6.3%,29.8%
31814,祖宗十九代,1.6%,1079.61,27,3.5%,30.6%
31815,守信少年,0.1%,87.55,127,<0.1%,82.8%
31816,疯狂丑小鸭,0.1%,72.76,133,<0.1%,84.8%
31817,太空熊猫英雄归来,<0.1%,61.19,104,<0.1%,86.8%
31818,小马宝莉大电影,<0.1%,14.83,17,<0.1%,18.8%
31819,马戏之王,<0.1%,14.46,26,<0.1%,29.1%
31820,奇迹男孩,<0.1%,13.33,23,<0.1%,24.9%
31821,坏爸爸,<0.1%,11.50,85,<0.1%,100%
31822,无问西东,<0.1%,10.50,16,<0.1%,19.1%
31823,人怕出名猪怕壮,<0.1%,7.10,11,<0.1%,11.0%
31824,芳华,<0.1%,5.29,15,<0.1%,20.6%
31825,南极之恋,<0.1%,4.97,14,<0.1%,23.4%
31826,盛世秧歌,<0.1%,4.90,56,<0.1%,100%
31827,毕业那年,<0.1%,4.83,64,<0.1%,--
31828,时空偷渡少女,<0.1%,4.24,129,<0.1%,44.5%
31829,古镇画情,<0.1%,4.21,50,<0.1%,100%
31830,心灵的阳光,<0.1%,4.18,53,<0.1%,100%
31831,公牛历险记,<0.1%,2.62,11,<0.1%,12.9%
31832,移动迷宫3：死亡解药,<0.1%,2.51,12,<0.1%,17.5%
31833,金龟子,<0.1%,2.14,8,<0.1%,9.0%
31834,忌日快乐,<0.1%,2.14,10,<0.1%,12.2%
31835,前任3：再见前任,<0.1%,1.69,9,<0.1%,12.0%
31836,莫斯科陷落,<0.1%,1.69,81,<0.1%,100%
31837,诡梦凶铃,<0.1%,1.36,170,<0.1%,--
31838,我和神马查干,<0.1%,1.22,48,<0.1%,100%
31839,红海行动,39.9%,21202.25,58,28.8%,39.7%
31840,唐人街探案2,34.7%,18415.66,47,31.6%,35.5%
31841,捉妖记2,14.4%,7663.75,34,19.0%,32.4%
31842,熊出没·变形记,5.3%,2814.49,28,8.8%,28.7%
31843,西游记女儿国,2.9%,1564.23,22,5.9%,25.1%
31844,祖宗十九代,1.7%,921.97,24,3.5%,26.8%
31845,爱在记忆消逝前,0.2%,113.20,8,1.4%,7.4%
31846,疯狂丑小鸭,0.1%,79.06,139,<0.1%,84.1%
31847,守信少年,0.1%,73.28,129,<0.1%,84.7%
31848,太空熊猫英雄归来,0.1%,66.63,105,<0.1%,85.0%
31849,人怕出名猪怕壮,<0.1%,12.83,28,<0.1%,27.8%
31850,坏爸爸,<0.1%,10.75,61,<0.1%,100%
31851,小马宝莉大电影,<0.1%,10.18,13,<0.1%,14.8%
31852,马戏之王,<0.1%,9.58,18,<0.1%,23.0%
31853,无问西东,<0.1%,9.32,18,<0.1%,19.9%
31854,奇迹男孩,<0.1%,9.01,19,<0.1%,22.0%
31855,时空偷渡少女,<0.1%,5.61,170,<0.1%,66.7%
31856,毕业那年,<0.1%,5.08,59,<0.1%,--
31857,古镇画情,<0.1%,4.53,57,<0.1%,100%
31858,心灵的阳光,<0.1%,4.30,61,<0.1%,100%
31859,盛世秧歌,<0.1%,4.25,48,<0.1%,100%
31860,芳华,<0.1%,3.79,12,<0.1%,17.5%
31861,南极之恋,<0.1%,3.07,11,<0.1%,16.7%
31862,移动迷宫3：死亡解药,<0.1%,2.95,19,<0.1%,33.1%
31863,忌日快乐,<0.1%,2.28,9,<0.1%,13.5%
31864,诡梦凶铃,<0.1%,1.93,97,<0.1%,100.0%
31865,浪矢解忧杂货店,<0.1%,1.72,23,<0.1%,42.3%
31866,小猫巴克里,<0.1%,1.67,112,<0.1%,100%
31867,金龟子,<0.1%,1.56,6,<0.1%,6.2%
31868,狗狗的疯狂假期,<0.1%,1.55,19,<0.1%,34.1%
31869,公牛历险记,<0.1%,1.54,8,<0.1%,10.1%
31870,我和神马查干,<0.1%,1.53,57,<0.1%,100%
31871,前任3：再见前任,<0.1%,1.28,8,<0.1%,13.2%
31872,红海行动,43.5%,22617.15,59,30.1%,39.8%
31873,唐人街探案2,32.8%,17042.15,45,31.1%,34.2%
31874,捉妖记2,12.9%,6736.00,31,17.9%,31.1%
31875,熊出没·变形记,4.7%,2464.19,26,8.4%,26.8%
31876,西游记女儿国,2.7%,1449.92,21,5.7%,24.2%
31877,祖宗十九代,1.7%,917.11,23,3.6%,26.2%
31878,妈妈咪鸭,0.4%,211.26,15,1.4%,14.7%
31879,爱在记忆消逝前,0.1%,87.29,11,0.7%,11.1%
31880,马戏之王,<0.1%,14.28,20,<0.1%,23.2%
31881,人怕出名猪怕壮,<0.1%,11.30,24,<0.1%,25.7%
31882,坏爸爸,<0.1%,10.81,95,<0.1%,100%
31883,奇迹男孩,<0.1%,10.09,19,<0.1%,21.5%
31884,小马宝莉大电影,<0.1%,9.82,15,<0.1%,16.9%
31885,无问西东,<0.1%,9.16,16,<0.1%,19.5%
31886,三块广告牌,<0.1%,8.67,82,<0.1%,99.3%
31887,毕业那年,<0.1%,6.18,61,<0.1%,--
31888,古镇画情,<0.1%,4.53,44,<0.1%,--
31889,心灵的阳光,<0.1%,4.11,59,<0.1%,100%
31890,忌日快乐,<0.1%,3.59,11,<0.1%,15.5%
31891,南极之恋,<0.1%,3.54,12,<0.1%,21.1%
31892,芳华,<0.1%,3.21,11,<0.1%,11.3%
31893,狗狗的疯狂假期,<0.1%,2.21,25,<0.1%,41.2%
31894,移动迷宫3：死亡解药,<0.1%,2.17,11,<0.1%,18.3%
31895,公牛历险记,<0.1%,1.88,10,<0.1%,13.2%
31896,莫斯科陷落,<0.1%,1.83,50,<0.1%,100%
31897,前任3：再见前任,<0.1%,1.40,8,<0.1%,12.2%
31898,泡芙小姐,<0.1%,1.39,28,<0.1%,44.2%
31899,盛世秧歌,<0.1%,1.37,27,<0.1%,--
31900,金龟子,<0.1%,1.20,5,<0.1%,5.3%
31901,红海行动,46.4%,23857.36,60,31.2%,40.4%
31902,唐人街探案2,29.7%,15299.39,41,30.8%,31.8%
31903,捉妖记2,12.1%,6224.87,30,17.2%,30.4%
31904,熊出没·变形记,5.4%,2796.67,29,8.5%,29.8%
31905,西游记女儿国,2.6%,1367.16,20,5.6%,23.4%
31906,祖宗十九代,1.8%,942.39,23,3.7%,26.5%
31907,妈妈咪鸭,0.5%,280.32,21,1.3%,21.4%
31908,爱在记忆消逝前,0.1%,96.80,15,0.5%,16.1%
31909,比得兔,<0.1%,42.02,96,<0.1%,65.7%
31910,小萝莉的猴神大叔,<0.1%,20.11,61,<0.1%,48.9%
31911,马戏之王,<0.1%,20.11,29,<0.1%,32.1%
31912,小马宝莉大电影,<0.1%,13.43,18,<0.1%,20.4%
31913,人怕出名猪怕壮,<0.1%,13.38,18,<0.1%,18.9%
31914,奇迹男孩,<0.1%,12.81,25,<0.1%,22.4%
31915,坏爸爸,<0.1%,11.01,88,<0.1%,100%
31916,无问西东,<0.1%,10.10,17,<0.1%,19.2%
31917,毕业那年,<0.1%,5.99,67,<0.1%,--
31918,心灵的阳光,<0.1%,5.16,75,<0.1%,100%
31919,南极之恋,<0.1%,4.68,13,<0.1%,21.4%
31920,古镇画情,<0.1%,4.49,52,<0.1%,100%
31921,芳华,<0.1%,4.03,13,<0.1%,19.1%
31922,盛世秧歌,<0.1%,3.81,46,<0.1%,100%
31923,忌日快乐,<0.1%,2.84,10,<0.1%,13.9%
31924,公牛历险记,<0.1%,2.80,15,<0.1%,16.3%
31925,盲·道,<0.1%,2.57,57,<0.1%,100%
31926,移动迷宫3：死亡解药,<0.1%,2.35,11,<0.1%,17.1%
31927,时空偷渡少女,<0.1%,1.85,180,<0.1%,76.4%
31928,前任3：再见前任,<0.1%,1.73,10,<0.1%,14.4%
31929,小猫巴克里,<0.1%,1.67,112,<0.1%,45.4%
31930,诡梦凶铃,<0.1%,1.58,67,<0.1%,100.0%
31931,我和神马查干,<0.1%,1.33,35,<0.1%,100%
31932,金龟子,<0.1%,1.27,6,<0.1%,5.9%
31933,红海行动,48.5%,14227.34,36,32.7%,24.1%
31934,唐人街探案2,29.4%,8612.56,25,30.7%,19.2%
31935,捉妖记2,11.8%,3480.01,18,17.1%,18.1%
31936,熊出没·变形记,3.7%,1085.01,13,7.9%,13.4%
31937,西游记女儿国,2.8%,848.15,13,5.8%,14.6%
31938,祖宗十九代,2.0%,605.67,15,4.1%,16.2%
31939,爱在记忆消逝前,0.1%,55.96,9,0.6%,10.0%
31940,马戏之王,<0.1%,10.16,16,<0.1%,16.6%
31941,坏爸爸,<0.1%,9.06,82,<0.1%,100%
31942,人怕出名猪怕壮,<0.1%,7.27,9,<0.1%,11.0%
31943,时空偷渡少女,<0.1%,5.31,292,<0.1%,100%
31944,无问西东,<0.1%,5.24,9,<0.1%,9.8%
31945,奇迹男孩,<0.1%,4.54,10,<0.1%,10.9%
31946,南极之恋,<0.1%,3.40,9,<0.1%,13.4%
31947,古镇画情,<0.1%,3.06,26,<0.1%,--
31948,忌日快乐,<0.1%,2.91,8,<0.1%,10.1%
31949,毕业那年,<0.1%,2.41,30,<0.1%,--
31950,小马宝莉大电影,<0.1%,2.34,5,<0.1%,5.1%
31951,芳华,<0.1%,2.30,8,<0.1%,11.0%
31952,心灵的阳光,<0.1%,2.08,30,<0.1%,--
31953,盛世秧歌,<0.1%,1.96,26,<0.1%,--
31954,小猫巴克里,<0.1%,1.67,187,<0.1%,100%
31955,前任3：再见前任,<0.1%,1.42,7,<0.1%,8.1%
31956,红海行动,49.6%,12446.60,32,33.5%,21.0%
31957,唐人街探案2,28.3%,7097.81,21,30.4%,16.5%
31958,捉妖记2,11.4%,2872.41,16,16.7%,15.6%
31959,熊出没·变形记,3.4%,875.39,12,7.4%,11.9%
31960,西游记女儿国,3.0%,754.20,12,5.8%,13.0%
31961,祖宗十九代,2.3%,587.62,13,4.4%,14.8%
31962,爱在记忆消逝前,0.2%,60.15,10,0.6%,10.2%
31963,马戏之王,<0.1%,7.71,10,<0.1%,10.4%
31964,坏爸爸,<0.1%,7.03,82,<0.1%,100%
31965,奇迹男孩,<0.1%,5.05,11,<0.1%,12.7%
31966,人怕出名猪怕壮,<0.1%,4.98,6,0.1%,6.3%
31967,无问西东,<0.1%,4.68,8,<0.1%,8.7%
31968,南极之恋,<0.1%,3.46,8,<0.1%,10.8%
31969,时空偷渡少女,<0.1%,3.44,205,<0.1%,87.2%
31970,泡芙小姐,<0.1%,2.76,23,<0.1%,45.3%
31971,忌日快乐,<0.1%,2.69,8,<0.1%,8.8%
31972,三块广告牌,<0.1%,2.36,66,<0.1%,--
31973,毕业那年,<0.1%,2.20,22,<0.1%,--
31974,前任3：再见前任,<0.1%,2.16,8,<0.1%,12.0%
31975,莫斯科陷落,<0.1%,2.15,40,<0.1%,93.0%
31976,古镇画情,<0.1%,2.12,19,<0.1%,--
31977,小马宝莉大电影,<0.1%,2.04,5,<0.1%,5.3%
31978,芳华,<0.1%,1.97,6,<0.1%,8.4%
31979,心灵的阳光,<0.1%,1.81,24,<0.1%,100%
31980,盛世秧歌,<0.1%,1.78,16,<0.1%,--
31981,金钱世界,<0.1%,1.57,131,<0.1%,--
31982,金龟子,<0.1%,1.00,6,<0.1%,6.0%
31983,红海行动,49.6%,11064.79,28,34.0%,18.7%
31984,唐人街探案2,27.9%,6218.37,19,30.2%,14.9%
31985,捉妖记2,11.4%,2547.18,14,16.3%,14.3%
31986,熊出没·变形记,3.4%,769.44,11,7.1%,11.1%
31987,西游记女儿国,3.1%,694.04,11,6.0%,11.8%
31988,祖宗十九代,2.5%,563.85,13,4.5%,13.8%
31989,太空熊猫英雄归来,0.3%,68.31,129,<0.1%,81.8%
31990,爱在记忆消逝前,0.2%,57.31,9,0.6%,9.6%
31991,坏爸爸,<0.1%,10.39,81,<0.1%,100%
31992,马戏之王,<0.1%,8.32,10,<0.1%,10.8%
31993,人怕出名猪怕壮,<0.1%,7.20,12,0.1%,14.4%
31994,奇迹男孩,<0.1%,5.97,13,<0.1%,14.9%
31995,无问西东,<0.1%,4.48,7,<0.1%,8.4%
31996,时空偷渡少女,<0.1%,4.25,155,<0.1%,100%
31997,忌日快乐,<0.1%,3.02,7,<0.1%,8.2%
31998,泡芙小姐,<0.1%,3.00,26,<0.1%,59.0%
31999,南极之恋,<0.1%,2.41,6,<0.1%,7.2%
32000,芳华,<0.1%,2.30,7,<0.1%,9.9%
32001,毕业那年,<0.1%,1.93,17,<0.1%,--
32002,小马宝莉大电影,<0.1%,1.87,5,<0.1%,5.4%
32003,盛世秧歌,<0.1%,1.63,16,<0.1%,--
32004,前任3：再见前任,<0.1%,1.63,6,<0.1%,9.1%
32005,心灵的阳光,<0.1%,1.40,18,<0.1%,100%
32006,古镇画情,<0.1%,1.35,13,<0.1%,--
32007,诡梦凶铃,<0.1%,1.28,80,<0.1%,100.0%
32008,红海行动,49.4%,9736.08,25,34.1%,16.5%
32009,唐人街探案2,28.2%,5558.24,17,29.8%,13.6%
32010,捉妖记2,11.2%,2207.07,13,16.0%,12.8%
32011,西游记女儿国,3.1%,617.24,10,5.9%,10.7%
32012,熊出没·变形记,2.9%,574.15,9,6.4%,9.3%
32013,祖宗十九代,2.6%,518.70,12,4.6%,12.8%
32014,太空熊猫英雄归来,0.3%,67.83,126,<0.1%,83.1%
32015,爱在记忆消逝前,0.2%,50.54,8,0.6%,8.1%
32016,妈妈咪鸭,0.2%,43.99,5,0.9%,5.0%
32017,闺蜜2,0.1%,37.42,22,0.1%,18.3%
32018,坏爸爸,<0.1%,12.38,82,<0.1%,100%
32019,马戏之王,<0.1%,7.33,9,<0.1%,9.6%
32020,人怕出名猪怕壮,<0.1%,6.79,4,0.2%,4.3%
32021,无问西东,<0.1%,5.34,8,<0.1%,10.1%
32022,翻滚吧姐妹,<0.1%,4.16,3,0.1%,3.8%
32023,奇迹男孩,<0.1%,4.10,8,<0.1%,8.6%
32024,时空偷渡少女,<0.1%,3.70,106,<0.1%,73.0%
32025,宇宙有爱浪漫同游,<0.1%,2.93,36,<0.1%,40.5%
32026,小萝莉的猴神大叔,<0.1%,2.51,7,<0.1%,6.3%
32027,比得兔,<0.1%,2.45,13,<0.1%,12.3%
32028,忌日快乐,<0.1%,2.29,7,<0.1%,8.5%
32029,古镇画情,<0.1%,2.21,18,<0.1%,--
32030,毕业那年,<0.1%,1.94,17,<0.1%,--
32031,南极之恋,<0.1%,1.87,5,<0.1%,5.9%
32032,心灵的阳光,<0.1%,1.80,22,<0.1%,--
32033,小猫巴克里,<0.1%,1.67,187,<0.1%,100%
32034,红海行动,39.3%,13321.58,44,24.4%,27.4%
32035,唐人街探案2,21.0%,7140.11,34,17.8%,26.9%
32036,厉害了，我的国,11.3%,3827.17,42,8.8%,40.7%
32037,闺蜜2,7.9%,2707.32,16,17.3%,14.2%
32038,比得兔,5.9%,2001.53,21,10.1%,21.3%
32039,捉妖记2,4.6%,1562.36,24,5.5%,26.0%
32040,小萝莉的猴神大叔,4.1%,1415.22,23,6.2%,21.4%
32041,熊出没·变形记,1.2%,408.75,22,1.8%,22.8%
32042,三块广告牌,0.8%,296.01,38,0.6%,41.2%
32043,金钱世界,0.7%,263.84,10,2.6%,10.2%
32044,西游记女儿国,0.7%,245.01,16,1.2%,19.9%
32045,祖宗十九代,0.6%,204.58,19,1.0%,22.0%
32046,宇宙有爱浪漫同游,0.2%,92.03,11,0.8%,11.3%
32047,太空熊猫英雄归来,0.1%,62.13,147,<0.1%,87.7%
32048,妈妈咪鸭,0.1%,44.11,9,0.5%,8.1%
32049,爱在记忆消逝前,<0.1%,8.28,13,<0.1%,15.6%
32050,落绕,<0.1%,7.73,39,<0.1%,32.5%
32051,毕业那年,<0.1%,4.60,33,<0.1%,--
32052,人怕出名猪怕壮,<0.1%,3.95,4,0.1%,4.2%
32053,盛世秧歌,<0.1%,3.48,34,<0.1%,--
32054,古镇画情,<0.1%,3.40,36,<0.1%,--
32055,心灵的阳光,<0.1%,2.80,25,<0.1%,--
32056,马戏之王,<0.1%,2.32,23,<0.1%,40.5%
32057,无问西东,<0.1%,2.17,17,<0.1%,23.5%
32058,南极之恋,<0.1%,1.91,25,<0.1%,49.1%
32059,泡芙小姐,<0.1%,1.70,67,<0.1%,100%
32060,小猫巴克里,<0.1%,1.37,459,<0.1%,100%
32061,我和神马查干,<0.1%,1.21,71,<0.1%,--
32062,红海行动,40.5%,15037.37,46,26.7%,28.6%
32063,唐人街探案2,21.4%,7951.82,35,19.4%,28.1%
32064,比得兔,8.3%,3082.31,31,10.3%,30.4%
32065,厉害了，我的国,7.9%,2938.94,35,8.2%,34.9%
32066,小萝莉的猴神大叔,5.3%,1984.90,32,6.2%,29.2%
32067,捉妖记2,5.3%,1981.20,27,6.4%,28.9%
32068,闺蜜2,3.8%,1440.18,11,12.8%,10.3%
32069,熊出没·变形记,2.2%,842.00,28,2.9%,28.2%
32070,三块广告牌,1.6%,615.53,63,0.7%,54.6%
32071,西游记女儿国,0.7%,295.91,17,1.4%,21.2%
32072,祖宗十九代,0.7%,273.45,22,1.2%,24.9%
32073,金钱世界,0.6%,238.73,13,1.7%,13.4%
32074,妈妈咪鸭,0.2%,91.72,13,0.6%,12.6%
32075,妄想症,0.1%,67.78,113,<0.1%,76.2%
32076,完美有多美,0.1%,55.66,125,<0.1%,80.9%
32077,疯狂丑小鸭,0.1%,54.90,120,<0.1%,74.9%
32078,阿里巴巴2所罗门封印,0.1%,46.31,104,<0.1%,79.8%
32079,宇宙有爱浪漫同游,<0.1%,24.23,8,0.3%,9.1%
32080,爱在记忆消逝前,<0.1%,17.44,19,<0.1%,25.0%
32081,盛世秧歌,<0.1%,6.45,45,<0.1%,--
32082,毕业那年,<0.1%,5.60,44,<0.1%,--
32083,古镇画情,<0.1%,4.59,38,<0.1%,--
32084,无问西东,<0.1%,4.57,20,<0.1%,28.2%
32085,心灵的阳光,<0.1%,4.29,44,<0.1%,100%
32086,人怕出名猪怕壮,<0.1%,3.13,6,<0.1%,8.8%
32087,奇迹男孩,<0.1%,2.99,19,<0.1%,19.8%
32088,马戏之王,<0.1%,2.43,28,<0.1%,28.9%
32089,落绕,<0.1%,1.67,23,<0.1%,23.8%
32090,翻滚吧姐妹,<0.1%,1.22,2,<0.1%,2.9%
32091,忌日快乐,<0.1%,1.09,10,<0.1%,14.5%
32092,红海行动,38.1%,11169.88,34,27.5%,21.0%
32093,唐人街探案2,19.7%,5793.56,25,20.1%,20.1%
32094,比得兔,9.9%,2928.58,29,10.6%,27.4%
32095,厉害了，我的国,8.6%,2532.85,31,7.9%,31.8%
32096,小萝莉的猴神大叔,6.8%,2006.51,29,6.9%,26.6%
32097,捉妖记2,5.4%,1587.19,20,7.0%,21.3%
32098,熊出没·变形记,2.7%,819.72,23,3.3%,23.6%
32099,闺蜜2,2.6%,777.12,8,9.4%,7.9%
32100,三块广告牌,2.0%,590.74,50,0.9%,41.1%
32101,西游记女儿国,0.8%,251.95,14,1.6%,16.3%
32102,祖宗十九代,0.7%,231.59,17,1.3%,18.9%
32103,金钱世界,0.6%,176.88,11,1.4%,11.4%
32104,妈妈咪鸭,0.3%,88.15,15,0.6%,14.7%
32105,疯狂丑小鸭,0.2%,66.68,131,<0.1%,82.4%
32106,妄想症,0.2%,64.54,116,<0.1%,76.7%
32107,阿里巴巴2所罗门封印,0.1%,50.02,108,<0.1%,82.8%
32108,完美有多美,0.1%,47.33,122,<0.1%,79.0%
32109,恋爱回旋,0.1%,31.62,86,<0.1%,81.1%
32110,爱在记忆消逝前,<0.1%,17.52,18,<0.1%,22.6%
32111,宇宙有爱浪漫同游,<0.1%,14.04,7,0.2%,6.9%
32112,毕业那年,<0.1%,4.95,34,<0.1%,--
32113,人怕出名猪怕壮,<0.1%,4.36,24,<0.1%,42.3%
32114,无问西东,<0.1%,4.14,17,<0.1%,23.0%
32115,盛世秧歌,<0.1%,3.47,32,<0.1%,--
32116,马戏之王,<0.1%,3.36,26,<0.1%,31.8%
32117,奇迹男孩,<0.1%,3.15,18,<0.1%,18.4%
32118,古镇画情,<0.1%,2.97,26,<0.1%,--
32119,心灵的阳光,<0.1%,2.61,26,<0.1%,--
32120,红海行动,38.8%,4902.20,16,28.7%,10.0%
32121,唐人街探案2,19.1%,2414.17,11,21.3%,8.9%
32122,厉害了，我的国,13.6%,1722.49,24,7.9%,23.8%
32123,小萝莉的猴神大叔,8.8%,1112.96,15,8.6%,13.0%
32124,捉妖记2,4.7%,600.66,8,7.5%,8.1%
32125,比得兔,4.1%,529.21,7,9.0%,6.3%
32126,闺蜜2,2.6%,339.88,5,7.6%,4.8%
32127,三块广告牌,2.5%,322.15,27,1.1%,21.0%
32128,祖宗十九代,1.0%,137.65,9,1.7%,9.8%
32129,西游记女儿国,1.0%,130.00,7,1.9%,7.6%
32130,金钱世界,0.6%,81.16,6,1.5%,5.5%
32131,妄想症,0.5%,70.96,117,<0.1%,79.9%
32132,疯狂丑小鸭,0.4%,61.99,129,<0.1%,80.9%
32133,完美有多美,0.4%,55.54,129,<0.1%,79.5%
32134,熊出没·变形记,0.3%,47.44,3,1.9%,2.6%
32135,阿里巴巴2所罗门封印,0.3%,44.28,104,<0.1%,84.3%
32136,人怕出名猪怕壮,0.1%,15.29,39,<0.1%,100%
32137,爱在记忆消逝前,<0.1%,7.67,8,0.1%,9.6%
32138,宇宙有爱浪漫同游,<0.1%,4.75,3,0.2%,3.1%
32139,毕业那年,<0.1%,2.11,18,<0.1%,--
32140,盛世秧歌,<0.1%,1.68,12,<0.1%,--
32141,无问西东,<0.1%,1.61,7,<0.1%,8.3%
32142,古镇画情,<0.1%,1.58,12,<0.1%,--
32143,落绕,<0.1%,1.24,28,<0.1%,24.0%
32144,马戏之王,<0.1%,1.06,8,<0.1%,7.3%
32145,红海行动,37.2%,4374.47,14,28.9%,9.0%
32146,唐人街探案2,17.9%,2111.21,10,21.3%,7.8%
32147,厉害了，我的国,16.2%,1904.62,26,8.2%,25.6%
32148,小萝莉的猴神大叔,9.8%,1162.04,14,9.6%,12.1%
32149,捉妖记2,4.4%,526.98,7,7.5%,7.1%
32150,比得兔,3.6%,424.30,6,8.4%,5.4%
32151,三块广告牌,2.8%,339.89,26,1.2%,19.8%
32152,闺蜜2,2.1%,252.13,5,6.4%,4.4%
32153,祖宗十九代,1.2%,142.31,8,1.9%,9.0%
32154,西游记女儿国,1.1%,130.67,6,2.1%,7.1%
32155,金钱世界,0.6%,76.99,6,1.5%,5.4%
32156,妄想症,0.5%,69.27,119,<0.1%,81.0%
32157,完美有多美,0.4%,57.82,139,<0.1%,83.1%
32158,疯狂丑小鸭,0.4%,52.67,123,<0.1%,77.3%
32159,阿里巴巴2所罗门封印,0.3%,38.58,104,<0.1%,80.8%
32160,熊出没·变形记,0.2%,34.53,3,1.6%,2.3%
32161,人怕出名猪怕壮,0.1%,18.72,46,<0.1%,100%
32162,爱在记忆消逝前,<0.1%,11.13,10,0.1%,12.0%
32163,宇宙有爱浪漫同游,<0.1%,3.10,3,0.2%,2.3%
32164,毕业那年,<0.1%,1.95,15,<0.1%,100%
32165,无问西东,<0.1%,1.81,6,<0.1%,9.0%
32166,马戏之王,<0.1%,1.47,8,<0.1%,9.0%
32167,心灵的阳光,<0.1%,1.22,12,<0.1%,100%
32168,盛世秧歌,<0.1%,1.21,12,<0.1%,100%
32169,古镇画情,<0.1%,1.18,12,<0.1%,100%
32170,红海行动,34.8%,3988.16,13,28.9%,8.3%
32171,厉害了，我的国,19.6%,2256.30,28,8.8%,28.2%
32172,唐人街探案2,16.7%,1921.96,9,21.2%,7.3%
32173,小萝莉的猴神大叔,10.6%,1222.83,14,10.3%,11.8%
32174,捉妖记2,4.2%,490.76,7,7.4%,6.7%
32175,比得兔,3.2%,372.22,6,7.8%,5.2%
32176,三块广告牌,2.7%,313.18,23,1.3%,16.8%
32177,闺蜜2,1.8%,216.83,5,5.8%,4.2%
32178,祖宗十九代,1.2%,143.05,8,2.0%,8.7%
32179,西游记女儿国,1.0%,124.04,6,2.2%,6.3%
32180,妄想症,0.6%,79.61,117,<0.1%,82.5%
32181,疯狂丑小鸭,0.6%,74.57,131,<0.1%,82.2%
32182,金钱世界,0.5%,68.05,5,1.4%,5.0%
32183,完美有多美,0.5%,60.79,137,<0.1%,86.3%
32184,阿里巴巴2所罗门封印,0.3%,42.41,100,<0.1%,78.3%
32185,熊出没·变形记,0.2%,26.93,2,1.5%,1.9%
32186,人怕出名猪怕壮,0.1%,17.50,43,<0.1%,100%
32187,爱在记忆消逝前,<0.1%,8.02,6,0.1%,7.3%
32188,宇宙有爱浪漫同游,<0.1%,4.40,3,0.2%,2.8%
32189,时空偷渡少女,<0.1%,2.51,126,<0.1%,99.8%
32190,毕业那年,<0.1%,1.73,15,<0.1%,--
32191,黑豹,<0.1%,1.73,28,<0.1%,18.9%
32192,盛世秧歌,<0.1%,1.71,14,<0.1%,--
32193,心灵的阳光,<0.1%,1.46,15,<0.1%,--
32194,无问西东,<0.1%,1.45,6,<0.1%,7.6%
32195,古镇画情,<0.1%,1.16,10,<0.1%,--
32196,马戏之王,<0.1%,1.06,7,<0.1%,7.3%
32197,红海行动,35.0%,6800.32,22,28.5%,14.4%
32198,唐人街探案2,17.3%,3359.78,16,20.4%,13.1%
32199,小萝莉的猴神大叔,13.1%,2551.17,27,10.8%,23.1%
32200,厉害了，我的国,12.8%,2485.21,30,8.9%,30.6%
32201,黑豹,4.8%,930.88,53,1.5%,26.8%
32202,捉妖记2,4.0%,785.39,11,6.8%,11.3%
32203,比得兔,3.6%,710.68,12,6.7%,11.4%
32204,三块广告牌,2.4%,484.29,32,1.3%,24.0%
32205,闺蜜2,2.1%,422.21,9,5.3%,8.9%
32206,祖宗十九代,1.0%,202.85,12,1.9%,12.7%
32207,西游记女儿国,0.9%,182.71,9,2.0%,9.8%
32208,金钱世界,0.4%,92.68,8,1.2%,7.6%
32209,妄想症,0.3%,69.06,117,<0.1%,82.6%
32210,疯狂丑小鸭,0.2%,56.73,128,<0.1%,81.5%
32211,完美有多美,0.2%,53.34,139,<0.1%,88.7%
32212,熊出没·变形记,0.2%,52.76,5,1.2%,5.0%
32213,阿里巴巴2所罗门封印,0.1%,36.77,107,<0.1%,83.8%
32214,飞鸟历险记,0.1%,34.95,3,1.8%,2.3%
32215,爱在记忆消逝前,<0.1%,17.45,13,0.1%,15.4%
32216,人怕出名猪怕壮,<0.1%,16.50,42,<0.1%,100%
32217,无问西东,<0.1%,5.08,16,<0.1%,23.2%
32218,宇宙有爱浪漫同游,<0.1%,4.98,4,0.1%,4.4%
32219,毕业那年,<0.1%,4.16,37,<0.1%,--
32220,盛世秧歌,<0.1%,2.95,24,<0.1%,--
32221,古镇画情,<0.1%,2.89,29,<0.1%,--
32222,心灵的阳光,<0.1%,1.99,21,<0.1%,--
32223,恋爱回旋,<0.1%,1.93,7,<0.1%,6.2%
32224,小猫巴克里,<0.1%,1.67,140,<0.1%,100%
32225,大坏狐狸的故事,<0.1%,1.60,174,<0.1%,100%
32226,马戏之王,<0.1%,1.59,10,<0.1%,10.9%
32227,奇迹男孩,<0.1%,1.39,10,<0.1%,10.8%
32228,南极之恋,<0.1%,1.25,16,<0.1%,24.1%
32229,泡芙小姐,<0.1%,1.11,24,<0.1%,38.3%
32230,翻滚吧姐妹,<0.1%,1.06,5,<0.1%,8.6%
32231,黑豹,54.5%,13177.04,35,36.6%,22.2%
32232,红海行动,16.0%,3868.65,20,18.1%,16.8%
32233,厉害了，我的国,9.6%,2333.68,37,6.8%,37.7%
32234,唐人街探案2,6.6%,1604.47,15,10.6%,14.7%
32235,小萝莉的猴神大叔,4.6%,1117.47,21,6.1%,19.6%
32236,妈妈咪鸭,1.6%,407.96,8,5.8%,7.8%
32237,恋爱回旋,1.4%,347.25,10,3.9%,10.2%
32238,三块广告牌,1.3%,325.75,26,1.1%,21.9%
32239,比得兔,1.0%,259.77,10,2.9%,10.3%
32240,捉妖记2,0.9%,237.56,9,2.4%,10.1%
32241,妄想症,0.2%,66.23,122,<0.1%,82.3%
32242,完美有多美,0.2%,55.72,135,<0.1%,84.5%
32243,祖宗十九代,0.2%,54.99,8,0.8%,9.1%
32244,疯狂丑小鸭,0.1%,47.26,133,<0.1%,83.4%
32245,闺蜜2,0.1%,43.89,6,0.8%,6.7%
32246,灵魂当铺之时间典当,0.1%,35.32,5,0.9%,5.5%
32247,西游记女儿国,0.1%,33.08,6,0.6%,6.8%
32248,阿里巴巴2所罗门封印,0.1%,31.98,98,<0.1%,82.6%
32249,熊出没·变形记,0.1%,24.61,5,0.5%,5.5%
32250,人怕出名猪怕壮,<0.1%,13.77,56,<0.1%,100%
32251,金钱世界,<0.1%,11.67,6,0.1%,6.8%
32252,飞鸟历险记,<0.1%,9.28,2,0.8%,1.5%
32253,泡芙小姐,<0.1%,5.96,45,<0.1%,35.0%
32254,毕业那年,<0.1%,4.62,28,<0.1%,--
32255,盛世秧歌,<0.1%,2.89,18,<0.1%,--
32256,古镇画情,<0.1%,2.49,18,<0.1%,--
32257,心灵的阳光,<0.1%,2.45,21,<0.1%,--
32258,爱在记忆消逝前,<0.1%,1.90,6,<0.1%,9.4%
32259,黑豹,50.3%,17260.64,43,36.7%,27.6%
32260,红海行动,17.9%,6137.23,31,17.9%,26.3%
32261,唐人街探案2,8.0%,2772.69,26,10.2%,26.5%
32262,小萝莉的猴神大叔,6.2%,2135.73,34,6.8%,32.5%
32263,厉害了，我的国,4.4%,1516.46,32,4.9%,31.9%
32264,比得兔,3.3%,1139.04,27,4.6%,27.3%
32265,妈妈咪鸭,2.8%,984.76,16,6.5%,16.2%
32266,三块广告牌,1.7%,597.74,39,1.3%,33.2%
32267,恋爱回旋,1.2%,443.49,16,2.8%,17.1%
32268,捉妖记2,1.2%,438.36,17,2.4%,20.9%
32269,熊出没·变形记,0.7%,253.77,20,1.3%,21.2%
32270,祖宗十九代,0.2%,90.07,13,0.7%,15.1%
32271,妄想症,0.2%,68.52,125,<0.1%,84.0%
32272,西游记女儿国,0.1%,61.99,11,0.5%,13.4%
32273,闺蜜2,0.1%,57.31,8,0.7%,10.7%
32274,完美有多美,0.1%,56.08,148,<0.1%,89.4%
32275,疯狂丑小鸭,0.1%,43.88,125,<0.1%,77.3%
32276,飞鸟历险记,0.1%,37.23,6,0.8%,6.0%
32277,阿里巴巴2所罗门封印,<0.1%,31.00,92,<0.1%,85.4%
32278,金钱世界,<0.1%,25.24,12,0.1%,14.2%
32279,灵魂当铺之时间典当,<0.1%,24.73,5,0.6%,5.4%
32280,大坏狐狸的故事,<0.1%,16.61,54,<0.1%,52.3%
32281,人怕出名猪怕壮,<0.1%,13.06,57,<0.1%,100%
32282,毕业那年,<0.1%,6.52,39,<0.1%,--
32283,爱在记忆消逝前,<0.1%,5.70,14,<0.1%,21.9%
32284,村戏,<0.1%,5.39,895,<0.1%,84.5%
32285,盛世秧歌,<0.1%,4.96,36,<0.1%,--
32286,心灵的阳光,<0.1%,4.49,35,<0.1%,100%
32287,古镇画情,<0.1%,4.00,29,<0.1%,--
32288,时空偷渡少女,<0.1%,2.35,98,<0.1%,72.5%
32289,无问西东,<0.1%,1.44,12,<0.1%,20.9%
32290,十七后 与青春化敌为友,<0.1%,1.04,68,<0.1%,--
32291,黑豹,43.5%,10926.60,28,36.3%,17.6%
32292,红海行动,19.9%,4995.33,25,18.1%,21.3%
32293,唐人街探案2,8.4%,2112.30,20,10.5%,19.6%
32294,小萝莉的猴神大叔,7.4%,1857.54,28,7.2%,26.5%
32295,厉害了，我的国,5.2%,1323.10,29,4.7%,28.8%
32296,比得兔,4.5%,1136.91,26,4.9%,25.9%
32297,妈妈咪鸭,2.9%,738.48,14,5.7%,13.9%
32298,三块广告牌,1.9%,485.50,30,1.4%,25.5%
32299,捉妖记2,1.4%,370.08,14,2.6%,16.1%
32300,恋爱回旋,1.4%,354.14,14,2.6%,14.8%
32301,熊出没·变形记,1.1%,281.44,19,1.5%,20.4%
32302,祖宗十九代,0.2%,75.14,11,0.7%,13.6%
32303,妄想症,0.2%,71.42,131,<0.1%,85.5%
32304,完美有多美,0.2%,62.28,136,<0.1%,89.9%
32305,西游记女儿国,0.1%,49.46,8,0.5%,10.0%
32306,疯狂丑小鸭,0.1%,47.01,111,<0.1%,81.7%
32307,阿里巴巴2所罗门封印,0.1%,37.38,94,<0.1%,79.2%
32308,闺蜜2,0.1%,35.62,6,0.6%,7.4%
32309,飞鸟历险记,0.1%,25.92,5,0.7%,5.2%
32310,金钱世界,<0.1%,16.82,9,0.1%,9.8%
32311,灵魂当铺之时间典当,<0.1%,13.56,3,0.6%,3.3%
32312,人怕出名猪怕壮,<0.1%,12.08,57,<0.1%,100%
32313,毕业那年,<0.1%,5.24,32,<0.1%,100%
32314,爱在记忆消逝前,<0.1%,4.99,13,<0.1%,19.3%
32315,大坏狐狸的故事,<0.1%,4.36,119,<0.1%,100%
32316,时空偷渡少女,<0.1%,3.15,88,<0.1%,77.6%
32317,盛世秧歌,<0.1%,2.82,22,<0.1%,--
32318,心灵的阳光,<0.1%,2.68,24,<0.1%,100%
32319,古镇画情,<0.1%,2.54,19,<0.1%,--
32320,无问西东,<0.1%,1.62,12,<0.1%,23.1%
32321,马戏之王,<0.1%,1.26,14,<0.1%,18.4%
32322,暴裂无声,<0.1%,1.01,68,<0.1%,100%
32323,黑豹,37.9%,3579.74,11,35.4%,6.6%
32324,红海行动,22.1%,2087.94,11,19.2%,9.0%
32325,厉害了，我的国,12.5%,1180.74,21,6.4%,21.6%
32326,唐人街探案2,8.8%,831.20,8,11.4%,7.6%
32327,小萝莉的猴神大叔,8.4%,800.68,12,8.5%,10.5%
32328,三块广告牌,1.9%,179.73,11,1.8%,8.8%
32329,恋爱回旋,1.3%,130.71,6,2.6%,6.0%
32330,比得兔,1.3%,125.29,5,3.5%,4.3%
32331,捉妖记2,1.2%,120.94,5,2.9%,4.9%
32332,妄想症,0.6%,64.96,118,<0.1%,79.2%
32333,妈妈咪鸭,0.6%,59.52,3,3.2%,2.1%
32334,完美有多美,0.5%,55.54,141,<0.1%,84.7%
32335,疯狂丑小鸭,0.4%,41.27,120,<0.1%,70.0%
32336,祖宗十九代,0.4%,41.12,5,0.9%,5.8%
32337,阿里巴巴2所罗门封印,0.3%,34.79,98,<0.1%,87.2%
32338,西游记女儿国,0.2%,22.01,4,0.6%,4.2%
32339,闺蜜2,0.1%,16.83,3,0.7%,3.3%
32340,人怕出名猪怕壮,0.1%,15.95,55,<0.1%,100%
32341,灵魂当铺之时间典当,0.1%,9.69,3,0.6%,2.4%
32342,熊出没·变形记,<0.1%,8.50,2,0.7%,1.4%
32343,金钱世界,<0.1%,8.45,4,0.2%,4.5%
32344,时空偷渡少女,<0.1%,3.98,83,<0.1%,76.6%
32345,爱在记忆消逝前,<0.1%,2.67,6,<0.1%,8.4%
32346,飞鸟历险记,<0.1%,1.73,1,0.3%,0.6%
32347,毕业那年,<0.1%,1.34,12,<0.1%,--
32348,盛世秧歌,<0.1%,1.30,11,<0.1%,--
32349,古镇画情,<0.1%,1.14,9,<0.1%,--
32350,黑豹,32.5%,2881.64,9,33.9%,5.5%
32351,红海行动,21.9%,1947.55,10,19.7%,8.2%
32352,厉害了，我的国,17.3%,1539.44,25,7.1%,25.7%
32353,小萝莉的猴神大叔,8.9%,790.35,11,9.0%,9.8%
32354,唐人街探案2,8.7%,772.60,7,11.5%,7.0%
32355,三块广告牌,2.1%,192.90,10,2.1%,8.3%
32356,捉妖记2,1.4%,125.04,5,3.0%,4.8%
32357,恋爱回旋,1.3%,116.09,6,2.4%,5.7%
32358,比得兔,1.2%,114.42,5,3.4%,4.1%
32359,妄想症,0.6%,60.00,121,<0.1%,84.0%
32360,完美有多美,0.5%,52.87,137,<0.1%,86.4%
32361,妈妈咪鸭,0.5%,49.16,3,2.7%,2.1%
32362,疯狂丑小鸭,0.5%,45.09,133,<0.1%,82.7%
32363,祖宗十九代,0.4%,43.61,6,1.0%,5.8%
32364,阿里巴巴2所罗门封印,0.3%,27.31,87,<0.1%,78.8%
32365,西游记女儿国,0.2%,23.05,4,0.7%,3.8%
32366,人怕出名猪怕壮,0.1%,16.02,60,<0.1%,100%
32367,闺蜜2,0.1%,15.00,3,0.7%,3.1%
32368,金钱世界,0.1%,10.19,5,0.2%,5.9%
32369,灵魂当铺之时间典当,0.1%,8.93,2,0.5%,2.4%
32370,熊出没·变形记,<0.1%,7.27,2,0.6%,1.3%
32371,时空偷渡少女,<0.1%,4.11,86,<0.1%,80.3%
32372,爱在记忆消逝前,<0.1%,2.20,5,<0.1%,6.5%
32373,诡梦凶铃,<0.1%,1.89,87,<0.1%,82.7%
32374,盛世秧歌,<0.1%,1.88,15,<0.1%,100%
32375,古镇画情,<0.1%,1.77,14,<0.1%,--
32376,毕业那年,<0.1%,1.57,15,<0.1%,--
32377,飞鸟历险记,<0.1%,1.14,1,0.2%,0.6%
32378,黑豹,29.7%,2495.80,8,32.8%,5.0%
32379,红海行动,21.5%,1808.61,10,20.0%,7.5%
32380,厉害了，我的国,19.7%,1653.81,26,7.5%,26.3%
32381,小萝莉的猴神大叔,9.6%,811.92,11,9.4%,9.7%
32382,唐人街探案2,9.0%,761.51,7,11.7%,6.8%
32383,三块广告牌,2.3%,195.19,10,2.1%,8.2%
32384,捉妖记2,1.5%,127.73,5,3.1%,4.8%
32385,比得兔,1.3%,112.93,5,3.3%,4.1%
32386,恋爱回旋,1.3%,111.21,6,2.4%,5.6%
32387,祖宗十九代,0.5%,46.65,5,1.1%,5.7%
32388,妈妈咪鸭,0.4%,40.20,2,2.4%,1.9%
32389,妄想症,0.4%,35.98,100,<0.1%,68.6%
32390,完美有多美,0.3%,31.91,127,<0.1%,73.6%
32391,疯狂丑小鸭,0.3%,27.55,122,<0.1%,75.3%
32392,西游记女儿国,0.2%,24.96,4,0.7%,3.9%
32393,阿里巴巴2所罗门封印,0.2%,19.05,71,<0.1%,84.0%
32394,人怕出名猪怕壮,0.2%,16.98,57,<0.1%,100%
32395,闺蜜2,0.1%,14.51,3,0.7%,2.9%
32396,金钱世界,0.1%,8.63,4,0.2%,4.3%
32397,灵魂当铺之时间典当,<0.1%,8.38,2,0.5%,2.3%
32398,熊出没·变形记,<0.1%,6.73,2,0.6%,1.3%
32399,水形物语,<0.1%,4.59,171,<0.1%,--
32400,时空偷渡少女,<0.1%,3.81,85,<0.1%,100%
32401,爱在记忆消逝前,<0.1%,2.66,6,<0.1%,6.5%
32402,十七后 与青春化敌为友,<0.1%,1.85,20,<0.1%,20.3%
32403,古墓丽影：源起之战,<0.1%,1.73,109,<0.1%,36.0%
32404,诡梦凶铃,<0.1%,1.36,73,<0.1%,96.0%
32405,飞鸟历险记,<0.1%,1.27,1,0.2%,0.7%
32406,盛世秧歌,<0.1%,1.11,8,<0.1%,--
32407,黑豹,25.4%,2015.71,7,31.3%,4.1%
32408,厉害了，我的国,22.3%,1770.16,27,7.7%,27.1%
32409,红海行动,20.7%,1642.75,9,20.0%,6.6%
32410,小萝莉的猴神大叔,9.0%,716.14,9,9.6%,8.1%
32411,唐人街探案2,8.6%,685.90,7,11.6%,6.0%
32412,古墓丽影：源起之战,3.7%,296.60,25,1.2%,12.5%
32413,三块广告牌,2.1%,172.11,9,2.1%,7.1%
32414,捉妖记2,1.4%,114.21,4,3.0%,4.3%
32415,比得兔,1.2%,96.45,4,3.2%,3.6%
32416,恋爱回旋,1.0%,84.32,5,2.2%,4.5%
32417,祖宗十九代,0.5%,42.82,5,1.0%,5.2%
32418,妄想症,0.4%,38.24,104,<0.1%,74.1%
32419,妈妈咪鸭,0.4%,32.78,2,2.2%,1.7%
32420,疯狂丑小鸭,0.3%,28.08,120,<0.1%,76.3%
32421,水形物语,0.3%,27.25,7,0.4%,5.6%
32422,完美有多美,0.3%,26.58,131,<0.1%,77.0%
32423,西游记女儿国,0.2%,21.99,3,0.7%,3.5%
32424,人怕出名猪怕壮,0.2%,17.44,62,<0.1%,100%
32425,阿里巴巴2所罗门封印,0.2%,16.29,98,<0.1%,87.5%
32426,闺蜜2,0.1%,14.10,3,0.7%,2.8%
32427,玲珑井,0.1%,9.63,6,0.2%,5.2%
32428,金钱世界,<0.1%,7.70,4,0.2%,3.6%
32429,熊出没·变形记,<0.1%,7.07,2,0.6%,1.4%
32430,灵魂当铺之时间典当,<0.1%,5.35,2,0.4%,1.8%
32431,爱在记忆消逝前,<0.1%,2.31,5,<0.1%,5.6%
32432,诡梦凶铃,<0.1%,1.29,71,<0.1%,65.5%
32433,毕业那年,<0.1%,1.25,11,<0.1%,--
32434,飞鸟历险记,<0.1%,1.13,1,0.2%,0.6%
32435,盛世秧歌,<0.1%,1.09,10,<0.1%,--
32436,古墓丽影：源起之战,44.5%,7677.72,25,30.6%,15.8%
32437,水形物语,12.6%,2181.78,14,17.5%,12.5%
32438,厉害了，我的国,11.7%,2020.70,37,5.8%,38.5%
32439,黑豹,10.0%,1740.40,12,14.2%,8.7%
32440,红海行动,10.0%,1730.69,15,10.9%,13.1%
32441,小萝莉的猴神大叔,3.4%,588.55,16,4.1%,15.6%
32442,唐人街探案2,2.9%,508.68,11,4.5%,11.4%
32443,大坏狐狸的故事,1.0%,173.83,6,3.8%,5.3%
32444,三块广告牌,0.6%,120.43,13,0.9%,11.3%
32445,比得兔,0.4%,75.28,9,0.9%,9.3%
32446,虎皮萌企鹅,0.3%,68.34,5,1.6%,4.6%
32447,捉妖记2,0.3%,54.09,7,0.8%,7.7%
32448,玲珑井,0.2%,44.27,6,1.0%,6.0%
32449,完美有多美,0.2%,38.52,123,<0.1%,87.6%
32450,妄想症,0.1%,30.65,121,<0.1%,80.6%
32451,圣诞大赢家,0.1%,25.63,118,<0.1%,80.4%
32452,恋爱回旋,0.1%,25.46,8,0.3%,9.2%
32453,妈妈咪鸭,0.1%,22.03,4,0.5%,4.2%
32454,西游记女儿国,0.1%,20.43,12,0.1%,14.1%
32455,疯狂丑小鸭,0.1%,18.99,95,<0.1%,90.8%
32456,祖宗十九代,<0.1%,17.15,6,0.3%,7.1%
32457,人怕出名猪怕壮,<0.1%,11.83,60,<0.1%,100%
32458,熊出没·变形记,<0.1%,10.37,5,0.2%,5.0%
32459,闺蜜2,<0.1%,3.42,3,0.1%,3.8%
32460,毕业那年,<0.1%,3.02,23,<0.1%,--
32461,十七后 与青春化敌为友,<0.1%,2.98,1,0.3%,1.0%
32462,诡梦凶铃,<0.1%,2.88,97,<0.1%,67.4%
32463,盛世秧歌,<0.1%,2.16,17,<0.1%,--
32464,村戏,<0.1%,2.13,130,<0.1%,98.4%
32465,古镇画情,<0.1%,2.01,18,<0.1%,--
32466,心灵的阳光,<0.1%,1.67,19,<0.1%,--
32467,灵魂当铺之时间典当,<0.1%,1.24,2,0.1%,2.0%
32468,金钱世界,<0.1%,1.09,3,<0.1%,2.9%
32469,古墓丽影：源起之战,41.2%,10489.08,32,30.8%,19.9%
32470,黑豹,13.8%,3515.65,24,13.6%,18.3%
32471,红海行动,12.0%,3070.73,25,11.1%,22.6%
32472,水形物语,10.5%,2689.63,17,16.5%,14.9%
32473,小萝莉的猴神大叔,5.0%,1286.91,31,4.5%,30.4%
32474,唐人街探案2,4.1%,1047.97,23,4.2%,24.6%
32475,厉害了，我的国,4.1%,1046.10,28,3.8%,28.5%
32476,比得兔,2.1%,553.80,27,2.2%,28.2%
32477,大坏狐狸的故事,1.8%,466.34,12,4.4%,12.1%
32478,虎皮萌企鹅,1.1%,295.01,12,2.5%,12.6%
32479,三块广告牌,0.9%,241.62,25,0.8%,23.8%
32480,妈妈咪鸭,0.6%,153.83,13,1.2%,14.4%
32481,捉妖记2,0.4%,123.02,14,0.8%,16.8%
32482,熊出没·变形记,0.4%,122.73,18,0.7%,19.2%
32483,恋爱回旋,0.2%,54.45,19,0.2%,23.0%
32484,完美有多美,0.1%,39.69,113,<0.1%,73.7%
32485,妄想症,0.1%,36.71,140,<0.1%,83.8%
32486,玲珑井,0.1%,32.72,5,0.7%,5.7%
32487,祖宗十九代,<0.1%,24.89,12,0.2%,14.1%
32488,村戏,<0.1%,24.50,95,<0.1%,100%
32489,圣诞大赢家,<0.1%,22.38,110,<0.1%,75.8%
32490,疯狂丑小鸭,<0.1%,21.78,89,<0.1%,80.1%
32491,人怕出名猪怕壮,<0.1%,10.43,60,<0.1%,100%
32492,毕业那年,<0.1%,5.35,38,<0.1%,--
32493,西游记女儿国,<0.1%,5.25,6,<0.1%,6.8%
32494,闺蜜2,<0.1%,5.05,4,0.1%,6.1%
32495,盛世秧歌,<0.1%,4.82,32,<0.1%,--
32496,飞鸟历险记,<0.1%,4.33,4,0.1%,4.5%
32497,古镇画情,<0.1%,3.71,29,<0.1%,--
32498,心灵的阳光,<0.1%,3.43,32,<0.1%,--
32499,金钱世界,<0.1%,3.35,7,<0.1%,10.7%
32500,诡梦凶铃,<0.1%,3.27,101,<0.1%,88.3%
32501,灵魂当铺之时间典当,<0.1%,2.27,3,0.1%,3.5%
32502,爱在记忆消逝前,<0.1%,2.26,12,<0.1%,20.2%
32503,十七后 与青春化敌为友,<0.1%,1.80,2,0.1%,1.4%
32504,遇见你真好,<0.1%,1.50,99,<0.1%,53.1%
32505,古墓丽影：源起之战,39.4%,7810.87,24,30.8%,14.8%
32506,红海行动,12.8%,2550.13,20,11.7%,17.7%
32507,黑豹,12.1%,2412.63,16,13.8%,12.5%
32508,水形物语,9.4%,1873.19,14,14.9%,11.7%
32509,小萝莉的猴神大叔,5.9%,1183.44,25,5.0%,24.3%
32510,唐人街探案2,4.7%,946.01,19,4.6%,20.0%
32511,厉害了，我的国,4.1%,829.63,23,3.7%,23.3%
32512,比得兔,3.2%,645.21,27,2.6%,27.9%
32513,大坏狐狸的故事,2.1%,425.57,12,4.0%,12.0%
32514,虎皮萌企鹅,1.3%,266.39,11,2.4%,12.0%
32515,三块广告牌,1.0%,207.46,21,0.8%,19.8%
32516,妈妈咪鸭,0.7%,157.56,13,1.2%,14.3%
32517,熊出没·变形记,0.6%,135.43,18,0.8%,19.5%
32518,捉妖记2,0.5%,115.94,11,0.9%,13.8%
32519,恋爱回旋,0.2%,44.33,14,0.3%,16.5%
32520,完美有多美,0.1%,33.70,110,<0.1%,70.0%
32521,妄想症,0.1%,31.04,128,<0.1%,79.0%
32522,圣诞大赢家,0.1%,25.03,135,<0.1%,77.7%
32523,祖宗十九代,0.1%,22.36,10,0.2%,11.5%
32524,疯狂丑小鸭,0.1%,21.69,98,<0.1%,84.4%
32525,玲珑井,0.1%,20.27,4,0.7%,3.7%
32526,人怕出名猪怕壮,<0.1%,10.52,54,<0.1%,100%
32527,村戏,<0.1%,6.80,89,<0.1%,100%
32528,闺蜜2,<0.1%,5.51,5,0.1%,6.6%
32529,西游记女儿国,<0.1%,4.53,5,<0.1%,5.7%
32530,飞鸟历险记,<0.1%,3.99,4,0.1%,4.7%
32531,毕业那年,<0.1%,3.40,26,<0.1%,--
32532,古镇画情,<0.1%,3.27,25,<0.1%,--
32533,遇见你真好,<0.1%,3.15,81,<0.1%,61.9%
32534,诡梦凶铃,<0.1%,3.09,107,<0.1%,99.2%
32535,盛世秧歌,<0.1%,2.87,19,<0.1%,--
32536,心灵的阳光,<0.1%,2.61,30,<0.1%,--
32537,金钱世界,<0.1%,2.52,6,<0.1%,8.8%
32538,爱在记忆消逝前,<0.1%,2.38,11,<0.1%,18.5%
32539,时空偷渡少女,<0.1%,2.37,72,<0.1%,100%
32540,灵魂当铺之时间典当,<0.1%,1.56,2,0.1%,2.8%
32541,古墓丽影：源起之战,40.9%,3173.86,11,31.1%,6.6%
32542,红海行动,13.2%,1028.15,9,12.8%,7.6%
32543,厉害了，我的国,11.0%,854.54,19,5.2%,18.6%
32544,黑豹,9.9%,769.92,6,14.4%,4.3%
32545,水形物语,8.7%,678.23,6,14.2%,4.8%
32546,小萝莉的猴神大叔,5.8%,455.86,9,6.0%,8.5%
32547,唐人街探案2,5.0%,392.49,8,5.4%,7.6%
32548,三块广告牌,0.9%,75.63,8,1.0%,7.0%
32549,比得兔,0.7%,56.47,5,1.6%,4.3%
32550,大坏狐狸的故事,0.4%,35.04,2,2.3%,1.8%
32551,完美有多美,0.3%,30.34,102,<0.1%,73.5%
32552,捉妖记2,0.3%,30.19,4,0.9%,4.1%
32553,妄想症,0.2%,22.87,126,<0.1%,70.9%
32554,圣诞大赢家,0.2%,21.87,125,<0.1%,70.8%
32555,玲珑井,0.2%,16.24,3,0.7%,3.1%
32556,人怕出名猪怕壮,0.2%,16.10,58,<0.1%,100%
32557,恋爱回旋,0.1%,14.89,5,0.3%,5.2%
32558,疯狂丑小鸭,0.1%,14.63,113,<0.1%,83.2%
32559,祖宗十九代,0.1%,14.14,5,0.3%,5.7%
32560,妈妈咪鸭,0.1%,10.21,3,0.5%,2.6%
32561,虎皮萌企鹅,0.1%,10.11,1,1.1%,1.1%
32562,光影之战,<0.1%,5.70,127,<0.1%,100%
32563,熊出没·变形记,<0.1%,4.23,2,0.2%,1.9%
32564,爱在记忆消逝前,<0.1%,3.31,13,<0.1%,23.0%
32565,闺蜜2,<0.1%,2.92,2,0.1%,2.3%
32566,金钱世界,<0.1%,1.86,3,<0.1%,3.9%
32567,盛世秧歌,<0.1%,1.45,11,<0.1%,--
32568,灵魂当铺之时间典当,<0.1%,1.43,2,0.1%,1.9%
32569,诡梦凶铃,<0.1%,1.42,81,<0.1%,100%
32570,古镇画情,<0.1%,1.27,11,<0.1%,--
32571,一个人的课堂,<0.1%,1.15,139,<0.1%,77.2%
32572,毕业那年,<0.1%,1.10,11,<0.1%,--
32573,古墓丽影：源起之战,38.3%,2773.52,10,31.1%,5.8%
32574,厉害了，我的国,14.7%,1070.26,22,5.7%,22.0%
32575,红海行动,13.4%,974.97,8,13.3%,7.0%
32576,黑豹,9.2%,668.29,5,14.2%,3.9%
32577,水形物语,7.6%,553.78,5,13.2%,4.3%
32578,小萝莉的猴神大叔,6.2%,450.93,9,6.4%,7.9%
32579,唐人街探案2,4.7%,340.89,7,5.7%,6.4%
32580,三块广告牌,1.0%,75.84,8,1.0%,6.9%
32581,比得兔,0.6%,50.52,4,1.6%,3.7%
32582,捉妖记2,0.5%,41.23,4,1.0%,4.1%
32583,大坏狐狸的故事,0.4%,33.33,2,2.0%,1.9%
32584,完美有多美,0.4%,29.58,104,<0.1%,75.8%
32585,妄想症,0.3%,23.46,137,<0.1%,75.5%
32586,圣诞大赢家,0.3%,21.86,116,<0.1%,71.7%
32587,人怕出名猪怕壮,0.2%,19.06,73,<0.1%,100%
32588,恋爱回旋,0.2%,15.10,5,0.3%,5.1%
32589,疯狂丑小鸭,0.2%,14.86,83,<0.1%,83.1%
32590,祖宗十九代,0.2%,14.82,5,0.4%,5.3%
32591,玲珑井,0.1%,14.17,3,0.7%,2.8%
32592,妈妈咪鸭,0.1%,8.81,3,0.5%,2.3%
32593,虎皮萌企鹅,0.1%,8.17,1,0.9%,1.0%
32594,光影之战,<0.1%,5.70,127,<0.1%,--
32595,熊出没·变形记,<0.1%,3.71,2,0.2%,1.8%
32596,闺蜜2,<0.1%,2.16,2,0.2%,1.8%
32597,遇见你真好,<0.1%,1.67,52,<0.1%,34.2%
32598,金钱世界,<0.1%,1.57,3,<0.1%,3.9%
32599,毕业那年,<0.1%,1.34,13,<0.1%,--
32600,诡梦凶铃,<0.1%,1.24,65,<0.1%,59.0%
32601,灵魂当铺之时间典当,<0.1%,1.19,2,0.1%,1.7%
32602,盛世秧歌,<0.1%,1.13,8,<0.1%,--
32603,古墓丽影：源起之战,35.8%,2429.96,9,31.0%,5.1%
32604,厉害了，我的国,17.6%,1194.56,24,6.0%,23.6%
32605,红海行动,13.2%,898.48,8,13.7%,6.3%
32606,黑豹,8.8%,602.82,5,13.9%,3.6%
32607,水形物语,7.1%,483.49,5,12.5%,4.0%
32608,小萝莉的猴神大叔,6.4%,437.07,8,6.6%,7.4%
32609,唐人街探案2,5.0%,339.96,6,5.9%,6.1%
32610,三块广告牌,1.1%,76.24,7,1.1%,6.7%
32611,比得兔,0.7%,52.36,4,1.7%,3.9%
32612,完美有多美,0.5%,35.70,112,<0.1%,72.9%
32613,捉妖记2,0.4%,31.54,4,1.0%,3.8%
32614,大坏狐狸的故事,0.4%,30.82,2,1.9%,1.9%
32615,妄想症,0.3%,26.71,138,<0.1%,82.0%
32616,圣诞大赢家,0.3%,23.48,116,<0.1%,72.4%
32617,人怕出名猪怕壮,0.2%,16.76,62,<0.1%,100%
32618,疯狂丑小鸭,0.2%,16.75,77,<0.1%,78.9%
32619,祖宗十九代,0.2%,14.29,4,0.4%,4.8%
32620,恋爱回旋,0.2%,14.08,4,0.3%,4.7%
32621,玲珑井,0.1%,11.74,3,0.7%,2.5%
32622,妈妈咪鸭,0.1%,8.10,3,0.5%,2.1%
32623,虎皮萌企鹅,0.1%,7.70,1,0.9%,0.9%
32624,光影之战,<0.1%,5.40,120,<0.1%,100%
32625,闺蜜2,<0.1%,4.11,5,0.2%,6.1%
32626,熊出没·变形记,<0.1%,3.44,2,0.2%,1.7%
32627,翻滚吧姐妹,<0.1%,1.78,52,<0.1%,85.7%
32628,灵魂当铺之时间典当,<0.1%,1.42,2,0.1%,1.9%
32629,遇见你真好,<0.1%,1.40,43,<0.1%,35.8%
32630,爱在记忆消逝前,<0.1%,1.39,5,<0.1%,5.4%
32631,金钱世界,<0.1%,1.35,3,<0.1%,3.2%
32632,诡梦凶铃,<0.1%,1.26,68,<0.1%,71.7%
32633,盛世秧歌,<0.1%,1.11,10,<0.1%,--
32634,古镇画情,<0.1%,1.07,9,<0.1%,--
32635,古墓丽影：源起之战,28.4%,2016.44,7,30.4%,4.2%
32636,厉害了，我的国,17.5%,1247.87,24,6.0%,24.3%
32637,环太平洋：雷霆再起,12.3%,878.56,48,1.7%,24.1%
32638,红海行动,11.8%,838.26,7,13.7%,5.8%
32639,黑豹,7.8%,555.92,5,13.4%,3.4%
32640,小萝莉的猴神大叔,5.9%,421.80,8,6.8%,6.8%
32641,水形物语,5.9%,418.83,5,11.8%,3.6%
32642,唐人街探案2,4.7%,339.97,6,5.9%,5.9%
32643,三块广告牌,1.0%,71.47,7,1.1%,6.2%
32644,比得兔,0.6%,46.51,4,1.6%,3.5%
32645,完美有多美,0.4%,34.16,114,<0.1%,78.0%
32646,捉妖记2,0.4%,29.26,3,1.1%,3.3%
32647,妄想症,0.3%,28.12,135,<0.1%,80.8%
32648,大坏狐狸的故事,0.3%,26.76,2,1.7%,1.7%
32649,疯狂丑小鸭,0.2%,21.24,87,<0.1%,75.7%
32650,圣诞大赢家,0.2%,19.87,114,<0.1%,67.6%
32651,人怕出名猪怕壮,0.2%,17.25,65,<0.1%,100%
32652,祖宗十九代,0.2%,14.82,4,0.4%,4.7%
32653,恋爱回旋,0.1%,12.34,4,0.3%,4.0%
32654,玲珑井,0.1%,9.31,2,0.6%,2.1%
32655,妈妈咪鸭,0.1%,8.42,3,0.4%,2.7%
32656,虎皮萌企鹅,<0.1%,6.76,1,0.9%,0.8%
32657,光影之战,<0.1%,5.40,120,<0.1%,100%
32658,盛世秧歌,<0.1%,3.18,8,<0.1%,--
32659,熊出没·变形记,<0.1%,2.93,2,0.2%,1.5%
32660,遇见你真好,<0.1%,2.26,43,<0.1%,35.3%
32661,闺蜜2,<0.1%,2.14,2,0.2%,1.6%
32662,爱在记忆消逝前,<0.1%,1.83,6,<0.1%,7.7%
32663,金钱世界,<0.1%,1.69,3,<0.1%,3.2%
32664,诡梦凶铃,<0.1%,1.16,59,<0.1%,54.0%
32665,灵魂当铺之时间典当,<0.1%,1.00,1,0.1%,1.4%
32666,环太平洋：雷霆再起,68.8%,13624.42,29,44.6%,18.4%
32667,古墓丽影：源起之战,8.7%,1725.96,12,14.9%,9.7%
32668,厉害了，我的国,7.5%,1485.13,34,4.6%,35.8%
32669,红海行动,4.5%,891.37,11,8.1%,11.1%
32670,小萝莉的猴神大叔,2.1%,418.65,14,3.3%,13.8%
32671,黑豹,1.8%,357.88,7,5.3%,6.2%
32672,唐人街探案2,1.5%,312.00,11,2.6%,11.6%
32673,脱皮爸爸,1.4%,286.00,6,6.2%,5.6%
32674,水形物语,1.3%,260.75,7,3.7%,7.4%
32675,比得兔,0.4%,81.43,9,1.1%,9.0%
32676,三块广告牌,0.2%,59.00,12,0.4%,11.7%
32677,大坏狐狸的故事,0.1%,31.15,4,0.9%,4.1%
32678,圣诞大赢家,0.1%,29.61,112,<0.1%,76.8%
32679,完美有多美,0.1%,26.26,119,<0.1%,78.9%
32680,阿里巴巴2所罗门封印,0.1%,25.49,139,<0.1%,82.6%
32681,无眸之杀,0.1%,21.80,3,0.9%,2.9%
32682,守信少年,0.1%,20.98,93,<0.1%,81.8%
32683,捉妖记2,<0.1%,17.50,4,0.4%,4.8%
32684,虎皮萌企鹅,<0.1%,17.33,3,0.6%,2.8%
32685,人怕出名猪怕壮,<0.1%,12.53,64,<0.1%,100%
32686,熊出没·变形记,<0.1%,12.42,6,0.2%,6.7%
32687,盛世秧歌,<0.1%,10.73,21,<0.1%,--
32688,妈妈咪鸭,<0.1%,10.10,4,0.2%,4.7%
32689,祖宗十九代,<0.1%,7.66,5,0.1%,6.1%
32690,暴裂无声,<0.1%,5.64,74,<0.1%,100%
32691,恋爱回旋,<0.1%,5.51,6,0.1%,7.6%
32692,光影之战,<0.1%,4.39,134,<0.1%,100%
32693,青春24秒,<0.1%,3.82,3,0.1%,3.1%
32694,玲珑井,<0.1%,3.25,3,0.1%,3.0%
32695,诡梦凶铃,<0.1%,2.75,112,<0.1%,79.6%
32696,妄想症,<0.1%,1.55,74,<0.1%,73.8%
32697,灵魂当铺之时间典当,<0.1%,1.16,3,<0.1%,4.1%
32698,遇见你真好,<0.1%,1.07,15,<0.1%,19.5%
32699,环太平洋：雷霆再起,62.4%,16296.86,33,43.9%,20.7%
32700,古墓丽影：源起之战,11.7%,3078.70,21,13.7%,18.0%
32701,红海行动,6.1%,1604.52,20,7.8%,19.7%
32702,小萝莉的猴神大叔,3.5%,915.57,28,3.3%,28.0%
32703,黑豹,2.9%,759.60,14,4.6%,14.2%
32704,厉害了，我的国,2.3%,609.63,23,2.6%,24.5%
32705,唐人街探案2,2.3%,602.84,21,2.5%,23.0%
32706,萌犬好声音,1.8%,470.41,7,7.3%,7.2%
32707,水形物语,1.7%,455.42,15,2.9%,15.5%
32708,比得兔,1.3%,348.54,22,1.7%,22.7%
32709,脱皮爸爸,0.8%,212.17,6,3.8%,6.6%
32710,三块广告牌,0.4%,118.73,23,0.4%,22.7%
32711,大坏狐狸的故事,0.4%,107.06,11,1.0%,11.6%
32712,熊出没·变形记,0.3%,89.32,14,0.6%,16.3%
32713,虎皮萌企鹅,0.2%,56.23,7,0.8%,7.8%
32714,阿里巴巴2所罗门封印,0.1%,46.75,135,<0.1%,83.8%
32715,捉妖记2,0.1%,46.40,10,0.4%,13.0%
32716,圣诞大赢家,0.1%,44.69,117,<0.1%,76.4%
32717,完美有多美,0.1%,40.07,143,<0.1%,84.1%
32718,妈妈咪鸭,0.1%,38.74,10,0.3%,11.6%
32719,守信少年,0.1%,31.27,102,<0.1%,83.6%
32720,无眸之杀,<0.1%,19.10,4,0.5%,4.6%
32721,盛世秧歌,<0.1%,16.75,35,<0.1%,100%
32722,恋爱回旋,<0.1%,13.67,14,<0.1%,19.1%
32723,祖宗十九代,<0.1%,12.82,9,0.1%,11.8%
32724,人怕出名猪怕壮,<0.1%,11.88,63,<0.1%,100%
32725,暴裂无声,<0.1%,6.88,72,<0.1%,100%
32726,闺蜜2,<0.1%,5.87,8,<0.1%,11.5%
32727,诡梦凶铃,<0.1%,4.95,115,<0.1%,87.4%
32728,玲珑井,<0.1%,4.82,4,0.1%,4.7%
32729,光影之战,<0.1%,4.20,128,<0.1%,100%
32730,村戏,<0.1%,2.31,83,<0.1%,100%
32731,遇见你真好,<0.1%,2.17,26,<0.1%,31.9%
32732,爱在记忆消逝前,<0.1%,1.77,9,<0.1%,13.2%
32733,三伏天,<0.1%,1.74,73,<0.1%,54.7%
32734,飞鸟历险记,<0.1%,1.36,4,<0.1%,6.6%
32735,青春24秒,<0.1%,1.31,3,<0.1%,2.9%
32736,灵魂当铺之时间典当,<0.1%,1.17,2,<0.1%,3.2%
32737,金钱世界,<0.1%,1.05,5,<0.1%,6.9%
32738,环太平洋：雷霆再起,55.6%,10357.98,21,43.8%,13.3%
32739,古墓丽影：源起之战,13.6%,2545.34,17,14.0%,14.8%
32740,红海行动,7.3%,1363.08,16,8.3%,16.0%
32741,小萝莉的猴神大叔,4.4%,831.80,22,3.8%,22.3%
32742,黑豹,3.1%,585.17,11,4.7%,10.9%
32743,唐人街探案2,2.8%,527.84,17,2.8%,18.4%
32744,厉害了，我的国,2.6%,492.09,19,2.5%,20.5%
32745,比得兔,2.1%,401.91,20,2.1%,20.3%
32746,水形物语,1.8%,343.68,11,2.9%,11.7%
32747,萌犬好声音,1.5%,281.62,6,5.3%,6.0%
32748,脱皮爸爸,0.7%,144.08,5,3.3%,5.3%
32749,大坏狐狸的故事,0.5%,103.63,10,1.1%,10.7%
32750,熊出没·变形记,0.5%,99.41,13,0.8%,14.5%
32751,三块广告牌,0.5%,98.39,18,0.4%,17.5%
32752,虎皮萌企鹅,0.3%,59.31,7,0.8%,7.8%
32753,阿里巴巴2所罗门封印,0.2%,52.87,145,<0.1%,86.9%
32754,捉妖记2,0.2%,48.22,9,0.5%,11.1%
32755,圣诞大赢家,0.2%,45.69,118,<0.1%,75.3%
32756,完美有多美,0.2%,42.15,132,<0.1%,81.1%
32757,妈妈咪鸭,0.2%,40.36,9,0.4%,10.7%
32758,守信少年,0.1%,37.11,106,<0.1%,86.0%
32759,花滑女王,<0.1%,14.14,81,<0.1%,72.9%
32760,人怕出名猪怕壮,<0.1%,12.17,49,<0.1%,100%
32761,祖宗十九代,<0.1%,11.81,7,0.1%,9.2%
32762,恋爱回旋,<0.1%,11.78,12,<0.1%,14.2%
32763,无眸之杀,<0.1%,11.59,3,0.5%,2.9%
32764,盛世秧歌,<0.1%,10.99,23,<0.1%,100%
32765,闺蜜2,<0.1%,8.48,16,<0.1%,22.2%
32766,暴裂无声,<0.1%,5.54,62,<0.1%,100%
32767,遇见你真好,<0.1%,4.84,71,<0.1%,50.5%
32768,光影之战,<0.1%,4.20,128,<0.1%,100%
32769,诡梦凶铃,<0.1%,3.33,101,<0.1%,84.8%
32770,玲珑井,<0.1%,3.20,3,0.1%,3.0%
32771,飞鸟历险记,<0.1%,2.87,5,<0.1%,7.1%
32772,金钱世界,<0.1%,1.73,8,<0.1%,12.1%
32773,玩命,<0.1%,1.29,215,<0.1%,100.0%
32774,环太平洋：雷霆再起,47.9%,3172.00,8,42.7%,4.6%
32775,古墓丽影：源起之战,16.1%,1071.32,8,15.4%,6.3%
32776,红海行动,9.0%,602.43,7,9.5%,6.8%
32777,厉害了，我的国,8.1%,542.89,16,3.8%,16.6%
32778,小萝莉的猴神大叔,5.0%,337.26,8,4.8%,7.9%
32779,黑豹,3.2%,217.68,4,5.5%,3.9%
32780,唐人街探案2,2.5%,166.73,6,3.3%,5.5%
32781,水形物语,1.9%,130.12,4,3.5%,4.2%
32782,脱皮爸爸,0.7%,52.52,2,3.1%,2.2%
32783,圣诞大赢家,0.6%,40.22,125,<0.1%,80.4%
32784,阿里巴巴2所罗门封印,0.6%,40.15,142,<0.1%,85.1%
32785,三块广告牌,0.5%,36.54,7,0.5%,6.0%
32786,比得兔,0.4%,32.93,4,1.2%,3.4%
32787,完美有多美,0.4%,32.48,127,<0.1%,80.6%
32788,守信少年,0.3%,26.37,100,<0.1%,79.6%
32789,萌犬好声音,0.3%,23.35,2,2.7%,1.0%
32790,人怕出名猪怕壮,0.2%,17.17,71,<0.1%,100%
32791,捉妖记2,0.2%,14.77,3,0.5%,3.2%
32792,无眸之杀,0.1%,7.88,2,0.5%,2.2%
32793,大坏狐狸的故事,0.1%,7.65,2,0.5%,1.9%
32794,祖宗十九代,0.1%,7.41,4,0.2%,5.0%
32795,遇见你真好,<0.1%,6.28,106,<0.1%,89.7%
32796,金钱世界,<0.1%,5.26,22,<0.1%,34.2%
32797,恋爱回旋,<0.1%,4.21,4,0.1%,4.2%
32798,虎皮萌企鹅,<0.1%,3.51,2,0.3%,1.5%
32799,妈妈咪鸭,<0.1%,3.44,3,0.2%,3.3%
32800,盛世秧歌,<0.1%,3.25,9,<0.1%,--
32801,熊出没·变形记,<0.1%,2.87,2,0.2%,1.6%
32802,玲珑井,<0.1%,2.60,2,0.2%,2.2%
32803,暴裂无声,<0.1%,1.63,106,<0.1%,88.4%
32804,花滑女王,<0.1%,1.48,54,<0.1%,53.3%
32805,诡梦凶铃,<0.1%,1.28,67,<0.1%,63.2%
32806,环太平洋：雷霆再起,41.6%,2550.37,7,41.6%,3.8%
32807,古墓丽影：源起之战,16.9%,1037.83,7,15.8%,5.9%
32808,厉害了，我的国,12.3%,753.78,20,4.2%,20.8%
32809,红海行动,9.6%,589.53,7,9.9%,6.2%
32810,小萝莉的猴神大叔,5.5%,340.91,8,5.2%,7.4%
32811,黑豹,3.3%,204.45,4,5.6%,3.6%
32812,唐人街探案2,3.3%,203.28,6,3.6%,6.0%
32813,水形物语,1.9%,121.06,4,3.5%,3.9%
32814,脱皮爸爸,0.6%,39.07,2,2.9%,1.8%
32815,三块广告牌,0.5%,36.56,6,0.6%,5.6%
32816,比得兔,0.5%,32.48,4,1.2%,3.3%
32817,阿里巴巴2所罗门封印,0.5%,31.57,139,<0.1%,85.0%
32818,圣诞大赢家,0.4%,28.71,114,<0.1%,75.7%
32819,完美有多美,0.4%,24.78,136,<0.1%,83.4%
32820,守信少年,0.3%,22.75,108,<0.1%,79.1%
32821,萌犬好声音,0.2%,16.82,1,2.2%,1.0%
32822,人怕出名猪怕壮,0.2%,16.72,70,<0.1%,100%
32823,捉妖记2,0.2%,13.42,3,0.6%,2.7%
32824,大坏狐狸的故事,0.1%,8.22,2,0.5%,2.1%
32825,无眸之杀,0.1%,7.28,2,0.5%,2.0%
32826,我说的都是真的,<0.1%,5.24,131,<0.1%,91.0%
32827,恋爱回旋,<0.1%,4.18,4,0.1%,3.9%
32828,暴裂无声,<0.1%,3.77,121,<0.1%,100%
32829,花滑女王,<0.1%,3.73,77,<0.1%,69.9%
32830,盛世秧歌,<0.1%,3.00,8,<0.1%,--
32831,妈妈咪鸭,<0.1%,2.85,3,0.1%,2.6%
32832,玲珑井,<0.1%,2.58,2,0.2%,2.1%
32833,熊出没·变形记,<0.1%,2.37,2,0.2%,1.4%
32834,虎皮萌企鹅,<0.1%,2.16,1,0.2%,1.0%
32835,遇见你真好,<0.1%,1.96,52,<0.1%,48.6%
32836,诡梦凶铃,<0.1%,1.14,55,<0.1%,45.2%
32837,环太平洋：雷霆再起,38.4%,2143.20,6,40.6%,3.3%
32838,古墓丽影：源起之战,17.3%,967.10,7,16.1%,5.4%
32839,厉害了，我的国,14.7%,820.57,21,4.4%,21.6%
32840,红海行动,9.5%,532.21,6,10.2%,5.5%
32841,小萝莉的猴神大叔,5.8%,325.46,7,5.5%,6.6%
32842,黑豹,3.3%,188.43,4,5.6%,3.3%
32843,唐人街探案2,2.8%,157.83,5,3.7%,4.8%
32844,水形物语,2.0%,113.80,4,3.5%,3.6%
32845,三块广告牌,0.6%,35.21,6,0.6%,5.4%
32846,圣诞大赢家,0.5%,31.97,114,<0.1%,78.2%
32847,脱皮爸爸,0.5%,30.51,2,2.7%,1.5%
32848,阿里巴巴2所罗门封印,0.5%,30.38,147,<0.1%,86.0%
32849,比得兔,0.5%,29.33,3,1.2%,2.9%
32850,完美有多美,0.4%,23.07,127,<0.1%,76.0%
32851,守信少年,0.4%,22.51,124,<0.1%,84.8%
32852,人怕出名猪怕壮,0.2%,16.41,72,<0.1%,100%
32853,中邪,0.2%,14.96,88,<0.1%,100%
32854,萌犬好声音,0.2%,14.20,1,2.0%,0.9%
32855,捉妖记2,0.2%,13.92,3,0.6%,2.7%
32856,大坏狐狸的故事,0.1%,8.06,2,0.5%,2.2%
32857,无眸之杀,0.1%,6.72,2,0.5%,1.8%
32858,遇见你真好,<0.1%,5.42,16,<0.1%,21.0%
32859,第三度嫌疑人,<0.1%,4.82,109,<0.1%,85.0%
32860,恋爱回旋,<0.1%,3.97,3,0.1%,3.7%
32861,盛世秧歌,<0.1%,3.48,8,<0.1%,--
32862,花滑女王,<0.1%,2.66,90,<0.1%,88.5%
32863,玲珑井,<0.1%,2.61,2,0.2%,2.1%
32864,金钱世界,<0.1%,2.52,7,<0.1%,10.4%
32865,虎皮萌企鹅,<0.1%,2.43,1,0.2%,1.1%
32866,妈妈咪鸭,<0.1%,2.39,2,0.1%,2.2%
32867,熊出没·变形记,<0.1%,2.02,2,0.2%,1.2%
32868,暴裂无声,<0.1%,1.43,76,<0.1%,48.5%
32869,村戏,<0.1%,1.01,110,<0.1%,71.3%
32870,环太平洋：雷霆再起,28.8%,1822.46,6,34.8%,3.1%
32871,遇见你真好,19.1%,1208.42,9,15.8%,7.8%
32872,古墓丽影：源起之战,13.2%,837.85,6,14.4%,5.0%
32873,厉害了，我的国,12.9%,814.68,24,3.8%,24.1%
32874,红海行动,7.5%,476.13,6,9.0%,5.3%
32875,头号玩家,4.5%,287.64,24,0.9%,11.4%
32876,小萝莉的猴神大叔,4.3%,274.08,7,4.7%,6.2%
32877,黑豹,2.3%,145.33,4,4.3%,3.2%
32878,唐人街探案2,1.8%,116.00,4,2.9%,4.3%
32879,水形物语,1.2%,77.98,4,2.3%,3.5%
32880,三块广告牌,0.4%,28.88,6,0.5%,5.2%
32881,圣诞大赢家,0.4%,28.64,119,<0.1%,75.7%
32882,阿里巴巴2所罗门封印,0.4%,28.64,145,<0.1%,83.3%
32883,完美有多美,0.4%,26.95,127,<0.1%,76.9%
32884,比得兔,0.3%,21.44,3,0.9%,2.9%
32885,守信少年,0.3%,19.31,106,<0.1%,72.2%
32886,脱皮爸爸,0.1%,11.21,1,1.3%,1.2%
32887,中邪,0.1%,11.09,62,<0.1%,84.5%
32888,捉妖记2,0.1%,9.39,3,0.4%,2.5%
32889,萌犬好声音,0.1%,8.23,1,1.1%,1.0%
32890,通勤营救,0.1%,6.62,5,0.1%,3.4%
32891,大坏狐狸的故事,<0.1%,5.73,2,0.3%,2.2%
32892,妈妈咪鸭,<0.1%,4.68,6,0.1%,6.9%
32893,盛世秧歌,<0.1%,3.76,9,<0.1%,100%
32894,无眸之杀,<0.1%,3.51,2,0.3%,1.4%
32895,花滑女王,<0.1%,3.01,18,<0.1%,21.7%
32896,恋爱回旋,<0.1%,2.73,3,0.1%,3.5%
32897,人怕出名猪怕壮,<0.1%,2.60,45,<0.1%,100%
32898,熊出没·变形记,<0.1%,1.75,2,0.1%,1.3%
32899,玲珑井,<0.1%,1.55,2,0.1%,1.7%
32900,天使的声音,<0.1%,1.44,121,<0.1%,81.1%
32901,暴裂无声,<0.1%,1.38,83,<0.1%,56.8%
32902,诡梦凶铃,<0.1%,1.10,59,<0.1%,73.9%
32903,金钱世界,<0.1%,1.08,4,<0.1%,7.5%
32904,头号玩家,59.3%,8569.06,26,30.9%,16.3%
32905,环太平洋：雷霆再起,9.9%,1442.28,10,14.7%,7.0%
32906,厉害了，我的国,6.3%,914.13,38,2.5%,40.7%
32907,通勤营救,5.6%,812.05,7,14.3%,5.7%
32908,遇见你真好,4.3%,633.73,8,8.2%,8.2%
32909,花滑女王,3.5%,505.91,7,7.6%,6.8%
32910,我说的都是真的,3.1%,462.17,6,8.3%,6.2%
32911,红海行动,2.0%,302.14,11,3.0%,10.7%
32912,古墓丽影：源起之战,1.8%,266.26,7,3.9%,6.3%
32913,小萝莉的猴神大叔,0.7%,104.23,10,1.1%,10.5%
32914,第三度嫌疑人,0.4%,69.12,8,0.8%,6.9%
32915,完美有多美,0.2%,42.32,130,<0.1%,83.3%
32916,唐人街探案2,0.2%,39.17,7,0.5%,7.3%
32917,圣诞大赢家,0.2%,35.38,129,<0.1%,87.1%
32918,比得兔,0.2%,34.99,9,0.4%,9.4%
32919,守信少年,0.2%,33.13,112,<0.1%,78.5%
32920,黑豹,0.1%,28.82,5,0.5%,4.6%
32921,整形师·脸,0.1%,16.96,102,<0.1%,74.1%
32922,水形物语,<0.1%,13.55,5,0.2%,6.1%
32923,爱的帕斯卡,<0.1%,13.13,14,0.1%,15.3%
32924,盛世秧歌,<0.1%,9.93,21,<0.1%,100%
32925,玩命,<0.1%,9.54,6,0.2%,6.4%
32926,中邪,<0.1%,9.09,56,<0.1%,86.9%
32927,萌犬好声音,<0.1%,7.45,3,0.4%,2.4%
32928,熊出没·变形记,<0.1%,6.29,4,0.1%,4.7%
32929,大坏狐狸的故事,<0.1%,5.62,5,0.1%,5.2%
32930,三块广告牌,<0.1%,5.42,9,<0.1%,8.4%
32931,捉妖记2,<0.1%,3.99,4,0.1%,4.5%
32932,天使的声音,<0.1%,3.46,132,<0.1%,100%
32933,妈妈咪鸭,<0.1%,2.97,5,<0.1%,5.1%
32934,虎皮萌企鹅,<0.1%,2.08,2,0.1%,2.3%
32935,诡梦凶铃,<0.1%,1.90,115,<0.1%,64.7%
32936,脱皮爸爸,<0.1%,1.86,2,0.1%,2.6%
32937,无眸之杀,<0.1%,1.54,3,<0.1%,2.2%
32938,人怕出名猪怕壮,<0.1%,1.42,39,<0.1%,85.2%
32939,河间圣手,<0.1%,1.33,50,<0.1%,61.8%
32940,玲珑井,<0.1%,1.03,2,<0.1%,2.5%
32941,头号玩家,66.2%,15828.70,41,33.8%,26.3%
32942,环太平洋：雷霆再起,10.9%,2625.85,16,15.2%,13.0%
32943,通勤营救,4.2%,1013.69,10,11.6%,8.7%
32944,遇见你真好,3.6%,880.83,12,7.8%,12.1%
32945,红海行动,2.3%,566.04,17,3.5%,17.1%
32946,花滑女王,1.9%,456.96,9,5.6%,8.2%
32947,古墓丽影：源起之战,1.7%,427.58,10,4.1%,9.6%
32948,我说的都是真的,1.5%,380.75,8,5.5%,7.7%
32949,厉害了，我的国,1.2%,291.66,20,1.4%,21.3%
32950,比得兔,1.2%,290.59,17,1.9%,16.7%
32951,小萝莉的猴神大叔,1.1%,269.12,18,1.5%,18.6%
32952,唐人街探案2,0.3%,95.41,12,0.7%,14.3%
32953,第三度嫌疑人,0.3%,90.51,10,0.7%,8.6%
32954,萌犬好声音,0.3%,84.16,7,1.5%,6.7%
32955,熊出没·变形记,0.2%,71.38,11,0.7%,11.6%
32956,黑豹,0.2%,63.33,9,0.6%,9.2%
32957,爱的帕斯卡,0.1%,46.46,43,<0.1%,59.2%
32958,大坏狐狸的故事,0.1%,42.08,8,0.6%,8.1%
32959,完美有多美,0.1%,39.41,112,<0.1%,75.2%
32960,守信少年,0.1%,35.15,128,<0.1%,82.4%
32961,圣诞大赢家,0.1%,34.96,139,<0.1%,85.7%
32962,起跑线,0.1%,33.10,87,<0.1%,75.7%
32963,水形物语,0.1%,29.13,9,0.2%,10.7%
32964,虎皮萌企鹅,0.1%,24.18,6,0.4%,6.5%
32965,妈妈咪鸭,<0.1%,20.98,8,0.2%,9.1%
32966,整形师·脸,<0.1%,18.14,118,<0.1%,84.2%
32967,捉妖记2,<0.1%,14.37,8,0.1%,10.5%
32968,三块广告牌,<0.1%,14.26,15,<0.1%,14.9%
32969,盛世秧歌,<0.1%,14.05,29,<0.1%,100%
32970,阿里巴巴2所罗门封印,<0.1%,12.50,140,<0.1%,100%
32971,冰雪女王3：火与冰,<0.1%,12.41,46,<0.1%,43.6%
32972,脱皮爸爸,<0.1%,7.74,6,0.1%,9.0%
32973,村戏,<0.1%,6.22,69,<0.1%,100%
32974,猫与桃花源,<0.1%,5.30,94,<0.1%,--
32975,玩命,<0.1%,5.25,5,0.1%,4.8%
32976,清水里的刀子,<0.1%,3.66,110,<0.1%,100%
32977,诡梦凶铃,<0.1%,2.58,108,<0.1%,100%
32978,无眸之杀,<0.1%,2.32,3,0.1%,2.9%
32979,玲珑井,<0.1%,1.85,3,<0.1%,3.9%
32980,中邪,<0.1%,1.68,15,<0.1%,91.2%
32981,恋爱回旋,<0.1%,1.16,6,<0.1%,7.4%
32982,飞鸟历险记,<0.1%,1.03,4,<0.1%,5.7%
32983,头号玩家,70.4%,14382.56,36,35.7%,22.7%
32984,环太平洋：雷霆再起,8.5%,1747.89,11,15.2%,9.0%
32985,通勤营救,3.8%,776.49,8,10.5%,7.5%
32986,遇见你真好,3.1%,641.71,9,7.8%,8.8%
32987,红海行动,2.3%,474.35,13,3.7%,13.5%
32988,花滑女王,1.8%,371.39,7,5.1%,7.1%
32989,古墓丽影：源起之战,1.5%,313.57,8,4.0%,7.3%
32990,我说的都是真的,1.4%,300.22,7,5.1%,6.8%
32991,比得兔,1.4%,289.37,16,2.0%,15.6%
32992,小萝莉的猴神大叔,1.0%,206.91,14,1.6%,14.3%
32993,厉害了，我的国,0.9%,194.07,15,1.3%,15.3%
32994,唐人街探案2,0.4%,93.80,12,0.8%,13.9%
32995,熊出没·变形记,0.3%,73.02,10,0.7%,10.7%
32996,第三度嫌疑人,0.3%,64.90,8,0.7%,6.8%
32997,萌犬好声音,0.2%,49.19,5,1.3%,4.3%
32998,爱的帕斯卡,0.2%,44.78,52,<0.1%,87.0%
32999,黑豹,0.2%,44.03,6,0.6%,6.3%
33000,大坏狐狸的故事,0.2%,42.06,7,0.6%,7.7%
33001,完美有多美,0.1%,39.88,114,<0.1%,75.6%
33002,圣诞大赢家,0.1%,37.15,139,<0.1%,88.1%
33003,守信少年,0.1%,33.50,109,<0.1%,83.9%
33004,虎皮萌企鹅,0.1%,23.48,5,0.4%,5.6%
33005,水形物语,0.1%,22.06,7,0.2%,8.2%
33006,妈妈咪鸭,<0.1%,18.56,7,0.2%,8.3%
33007,整形师·脸,<0.1%,16.84,105,<0.1%,78.5%
33008,捉妖记2,<0.1%,14.60,8,0.1%,9.4%
33009,阿里巴巴2所罗门封印,<0.1%,12.49,149,<0.1%,100%
33010,盛世秧歌,<0.1%,11.97,27,<0.1%,--
33011,三块广告牌,<0.1%,10.01,10,<0.1%,9.7%
33012,暴裂无声,<0.1%,6.74,164,<0.1%,--
33013,村戏,<0.1%,3.65,64,<0.1%,82.6%
33014,玩命,<0.1%,3.02,4,0.1%,4.3%
33015,冰雪女王3：火与冰,<0.1%,2.61,36,<0.1%,45.1%
33016,脱皮爸爸,<0.1%,2.60,3,0.1%,4.1%
33017,诡梦凶铃,<0.1%,2.17,79,<0.1%,74.4%
33018,清水里的刀子,<0.1%,1.59,84,<0.1%,84.2%
33019,玲珑井,<0.1%,1.56,3,<0.1%,3.3%
33020,无眸之杀,<0.1%,1.32,2,0.1%,1.7%
33021,猫与桃花源,<0.1%,1.29,81,<0.1%,100%
33022,恋爱回旋,<0.1%,1.22,5,<0.1%,6.1%
33023,头号玩家,71.6%,6127.96,17,37.1%,10.4%
33024,环太平洋：雷霆再起,5.9%,511.75,4,15.5%,2.9%
33025,通勤营救,4.4%,382.89,5,10.6%,4.0%
33026,厉害了，我的国,3.8%,328.93,18,2.1%,18.6%
33027,遇见你真好,3.2%,282.04,4,8.4%,3.9%
33028,红海行动,2.6%,227.42,6,4.7%,5.6%
33029,我说的都是真的,1.6%,145.20,4,5.4%,3.4%
33030,古墓丽影：源起之战,1.5%,135.39,4,4.6%,3.0%
33031,花滑女王,1.1%,96.82,3,4.9%,2.1%
33032,爱的帕斯卡,0.5%,45.72,50,<0.1%,83.1%
33033,唐人街探案2,0.4%,34.47,4,0.9%,4.2%
33034,圣诞大赢家,0.3%,30.20,144,<0.1%,82.2%
33035,完美有多美,0.3%,29.79,122,<0.1%,79.4%
33036,守信少年,0.3%,28.22,119,<0.1%,74.8%
33037,第三度嫌疑人,0.3%,26.90,4,0.7%,3.0%
33038,黑豹,0.2%,17.92,3,0.8%,2.2%
33039,整形师·脸,0.1%,16.40,122,<0.1%,81.6%
33040,阿里巴巴2所罗门封印,0.1%,10.39,158,<0.1%,100%
33041,水形物语,0.1%,9.60,3,0.4%,2.6%
33042,比得兔,0.1%,9.54,3,0.4%,2.6%
33043,盛世秧歌,<0.1%,5.32,13,<0.1%,--
33044,捉妖记2,<0.1%,4.14,3,0.2%,2.5%
33045,三块广告牌,<0.1%,4.06,4,0.1%,4.0%
33046,萌犬好声音,<0.1%,3.48,1,0.5%,0.8%
33047,大坏狐狸的故事,<0.1%,2.57,2,0.2%,1.2%
33048,妈妈咪鸭,<0.1%,2.45,4,0.1%,4.3%
33049,虎皮萌企鹅,<0.1%,2.35,2,0.1%,1.3%
33050,熊出没·变形记,<0.1%,1.91,2,0.2%,1.2%
33051,脱皮爸爸,<0.1%,1.82,2,0.1%,2.1%
33052,无眸之杀,<0.1%,1.31,2,0.1%,1.6%
33053,诡梦凶铃,<0.1%,1.21,61,<0.1%,78.6%
33054,玲珑井,<0.1%,1.13,2,0.1%,2.1%
33055,铁道飞虎,<0.1%,1.08,117,<0.1%,87.3%
33056,猫与桃花源,<0.1%,1.06,49,<0.1%,93.7%
33057,头号玩家,69.3%,5420.03,15,37.9%,9.1%
33058,环太平洋：雷霆再起,6.1%,479.59,4,15.2%,2.8%
33059,通勤营救,4.7%,369.45,5,10.3%,4.1%
33060,厉害了，我的国,4.5%,359.18,20,2.1%,20.6%
33061,遇见你真好,3.4%,267.53,4,8.4%,3.8%
33062,红海行动,2.9%,234.28,6,5.0%,5.5%
33063,我说的都是真的,1.8%,146.40,4,5.2%,3.6%
33064,古墓丽影：源起之战,1.6%,132.87,4,4.6%,3.0%
33065,花滑女王,1.1%,86.18,3,4.6%,2.1%
33066,爱的帕斯卡,0.6%,49.53,60,<0.1%,100%
33067,完美有多美,0.4%,37.21,121,<0.1%,81.4%
33068,唐人街探案2,0.4%,35.35,4,1.0%,4.1%
33069,圣诞大赢家,0.3%,29.24,137,<0.1%,81.6%
33070,第三度嫌疑人,0.3%,25.92,4,0.7%,3.2%
33071,守信少年,0.3%,23.56,106,<0.1%,73.5%
33072,整形师·脸,0.2%,17.42,129,<0.1%,85.2%
33073,黑豹,0.2%,17.12,2,0.8%,2.1%
33074,水形物语,0.1%,10.61,3,0.4%,3.0%
33075,阿里巴巴2所罗门封印,0.1%,10.39,158,<0.1%,100%
33076,比得兔,0.1%,9.43,3,0.4%,2.7%
33077,盛世秧歌,<0.1%,5.36,13,<0.1%,--
33078,奇葩朵朵,<0.1%,4.91,19,<0.1%,18.1%
33079,三块广告牌,<0.1%,4.28,5,0.1%,4.2%
33080,萌犬好声音,<0.1%,4.18,2,0.5%,1.1%
33081,捉妖记2,<0.1%,4.16,3,0.2%,2.4%
33082,妈妈咪鸭,<0.1%,3.27,6,0.1%,6.5%
33083,起跑线,<0.1%,3.19,7,<0.1%,4.8%
33084,大坏狐狸的故事,<0.1%,2.30,2,0.2%,1.3%
33085,暴裂无声,<0.1%,2.13,16,<0.1%,18.0%
33086,熊出没·变形记,<0.1%,1.88,2,0.2%,1.2%
33087,虎皮萌企鹅,<0.1%,1.87,1,0.1%,1.0%
33088,脱皮爸爸,<0.1%,1.56,2,0.1%,1.5%
33089,无眸之杀,<0.1%,1.50,2,0.1%,1.8%
33090,诡梦凶铃,<0.1%,1.09,56,<0.1%,95.2%
33091,玲珑井,<0.1%,1.04,2,0.1%,2.0%
33092,头号玩家,58.5%,8081.20,24,31.9%,15.2%
33093,起跑线,15.4%,2127.37,16,15.5%,13.1%
33094,奇葩朵朵,7.7%,1069.26,9,13.0%,8.4%
33095,暴裂无声,5.8%,806.19,6,15.5%,5.2%
33096,环太平洋：雷霆再起,4.0%,565.84,9,6.9%,7.7%
33097,厉害了，我的国,2.1%,290.60,24,1.3%,25.0%
33098,红海行动,1.5%,208.77,11,2.2%,11.6%
33099,通勤营救,1.0%,138.35,6,2.8%,5.9%
33100,遇见你真好,0.6%,91.70,4,2.5%,4.6%
33101,古墓丽影：源起之战,0.4%,58.01,5,1.2%,5.3%
33102,我说的都是真的,0.2%,40.52,4,1.3%,4.7%
33103,圣诞大赢家,0.2%,40.27,119,<0.1%,77.4%
33104,爱的帕斯卡,0.2%,38.65,68,<0.1%,100%
33105,完美有多美,0.2%,31.22,111,<0.1%,75.2%
33106,妄想症,0.2%,30.30,138,<0.1%,86.3%
33107,花滑女王,0.1%,26.54,4,0.8%,3.5%
33108,整形师·脸,0.1%,20.19,113,<0.1%,84.6%
33109,唐人街探案2,0.1%,19.89,6,0.3%,7.1%
33110,比得兔,0.1%,15.51,7,0.3%,6.8%
33111,第三度嫌疑人,0.1%,15.27,5,0.3%,3.9%
33112,黑豹,<0.1%,10.74,4,0.2%,3.8%
33113,清水里的刀子,<0.1%,10.27,5,0.2%,5.3%
33114,盛世秧歌,<0.1%,8.34,20,<0.1%,100%
33115,凌晨两点半,<0.1%,7.48,9,0.1%,10.9%
33116,熊出没·变形记,<0.1%,5.21,4,0.1%,3.8%
33117,中邪,<0.1%,4.47,1,1.1%,8.1%
33118,水形物语,<0.1%,4.32,4,0.1%,5.4%
33119,大坏狐狸的故事,<0.1%,3.93,4,0.1%,3.5%
33120,阿里巴巴2所罗门封印,<0.1%,3.72,155,<0.1%,100%
33121,萌犬好声音,<0.1%,2.98,2,0.2%,1.9%
33122,捉妖记2,<0.1%,2.89,4,<0.1%,4.5%
33123,脱皮爸爸,<0.1%,2.86,13,<0.1%,21.5%
33124,妈妈咪鸭,<0.1%,2.86,4,<0.1%,4.6%
33125,虎皮萌企鹅,<0.1%,2.43,2,0.1%,2.3%
33126,三块广告牌,<0.1%,2.14,6,<0.1%,5.7%
33127,无眸之杀,<0.1%,1.94,3,0.1%,2.4%
33128,玲珑井,<0.1%,1.26,3,<0.1%,3.9%
33129,头号玩家,58.7%,16401.07,44,33.4%,27.3%
33130,起跑线,14.2%,3980.31,26,16.3%,22.5%
33131,冰雪女王3：火与冰,6.1%,1725.81,20,8.9%,20.1%
33132,环太平洋：雷霆再起,5.0%,1419.25,22,6.2%,20.5%
33133,暴裂无声,3.6%,1025.13,11,10.2%,10.0%
33134,奇葩朵朵,2.6%,751.96,10,7.9%,10.0%
33135,猫与桃花源,2.3%,661.59,14,4.7%,14.3%
33136,红海行动,2.1%,596.88,29,2.1%,30.9%
33137,遇见你真好,0.8%,244.17,11,2.3%,11.6%
33138,通勤营救,0.7%,211.84,13,1.7%,13.7%
33139,古墓丽影：源起之战,0.3%,110.57,11,0.9%,13.2%
33140,厉害了，我的国,0.3%,103.27,18,0.5%,18.6%
33141,比得兔,0.3%,85.93,28,0.3%,29.9%
33142,唐人街探案2,0.2%,73.97,20,0.3%,25.4%
33143,我说的都是真的,0.2%,59.99,9,0.8%,10.8%
33144,妄想症,0.1%,48.33,139,<0.1%,91.8%
33145,圣诞大赢家,0.1%,46.87,121,<0.1%,83.4%
33146,熊出没·变形记,0.1%,44.90,18,0.2%,18.7%
33147,完美有多美,0.1%,43.30,120,<0.1%,80.5%
33148,花滑女王,0.1%,40.35,11,0.4%,11.1%
33149,黑豹,0.1%,30.26,11,0.2%,12.1%
33150,第三度嫌疑人,0.1%,28.47,9,0.2%,7.5%
33151,整形师·脸,<0.1%,25.69,109,<0.1%,84.3%
33152,爱的帕斯卡,<0.1%,23.18,68,<0.1%,87.0%
33153,盛世秧歌,<0.1%,19.48,40,<0.1%,--
33154,凌晨两点半,<0.1%,16.25,11,0.1%,12.9%
33155,捉妖记2,<0.1%,10.03,11,<0.1%,12.8%
33156,水形物语,<0.1%,9.27,10,<0.1%,13.7%
33157,清水里的刀子,<0.1%,6.76,7,0.1%,7.5%
33158,三块广告牌,<0.1%,6.51,17,<0.1%,16.4%
33159,大坏狐狸的故事,<0.1%,6.39,9,<0.1%,11.7%
33160,阿里巴巴2所罗门封印,<0.1%,5.52,132,<0.1%,100%
33161,诡梦凶铃,<0.1%,4.23,141,<0.1%,92.9%
33162,妈妈咪鸭,<0.1%,3.62,7,<0.1%,8.2%
33163,无眸之杀,<0.1%,1.99,4,<0.1%,4.2%
33164,萌犬好声音,<0.1%,1.94,4,<0.1%,4.6%
33165,玲珑井,<0.1%,1.88,4,<0.1%,5.3%
33166,虎皮萌企鹅,<0.1%,1.66,4,<0.1%,6.4%
33167,玩命,<0.1%,1.47,6,<0.1%,7.6%
33168,灵魂当铺之时间典当,<0.1%,1.07,4,<0.1%,6.0%
33169,头号玩家,58.2%,14671.46,38,34.8%,23.8%
33170,起跑线,15.2%,3840.17,25,17.0%,21.4%
33171,冰雪女王3：火与冰,5.8%,1469.33,16,9.5%,15.9%
33172,环太平洋：雷霆再起,5.4%,1383.71,19,7.2%,17.4%
33173,暴裂无声,3.2%,828.96,11,8.1%,10.6%
33174,红海行动,2.4%,610.61,23,2.8%,24.3%
33175,猫与桃花源,2.3%,603.65,15,3.9%,15.6%
33176,奇葩朵朵,1.8%,467.36,9,6.2%,8.7%
33177,遇见你真好,0.9%,240.07,11,2.3%,11.9%
33178,通勤营救,0.7%,200.45,13,1.6%,13.6%
33179,比得兔,0.4%,113.56,26,0.4%,26.7%
33180,古墓丽影：源起之战,0.4%,107.31,11,0.9%,11.9%
33181,厉害了，我的国,0.3%,95.38,15,0.6%,16.4%
33182,唐人街探案2,0.3%,75.72,16,0.4%,19.5%
33183,熊出没·变形记,0.2%,58.50,17,0.3%,17.7%
33184,圣诞大赢家,0.2%,55.62,118,<0.1%,81.3%
33185,我说的都是真的,0.2%,52.76,8,0.7%,9.8%
33186,妄想症,0.1%,49.26,132,<0.1%,86.2%
33187,完美有多美,0.1%,41.79,106,<0.1%,83.0%
33188,黑豹,0.1%,29.09,10,0.2%,10.7%
33189,第三度嫌疑人,0.1%,28.39,9,0.2%,7.8%
33190,花滑女王,<0.1%,24.28,7,0.3%,7.0%
33191,整形师·脸,<0.1%,23.11,94,<0.1%,86.3%
33192,盛世秧歌,<0.1%,18.39,36,<0.1%,--
33193,凌晨两点半,<0.1%,14.45,9,0.2%,10.8%
33194,阿里巴巴2所罗门封印,<0.1%,12.49,161,<0.1%,100%
33195,捉妖记2,<0.1%,8.51,8,0.1%,9.8%
33196,水形物语,<0.1%,8.04,9,<0.1%,12.7%
33197,爱的帕斯卡,<0.1%,7.11,55,<0.1%,66.9%
33198,三块广告牌,<0.1%,6.55,18,<0.1%,17.6%
33199,大坏狐狸的故事,<0.1%,5.91,9,<0.1%,10.1%
33200,清水里的刀子,<0.1%,5.90,7,<0.1%,7.7%
33201,诡梦凶铃,<0.1%,4.22,113,<0.1%,92.9%
33202,妈妈咪鸭,<0.1%,3.20,6,<0.1%,7.4%
33203,虎皮萌企鹅,<0.1%,2.37,5,<0.1%,8.2%
33204,玲珑井,<0.1%,2.00,4,<0.1%,5.5%
33205,灵魂当铺之时间典当,<0.1%,1.84,5,<0.1%,9.2%
33206,萌犬好声音,<0.1%,1.63,3,<0.1%,4.0%
33207,珍珠塔,<0.1%,1.50,439,<0.1%,--
33208,无眸之杀,<0.1%,1.37,3,<0.1%,2.8%
33209,头号玩家,56.3%,8795.75,23,35.3%,14.1%
33210,起跑线,15.5%,2425.51,16,17.3%,13.3%
33211,冰雪女王3：火与冰,6.5%,1021.80,12,9.3%,11.6%
33212,环太平洋：雷霆再起,5.1%,796.64,10,7.7%,9.4%
33213,暴裂无声,3.6%,572.34,8,7.3%,8.1%
33214,猫与桃花源,2.6%,408.38,11,3.9%,10.7%
33215,红海行动,2.3%,359.56,13,3.0%,13.0%
33216,奇葩朵朵,1.6%,252.99,5,5.6%,5.3%
33217,遇见你真好,1.1%,173.12,8,2.3%,8.6%
33218,通勤营救,0.9%,145.10,10,1.6%,10.0%
33219,比得兔,0.5%,82.79,17,0.5%,18.1%
33220,厉害了，我的国,0.4%,70.19,12,0.6%,12.3%
33221,古墓丽影：源起之战,0.4%,66.67,7,1.0%,7.3%
33222,圣诞大赢家,0.3%,55.39,120,<0.1%,81.7%
33223,唐人街探案2,0.3%,49.00,10,0.4%,11.5%
33224,妄想症,0.3%,48.49,143,<0.1%,91.6%
33225,熊出没·变形记,0.2%,44.33,12,0.4%,12.1%
33226,完美有多美,0.2%,39.22,106,<0.1%,81.6%
33227,我说的都是真的,0.2%,36.90,6,0.7%,6.9%
33228,整形师·脸,0.1%,24.44,108,<0.1%,83.4%
33229,第三度嫌疑人,0.1%,20.09,7,0.2%,5.8%
33230,花滑女王,0.1%,19.24,6,0.3%,5.9%
33231,黑豹,0.1%,16.93,6,0.2%,5.8%
33232,盛世秧歌,<0.1%,11.38,23,<0.1%,--
33233,凌晨两点半,<0.1%,10.24,7,0.2%,7.8%
33234,阿里巴巴2所罗门封印,<0.1%,9.66,147,<0.1%,100%
33235,爱的帕斯卡,<0.1%,7.43,59,<0.1%,74.7%
33236,水形物语,<0.1%,5.54,6,<0.1%,7.9%
33237,三块广告牌,<0.1%,5.07,13,<0.1%,12.4%
33238,捉妖记2,<0.1%,4.92,5,0.1%,5.7%
33239,大坏狐狸的故事,<0.1%,4.86,7,<0.1%,7.5%
33240,清水里的刀子,<0.1%,3.68,5,<0.1%,6.0%
33241,村戏,<0.1%,3.25,57,<0.1%,100%
33242,湮灭,<0.1%,2.66,77,<0.1%,100%
33243,妈妈咪鸭,<0.1%,2.56,5,<0.1%,5.9%
33244,诡梦凶铃,<0.1%,2.02,100,<0.1%,89.4%
33245,萌犬好声音,<0.1%,1.84,4,<0.1%,3.9%
33246,虎皮萌企鹅,<0.1%,1.76,5,<0.1%,6.7%
33247,我只认识你,<0.1%,1.72,90,<0.1%,92.1%
33248,玲珑井,<0.1%,1.29,3,<0.1%,3.7%
33249,无眸之杀,<0.1%,1.17,3,<0.1%,2.6%
33250,头号玩家,58.8%,4085.95,12,36.1%,7.1%
33251,起跑线,15.8%,1102.54,8,18.6%,6.2%
33252,暴裂无声,5.0%,352.14,5,8.1%,4.9%
33253,环太平洋：雷霆再起,4.4%,306.29,4,8.4%,3.6%
33254,红海行动,2.9%,201.74,7,3.4%,6.9%
33255,厉害了，我的国,2.0%,144.36,16,1.0%,16.5%
33256,奇葩朵朵,1.7%,122.45,3,5.6%,2.6%
33257,冰雪女王3：火与冰,1.4%,99.80,2,6.1%,1.8%
33258,通勤营救,1.2%,83.70,5,1.9%,5.1%
33259,遇见你真好,1.0%,73.60,4,2.6%,3.5%
33260,圣诞大赢家,0.8%,57.64,138,<0.1%,85.3%
33261,妄想症,0.7%,49.81,152,<0.1%,90.7%
33262,完美有多美,0.6%,41.97,116,<0.1%,81.9%
33263,古墓丽影：源起之战,0.5%,37.09,4,1.1%,3.8%
33264,猫与桃花源,0.5%,35.64,2,2.4%,1.6%
33265,唐人街探案2,0.3%,24.30,5,0.5%,5.8%
33266,我说的都是真的,0.3%,21.92,3,0.9%,3.6%
33267,整形师·脸,0.2%,19.60,114,<0.1%,84.2%
33268,狂暴巨兽,0.2%,15.87,1058,<0.1%,100.0%
33269,第三度嫌疑人,0.1%,12.44,4,0.3%,3.5%
33270,花滑女王,0.1%,12.02,4,0.4%,3.4%
33271,黑豹,0.1%,7.10,3,0.2%,2.8%
33272,爱的帕斯卡,0.1%,7.04,49,<0.1%,62.9%
33273,比得兔,<0.1%,5.64,3,0.2%,3.0%
33274,盛世秧歌,<0.1%,4.06,10,<0.1%,100%
33275,水形物语,<0.1%,3.40,4,0.1%,4.3%
33276,清水里的刀子,<0.1%,2.92,4,<0.1%,4.4%
33277,脱皮爸爸,<0.1%,2.43,21,<0.1%,35.7%
33278,三块广告牌,<0.1%,2.17,5,<0.1%,5.0%
33279,熊出没·变形记,<0.1%,1.79,2,0.1%,1.7%
33280,大坏狐狸的故事,<0.1%,1.36,6,<0.1%,5.6%
33281,捉妖记2,<0.1%,1.34,2,0.1%,1.7%
33282,诡梦凶铃,<0.1%,1.17,62,<0.1%,81.1%
33283,玲珑井,<0.1%,1.14,2,<0.1%,2.8%
33284,无眸之杀,<0.1%,1.09,2,<0.1%,1.8%
33285,头号玩家,56.2%,2866.56,9,36.6%,5.1%
33286,起跑线,16.0%,819.41,6,19.1%,4.6%
33287,暴裂无声,5.7%,290.75,4,8.4%,4.0%
33288,环太平洋：雷霆再起,4.6%,235.22,3,8.8%,2.7%
33289,红海行动,3.1%,161.79,6,3.6%,5.4%
33290,厉害了，我的国,2.5%,127.84,13,1.1%,13.6%
33291,奇葩朵朵,1.8%,96.64,3,5.4%,2.3%
33292,通勤营救,1.3%,69.06,4,2.1%,4.0%
33293,遇见你真好,1.0%,54.23,3,2.4%,2.9%
33294,圣诞大赢家,1.0%,53.15,121,<0.1%,73.0%
33295,冰雪女王3：火与冰,0.9%,50.51,2,4.9%,1.2%
33296,妄想症,0.9%,49.20,129,<0.1%,80.8%
33297,整形师·脸,0.8%,45.84,103,<0.1%,81.6%
33298,完美有多美,0.7%,40.18,124,<0.1%,78.3%
33299,古墓丽影：源起之战,0.6%,31.68,3,1.2%,3.0%
33300,我说的都是真的,0.4%,20.67,3,1.0%,3.2%
33301,唐人街探案2,0.3%,17.35,4,0.5%,4.0%
33302,猫与桃花源,0.3%,16.38,1,1.9%,1.0%
33303,第三度嫌疑人,0.1%,8.57,3,0.3%,2.4%
33304,花滑女王,0.1%,6.56,2,0.4%,2.0%
33305,爱的帕斯卡,0.1%,5.87,43,<0.1%,55.1%
33306,比得兔,<0.1%,3.40,3,0.2%,2.2%
33307,盛世秧歌,<0.1%,2.84,7,<0.1%,--
33308,水形物语,<0.1%,2.41,3,0.1%,2.8%
33309,清水里的刀子,<0.1%,2.35,4,<0.1%,3.8%
33310,三块广告牌,<0.1%,1.43,4,<0.1%,3.4%
33311,萌犬好声音,<0.1%,1.36,7,<0.1%,8.8%
33312,玲珑井,<0.1%,1.23,2,0.1%,2.5%
33313,妈妈咪鸭,<0.1%,1.22,9,<0.1%,9.5%
33314,深宫怨灵,<0.1%,1.00,25,<0.1%,100%
33315,笔仙咒怨,<0.1%,1.00,25,<0.1%,100%
33316,头号玩家,53.2%,2508.32,8,36.7%,4.5%
33317,起跑线,16.4%,776.06,5,19.2%,4.3%
33318,暴裂无声,6.1%,288.93,4,8.6%,4.0%
33319,环太平洋：雷霆再起,4.6%,216.94,3,8.8%,2.6%
33320,红海行动,3.7%,176.43,6,3.9%,5.5%
33321,厉害了，我的国,3.4%,164.42,16,1.2%,16.1%
33322,奇葩朵朵,1.7%,84.18,2,5.2%,2.0%
33323,通勤营救,1.5%,75.03,4,2.2%,4.2%
33324,遇见你真好,1.1%,53.90,3,2.4%,2.9%
33325,圣诞大赢家,1.1%,52.26,122,<0.1%,78.0%
33326,冰雪女王3：火与冰,0.9%,45.10,2,4.4%,1.2%
33327,妄想症,0.9%,44.67,130,<0.1%,77.3%
33328,完美有多美,0.9%,42.86,125,<0.1%,78.5%
33329,整形师·脸,0.8%,41.40,96,<0.1%,78.2%
33330,古墓丽影：源起之战,0.7%,33.15,3,1.3%,3.0%
33331,我说的都是真的,0.4%,21.18,3,1.0%,3.1%
33332,唐人街探案2,0.3%,18.39,4,0.5%,4.0%
33333,猫与桃花源,0.3%,17.67,2,1.7%,1.2%
33334,花滑女王,0.1%,8.37,3,0.4%,2.4%
33335,第三度嫌疑人,0.1%,7.95,3,0.3%,2.3%
33336,爱的帕斯卡,0.1%,5.28,38,<0.1%,48.0%
33337,湮灭,<0.1%,4.44,100,<0.1%,99.6%
33338,比得兔,<0.1%,3.80,3,0.1%,3.1%
33339,黄金花,<0.1%,2.84,159,<0.1%,95.4%
33340,狂暴巨兽,<0.1%,2.67,41,<0.1%,30.0%
33341,盛世秧歌,<0.1%,2.48,6,<0.1%,--
33342,水形物语,<0.1%,2.43,3,0.1%,2.6%
33343,捉妖记2,<0.1%,1.91,2,0.1%,2.4%
33344,清水里的刀子,<0.1%,1.46,2,<0.1%,2.0%
33345,三块广告牌,<0.1%,1.38,4,<0.1%,3.5%
33346,爸爸的木房子,<0.1%,1.08,28,<0.1%,72.6%
33347,头号玩家,52.4%,2311.01,7,36.6%,4.2%
33348,起跑线,16.5%,729.94,5,19.1%,4.0%
33349,暴裂无声,6.5%,288.55,4,8.8%,3.9%
33350,环太平洋：雷霆再起,4.6%,206.67,3,8.8%,2.5%
33351,红海行动,3.9%,172.96,6,4.1%,5.2%
33352,厉害了，我的国,3.9%,172.72,16,1.3%,16.7%
33353,通勤营救,1.6%,73.05,4,2.3%,3.9%
33354,奇葩朵朵,1.6%,72.98,2,5.1%,1.8%
33355,遇见你真好,1.2%,53.94,3,2.5%,2.9%
33356,圣诞大赢家,0.9%,43.61,105,<0.1%,73.9%
33357,冰雪女王3：火与冰,0.9%,41.62,2,4.1%,1.2%
33358,整形师·脸,0.8%,38.59,109,<0.1%,81.8%
33359,妄想症,0.7%,34.43,126,<0.1%,78.3%
33360,完美有多美,0.7%,32.15,115,<0.1%,71.1%
33361,古墓丽影：源起之战,0.7%,31.32,3,1.4%,2.7%
33362,我说的都是真的,0.5%,22.14,3,1.1%,3.1%
33363,唐人街探案2,0.4%,18.29,4,0.6%,3.8%
33364,猫与桃花源,0.3%,13.76,1,1.6%,1.0%
33365,第三度嫌疑人,0.1%,8.34,3,0.3%,2.3%
33366,花滑女王,0.1%,5.35,2,0.4%,1.7%
33367,爱的帕斯卡,0.1%,4.67,36,<0.1%,49.4%
33368,狂暴巨兽,<0.1%,4.00,109,<0.1%,100%
33369,比得兔,<0.1%,3.21,3,0.1%,2.4%
33370,盛世秧歌,<0.1%,2.51,7,<0.1%,--
33371,水形物语,<0.1%,2.32,3,0.1%,2.5%
33372,三伏天,<0.1%,2.07,50,<0.1%,100%
33373,清水里的刀子,<0.1%,1.70,3,<0.1%,2.6%
33374,三块广告牌,<0.1%,1.61,4,<0.1%,3.4%
33375,黄金花,<0.1%,1.09,34,<0.1%,34.0%
33376,玲珑井,<0.1%,1.05,2,0.1%,2.1%
33377,头号玩家,45.8%,2108.98,7,35.9%,3.9%
33378,起跑线,14.8%,685.30,5,18.7%,3.8%
33379,狂暴巨兽,8.8%,406.44,31,1.3%,15.8%
33380,暴裂无声,5.9%,272.02,4,8.7%,3.6%
33381,厉害了，我的国,4.4%,202.98,18,1.4%,18.2%
33382,环太平洋：雷霆再起,4.2%,196.29,3,8.6%,2.4%
33383,红海行动,4.0%,188.33,6,4.2%,5.5%
33384,通勤营救,1.5%,71.55,4,2.3%,3.9%
33385,奇葩朵朵,1.4%,67.29,2,4.8%,1.7%
33386,遇见你真好,1.1%,51.06,3,2.4%,2.8%
33387,圣诞大赢家,0.9%,44.16,118,<0.1%,79.8%
33388,妄想症,0.8%,38.86,142,<0.1%,81.4%
33389,冰雪女王3：火与冰,0.8%,37.98,2,3.9%,1.1%
33390,湮灭,0.8%,37.74,8,0.5%,6.0%
33391,整形师·脸,0.8%,36.98,91,<0.1%,74.5%
33392,完美有多美,0.6%,31.08,107,<0.1%,67.0%
33393,古墓丽影：源起之战,0.6%,30.19,3,1.3%,2.6%
33394,我说的都是真的,0.4%,21.66,3,1.1%,3.0%
33395,唐人街探案2,0.3%,18.32,4,0.6%,3.8%
33396,猫与桃花源,0.2%,11.45,1,1.5%,0.9%
33397,第三度嫌疑人,0.1%,8.25,3,0.3%,2.4%
33398,花滑女王,0.1%,5.35,2,0.4%,1.8%
33399,爱的帕斯卡,0.1%,4.89,39,<0.1%,46.9%
33400,水形物语,<0.1%,2.79,3,0.1%,2.7%
33401,比得兔,<0.1%,2.74,2,0.1%,2.0%
33402,盛世秧歌,<0.1%,2.51,7,<0.1%,--
33403,清水里的刀子,<0.1%,1.95,3,<0.1%,2.9%
33404,三块广告牌,<0.1%,1.56,4,<0.1%,3.3%
33405,萌犬好声音,<0.1%,1.40,6,<0.1%,6.8%
33406,玲珑井,<0.1%,1.12,2,0.1%,2.4%
33407,玩命,<0.1%,1.05,4,<0.1%,5.2%
33408,狂暴巨兽,67.0%,9459.20,24,37.5%,15.1%
33409,头号玩家,13.0%,1839.52,13,13.6%,9.7%
33410,湮灭,9.7%,1375.25,8,18.4%,7.0%
33411,起跑线,2.7%,387.95,9,4.6%,8.8%
33412,厉害了，我的国,1.8%,260.86,36,0.7%,38.7%
33413,西北风云,1.1%,159.45,3,6.7%,2.7%
33414,寻找罗麦,1.0%,143.56,3,6.0%,2.8%
33415,毕业作品,0.8%,120.55,4,3.6%,4.1%
33416,红海行动,0.5%,83.54,11,0.8%,11.9%
33417,暴裂无声,0.3%,50.66,6,0.8%,5.9%
33418,冰雪女王3：火与冰,0.3%,48.60,5,1.2%,4.9%
33419,夺命来电,0.2%,30.54,2,1.7%,2.1%
33420,凌晨两点半,0.1%,26.84,5,0.7%,5.1%
33421,环太平洋：雷霆再起,0.1%,23.16,3,0.7%,3.4%
33422,猫与桃花源,<0.1%,10.33,4,0.3%,3.8%
33423,盛世秧歌,<0.1%,9.93,23,<0.1%,--
33424,超能太阳鸭,<0.1%,8.33,2,0.4%,1.6%
33425,整形师·脸,<0.1%,6.82,66,<0.1%,81.0%
33426,通勤营救,<0.1%,6.48,3,0.2%,3.3%
33427,遇见你真好,<0.1%,6.48,3,0.2%,4.6%
33428,唐人街探案2,<0.1%,5.21,4,0.1%,5.5%
33429,爱的帕斯卡,<0.1%,4.52,70,<0.1%,100%
33430,诡梦凶铃,<0.1%,3.34,95,<0.1%,72.5%
33431,比得兔,<0.1%,3.27,5,<0.1%,5.4%
33432,我说的都是真的,<0.1%,3.15,4,0.1%,4.4%
33433,奇葩朵朵,<0.1%,2.43,2,0.1%,2.2%
33434,古墓丽影：源起之战,<0.1%,2.30,2,0.1%,1.8%
33435,第三度嫌疑人,<0.1%,1.90,3,<0.1%,2.3%
33436,花滑女王,<0.1%,1.55,7,<0.1%,6.7%
33437,熊出没·变形记,<0.1%,1.44,3,<0.1%,3.0%
33438,圣诞大赢家,<0.1%,1.42,102,<0.1%,59.5%
33439,狂暴巨兽,63.6%,13853.39,32,39.0%,20.5%
33440,头号玩家,18.1%,3956.41,23,15.1%,18.8%
33441,湮灭,6.5%,1429.37,10,15.3%,8.4%
33442,起跑线,4.0%,887.46,18,5.3%,17.5%
33443,冰雪女王3：火与冰,2.3%,515.97,12,4.5%,12.0%
33444,红海行动,0.6%,146.31,13,1.1%,14.8%
33445,暴裂无声,0.5%,115.37,12,0.8%,12.8%
33446,毕业作品,0.5%,113.03,6,2.4%,6.1%
33447,猫与桃花源,0.5%,112.18,9,1.2%,9.8%
33448,寻找罗麦,0.4%,96.39,3,4.0%,2.8%
33449,西北风云,0.3%,76.93,2,4.1%,2.1%
33450,环太平洋：雷霆再起,0.3%,75.62,8,0.8%,8.8%
33451,厉害了，我的国,0.3%,71.76,19,0.3%,19.7%
33452,超能太阳鸭,0.2%,53.87,4,1.2%,4.1%
33453,比得兔,0.2%,45.14,14,0.3%,15.6%
33454,夺命来电,0.1%,29.45,3,1.2%,2.8%
33455,熊出没·变形记,0.1%,28.56,11,0.2%,12.2%
33456,遇见你真好,0.1%,26.60,10,0.2%,13.5%
33457,凌晨两点半,0.1%,23.03,4,0.7%,4.8%
33458,唐人街探案2,<0.1%,15.81,9,0.1%,12.1%
33459,盛世秧歌,<0.1%,12.99,31,<0.1%,--
33460,通勤营救,<0.1%,12.66,5,0.2%,6.1%
33461,爱的帕斯卡,<0.1%,8.67,85,<0.1%,100%
33462,奇葩朵朵,<0.1%,5.75,5,0.1%,5.6%
33463,古墓丽影：源起之战,<0.1%,5.12,3,0.1%,3.7%
33464,脱单告急,<0.1%,5.04,187,<0.1%,100.0%
33465,我说的都是真的,<0.1%,4.64,5,0.1%,5.8%
33466,村戏,<0.1%,3.97,67,<0.1%,85.5%
33467,第三度嫌疑人,<0.1%,3.68,6,<0.1%,4.7%
33468,诡梦凶铃,<0.1%,3.64,141,<0.1%,85.7%
33469,大坏狐狸的故事,<0.1%,2.07,6,<0.1%,7.5%
33470,三块广告牌,<0.1%,1.94,11,<0.1%,10.0%
33471,花滑女王,<0.1%,1.68,5,<0.1%,5.9%
33472,清水里的刀子,<0.1%,1.56,11,<0.1%,13.1%
33473,圣诞大赢家,<0.1%,1.51,217,<0.1%,86.1%
33474,二师兄来了,<0.1%,1.42,27,<0.1%,28.3%
33475,米花之味,<0.1%,1.11,104,<0.1%,92.8%
33476,捉妖记2,<0.1%,1.02,4,<0.1%,4.9%
33477,狂暴巨兽,64.2%,11306.19,26,39.9%,16.5%
33478,头号玩家,17.4%,3069.93,17,16.2%,13.9%
33479,湮灭,5.6%,995.32,8,13.5%,6.9%
33480,起跑线,4.2%,754.81,14,5.9%,13.6%
33481,冰雪女王3：火与冰,2.8%,508.91,11,4.9%,11.0%
33482,红海行动,0.8%,144.10,11,1.3%,12.4%
33483,猫与桃花源,0.6%,107.06,9,1.3%,9.1%
33484,暴裂无声,0.5%,100.76,10,0.9%,10.1%
33485,毕业作品,0.4%,80.07,5,2.2%,4.8%
33486,厉害了，我的国,0.4%,71.91,19,0.3%,19.8%
33487,环太平洋：雷霆再起,0.3%,62.25,6,1.0%,6.5%
33488,寻找罗麦,0.3%,59.61,2,3.3%,2.1%
33489,西北风云,0.2%,52.11,2,3.4%,1.8%
33490,比得兔,0.2%,42.87,12,0.3%,13.4%
33491,超能太阳鸭,0.2%,40.04,4,0.9%,4.0%
33492,熊出没·变形记,0.1%,31.46,10,0.3%,10.9%
33493,遇见你真好,0.1%,26.87,8,0.3%,10.7%
33494,唐人街探案2,<0.1%,16.73,8,0.1%,10.7%
33495,夺命来电,<0.1%,16.00,2,1.1%,1.7%
33496,凌晨两点半,<0.1%,14.63,3,0.6%,3.2%
33497,脱单告急,<0.1%,12.63,153,<0.1%,--
33498,通勤营救,<0.1%,11.65,5,0.2%,5.7%
33499,盛世秧歌,<0.1%,11.43,25,<0.1%,--
33500,古墓丽影：源起之战,<0.1%,5.69,4,0.1%,4.2%
33501,奇葩朵朵,<0.1%,4.69,3,0.1%,3.7%
33502,我说的都是真的,<0.1%,4.40,4,0.1%,5.1%
33503,第三度嫌疑人,<0.1%,3.88,6,<0.1%,4.4%
33504,村戏,<0.1%,3.45,109,<0.1%,100%
33505,三伏天,<0.1%,2.46,56,<0.1%,100%
33506,大坏狐狸的故事,<0.1%,2.00,6,<0.1%,7.2%
33507,花滑女王,<0.1%,1.77,5,<0.1%,5.7%
33508,水形物语,<0.1%,1.72,7,<0.1%,7.8%
33509,诡梦凶铃,<0.1%,1.72,113,<0.1%,69.2%
33510,三块广告牌,<0.1%,1.60,9,<0.1%,7.7%
33511,清水里的刀子,<0.1%,1.49,11,<0.1%,12.9%
33512,圣诞大赢家,<0.1%,1.43,205,<0.1%,81.1%
33513,米花之味,<0.1%,1.01,119,<0.1%,97.5%
33514,爱的帕斯卡,<0.1%,1.01,33,<0.1%,47.5%
33515,狂暴巨兽,68.5%,4593.46,12,41.0%,7.3%
33516,头号玩家,15.4%,1035.11,6,17.5%,4.9%
33517,湮灭,6.0%,407.58,4,13.2%,3.3%
33518,起跑线,3.9%,265.66,5,7.1%,4.2%
33519,厉害了，我的国,1.0%,68.01,13,0.6%,13.1%
33520,红海行动,0.9%,64.50,6,1.4%,5.6%
33521,暴裂无声,0.6%,46.07,4,1.4%,3.7%
33522,毕业作品,0.4%,31.87,2,2.3%,2.0%
33523,西北风云,0.3%,26.67,1,3.4%,1.0%
33524,冰雪女王3：火与冰,0.3%,22.36,2,1.8%,1.4%
33525,环太平洋：雷霆再起,0.3%,22.31,2,1.4%,1.8%
33526,寻找罗麦,0.3%,22.21,1,3.2%,0.8%
33527,凌晨两点半,0.1%,10.57,2,0.7%,2.3%
33528,夺命来电,0.1%,9.21,1,1.2%,1.0%
33529,遇见你真好,0.1%,9.20,3,0.4%,3.0%
33530,通勤营救,0.1%,7.46,3,0.3%,2.5%
33531,犬之岛,0.1%,7.14,190,<0.1%,100%
33532,唐人街探案2,<0.1%,6.56,3,0.2%,3.8%
33533,爱的帕斯卡,<0.1%,5.18,91,<0.1%,77.3%
33534,盛世秧歌,<0.1%,4.22,11,<0.1%,--
33535,花滑女王,<0.1%,3.86,8,<0.1%,8.3%
33536,猫与桃花源,<0.1%,3.57,1,0.4%,0.9%
33537,我说的都是真的,<0.1%,2.96,2,0.1%,2.4%
33538,奇葩朵朵,<0.1%,2.96,2,0.2%,1.7%
33539,第三度嫌疑人,<0.1%,2.14,3,<0.1%,2.1%
33540,比得兔,<0.1%,1.92,2,0.1%,2.1%
33541,战狼2,<0.1%,1.83,5,<0.1%,3.7%
33542,超能太阳鸭,<0.1%,1.53,1,0.3%,0.4%
33543,圣诞大赢家,<0.1%,1.13,325,<0.1%,89.7%
33544,狂暴巨兽,64.6%,3946.87,10,41.3%,6.3%
33545,头号玩家,16.4%,1005.30,6,17.7%,4.8%
33546,湮灭,6.1%,372.80,4,12.4%,3.3%
33547,起跑线,4.3%,263.25,5,7.4%,4.1%
33548,厉害了，我的国,1.5%,96.83,16,0.7%,16.6%
33549,红海行动,1.1%,68.38,5,1.6%,5.2%
33550,暴裂无声,0.7%,48.01,4,1.6%,3.4%
33551,太空熊猫英雄归来,0.5%,35.61,95,<0.1%,70.6%
33552,毕业作品,0.4%,29.19,2,2.2%,1.9%
33553,圣诞大赢家,0.4%,27.39,144,<0.1%,83.5%
33554,妄想症,0.4%,26.02,103,<0.1%,79.8%
33555,整形师·脸,0.4%,25.39,97,<0.1%,79.7%
33556,环太平洋：雷霆再起,0.3%,23.91,2,1.5%,1.8%
33557,西北风云,0.3%,22.02,1,3.1%,0.9%
33558,冰雪女王3：火与冰,0.3%,19.22,2,1.7%,1.3%
33559,寻找罗麦,0.3%,19.11,1,3.0%,0.8%
33560,凌晨两点半,0.1%,10.16,2,0.7%,2.3%
33561,遇见你真好,0.1%,9.32,3,0.4%,2.9%
33562,夺命来电,0.1%,8.59,1,1.1%,1.0%
33563,通勤营救,0.1%,6.83,2,0.3%,2.3%
33564,唐人街探案2,<0.1%,5.24,3,0.1%,3.5%
33565,犬之岛,<0.1%,4.29,114,<0.1%,100%
33566,盛世秧歌,<0.1%,3.85,9,<0.1%,100%
33567,我说的都是真的,<0.1%,3.84,3,0.2%,2.6%
33568,猫与桃花源,<0.1%,3.47,1,0.4%,1.0%
33569,比得兔,<0.1%,2.91,4,0.1%,3.9%
33570,奇葩朵朵,<0.1%,2.55,2,0.2%,1.4%
33571,第三度嫌疑人,<0.1%,2.27,3,<0.1%,2.0%
33572,花滑女王,<0.1%,2.13,6,<0.1%,6.9%
33573,超能太阳鸭,<0.1%,1.35,1,0.3%,0.4%
33574,萌犬好声音,<0.1%,1.18,16,<0.1%,20.7%
33575,古墓丽影：源起之战,<0.1%,1.13,2,<0.1%,1.8%
33576,狂暴巨兽,62.2%,3541.00,9,41.5%,5.6%
33577,头号玩家,18.2%,1036.14,6,17.9%,4.9%
33578,湮灭,6.1%,350.31,4,12.1%,3.2%
33579,起跑线,4.7%,270.90,5,7.6%,4.1%
33580,厉害了，我的国,1.6%,93.69,16,0.7%,16.4%
33581,红海行动,1.3%,79.56,5,1.9%,5.3%
33582,暴裂无声,0.8%,49.56,4,1.7%,3.3%
33583,冰雪女王3：火与冰,0.4%,26.15,2,1.8%,1.8%
33584,环太平洋：雷霆再起,0.4%,25.59,2,1.6%,1.8%
33585,毕业作品,0.4%,25.54,2,2.2%,1.7%
33586,太空熊猫英雄归来,0.4%,23.42,92,<0.1%,67.5%
33587,西北风云,0.3%,20.21,1,2.9%,0.9%
33588,圣诞大赢家,0.3%,19.93,131,<0.1%,78.6%
33589,妄想症,0.3%,17.87,114,<0.1%,68.2%
33590,整形师·脸,0.3%,17.54,90,<0.1%,76.1%
33591,寻找罗麦,0.3%,17.23,1,2.7%,0.8%
33592,遇见你真好,0.1%,9.68,3,0.5%,2.7%
33593,凌晨两点半,0.1%,9.47,2,0.7%,2.2%
33594,夺命来电,0.1%,7.99,1,1.1%,0.9%
33595,通勤营救,0.1%,7.07,2,0.3%,2.2%
33596,我说的都是真的,0.1%,5.95,5,0.2%,5.1%
33597,猫与桃花源,0.1%,5.71,2,0.4%,1.7%
33598,盛世秧歌,<0.1%,3.55,10,<0.1%,100%
33599,奇葩朵朵,<0.1%,3.50,2,0.2%,1.9%
33600,第三度嫌疑人,<0.1%,2.51,3,0.1%,2.2%
33601,比得兔,<0.1%,2.11,3,0.1%,2.5%
33602,脱皮爸爸,<0.1%,1.86,14,<0.1%,15.1%
33603,古墓丽影：源起之战,<0.1%,1.64,2,0.1%,2.4%
33604,超能太阳鸭,<0.1%,1.58,1,0.3%,0.6%
33605,熊出没·变形记,<0.1%,1.06,3,<0.1%,2.5%
33606,狂暴巨兽,60.8%,3158.67,8,41.6%,5.0%
33607,头号玩家,18.9%,984.68,6,18.0%,4.6%
33608,湮灭,6.2%,322.44,4,11.8%,3.0%
33609,起跑线,4.7%,248.85,4,7.6%,3.8%
33610,厉害了，我的国,2.1%,111.58,17,0.7%,18.1%
33611,红海行动,1.5%,81.63,5,2.0%,5.1%
33612,暴裂无声,0.9%,50.08,4,1.7%,3.4%
33613,环太平洋：雷霆再起,0.5%,27.40,2,1.6%,1.9%
33614,冰雪女王3：火与冰,0.4%,24.71,2,1.8%,1.6%
33615,毕业作品,0.4%,24.56,2,2.1%,1.7%
33616,西北风云,0.3%,18.03,1,2.8%,0.8%
33617,寻找罗麦,0.2%,13.97,1,2.6%,0.7%
33618,21克拉,0.2%,12.50,15,<0.1%,12.9%
33619,圣诞大赢家,0.2%,11.43,130,<0.1%,80.3%
33620,遇见你真好,0.1%,9.78,3,0.5%,2.7%
33621,太空熊猫英雄归来,0.1%,9.38,73,<0.1%,64.6%
33622,妄想症,0.1%,8.56,117,<0.1%,73.4%
33623,凌晨两点半,0.1%,8.20,2,0.6%,2.0%
33624,夺命来电,0.1%,7.73,1,1.0%,1.0%
33625,通勤营救,0.1%,7.37,3,0.3%,2.3%
33626,猫与桃花源,0.1%,5.33,2,0.4%,1.6%
33627,我说的都是真的,<0.1%,4.53,3,0.2%,2.5%
33628,壹号别墅,<0.1%,4.21,3,0.1%,3.4%
33629,奇葩朵朵,<0.1%,3.75,2,0.2%,1.8%
33630,整形师·脸,<0.1%,3.12,61,<0.1%,93.3%
33631,盛世秧歌,<0.1%,2.76,7,<0.1%,--
33632,比得兔,<0.1%,2.40,3,0.1%,2.8%
33633,第三度嫌疑人,<0.1%,2.17,3,0.1%,1.9%
33634,脱单告急,<0.1%,2.14,6,<0.1%,4.9%
33635,理想之路,<0.1%,2.10,96,<0.1%,62.1%
33636,花滑女王,<0.1%,1.86,4,<0.1%,3.7%
33637,古墓丽影：源起之战,<0.1%,1.80,2,<0.1%,2.8%
33638,犬之岛,<0.1%,1.56,10,<0.1%,8.2%
33639,脱皮爸爸,<0.1%,1.37,10,<0.1%,11.9%
33640,超能太阳鸭,<0.1%,1.33,1,0.3%,0.5%
33641,狂暴巨兽,44.6%,4187.64,13,29.2%,7.9%
33642,21克拉,19.3%,1817.06,10,20.4%,8.1%
33643,头号玩家,11.5%,1079.48,11,9.2%,8.7%
33644,脱单告急,9.7%,913.95,6,16.9%,4.9%
33645,犬之岛,7.3%,692.83,7,11.4%,5.9%
33646,湮灭,1.6%,150.67,6,2.4%,6.4%
33647,起跑线,1.5%,146.07,7,2.2%,6.9%
33648,厉害了，我的国,1.5%,142.05,31,0.4%,32.2%
33649,红海行动,0.5%,53.94,8,0.7%,8.1%
33650,米花之味,0.3%,35.40,5,0.7%,4.7%
33651,龙在哪里？,0.1%,16.59,2,1.0%,2.0%
33652,理想之路,0.1%,15.52,19,0.1%,19.3%
33653,冰雪女王3：火与冰,0.1%,15.39,4,0.4%,4.5%
33654,暴裂无声,0.1%,15.15,6,0.2%,6.1%
33655,求求你爱上我,0.1%,12.00,2,0.9%,1.8%
33656,环太平洋：雷霆再起,0.1%,10.19,3,0.3%,3.1%
33657,冰封迷案,<0.1%,9.10,2,0.4%,1.9%
33658,出山记,<0.1%,8.20,16,<0.1%,18.8%
33659,盛世秧歌,<0.1%,5.32,15,<0.1%,--
33660,通勤营救,<0.1%,3.40,3,0.1%,3.0%
33661,诡梦凶铃,<0.1%,3.24,87,<0.1%,77.4%
33662,猫与桃花源,<0.1%,3.10,4,0.1%,4.1%
33663,西北风云,<0.1%,3.03,2,0.2%,1.5%
33664,凌晨两点半,<0.1%,2.89,2,0.1%,2.6%
33665,比得兔,<0.1%,2.85,9,<0.1%,10.6%
33666,毕业作品,<0.1%,2.66,2,0.2%,1.5%
33667,遇见你真好,<0.1%,2.03,2,0.1%,2.2%
33668,壹号别墅,<0.1%,1.96,3,<0.1%,3.2%
33669,第三度嫌疑人,<0.1%,1.46,4,<0.1%,3.0%
33670,夺命来电,<0.1%,1.35,1,0.1%,1.4%
33671,湄公河行动,<0.1%,1.16,6,<0.1%,4.6%
33672,狂暴巨兽,47.8%,7207.23,21,31.7%,12.3%
33673,21克拉,16.2%,2440.77,13,19.6%,11.2%
33674,头号玩家,14.9%,2254.18,18,11.0%,15.1%
33675,犬之岛,7.0%,1064.56,10,11.1%,8.7%
33676,脱单告急,5.5%,835.73,7,12.2%,6.3%
33677,起跑线,2.1%,325.57,13,2.6%,12.7%
33678,湮灭,1.7%,270.45,11,2.3%,11.3%
33679,冰雪女王3：火与冰,1.0%,158.18,10,1.7%,9.6%
33680,红海行动,0.6%,103.62,11,1.0%,11.7%
33681,龙在哪里？,0.5%,81.56,6,1.6%,6.0%
33682,厉害了，我的国,0.2%,43.79,17,0.2%,18.0%
33683,暴裂无声,0.2%,38.61,10,0.3%,11.8%
33684,环太平洋：雷霆再起,0.1%,30.05,6,0.4%,6.7%
33685,猫与桃花源,0.1%,28.39,8,0.3%,8.2%
33686,米花之味,0.1%,26.80,7,0.3%,7.2%
33687,比得兔,0.1%,26.55,13,0.2%,14.3%
33688,通勤营救,0.1%,16.73,12,0.1%,12.7%
33689,理想之路,<0.1%,10.27,22,<0.1%,24.8%
33690,盛世秧歌,<0.1%,9.96,26,<0.1%,--
33691,冰封迷案,<0.1%,9.19,3,0.4%,2.7%
33692,出山记,<0.1%,5.95,11,<0.1%,14.0%
33693,凌晨两点半,<0.1%,5.25,3,0.2%,4.1%
33694,毕业作品,<0.1%,4.14,2,0.2%,2.3%
33695,超能太阳鸭,<0.1%,4.02,3,0.1%,3.1%
33696,玛丽与魔女之花,<0.1%,3.75,164,<0.1%,84.1%
33697,求求你爱上我,<0.1%,3.73,2,0.3%,1.7%
33698,遇见你真好,<0.1%,3.05,3,0.1%,3.6%
33699,壹号别墅,<0.1%,2.80,6,<0.1%,5.5%
33700,寻找罗麦,<0.1%,2.17,2,0.1%,2.1%
33701,第三度嫌疑人,<0.1%,2.14,6,<0.1%,5.1%
33702,夺命来电,<0.1%,2.01,2,0.1%,2.1%
33703,诡梦凶铃,<0.1%,1.86,107,<0.1%,58.9%
33704,古墓丽影：源起之战,<0.1%,1.71,4,<0.1%,6.2%
33705,西北风云,<0.1%,1.69,1,0.2%,1.1%
33706,三块广告牌,<0.1%,1.65,10,<0.1%,8.7%
33707,湄公河行动,<0.1%,1.51,8,<0.1%,6.0%
33708,我说的都是真的,<0.1%,1.48,3,<0.1%,4.0%
33709,战狼2,<0.1%,1.09,7,<0.1%,5.2%
33710,圣诞大赢家,<0.1%,1.00,143,<0.1%,100.0%
33711,狂暴巨兽,47.0%,5760.35,16,32.4%,9.7%
33712,21克拉,16.8%,2061.06,11,19.4%,9.6%
33713,头号玩家,14.9%,1833.88,14,11.9%,11.3%
33714,犬之岛,6.9%,846.51,9,10.2%,7.7%
33715,脱单告急,4.4%,549.67,5,11.0%,4.9%
33716,起跑线,2.3%,281.97,10,2.8%,10.2%
33717,湮灭,1.9%,237.01,9,2.4%,9.6%
33718,冰雪女王3：火与冰,1.6%,204.05,11,2.0%,10.6%
33719,红海行动,0.8%,103.63,10,1.1%,10.7%
33720,龙在哪里？,0.7%,88.21,6,1.6%,6.6%
33721,暴裂无声,0.2%,35.07,9,0.3%,9.8%
33722,猫与桃花源,0.2%,34.92,9,0.4%,8.8%
33723,比得兔,0.2%,34.11,15,0.2%,15.3%
33724,厉害了，我的国,0.2%,29.82,12,0.2%,13.2%
33725,环太平洋：雷霆再起,0.2%,28.60,6,0.4%,6.1%
33726,米花之味,0.1%,19.43,6,0.3%,6.1%
33727,理想之路,<0.1%,10.02,26,<0.1%,29.1%
33728,通勤营救,<0.1%,7.36,5,0.1%,5.7%
33729,盛世秧歌,<0.1%,7.20,20,<0.1%,--
33730,出山记,<0.1%,6.46,13,<0.1%,16.2%
33731,冰封迷案,<0.1%,6.39,2,0.3%,2.0%
33732,超能太阳鸭,<0.1%,5.35,4,0.1%,3.9%
33733,凌晨两点半,<0.1%,4.36,3,0.2%,3.2%
33734,我说的都是真的,<0.1%,3.76,13,<0.1%,19.3%
33735,遇见你真好,<0.1%,3.69,3,0.1%,4.4%
33736,毕业作品,<0.1%,3.46,2,0.2%,2.0%
33737,第三度嫌疑人,<0.1%,2.09,6,<0.1%,5.0%
33738,壹号别墅,<0.1%,1.85,3,<0.1%,3.1%
33739,西北风云,<0.1%,1.77,1,0.2%,1.1%
33740,夺命来电,<0.1%,1.74,2,0.1%,1.9%
33741,三块广告牌,<0.1%,1.58,9,<0.1%,8.3%
33742,古墓丽影：源起之战,<0.1%,1.49,4,<0.1%,5.3%
33743,寻找罗麦,<0.1%,1.47,2,0.1%,1.7%
33744,求求你爱上我,<0.1%,1.15,1,0.2%,0.7%
33745,湄公河行动,<0.1%,1.12,6,<0.1%,4.8%
33746,战狼2,<0.1%,1.05,6,<0.1%,5.1%
33747,圣诞大赢家,<0.1%,1.00,143,<0.1%,100.0%
33748,狂暴巨兽,47.3%,2189.91,7,34.1%,4.0%
33749,21克拉,20.6%,956.71,6,19.9%,4.9%
33750,头号玩家,13.9%,647.80,5,13.2%,4.0%
33751,脱单告急,5.3%,248.97,3,10.8%,2.6%
33752,犬之岛,4.2%,196.97,3,8.3%,2.3%
33753,湮灭,2.1%,99.44,4,2.9%,3.8%
33754,起跑线,1.8%,83.52,3,3.3%,2.9%
33755,红海行动,1.1%,51.53,5,1.3%,4.9%
33756,厉害了，我的国,0.9%,41.86,12,0.3%,12.6%
33757,后来的我们,0.5%,25.05,160,<0.1%,--
33758,暴裂无声,0.2%,13.66,3,0.4%,3.2%
33759,冰雪女王3：火与冰,0.1%,7.78,2,0.6%,1.5%
33760,理想之路,0.1%,7.55,23,<0.1%,31.2%
33761,米花之味,0.1%,6.78,3,0.3%,2.4%
33762,龙在哪里？,<0.1%,4.47,1,0.7%,0.7%
33763,冰封迷案,<0.1%,4.23,2,0.3%,1.4%
33764,出山记,<0.1%,3.99,10,<0.1%,12.4%
33765,通勤营救,<0.1%,3.68,3,0.1%,2.2%
33766,我说的都是真的,<0.1%,3.43,6,<0.1%,7.4%
33767,玛丽与魔女之花,<0.1%,3.18,245,<0.1%,100.0%
33768,凌晨两点半,<0.1%,3.12,2,0.2%,2.2%
33769,盛世秧歌,<0.1%,2.77,8,<0.1%,--
33770,遇见你真好,<0.1%,2.05,2,0.1%,1.8%
33771,玩命,<0.1%,1.90,69,<0.1%,100%
33772,毕业作品,<0.1%,1.67,1,0.3%,0.8%
33773,比得兔,<0.1%,1.48,2,<0.1%,2.0%
33774,西北风云,<0.1%,1.36,1,0.3%,0.7%
33775,古墓丽影：源起之战,<0.1%,1.30,2,<0.1%,2.5%
33776,夺命来电,<0.1%,1.29,1,0.1%,1.1%
33777,壹号别墅,<0.1%,1.10,2,<0.1%,2.2%
33778,猫与桃花源,<0.1%,1.00,1,0.1%,0.8%
33779,狂暴巨兽,46.2%,2068.99,7,34.3%,3.8%
33780,21克拉,20.5%,917.98,6,20.0%,4.7%
33781,头号玩家,14.5%,649.70,5,13.6%,4.0%
33782,脱单告急,5.4%,244.68,3,10.3%,2.7%
33783,犬之岛,4.3%,194.26,3,7.7%,2.5%
33784,湮灭,2.2%,98.63,4,3.0%,3.7%
33785,起跑线,1.9%,88.76,3,3.4%,3.0%
33786,厉害了，我的国,1.4%,62.71,16,0.4%,17.5%
33787,红海行动,1.3%,58.91,5,1.4%,5.1%
33788,暴裂无声,0.3%,14.53,3,0.4%,3.4%
33789,米花之味,0.2%,12.38,5,0.3%,4.5%
33790,冰雪女王3：火与冰,0.1%,7.53,2,0.6%,1.5%
33791,理想之路,0.1%,6.62,22,<0.1%,28.0%
33792,通勤营救,0.1%,4.84,3,0.1%,3.1%
33793,出山记,0.1%,4.70,10,<0.1%,15.5%
33794,冰封迷案,<0.1%,4.22,2,0.3%,1.6%
33795,龙在哪里？,<0.1%,3.49,1,0.7%,0.6%
33796,比得兔,<0.1%,3.30,6,<0.1%,5.8%
33797,盛世秧歌,<0.1%,3.12,8,<0.1%,--
33798,凌晨两点半,<0.1%,2.89,2,0.2%,1.9%
33799,人怕出名猪怕壮,<0.1%,1.86,57,<0.1%,93.6%
33800,毕业作品,<0.1%,1.75,1,0.3%,0.9%
33801,遇见你真好,<0.1%,1.62,1,0.1%,1.4%
33802,壹号别墅,<0.1%,1.45,3,<0.1%,2.8%
33803,西北风云,<0.1%,1.38,1,0.2%,0.8%
33804,古墓丽影：源起之战,<0.1%,1.29,2,<0.1%,2.7%
33805,猫与桃花源,<0.1%,1.20,1,0.1%,1.1%
33806,夺命来电,<0.1%,1.15,1,0.1%,0.9%
33807,爱的帕斯卡,<0.1%,1.02,103,<0.1%,100%
33808,求求你爱上我,<0.1%,1.00,1,0.2%,0.7%
33809,我说的都是真的,<0.1%,1.00,2,<0.1%,1.6%
33810,狂暴巨兽,45.1%,1904.90,6,34.4%,3.6%
33811,21克拉,20.1%,849.28,5,20.2%,4.3%
33812,头号玩家,14.5%,615.14,5,13.7%,3.8%
33813,脱单告急,5.3%,226.85,3,10.1%,2.6%
33814,犬之岛,4.1%,177.04,3,7.3%,2.4%
33815,湮灭,2.4%,101.32,4,3.1%,3.7%
33816,起跑线,2.1%,89.67,3,3.4%,3.1%
33817,厉害了，我的国,1.8%,78.36,18,0.5%,19.7%
33818,红海行动,1.3%,58.09,5,1.5%,4.7%
33819,米花之味,0.4%,20.82,7,0.3%,8.0%
33820,暴裂无声,0.3%,16.39,4,0.5%,3.6%
33821,幕后玩家,0.2%,10.15,154,<0.1%,100.0%
33822,冰雪女王3：火与冰,0.1%,5.89,2,0.6%,1.1%
33823,理想之路,0.1%,5.56,19,<0.1%,24.7%
33824,通勤营救,0.1%,5.01,3,0.1%,3.1%
33825,出山记,0.1%,4.23,10,<0.1%,13.0%
33826,龙在哪里？,<0.1%,3.79,1,0.6%,0.8%
33827,冰封迷案,<0.1%,3.62,2,0.3%,1.3%
33828,凌晨两点半,<0.1%,3.06,2,0.2%,2.0%
33829,盛世秧歌,<0.1%,2.61,7,<0.1%,--
33830,凤凰花开,<0.1%,2.40,320,<0.1%,32.3%
33831,我说的都是真的,<0.1%,2.18,3,<0.1%,3.1%
33832,西北风云,<0.1%,2.07,1,0.3%,1.1%
33833,清水里的刀子,<0.1%,1.91,46,<0.1%,100%
33834,寻找罗麦,<0.1%,1.90,1,0.1%,1.3%
33835,遇见你真好,<0.1%,1.76,2,0.1%,1.4%
33836,猫与桃花源,<0.1%,1.59,2,0.1%,1.4%
33837,花滑女王,<0.1%,1.58,6,<0.1%,7.3%
33838,玩命,<0.1%,1.50,24,<0.1%,32.3%
33839,毕业作品,<0.1%,1.44,1,0.3%,0.7%
33840,比得兔,<0.1%,1.40,2,<0.1%,2.0%
33841,古墓丽影：源起之战,<0.1%,1.35,2,<0.1%,2.7%
33842,壹号别墅,<0.1%,1.34,3,<0.1%,2.5%
33843,夺命来电,<0.1%,1.26,1,0.1%,1.0%
33844,渠首欢歌,<0.1%,1.18,60,<0.1%,69.1%
33845,诡梦凶铃,<0.1%,1.11,58,<0.1%,93.4%
33846,第三度嫌疑人,<0.1%,1.09,3,<0.1%,2.0%
33847,狂暴巨兽,44.9%,1780.23,6,34.5%,3.3%
33848,21克拉,19.2%,764.38,5,20.3%,3.8%
33849,头号玩家,14.9%,590.42,5,13.8%,3.6%
33850,脱单告急,5.4%,216.50,3,10.0%,2.5%
33851,犬之岛,4.0%,159.73,3,7.0%,2.3%
33852,湮灭,2.3%,94.01,4,3.1%,3.4%
33853,起跑线,2.2%,89.18,3,3.4%,3.1%
33854,厉害了，我的国,2.1%,86.41,20,0.5%,21.2%
33855,红海行动,1.5%,59.65,5,1.6%,4.7%
33856,米花之味,0.7%,30.56,10,0.3%,11.5%
33857,暴裂无声,0.3%,14.68,3,0.5%,3.2%
33858,后来的我们,0.2%,7.93,82,<0.1%,--
33859,冰雪女王3：火与冰,0.1%,5.87,2,0.6%,1.1%
33860,西北风云,0.1%,5.85,2,0.3%,2.8%
33861,出山记,0.1%,5.02,12,<0.1%,14.1%
33862,通勤营救,0.1%,4.92,3,0.1%,3.2%
33863,寻找罗麦,0.1%,4.03,2,0.1%,2.5%
33864,冰封迷案,<0.1%,3.38,2,0.3%,1.2%
33865,龙在哪里？,<0.1%,3.28,1,0.6%,0.7%
33866,理想之路,<0.1%,3.11,11,<0.1%,13.7%
33867,凌晨两点半,<0.1%,2.87,2,0.2%,1.9%
33868,花滑女王,<0.1%,2.75,11,<0.1%,12.6%
33869,凤凰花开,<0.1%,2.40,241,<0.1%,31.1%
33870,盛世秧歌,<0.1%,2.38,6,<0.1%,--
33871,遇见你真好,<0.1%,1.55,1,0.1%,1.2%
33872,毕业作品,<0.1%,1.55,1,0.3%,0.9%
33873,古墓丽影：源起之战,<0.1%,1.54,2,<0.1%,3.0%
33874,比得兔,<0.1%,1.47,3,<0.1%,2.4%
33875,猫与桃花源,<0.1%,1.44,2,0.1%,1.3%
33876,壹号别墅,<0.1%,1.18,3,<0.1%,2.4%
33877,狂暴巨兽,42.7%,1787.19,6,34.3%,3.3%
33878,21克拉,16.9%,709.93,4,20.1%,3.5%
33879,头号玩家,16.4%,686.80,5,13.7%,4.1%
33880,脱单告急,4.8%,203.92,3,9.8%,2.4%
33881,犬之岛,4.5%,188.41,3,6.8%,2.7%
33882,起跑线,2.6%,108.78,4,3.3%,3.7%
33883,厉害了，我的国,2.5%,108.32,22,0.5%,24.6%
33884,湮灭,2.4%,103.80,4,3.1%,3.7%
33885,红海行动,1.5%,64.80,5,1.6%,4.9%
33886,幕后玩家,1.1%,47.40,14,0.3%,9.3%
33887,米花之味,0.5%,24.37,9,0.2%,10.1%
33888,暴裂无声,0.5%,21.95,5,0.5%,4.7%
33889,低压槽：欲望之城,0.5%,20.89,10,0.2%,8.3%
33890,战神纪,0.3%,16.02,7,0.2%,5.2%
33891,冰雪女王3：火与冰,0.2%,9.48,2,0.7%,1.7%
33892,比得兔,0.1%,4.96,6,<0.1%,6.8%
33893,出山记,0.1%,4.92,11,<0.1%,12.9%
33894,通勤营救,0.1%,4.75,3,0.1%,3.0%
33895,龙在哪里？,0.1%,4.59,1,0.6%,1.0%
33896,寻找罗麦,0.1%,4.33,2,0.1%,2.5%
33897,理想之路,0.1%,4.23,16,<0.1%,21.2%
33898,花滑女王,<0.1%,4.09,16,<0.1%,18.6%
33899,凌晨两点半,<0.1%,3.38,2,0.2%,2.2%
33900,冰封迷案,<0.1%,3.00,1,0.3%,1.2%
33901,盛世秧歌,<0.1%,2.82,7,<0.1%,100%
33902,猫与桃花源,<0.1%,2.45,2,0.1%,2.2%
33903,遇见你真好,<0.1%,2.42,2,0.1%,1.9%
33904,西北风云,<0.1%,2.18,1,0.3%,1.1%
33905,凤凰花开,<0.1%,1.90,254,<0.1%,36.2%
33906,后来的我们,<0.1%,1.78,1,0.1%,15.2%
33907,毕业作品,<0.1%,1.64,1,0.3%,0.8%
33908,古墓丽影：源起之战,<0.1%,1.61,2,<0.1%,2.9%
33909,巴霍巴利王2：终结,<0.1%,1.51,24,<0.1%,33.1%
33910,香港大营救,<0.1%,1.36,76,<0.1%,88.7%
33911,妈妈咪鸭,<0.1%,1.36,28,<0.1%,24.7%
33912,第三度嫌疑人,<0.1%,1.21,3,<0.1%,2.3%
33913,夺命来电,<0.1%,1.13,1,0.1%,1.0%
33914,我说的都是真的,<0.1%,1.10,2,0.1%,1.7%
33915,寻找女神@娇阿依,<0.1%,1.08,145,<0.1%,100.0%
33916,后来的我们,78.4%,28556.65,59,43.8%,43.4%
33917,幕后玩家,11.9%,4366.95,19,20.2%,15.0%
33918,战神纪,3.1%,1135.97,7,14.0%,6.6%
33919,低压槽：欲望之城,2.6%,977.44,8,11.1%,7.3%
33920,狂暴巨兽,1.9%,727.55,21,2.7%,16.1%
33921,玛丽与魔女之花,0.4%,166.89,6,3.0%,5.8%
33922,头号玩家,0.4%,160.85,23,0.5%,21.8%
33923,厉害了，我的国,0.2%,88.22,45,0.1%,51.8%
33924,黄金花,0.1%,37.35,3,1.5%,2.3%
33925,犬之岛,<0.1%,31.62,12,0.2%,14.7%
33926,盛世秧歌,<0.1%,26.95,52,<0.1%,100%
33927,午夜十二点,<0.1%,26.12,7,0.4%,7.7%
33928,21克拉,<0.1%,24.76,3,1.0%,2.4%
33929,红海行动,<0.1%,11.49,14,<0.1%,19.0%
33930,起跑线,<0.1%,10.03,15,<0.1%,20.1%
33931,诡梦凶铃,<0.1%,8.65,133,<0.1%,100%
33932,冰雪女王3：火与冰,<0.1%,7.41,5,0.1%,6.2%
33933,米花之味,<0.1%,5.99,50,<0.1%,70.3%
33934,湮灭,<0.1%,5.30,8,<0.1%,10.6%
33935,寻找罗麦,<0.1%,5.03,20,<0.1%,33.1%
33936,出山记,<0.1%,4.23,21,<0.1%,31.2%
33937,猫与桃花源,<0.1%,4.01,15,<0.1%,21.9%
33938,尖叫直播,<0.1%,3.93,107,<0.1%,77.7%
33939,暴裂无声,<0.1%,3.22,21,<0.1%,29.5%
33940,比得兔,<0.1%,3.09,16,<0.1%,19.0%
33941,脱单告急,<0.1%,2.76,4,<0.1%,5.4%
33942,龙在哪里？,<0.1%,2.26,3,<0.1%,4.8%
33943,香港大营救,<0.1%,2.01,55,<0.1%,37.4%
33944,柳毅奇缘,<0.1%,1.55,345,<0.1%,100.0%
33945,理想之路,<0.1%,1.05,48,<0.1%,79.2%
33946,后来的我们,71.5%,27683.21,50,50.0%,35.4%
33947,幕后玩家,13.1%,5100.35,26,17.0%,21.3%
33948,狂暴巨兽,6.3%,2471.97,40,5.0%,30.9%
33949,战神纪,2.1%,828.78,9,8.7%,8.6%
33950,低压槽：欲望之城,2.0%,798.51,9,7.9%,8.8%
33951,头号玩家,1.6%,624.08,44,1.0%,40.8%
33952,玛丽与魔女之花,1.1%,430.04,11,4.3%,11.1%
33953,犬之岛,0.3%,135.44,22,0.5%,24.7%
33954,冰雪女王3：火与冰,0.2%,114.26,17,0.6%,18.2%
33955,尖叫直播,0.1%,70.81,27,0.2%,29.3%
33956,小公主艾薇拉与神秘王国,0.1%,64.43,9,0.8%,8.8%
33957,21克拉,0.1%,59.95,7,0.8%,7.8%
33958,比得兔,0.1%,43.95,30,0.1%,33.6%
33959,起跑线,<0.1%,31.31,23,0.1%,29.7%
33960,午夜十二点,<0.1%,30.05,8,0.4%,9.6%
33961,红海行动,<0.1%,28.03,22,0.1%,27.1%
33962,盛世秧歌,<0.1%,25.48,49,<0.1%,100%
33963,湮灭,<0.1%,25.02,23,<0.1%,27.2%
33964,龙在哪里？,<0.1%,21.76,12,0.2%,13.1%
33965,黄金花,<0.1%,19.51,3,0.7%,2.3%
33966,厉害了，我的国,<0.1%,19.01,23,<0.1%,26.4%
33967,猫与桃花源,<0.1%,14.41,14,0.1%,15.2%
33968,诡梦凶铃,<0.1%,8.08,136,<0.1%,100%
33969,米花之味,<0.1%,6.38,66,<0.1%,100%
33970,暴裂无声,<0.1%,4.69,19,<0.1%,25.1%
33971,脱单告急,<0.1%,4.30,6,<0.1%,8.3%
33972,寻找罗麦,<0.1%,3.34,15,<0.1%,39.1%
33973,清水里的刀子,<0.1%,2.66,58,<0.1%,97.9%
33974,香港大营救,<0.1%,2.19,113,<0.1%,91.5%
33975,冰封迷案,<0.1%,1.73,27,<0.1%,30.5%
33976,后来的我们,61.8%,21934.21,40,49.5%,28.2%
33977,幕后玩家,16.0%,5678.35,29,16.9%,25.2%
33978,狂暴巨兽,11.4%,4075.51,42,8.4%,32.7%
33979,头号玩家,2.8%,1002.77,44,1.8%,38.7%
33980,战神纪,2.0%,721.60,10,6.7%,10.2%
33981,低压槽：欲望之城,1.6%,593.94,9,6.3%,8.8%
33982,玛丽与魔女之花,1.2%,436.19,12,3.9%,12.4%
33983,冰雪女王3：火与冰,0.5%,193.30,21,0.9%,23.1%
33984,犬之岛,0.4%,167.83,23,0.6%,24.4%
33985,尖叫直播,0.3%,108.91,51,0.2%,51.2%
33986,小公主艾薇拉与神秘王国,0.2%,81.42,10,0.9%,10.4%
33987,21克拉,0.2%,72.95,11,0.6%,12.9%
33988,比得兔,0.2%,72.71,34,0.2%,36.1%
33989,红海行动,0.1%,50.84,23,0.2%,28.0%
33990,起跑线,0.1%,48.02,22,0.2%,27.9%
33991,午夜十二点,<0.1%,30.53,9,0.4%,10.2%
33992,湮灭,<0.1%,28.70,19,0.1%,23.0%
33993,龙在哪里？,<0.1%,27.76,12,0.2%,13.5%
33994,我是你妈,<0.1%,25.57,73,<0.1%,68.0%
33995,盛世秧歌,<0.1%,22.90,50,<0.1%,100%
33996,猫与桃花源,<0.1%,22.43,16,0.1%,19.1%
33997,黄金花,<0.1%,19.97,3,0.6%,3.0%
33998,脱单告急,<0.1%,10.67,13,0.1%,17.0%
33999,厉害了，我的国,<0.1%,9.72,14,<0.1%,14.0%
34000,诡梦凶铃,<0.1%,6.69,139,<0.1%,95.6%
34001,毕业作品,<0.1%,5.09,32,<0.1%,28.2%
34002,超能太阳鸭,<0.1%,4.72,9,<0.1%,7.9%
34003,米花之味,<0.1%,4.24,44,<0.1%,75.0%
34004,暴裂无声,<0.1%,4.09,13,<0.1%,19.0%
34005,寻找罗麦,<0.1%,3.30,13,<0.1%,26.4%
34006,环太平洋：雷霆再起,<0.1%,2.55,14,<0.1%,23.5%
34007,冰封迷案,<0.1%,1.96,25,<0.1%,34.0%
34008,古镇画情,<0.1%,1.90,37,<0.1%,--
34009,香港大营救,<0.1%,1.64,101,<0.1%,90.2%
34010,三块广告牌,<0.1%,1.17,16,<0.1%,21.3%
34011,后来的我们,56.2%,14884.74,29,47.4%,20.1%
34012,幕后玩家,17.4%,4627.45,23,17.5%,20.3%
34013,狂暴巨兽,14.3%,3810.82,31,11.0%,24.1%
34014,头号玩家,3.4%,924.49,28,2.7%,23.5%
34015,战神纪,1.9%,521.50,8,5.7%,8.8%
34016,玛丽与魔女之花,1.4%,386.87,11,3.7%,11.8%
34017,低压槽：欲望之城,1.3%,358.60,6,5.2%,6.7%
34018,冰雪女王3：火与冰,0.8%,238.02,22,1.1%,24.1%
34019,犬之岛,0.5%,140.19,19,0.6%,19.7%
34020,比得兔,0.3%,85.83,33,0.2%,35.4%
34021,尖叫直播,0.2%,77.93,45,0.2%,48.2%
34022,小公主艾薇拉与神秘王国,0.2%,76.49,10,0.8%,10.6%
34023,21克拉,0.2%,65.85,9,0.7%,10.9%
34024,红海行动,0.1%,50.17,19,0.2%,21.4%
34025,起跑线,0.1%,42.71,17,0.2%,20.2%
34026,龙在哪里？,0.1%,31.17,12,0.2%,14.6%
34027,猫与桃花源,0.1%,27.59,17,0.1%,19.6%
34028,湮灭,<0.1%,20.94,13,0.1%,15.9%
34029,午夜十二点,<0.1%,19.48,6,0.4%,6.8%
34030,古镇画情,<0.1%,17.81,38,<0.1%,100%
34031,黄金花,<0.1%,15.36,3,0.5%,2.7%
34032,厉害了，我的国,<0.1%,8.40,14,<0.1%,14.8%
34033,暴裂无声,<0.1%,3.98,12,<0.1%,15.6%
34034,诡梦凶铃,<0.1%,3.61,133,<0.1%,100%
34035,冰封迷案,<0.1%,3.24,33,<0.1%,43.3%
34036,香港大营救,<0.1%,3.21,87,<0.1%,95.4%
34037,脱单告急,<0.1%,3.16,5,<0.1%,6.0%
34038,环太平洋：雷霆再起,<0.1%,3.09,13,<0.1%,18.0%
34039,超能太阳鸭,<0.1%,1.59,6,<0.1%,6.6%
34040,盛世秧歌,<0.1%,1.40,48,<0.1%,--
34041,米花之味,<0.1%,1.16,12,<0.1%,15.5%
34042,三块广告牌,<0.1%,1.13,14,<0.1%,16.6%
34043,后来的我们,64.8%,6956.48,16,45.1%,11.1%
34044,幕后玩家,17.8%,1915.30,10,19.5%,8.4%
34045,狂暴巨兽,9.9%,1070.92,9,12.2%,6.9%
34046,头号玩家,2.3%,253.23,8,3.1%,6.7%
34047,低压槽：欲望之城,1.4%,158.10,3,6.0%,2.7%
34048,战神纪,1.2%,139.31,3,6.3%,2.3%
34049,21克拉,0.3%,35.20,4,1.1%,4.2%
34050,玛丽与魔女之花,0.2%,30.39,2,2.3%,1.6%
34051,厉害了，我的国,0.2%,28.94,21,0.1%,26.4%
34052,犬之岛,0.2%,24.67,5,0.5%,4.8%
34053,红海行动,0.1%,16.37,7,0.3%,7.3%
34054,尖叫直播,0.1%,13.98,11,0.1%,14.6%
34055,午夜十二点,0.1%,13.64,4,0.4%,4.6%
34056,黄金花,<0.1%,8.27,2,0.6%,1.3%
34057,湮灭,<0.1%,8.20,5,0.1%,5.1%
34058,古镇画情,<0.1%,8.00,19,<0.1%,100%
34059,起跑线,<0.1%,7.91,4,0.2%,3.5%
34060,出山记,<0.1%,7.08,33,<0.1%,36.4%
34061,冰雪女王3：火与冰,<0.1%,5.49,2,0.3%,2.0%
34062,诡梦凶铃,<0.1%,4.10,126,<0.1%,100%
34063,香港大营救,<0.1%,3.77,100,<0.1%,90.5%
34064,脱单告急,<0.1%,2.91,3,0.1%,3.0%
34065,西北风云,<0.1%,2.13,26,<0.1%,59.4%
34066,暴裂无声,<0.1%,1.32,3,<0.1%,3.4%
34067,后来的我们,62.0%,5264.90,13,44.6%,8.6%
34068,幕后玩家,19.5%,1655.48,9,20.0%,7.2%
34069,狂暴巨兽,10.2%,873.46,7,12.9%,5.4%
34070,头号玩家,2.7%,233.80,7,3.4%,5.6%
34071,低压槽：欲望之城,1.6%,136.71,3,5.7%,2.5%
34072,战神纪,1.3%,111.57,2,6.0%,2.0%
34073,21克拉,0.4%,34.55,4,1.2%,3.8%
34074,玛丽与魔女之花,0.3%,26.87,2,2.1%,1.6%
34075,犬之岛,0.2%,24.20,5,0.5%,4.5%
34076,厉害了，我的国,0.1%,12.34,12,0.1%,13.9%
34077,午夜十二点,0.1%,12.21,4,0.4%,4.1%
34078,尖叫直播,0.1%,12.17,11,0.1%,12.3%
34079,巴霍巴利王2：终结,0.1%,9.84,12,0.1%,7.2%
34080,出山记,0.1%,9.60,33,<0.1%,40.0%
34081,起跑线,0.1%,9.50,4,0.3%,3.8%
34082,湮灭,<0.1%,8.03,4,0.1%,4.3%
34083,黄金花,<0.1%,7.19,2,0.5%,1.4%
34084,古镇画情,<0.1%,5.06,13,<0.1%,100%
34085,香港大营救,<0.1%,5.05,48,<0.1%,63.2%
34086,冰雪女王3：火与冰,<0.1%,3.94,2,0.3%,1.7%
34087,超时空同居,<0.1%,3.10,113,<0.1%,68.8%
34088,脱单告急,<0.1%,3.02,2,0.1%,2.6%
34089,米花之味,<0.1%,2.63,23,<0.1%,29.2%
34090,路过未来,<0.1%,2.38,217,<0.1%,100%
34091,暴裂无声,<0.1%,1.69,3,<0.1%,3.5%
34092,诡梦凶铃,<0.1%,1.24,70,<0.1%,55.2%
34093,后来的我们,50.1%,5397.73,15,38.6%,10.0%
34094,幕后玩家,16.6%,1790.77,11,16.6%,9.7%
34095,巴霍巴利王2：终结,14.4%,1560.61,10,18.3%,7.3%
34096,狂暴巨兽,9.6%,1043.78,10,10.5%,8.2%
34097,香港大营救,2.7%,296.63,14,2.7%,15.1%
34098,头号玩家,2.7%,295.60,11,2.6%,9.7%
34099,低压槽：欲望之城,0.6%,72.81,3,2.7%,3.0%
34100,厉害了，我的国,0.4%,53.28,27,0.2%,33.9%
34101,战神纪,0.4%,51.80,2,2.6%,2.3%
34102,玛丽与魔女之花,0.2%,31.34,3,1.4%,2.8%
34103,犬之岛,0.2%,30.12,8,0.3%,7.9%
34104,21克拉,0.1%,21.42,4,0.6%,4.8%
34105,出山记,0.1%,13.95,31,<0.1%,39.3%
34106,午夜十二点,0.1%,12.02,5,0.3%,5.9%
34107,冰雪女王3：火与冰,<0.1%,8.62,4,0.2%,3.9%
34108,湮灭,<0.1%,8.50,7,0.1%,8.1%
34109,古镇画情,<0.1%,8.40,23,<0.1%,100%
34110,尖叫直播,<0.1%,7.12,14,<0.1%,19.0%
34111,起跑线,<0.1%,6.34,7,0.1%,8.4%
34112,暗夜良人,<0.1%,3.45,345,<0.1%,100.0%
34113,黄金花,<0.1%,3.40,2,0.2%,1.7%
34114,路过未来,<0.1%,2.24,158,<0.1%,100.0%
34115,脱单告急,<0.1%,2.00,4,<0.1%,4.5%
34116,龙在哪里？,<0.1%,1.99,3,0.1%,2.8%
34117,米花之味,<0.1%,1.79,17,<0.1%,22.0%
34118,猫与桃花源,<0.1%,1.36,3,<0.1%,3.5%
34119,暴裂无声,<0.1%,1.32,6,<0.1%,7.9%
34120,后来的我们,42.8%,6417.05,17,38.3%,11.1%
34121,幕后玩家,19.8%,2965.97,17,16.5%,15.1%
34122,狂暴巨兽,14.1%,2111.83,18,11.1%,14.4%
34123,巴霍巴利王2：终结,12.5%,1876.21,13,15.4%,10.2%
34124,头号玩家,4.6%,694.26,21,2.9%,18.0%
34125,玛丽与魔女之花,1.1%,167.55,7,2.9%,7.0%
34126,香港大营救,0.7%,105.84,9,1.6%,8.8%
34127,冰雪女王3：火与冰,0.6%,102.10,11,0.9%,11.6%
34128,低压槽：欲望之城,0.6%,93.58,5,2.0%,4.8%
34129,犬之岛,0.6%,92.01,12,0.7%,12.7%
34130,战神纪,0.5%,84.39,4,2.0%,4.7%
34131,21克拉,0.2%,37.74,7,0.6%,8.4%
34132,小公主艾薇拉与神秘王国,0.2%,30.99,5,0.8%,4.4%
34133,青年马克思,0.1%,23.86,2,1.4%,1.7%
34134,龙在哪里？,0.1%,17.13,6,0.3%,7.5%
34135,午夜十二点,0.1%,16.36,6,0.3%,7.4%
34136,湮灭,<0.1%,14.94,10,0.1%,12.2%
34137,起跑线,<0.1%,14.19,11,0.1%,14.6%
34138,古镇画情,<0.1%,12.45,31,<0.1%,100%
34139,出山记,<0.1%,11.85,37,<0.1%,40.2%
34140,猫与桃花源,<0.1%,10.99,8,0.1%,9.1%
34141,厉害了，我的国,<0.1%,10.01,15,<0.1%,21.6%
34142,黄金花,<0.1%,4.49,3,0.1%,2.7%
34143,诡梦凶铃,<0.1%,3.21,121,<0.1%,73.0%
34144,暴裂无声,<0.1%,3.18,14,<0.1%,18.8%
34145,尖叫直播,<0.1%,2.14,5,<0.1%,6.1%
34146,阿里巴巴2所罗门封印,<0.1%,2.00,39,<0.1%,55.0%
34147,环太平洋：雷霆再起,<0.1%,1.86,9,<0.1%,11.1%
34148,米花之味,<0.1%,1.70,14,<0.1%,24.0%
34149,脱单告急,<0.1%,1.66,3,<0.1%,3.4%
34150,超时空同居,<0.1%,1.49,100,<0.1%,100%
34151,我们的青春岁月,<0.1%,1.47,19,<0.1%,30.0%
34152,三块广告牌,<0.1%,1.46,12,<0.1%,15.3%
34153,超能太阳鸭,<0.1%,1.36,4,<0.1%,4.8%
34154,后来的我们,39.5%,4841.36,13,37.3%,8.6%
34155,幕后玩家,20.6%,2524.83,14,17.2%,12.2%
34156,狂暴巨兽,15.3%,1879.51,15,12.0%,11.9%
34157,巴霍巴利王2：终结,11.9%,1468.28,11,14.7%,8.5%
34158,头号玩家,5.0%,622.94,17,3.3%,14.2%
34159,玛丽与魔女之花,1.4%,175.69,7,2.9%,7.4%
34160,冰雪女王3：火与冰,1.0%,125.24,13,1.0%,13.2%
34161,香港大营救,0.7%,94.11,8,1.4%,8.7%
34162,低压槽：欲望之城,0.7%,88.61,5,1.9%,4.8%
34163,犬之岛,0.6%,79.35,11,0.7%,10.9%
34164,战神纪,0.5%,68.01,4,1.9%,4.1%
34165,我是你妈,0.4%,49.21,68,<0.1%,65.1%
34166,21克拉,0.2%,35.04,6,0.6%,7.4%
34167,小公主艾薇拉与神秘王国,0.2%,32.59,5,0.8%,4.7%
34168,青年马克思,0.2%,26.20,2,1.5%,1.8%
34169,龙在哪里？,0.1%,20.53,7,0.3%,8.3%
34170,湮灭,0.1%,14.11,9,0.1%,10.0%
34171,起跑线,0.1%,13.83,11,0.1%,13.8%
34172,出山记,0.1%,12.64,41,<0.1%,44.9%
34173,午夜十二点,<0.1%,11.93,4,0.3%,5.2%
34174,古镇画情,<0.1%,9.93,25,<0.1%,100%
34175,诡梦凶铃,<0.1%,5.21,225,<0.1%,97.0%
34176,黄金花,<0.1%,4.19,3,0.1%,3.0%
34177,厉害了，我的国,<0.1%,3.96,9,<0.1%,11.9%
34178,西北风云,<0.1%,3.21,34,<0.1%,73.3%
34179,暴裂无声,<0.1%,2.59,11,<0.1%,15.7%
34180,脱单告急,<0.1%,2.11,4,<0.1%,4.3%
34181,尖叫直播,<0.1%,1.90,4,<0.1%,6.0%
34182,米花之味,<0.1%,1.87,20,<0.1%,44.6%
34183,三块广告牌,<0.1%,1.63,12,<0.1%,15.0%
34184,超能太阳鸭,<0.1%,1.55,4,<0.1%,4.5%
34185,环太平洋：雷霆再起,<0.1%,1.47,6,<0.1%,8.1%
34186,我们的青春岁月,<0.1%,1.01,20,<0.1%,32.2%
34187,后来的我们,45.7%,2367.12,7,37.0%,4.7%
34188,幕后玩家,20.9%,1083.56,6,18.6%,5.3%
34189,狂暴巨兽,13.0%,673.98,6,12.8%,4.4%
34190,巴霍巴利王2：终结,11.0%,570.46,5,14.8%,3.6%
34191,头号玩家,3.9%,203.30,6,3.6%,4.8%
34192,香港大营救,1.2%,64.26,7,1.3%,7.0%
34193,低压槽：欲望之城,0.8%,43.31,2,2.1%,2.2%
34194,战神纪,0.5%,27.89,2,2.0%,1.7%
34195,青年马克思,0.3%,18.02,1,2.4%,0.8%
34196,21克拉,0.3%,17.08,3,0.8%,3.2%
34197,出山记,0.2%,13.91,35,<0.1%,36.5%
34198,犬之岛,0.2%,13.37,3,0.4%,2.9%
34199,玛丽与魔女之花,0.2%,13.03,2,1.4%,1.2%
34200,厉害了，我的国,0.1%,8.47,10,<0.1%,10.5%
34201,午夜十二点,0.1%,8.26,3,0.3%,3.5%
34202,冰雪女王3：火与冰,<0.1%,4.85,3,0.3%,2.3%
34203,湮灭,<0.1%,4.80,3,0.1%,3.7%
34204,我是你妈,<0.1%,3.60,151,<0.1%,93.3%
34205,古镇画情,<0.1%,3.54,9,<0.1%,100%
34206,黄金花,<0.1%,3.19,2,0.1%,2.0%
34207,起跑线,<0.1%,3.13,3,0.1%,3.2%
34208,我们的青春岁月,<0.1%,1.47,22,<0.1%,34.4%
34209,脱单告急,<0.1%,1.31,2,0.1%,2.0%
34210,诡梦凶铃,<0.1%,1.14,63,<0.1%,40.2%
34211,尖叫直播,<0.1%,1.06,2,<0.1%,2.5%
34212,后来的我们,43.3%,2050.76,6,36.6%,4.2%
34213,幕后玩家,21.7%,1029.45,6,19.0%,4.9%
34214,狂暴巨兽,14.0%,665.34,6,13.1%,4.3%
34215,巴霍巴利王2：终结,11.1%,527.56,5,14.4%,3.5%
34216,头号玩家,4.3%,203.87,6,3.7%,4.6%
34217,低压槽：欲望之城,0.8%,39.55,2,2.1%,2.2%
34218,香港大营救,0.8%,38.53,5,1.1%,5.2%
34219,战神纪,0.5%,25.80,2,2.0%,1.6%
34220,青年马克思,0.4%,21.50,1,2.7%,0.9%
34221,21克拉,0.3%,18.05,3,0.8%,3.2%
34222,出山记,0.3%,17.49,41,<0.1%,43.1%
34223,犬之岛,0.2%,12.55,3,0.4%,3.0%
34224,玛丽与魔女之花,0.2%,12.23,2,1.3%,1.2%
34225,厉害了，我的国,0.2%,9.63,11,0.1%,12.6%
34226,午夜十二点,0.1%,8.44,3,0.4%,3.5%
34227,湮灭,0.1%,5.29,4,0.1%,3.6%
34228,冰雪女王3：火与冰,<0.1%,4.10,3,0.2%,2.2%
34229,黄金花,<0.1%,3.65,3,0.1%,2.6%
34230,起跑线,<0.1%,3.45,3,0.1%,3.2%
34231,古镇画情,<0.1%,3.35,9,<0.1%,100%
34232,尖叫直播,<0.1%,2.38,5,<0.1%,5.7%
34233,我们的青春岁月,<0.1%,1.87,22,<0.1%,38.7%
34234,复仇者联盟3：无限战争,<0.1%,1.79,90,<0.1%,92.9%
34235,米花之味,<0.1%,1.37,16,<0.1%,16.1%
34236,路过未来,<0.1%,1.23,177,<0.1%,--
34237,脱单告急,<0.1%,1.15,2,0.1%,1.7%
34238,诡梦凶铃,<0.1%,1.00,51,<0.1%,67.9%
34239,后来的我们,41.0%,1759.69,6,36.5%,3.6%
34240,幕后玩家,22.0%,945.11,6,19.2%,4.4%
34241,狂暴巨兽,15.3%,657.80,6,13.4%,4.2%
34242,巴霍巴利王2：终结,11.4%,490.72,5,14.2%,3.4%
34243,头号玩家,4.6%,197.88,6,3.8%,4.4%
34244,低压槽：欲望之城,0.9%,38.85,2,2.1%,2.1%
34245,青年马克思,0.7%,32.12,2,2.4%,1.5%
34246,战神纪,0.6%,27.88,2,2.0%,1.7%
34247,21克拉,0.4%,17.87,3,0.9%,2.9%
34248,出山记,0.4%,17.60,44,<0.1%,42.4%
34249,厉害了，我的国,0.3%,13.14,18,0.1%,22.2%
34250,香港大营救,0.2%,12.16,2,0.9%,1.9%
34251,玛丽与魔女之花,0.2%,11.97,2,1.3%,1.2%
34252,犬之岛,0.2%,11.62,3,0.4%,2.6%
34253,午夜十二点,0.2%,8.59,3,0.4%,3.4%
34254,湮灭,0.1%,4.86,3,0.1%,3.1%
34255,古镇画情,<0.1%,3.68,10,<0.1%,68.4%
34256,起跑线,<0.1%,3.58,3,0.1%,3.3%
34257,冰雪女王3：火与冰,<0.1%,2.71,2,0.2%,1.4%
34258,尖叫直播,<0.1%,2.18,4,<0.1%,5.7%
34259,黄金花,<0.1%,2.15,2,0.1%,1.5%
34260,我们的青春岁月,<0.1%,1.86,26,<0.1%,40.0%
34261,脱单告急,<0.1%,1.37,2,0.1%,2.0%
34262,我是你妈,<0.1%,1.11,50,<0.1%,24.5%
34263,复仇者联盟3：无限战争,60.9%,5950.63,82,6.4%,50.9%
34264,后来的我们,15.6%,1524.41,5,33.9%,3.2%
34265,幕后玩家,8.5%,835.71,5,18.2%,3.9%
34266,狂暴巨兽,6.1%,604.78,5,12.8%,3.8%
34267,巴霍巴利王2：终结,4.3%,420.91,4,13.2%,3.0%
34268,头号玩家,1.8%,176.95,5,3.6%,4.0%
34269,青年马克思,0.5%,50.41,3,2.2%,2.4%
34270,低压槽：欲望之城,0.3%,32.36,2,1.9%,1.8%
34271,战神纪,0.2%,24.87,2,1.8%,1.6%
34272,出山记,0.1%,17.89,45,<0.1%,44.3%
34273,21克拉,0.1%,17.34,3,0.8%,2.8%
34274,厉害了，我的国,0.1%,15.50,17,0.1%,19.8%
34275,犬之岛,0.1%,13.03,3,0.4%,3.1%
34276,玛丽与魔女之花,0.1%,11.19,2,1.2%,1.2%
34277,香港大营救,0.1%,10.43,2,0.7%,1.8%
34278,午夜十二点,<0.1%,6.59,3,0.3%,3.0%
34279,古镇画情,<0.1%,6.37,17,<0.1%,100%
34280,湮灭,<0.1%,4.35,3,0.1%,3.1%
34281,冰雪女王3：火与冰,<0.1%,4.09,3,0.2%,2.5%
34282,起跑线,<0.1%,3.59,3,0.1%,3.4%
34283,天下父母,<0.1%,2.88,288,<0.1%,--
34284,尖叫直播,<0.1%,2.29,4,<0.1%,5.4%
34285,黄金花,<0.1%,2.23,2,0.1%,1.7%
34286,我们的青春岁月,<0.1%,2.04,25,<0.1%,39.5%
34287,路过未来,<0.1%,1.87,169,<0.1%,87.1%
34288,超时空同居,<0.1%,1.75,19,<0.1%,16.0%
34289,我是你妈,<0.1%,1.17,12,<0.1%,14.3%
34290,米花之味,<0.1%,1.02,10,<0.1%,11.0%
34291,复仇者联盟3：无限战争,95.3%,38726.01,54,67.8%,38.9%
34292,后来的我们,1.7%,714.01,10,7.8%,11.0%
34293,我是你妈,1.5%,628.87,7,11.0%,6.8%
34294,战犬瑞克斯,0.3%,150.28,4,6.0%,3.4%
34295,幕后玩家,0.2%,115.57,6,2.3%,6.0%
34296,狂暴巨兽,0.1%,48.96,5,1.0%,5.5%
34297,古镇画情,0.1%,43.24,68,<0.1%,100%
34298,巴霍巴利王2：终结,<0.1%,40.06,5,1.0%,5.5%
34299,青年马克思,<0.1%,36.58,7,0.6%,7.3%
34300,头号玩家,<0.1%,12.29,7,0.1%,8.2%
34301,七号公馆,<0.1%,11.75,4,0.4%,3.8%
34302,出山记,<0.1%,11.41,74,<0.1%,66.8%
34303,厉害了，我的国,<0.1%,9.66,19,<0.1%,25.1%
34304,冰雪女王3：火与冰,<0.1%,6.21,6,0.1%,6.4%
34305,诡梦凶铃,<0.1%,4.61,116,<0.1%,100%
34306,玛丽与魔女之花,<0.1%,3.79,2,0.3%,2.1%
34307,我们的青春岁月,<0.1%,3.48,43,<0.1%,54.5%
34308,破门,<0.1%,3.09,10,<0.1%,11.0%
34309,香港大营救,<0.1%,2.95,7,<0.1%,9.5%
34310,超时空同居,<0.1%,2.79,48,<0.1%,89.7%
34311,犬之岛,<0.1%,2.60,4,<0.1%,4.2%
34312,午夜十二点,<0.1%,2.32,4,<0.1%,6.0%
34313,龙在哪里？,<0.1%,2.04,5,<0.1%,6.2%
34314,低压槽：欲望之城,<0.1%,1.90,2,0.1%,2.9%
34315,21克拉,<0.1%,1.86,2,0.1%,2.6%
34316,起跑线,<0.1%,1.30,12,<0.1%,17.5%
34317,战神纪,<0.1%,1.21,1,0.1%,1.8%
34318,天梦,<0.1%,1.01,6,<0.1%,6.8%
34319,复仇者联盟3：无限战争,94.7%,49356.60,62,71.9%,45.4%
34320,后来的我们,2.0%,1043.63,15,7.3%,17.0%
34321,我是你妈,1.4%,740.51,12,6.9%,13.0%
34322,幕后玩家,0.4%,213.15,12,1.8%,13.3%
34323,战犬瑞克斯,0.2%,125.35,5,3.4%,4.7%
34324,狂暴巨兽,0.1%,103.63,13,0.9%,14.0%
34325,小公主艾薇拉与神秘王国,0.1%,76.43,5,1.9%,5.5%
34326,巴霍巴利王2：终结,0.1%,72.65,11,0.7%,12.8%
34327,亲爱的，我要和别人结婚了,0.1%,61.41,5,1.6%,6.1%
34328,古镇画情,0.1%,55.72,85,<0.1%,100%
34329,冰雪女王3：火与冰,0.1%,54.51,11,0.5%,12.6%
34330,头号玩家,<0.1%,30.68,18,0.1%,23.1%
34331,玛丽与魔女之花,<0.1%,25.33,6,0.5%,6.4%
34332,青年马克思,<0.1%,14.60,4,0.4%,4.4%
34333,犬之岛,<0.1%,11.41,7,0.1%,8.8%
34334,出山记,<0.1%,9.45,82,<0.1%,80.7%
34335,七号公馆,<0.1%,9.36,4,0.2%,4.9%
34336,龙在哪里？,<0.1%,9.03,7,0.1%,8.3%
34337,低压槽：欲望之城,<0.1%,7.50,6,<0.1%,9.7%
34338,诡梦凶铃,<0.1%,5.76,115,<0.1%,91.3%
34339,我们的青春岁月,<0.1%,4.64,67,<0.1%,96.8%
34340,21克拉,<0.1%,3.75,5,<0.1%,6.6%
34341,午夜十二点,<0.1%,3.56,6,<0.1%,8.6%
34342,香港大营救,<0.1%,3.22,12,<0.1%,16.5%
34343,破门,<0.1%,3.18,16,<0.1%,17.3%
34344,路过未来,<0.1%,2.92,56,<0.1%,59.8%
34345,厉害了，我的国,<0.1%,2.07,10,<0.1%,6.6%
34346,起跑线,<0.1%,1.89,11,<0.1%,17.5%
34347,战神纪,<0.1%,1.48,3,<0.1%,4.2%
34348,天梦,<0.1%,1.18,12,<0.1%,15.3%
34349,黄金花,<0.1%,1.12,4,<0.1%,4.5%
34350,复仇者联盟3：无限战争,91.7%,33190.58,42,72.1%,30.6%
34351,我是你妈,3.0%,1096.02,17,7.5%,18.4%
34352,后来的我们,2.3%,843.78,12,7.4%,13.7%
34353,幕后玩家,0.5%,190.44,10,1.9%,11.5%
34354,超时空同居,0.4%,173.69,98,0.1%,93.9%
34355,战犬瑞克斯,0.3%,110.30,5,2.8%,5.2%
34356,巴霍巴利王2：终结,0.2%,75.26,11,0.8%,12.8%
34357,小公主艾薇拉与神秘王国,0.1%,71.52,5,1.8%,5.6%
34358,冰雪女王3：火与冰,0.1%,69.80,14,0.5%,16.1%
34359,狂暴巨兽,0.1%,68.94,12,0.6%,13.5%
34360,古镇画情,0.1%,40.77,57,<0.1%,100%
34361,头号玩家,0.1%,40.14,21,0.1%,26.2%
34362,亲爱的，我要和别人结婚了,0.1%,38.72,4,1.2%,4.9%
34363,玛丽与魔女之花,<0.1%,25.82,6,0.5%,7.1%
34364,路过未来,<0.1%,15.79,81,<0.1%,100%
34365,犬之岛,<0.1%,13.52,10,0.1%,11.0%
34366,天下父母,<0.1%,13.40,37,<0.1%,43.1%
34367,青年马克思,<0.1%,11.46,3,0.4%,3.4%
34368,出山记,<0.1%,10.02,89,<0.1%,88.4%
34369,龙在哪里？,<0.1%,9.94,8,0.1%,8.8%
34370,七号公馆,<0.1%,7.88,4,0.2%,3.9%
34371,米花之味,<0.1%,5.59,135,<0.1%,100%
34372,厉害了，我的国,<0.1%,4.56,32,<0.1%,49.6%
34373,21克拉,<0.1%,4.42,5,0.1%,6.5%
34374,我们的青春岁月,<0.1%,3.52,56,<0.1%,74.5%
34375,诡梦凶铃,<0.1%,3.19,89,<0.1%,100%
34376,香港大营救,<0.1%,2.82,9,<0.1%,13.4%
34377,破门,<0.1%,2.71,8,<0.1%,8.0%
34378,午夜十二点,<0.1%,2.61,4,0.1%,5.8%
34379,荒城纪,<0.1%,2.58,345,<0.1%,100.0%
34380,起跑线,<0.1%,2.22,10,<0.1%,19.1%
34381,战神纪,<0.1%,1.94,3,<0.1%,6.1%
34382,黄金花,<0.1%,1.56,6,<0.1%,6.6%
34383,低压槽：欲望之城,<0.1%,1.33,2,<0.1%,3.0%
34384,理想之路,<0.1%,1.03,35,<0.1%,44.6%
34385,复仇者联盟3：无限战争,90.3%,10927.67,16,68.8%,11.3%
34386,后来的我们,4.0%,495.21,6,9.6%,6.5%
34387,我是你妈,1.9%,240.32,4,8.1%,4.0%
34388,幕后玩家,0.9%,119.87,5,3.0%,5.1%
34389,战犬瑞克斯,0.4%,56.03,3,3.5%,2.3%
34390,巴霍巴利王2：终结,0.4%,52.01,5,1.4%,5.3%
34391,狂暴巨兽,0.3%,44.33,6,0.9%,5.8%
34392,青年马克思,0.3%,37.85,11,0.4%,10.4%
34393,超时空同居,0.1%,20.23,144,<0.1%,--
34394,亲爱的，我要和别人结婚了,0.1%,18.65,3,1.0%,3.2%
34395,头号玩家,0.1%,16.65,6,0.3%,6.6%
34396,古镇画情,0.1%,13.72,22,<0.1%,100%
34397,出山记,0.1%,13.43,74,<0.1%,82.3%
34398,昼颜,<0.1%,6.98,75,<0.1%,100%
34399,厉害了，我的国,<0.1%,6.21,23,<0.1%,22.9%
34400,七号公馆,<0.1%,5.70,3,0.3%,2.4%
34401,午夜十二点,<0.1%,2.50,3,0.1%,3.9%
34402,21克拉,<0.1%,2.46,3,0.1%,2.7%
34403,小公主艾薇拉与神秘王国,<0.1%,1.90,1,0.6%,0.4%
34404,犬之岛,<0.1%,1.84,3,<0.1%,2.5%
34405,低压槽：欲望之城,<0.1%,1.74,2,<0.1%,2.7%
34406,我们的青春岁月,<0.1%,1.55,28,<0.1%,50.0%
34407,玛丽与魔女之花,<0.1%,1.38,1,0.2%,1.0%
34408,破门,<0.1%,1.38,5,<0.1%,5.0%
34409,冰雪女王3：火与冰,<0.1%,1.37,2,0.1%,1.4%
34410,诡梦凶铃,<0.1%,1.21,68,<0.1%,100%
34411,理想之路,<0.1%,1.02,52,<0.1%,37.7%
34412,复仇者联盟3：无限战争,87.0%,8105.12,13,66.7%,8.7%
34413,后来的我们,5.2%,488.61,6,10.5%,5.9%
34414,我是你妈,2.3%,219.17,4,8.0%,3.7%
34415,幕后玩家,1.4%,134.39,5,3.5%,4.9%
34416,青年马克思,0.9%,84.44,21,0.4%,21.3%
34417,巴霍巴利王2：终结,0.6%,60.21,5,1.7%,5.1%
34418,狂暴巨兽,0.5%,53.89,6,1.3%,5.5%
34419,战犬瑞克斯,0.5%,52.20,2,3.5%,2.2%
34420,头号玩家,0.2%,19.40,6,0.3%,6.2%
34421,亲爱的，我要和别人结婚了,0.1%,16.01,3,1.0%,2.7%
34422,出山记,0.1%,15.01,77,<0.1%,82.6%
34423,古镇画情,0.1%,10.18,18,<0.1%,100%
34424,厉害了，我的国,<0.1%,8.36,23,<0.1%,24.1%
34425,超时空同居,<0.1%,6.11,136,<0.1%,90.5%
34426,七号公馆,<0.1%,5.72,3,0.3%,2.5%
34427,午夜十二点,<0.1%,3.01,4,0.1%,4.2%
34428,21克拉,<0.1%,2.66,3,0.1%,2.6%
34429,低压槽：欲望之城,<0.1%,2.38,2,0.1%,2.8%
34430,小公主艾薇拉与神秘王国,<0.1%,2.20,1,0.6%,0.6%
34431,我们的青春岁月,<0.1%,2.12,30,<0.1%,74.8%
34432,犬之岛,<0.1%,2.05,3,<0.1%,2.8%
34433,玛丽与魔女之花,<0.1%,1.78,2,0.2%,1.5%
34434,香港大营救,<0.1%,1.56,5,<0.1%,5.3%
34435,战神纪,<0.1%,1.33,2,0.1%,1.9%
34436,破门,<0.1%,1.23,4,<0.1%,3.2%
34437,冰雪女王3：火与冰,<0.1%,1.20,2,0.1%,1.3%
34438,找爱之旅,<0.1%,1.13,285,<0.1%,88.9%
34439,诡梦凶铃,<0.1%,1.00,51,<0.1%,84.6%
34440,复仇者联盟3：无限战争,82.6%,6500.75,11,64.6%,7.3%
34441,后来的我们,6.1%,484.28,5,11.4%,5.3%
34442,我是你妈,2.6%,205.47,4,7.9%,3.5%
34443,幕后玩家,1.9%,153.53,5,4.0%,4.7%
34444,青年马克思,1.4%,114.60,25,0.5%,26.4%
34445,狂暴巨兽,0.9%,72.06,6,1.6%,5.6%
34446,巴霍巴利王2：终结,0.8%,65.96,5,2.0%,4.5%
34447,战犬瑞克斯,0.6%,51.97,2,3.4%,2.2%
34448,妄想症,0.3%,26.98,109,<0.1%,73.9%
34449,太空熊猫英雄归来,0.3%,24.53,124,<0.1%,73.3%
34450,圣诞大赢家,0.2%,23.27,125,<0.1%,69.9%
34451,头号玩家,0.2%,22.05,6,0.4%,5.5%
34452,整形师·脸,0.2%,20.34,97,<0.1%,71.8%
34453,出山记,0.1%,15.16,75,<0.1%,76.1%
34454,亲爱的，我要和别人结婚了,0.1%,14.48,2,1.0%,2.4%
34455,古镇画情,0.1%,8.28,16,<0.1%,100%
34456,起跑线,<0.1%,5.89,21,<0.1%,26.5%
34457,超时空同居,<0.1%,5.54,143,<0.1%,91.2%
34458,七号公馆,<0.1%,5.40,2,0.3%,2.3%
34459,厉害了，我的国,<0.1%,5.12,15,<0.1%,15.8%
34460,寂静之地,<0.1%,3.38,42,<0.1%,61.1%
34461,犬之岛,<0.1%,3.28,4,<0.1%,4.5%
34462,午夜十二点,<0.1%,3.00,3,0.1%,4.0%
34463,黄金花,<0.1%,2.76,8,0.1%,7.8%
34464,玛丽与魔女之花,<0.1%,2.75,2,0.2%,2.4%
34465,低压槽：欲望之城,<0.1%,2.69,3,0.1%,2.8%
34466,昼颜,<0.1%,2.51,126,<0.1%,100%
34467,21克拉,<0.1%,2.28,2,0.1%,2.3%
34468,小公主艾薇拉与神秘王国,<0.1%,2.09,1,0.5%,0.6%
34469,我们的青春岁月,<0.1%,2.01,34,<0.1%,54.3%
34470,战神纪,<0.1%,1.62,2,0.1%,2.2%
34471,破门,<0.1%,1.45,6,<0.1%,5.8%
34472,米花之味,<0.1%,1.08,20,<0.1%,20.6%
34473,冰雪女王3：火与冰,<0.1%,1.01,2,0.1%,1.2%
34474,复仇者联盟3：无限战争,77.2%,5228.62,9,62.6%,6.0%
34475,后来的我们,6.6%,452.71,5,11.6%,4.8%
34476,我是你妈,2.6%,180.18,3,7.7%,3.2%
34477,幕后玩家,2.2%,153.24,5,4.1%,4.6%
34478,青年马克思,2.0%,140.44,27,0.6%,28.7%
34479,寂静之地,1.8%,124.66,37,0.4%,28.5%
34480,狂暴巨兽,1.1%,77.72,6,1.7%,5.5%
34481,巴霍巴利王2：终结,1.0%,70.81,5,2.1%,4.6%
34482,战犬瑞克斯,0.7%,47.89,2,3.2%,2.1%
34483,超时空同居,0.6%,41.82,25,0.2%,22.6%
34484,路过未来,0.5%,39.18,5,1.0%,3.9%
34485,太空熊猫英雄归来,0.3%,25.79,108,<0.1%,69.2%
34486,妄想症,0.3%,25.01,113,<0.1%,71.8%
34487,头号玩家,0.3%,23.25,6,0.5%,5.3%
34488,圣诞大赢家,0.3%,21.68,112,<0.1%,69.7%
34489,整形师·脸,0.3%,20.54,80,<0.1%,62.2%
34490,亲爱的，我要和别人结婚了,0.2%,15.91,3,1.0%,2.8%
34491,出山记,0.2%,14.82,70,<0.1%,74.5%
34492,厉害了，我的国,0.1%,11.33,29,<0.1%,33.7%
34493,古镇画情,<0.1%,6.57,13,<0.1%,100%
34494,21克拉,<0.1%,4.54,4,0.1%,4.0%
34495,七号公馆,<0.1%,3.61,2,0.3%,1.8%
34496,小公主艾薇拉与神秘王国,<0.1%,2.71,1,0.5%,0.8%
34497,低压槽：欲望之城,<0.1%,2.31,2,0.1%,2.4%
34498,午夜十二点,<0.1%,2.30,3,0.1%,3.2%
34499,脱单告急,<0.1%,2.17,10,<0.1%,14.3%
34500,犬之岛,<0.1%,1.95,3,<0.1%,2.9%
34501,冰雪女王3：火与冰,<0.1%,1.86,3,0.1%,3.0%
34502,玛丽与魔女之花,<0.1%,1.60,2,0.2%,1.3%
34503,战神纪,<0.1%,1.59,2,0.1%,2.5%
34504,我们的青春岁月,<0.1%,1.51,28,<0.1%,51.0%
34505,凤凰花开,<0.1%,1.20,601,<0.1%,100%
34506,荒城纪,<0.1%,1.15,81,<0.1%,49.6%
34507,破门,<0.1%,1.04,4,<0.1%,3.7%
34508,复仇者联盟3：无限战争,43.7%,7189.17,16,40.6%,10.2%
34509,超时空同居,30.4%,5012.04,23,23.4%,21.2%
34510,寂静之地,20.2%,3330.27,19,20.0%,17.7%
34511,昼颜,1.5%,247.21,5,6.4%,4.4%
34512,青年马克思,1.0%,169.11,59,0.2%,66.3%
34513,后来的我们,0.8%,138.14,6,2.6%,6.2%
34514,荒城纪,0.1%,31.10,4,1.0%,3.4%
34515,狂暴巨兽,0.1%,30.13,7,0.4%,7.1%
34516,太空熊猫英雄归来,0.1%,29.43,104,<0.1%,68.3%
34517,妄想症,0.1%,27.31,120,<0.1%,74.3%
34518,圣诞大赢家,0.1%,24.40,117,<0.1%,69.8%
34519,整形师·脸,0.1%,19.78,70,<0.1%,63.3%
34520,幕后玩家,0.1%,18.85,4,0.5%,4.2%
34521,我是你妈,0.1%,18.49,3,0.7%,3.4%
34522,巴霍巴利王2：终结,0.1%,17.71,6,0.3%,6.0%
34523,厉害了，我的国,0.1%,17.30,41,<0.1%,54.9%
34524,路过未来,<0.1%,15.17,3,0.5%,2.3%
34525,头号玩家,<0.1%,9.45,7,0.1%,8.5%
34526,出山记,<0.1%,8.49,82,<0.1%,84.7%
34527,擒贼先擒王,<0.1%,6.97,12,<0.1%,13.8%
34528,盛世秧歌,<0.1%,5.55,22,<0.1%,--
34529,战犬瑞克斯,<0.1%,5.01,3,0.2%,2.7%
34530,古镇画情,<0.1%,4.92,62,<0.1%,100%
34531,命运速递,<0.1%,4.27,143,<0.1%,--
34532,小公主艾薇拉与神秘王国,<0.1%,3.51,2,0.3%,1.3%
34533,冰雪女王3：火与冰,<0.1%,3.15,4,0.1%,4.9%
34534,亲爱的，我要和别人结婚了,<0.1%,2.56,3,0.1%,3.2%
34535,我和神马查干,<0.1%,2.32,33,<0.1%,--
34536,诡梦凶铃,<0.1%,2.26,88,<0.1%,100%
34537,我们的青春岁月,<0.1%,2.09,38,<0.1%,55.0%
34538,起跑线,<0.1%,1.75,17,<0.1%,21.7%
34539,玛丽与魔女之花,<0.1%,1.69,2,0.1%,2.7%
34540,破门,<0.1%,1.66,24,<0.1%,38.5%
34541,凤凰花开,<0.1%,1.20,300,<0.1%,100%
34542,低压槽：欲望之城,<0.1%,1.00,3,<0.1%,4.4%
34543,复仇者联盟3：无限战争,53.9%,14233.83,30,40.2%,19.9%
34544,超时空同居,26.9%,7119.84,28,25.2%,25.7%
34545,寂静之地,14.8%,3918.78,20,20.6%,18.5%
34546,后来的我们,0.9%,241.87,8,2.8%,9.9%
34547,昼颜,0.8%,234.86,6,3.9%,6.6%
34548,狂暴巨兽,0.3%,82.92,15,0.5%,16.8%
34549,冰雪女王3：火与冰,0.2%,69.65,13,0.5%,14.0%
34550,小公主艾薇拉与神秘王国,0.1%,48.19,5,1.3%,5.0%
34551,巴霍巴利王2：终结,0.1%,43.23,13,0.3%,14.4%
34552,我是你妈,0.1%,34.03,6,0.6%,6.5%
34553,幕后玩家,0.1%,31.70,7,0.4%,8.5%
34554,荒城纪,0.1%,30.03,7,0.4%,7.7%
34555,头号玩家,0.1%,27.72,16,0.1%,18.6%
34556,圣诞大赢家,0.1%,27.05,129,<0.1%,77.2%
34557,路过未来,<0.1%,24.82,5,0.4%,4.3%
34558,妄想症,<0.1%,20.34,89,<0.1%,68.4%
34559,玛丽与魔女之花,<0.1%,19.35,6,0.4%,6.4%
34560,青年马克思,<0.1%,18.55,24,<0.1%,26.3%
34561,太空熊猫英雄归来,<0.1%,17.92,91,<0.1%,72.9%
34562,整形师·脸,<0.1%,16.55,74,<0.1%,62.7%
34563,战犬瑞克斯,<0.1%,11.05,6,0.2%,7.5%
34564,盛世秧歌,<0.1%,10.20,38,<0.1%,--
34565,出山记,<0.1%,9.59,85,<0.1%,86.9%
34566,战神纪,<0.1%,9.11,23,<0.1%,28.3%
34567,龙在哪里？,<0.1%,8.36,8,0.1%,9.6%
34568,破门,<0.1%,6.15,46,<0.1%,43.2%
34569,古镇画情,<0.1%,6.01,71,<0.1%,100%
34570,犬之岛,<0.1%,5.50,8,<0.1%,9.0%
34571,擒贼先擒王,<0.1%,3.74,12,<0.1%,14.1%
34572,我和神马查干,<0.1%,3.53,52,<0.1%,--
34573,亲爱的，我要和别人结婚了,<0.1%,3.38,3,0.1%,4.0%
34574,我们的青春岁月,<0.1%,2.71,50,<0.1%,98.7%
34575,厉害了，我的国,<0.1%,2.34,18,<0.1%,22.5%
34576,诡梦凶铃,<0.1%,2.23,148,<0.1%,69.0%
34577,命运速递,<0.1%,1.76,15,<0.1%,14.2%
34578,低压槽：欲望之城,<0.1%,1.29,5,<0.1%,8.4%
34579,起跑线,<0.1%,1.28,8,<0.1%,14.9%
34580,村戏,<0.1%,1.06,61,<0.1%,100%
34581,七号公馆,<0.1%,1.00,2,<0.1%,2.8%
34582,复仇者联盟3：无限战争,44.1%,13254.12,29,39.3%,19.3%
34583,超时空同居,37.8%,11364.84,40,27.8%,36.4%
34584,寂静之地,13.1%,3943.89,21,19.4%,19.9%
34585,后来的我们,1.2%,383.05,13,3.0%,14.7%
34586,昼颜,0.9%,272.76,9,3.4%,9.1%
34587,狂暴巨兽,0.4%,139.92,22,0.6%,24.0%
34588,冰雪女王3：火与冰,0.3%,100.60,17,0.6%,18.6%
34589,小公主艾薇拉与神秘王国,0.1%,59.20,6,1.3%,6.3%
34590,我是你妈,0.1%,57.87,9,0.7%,10.3%
34591,巴霍巴利王2：终结,0.1%,52.48,15,0.4%,16.9%
34592,幕后玩家,0.1%,42.57,9,0.4%,11.5%
34593,头号玩家,0.1%,36.72,20,0.1%,24.4%
34594,圣诞大赢家,<0.1%,29.21,133,<0.1%,77.1%
34595,路过未来,<0.1%,27.26,6,0.4%,5.2%
34596,玛丽与魔女之花,<0.1%,25.88,7,0.4%,8.8%
34597,妄想症,<0.1%,21.92,103,<0.1%,64.5%
34598,荒城纪,<0.1%,21.19,6,0.4%,6.4%
34599,太空熊猫英雄归来,<0.1%,18.38,110,<0.1%,76.9%
34600,整形师·脸,<0.1%,17.01,83,<0.1%,65.1%
34601,青年马克思,<0.1%,14.95,23,<0.1%,27.5%
34602,盛世秧歌,<0.1%,11.43,44,<0.1%,--
34603,战犬瑞克斯,<0.1%,11.19,6,0.2%,6.9%
34604,龙在哪里？,<0.1%,10.57,10,0.1%,11.5%
34605,出山记,<0.1%,7.16,86,<0.1%,77.2%
34606,古镇画情,<0.1%,6.89,86,<0.1%,100%
34607,亲爱的，我要和别人结婚了,<0.1%,4.04,4,0.1%,5.3%
34608,西小河的夏天,<0.1%,4.02,161,<0.1%,--
34609,我和神马查干,<0.1%,2.96,43,<0.1%,--
34610,诡梦凶铃,<0.1%,2.90,147,<0.1%,76.7%
34611,厉害了，我的国,<0.1%,2.90,24,<0.1%,23.5%
34612,黄金花,<0.1%,2.88,42,<0.1%,100%
34613,破门,<0.1%,2.23,20,<0.1%,30.3%
34614,命运速递,<0.1%,2.04,20,<0.1%,18.4%
34615,给19岁的我自己,<0.1%,1.74,95,<0.1%,--
34616,潜艇总动员：海底两万里,<0.1%,1.68,108,<0.1%,100%
34617,我们的青春岁月,<0.1%,1.62,28,<0.1%,94.1%
34618,午夜十二点,<0.1%,1.53,4,<0.1%,7.7%
34619,21克拉,<0.1%,1.36,4,<0.1%,4.3%
34620,擒贼先擒王,<0.1%,1.33,9,<0.1%,10.2%
34621,起跑线,<0.1%,1.32,9,<0.1%,15.1%
34622,低压槽：欲望之城,<0.1%,1.17,4,<0.1%,5.5%
34623,七号公馆,<0.1%,1.04,2,<0.1%,3.2%
34624,超时空同居,42.9%,3815.29,14,29.6%,12.3%
34625,复仇者联盟3：无限战争,35.6%,3168.27,8,37.9%,5.3%
34626,寂静之地,14.2%,1267.18,8,19.2%,7.1%
34627,后来的我们,1.4%,131.71,5,3.3%,5.0%
34628,青年马克思,1.2%,110.62,50,0.2%,53.7%
34629,昼颜,1.1%,99.99,4,3.3%,3.6%
34630,我是你妈,0.5%,49.67,5,1.5%,4.7%
34631,狂暴巨兽,0.5%,46.89,7,0.7%,7.2%
34632,圣诞大赢家,0.2%,25.19,111,<0.1%,71.7%
34633,巴霍巴利王2：终结,0.2%,20.74,5,0.5%,5.4%
34634,妄想症,0.2%,19.78,95,<0.1%,60.7%
34635,整形师·脸,0.1%,17.22,76,<0.1%,60.9%
34636,太空熊猫英雄归来,0.1%,16.66,96,<0.1%,68.9%
34637,幕后玩家,0.1%,16.12,3,0.5%,3.6%
34638,出山记,0.1%,12.83,82,<0.1%,67.0%
34639,头号玩家,0.1%,10.97,6,0.2%,6.3%
34640,路过未来,0.1%,9.83,3,0.4%,1.8%
34641,荒城纪,<0.1%,8.22,3,0.4%,2.6%
34642,战犬瑞克斯,<0.1%,8.13,4,0.2%,4.2%
34643,盛世秧歌,<0.1%,3.73,15,<0.1%,--
34644,厉害了，我的国,<0.1%,2.95,15,<0.1%,11.8%
34645,古镇画情,<0.1%,2.50,30,<0.1%,78.9%
34646,米花之味,<0.1%,2.15,132,<0.1%,89.3%
34647,亲爱的，我要和别人结婚了,<0.1%,1.89,2,0.1%,2.3%
34648,冰雪女王3：火与冰,<0.1%,1.89,2,0.1%,1.8%
34649,小公主艾薇拉与神秘王国,<0.1%,1.76,1,0.3%,0.8%
34650,我们的青春岁月,<0.1%,1.58,18,<0.1%,52.9%
34651,雾都神探之绝情箭,<0.1%,1.40,199,<0.1%,--
34652,诡梦凶铃,<0.1%,1.17,64,<0.1%,100%
34653,低压槽：欲望之城,<0.1%,1.16,3,<0.1%,4.8%
34654,我和神马查干,<0.1%,1.02,15,<0.1%,--
34655,超时空同居,43.8%,3270.65,12,31.7%,9.5%
34656,复仇者联盟3：无限战争,33.7%,2523.33,7,36.4%,4.5%
34657,寂静之地,13.8%,1035.09,7,18.8%,6.1%
34658,青年马克思,2.0%,153.96,57,0.2%,57.8%
34659,后来的我们,1.6%,120.65,4,3.5%,4.2%
34660,昼颜,1.2%,92.72,4,3.2%,3.5%
34661,狂暴巨兽,0.6%,48.34,6,0.9%,6.5%
34662,圣诞大赢家,0.3%,27.11,116,<0.1%,69.1%
34663,巴霍巴利王2：终结,0.2%,21.27,5,0.5%,5.1%
34664,妄想症,0.2%,20.50,95,<0.1%,62.5%
34665,我是你妈,0.2%,18.86,3,0.9%,2.9%
34666,整形师·脸,0.2%,17.19,80,<0.1%,58.9%
34667,太空熊猫英雄归来,0.2%,16.87,95,<0.1%,68.1%
34668,出山记,0.2%,16.60,113,<0.1%,84.6%
34669,幕后玩家,0.2%,16.22,3,0.6%,3.4%
34670,头号玩家,0.1%,11.30,6,0.2%,5.9%
34671,路过未来,0.1%,9.20,3,0.4%,1.8%
34672,荒城纪,0.1%,7.68,3,0.4%,2.5%
34673,厉害了，我的国,<0.1%,5.79,20,<0.1%,24.0%
34674,战犬瑞克斯,<0.1%,3.41,2,0.2%,2.1%
34675,盛世秧歌,<0.1%,3.06,13,<0.1%,--
34676,我们的青春岁月,<0.1%,2.70,27,<0.1%,69.9%
34677,古镇画情,<0.1%,2.04,27,<0.1%,64.7%
34678,低压槽：欲望之城,<0.1%,1.54,2,<0.1%,2.9%
34679,亲爱的，我要和别人结婚了,<0.1%,1.31,2,0.1%,1.6%
34680,小公主艾薇拉与神秘王国,<0.1%,1.21,1,0.3%,0.5%
34681,冰雪女王3：火与冰,<0.1%,1.17,2,0.1%,1.3%
34682,血伞凶灵,<0.1%,1.00,167,<0.1%,47.4%
34683,六弄咖啡馆,<0.1%,1.00,167,<0.1%,47.4%
34684,超时空同居,45.9%,3029.94,11,32.9%,8.4%
34685,复仇者联盟3：无限战争,32.2%,2124.70,6,35.3%,3.9%
34686,寂静之地,13.4%,886.56,6,18.5%,5.3%
34687,青年马克思,1.8%,125.01,50,0.2%,50.3%
34688,后来的我们,1.7%,116.66,4,3.7%,3.8%
34689,昼颜,1.3%,87.67,4,3.2%,3.3%
34690,狂暴巨兽,0.7%,48.23,6,1.0%,5.7%
34691,巴霍巴利王2：终结,0.3%,20.28,4,0.6%,4.4%
34692,幕后玩家,0.2%,19.03,3,0.6%,3.6%
34693,我是你妈,0.2%,17.19,3,0.9%,2.9%
34694,妄想症,0.2%,14.83,98,<0.1%,64.7%
34695,太空熊猫英雄归来,0.2%,14.37,97,<0.1%,61.2%
34696,出山记,0.2%,13.74,97,<0.1%,76.2%
34697,头号玩家,0.1%,10.00,5,0.2%,4.8%
34698,路过未来,0.1%,9.42,2,0.4%,1.8%
34699,圣诞大赢家,0.1%,7.84,76,<0.1%,47.0%
34700,整形师·脸,<0.1%,6.31,53,<0.1%,51.3%
34701,荒城纪,<0.1%,6.16,2,0.3%,2.1%
34702,战犬瑞克斯,<0.1%,4.34,3,0.2%,2.8%
34703,盛世秧歌,<0.1%,2.87,12,<0.1%,--
34704,厉害了，我的国,<0.1%,2.67,11,<0.1%,13.1%
34705,游侠索罗：星球大战外传,<0.1%,2.17,217,<0.1%,100.0%
34706,我们的青春岁月,<0.1%,2.08,27,<0.1%,77.6%
34707,破门,<0.1%,1.84,43,<0.1%,99.0%
34708,玛丽与魔女之花,<0.1%,1.68,3,0.1%,3.0%
34709,亲爱的，我要和别人结婚了,<0.1%,1.26,2,0.1%,1.5%
34710,诡梦凶铃,<0.1%,1.12,59,<0.1%,100%
34711,冰雪女王3：火与冰,<0.1%,1.06,2,0.1%,1.1%
34712,小公主艾薇拉与神秘王国,<0.1%,1.05,1,0.3%,0.5%
34713,超时空同居,46.9%,2846.40,10,33.3%,7.6%
34714,复仇者联盟3：无限战争,30.7%,1863.74,6,34.3%,3.6%
34715,寂静之地,12.3%,747.82,5,18.1%,4.6%
34716,青年马克思,2.1%,128.76,52,0.2%,49.4%
34717,后来的我们,1.8%,111.19,4,3.8%,3.5%
34718,昼颜,1.4%,85.90,4,3.1%,3.4%
34719,游侠索罗：星球大战外传,1.3%,78.88,10,0.7%,4.7%
34720,狂暴巨兽,0.7%,45.91,5,1.0%,5.2%
34721,幕后玩家,0.3%,19.31,3,0.6%,3.6%
34722,巴霍巴利王2：终结,0.3%,19.11,4,0.6%,4.1%
34723,出山记,0.2%,17.69,103,<0.1%,84.9%
34724,我是你妈,0.2%,15.52,3,0.9%,2.6%
34725,头号玩家,0.1%,9.18,4,0.2%,4.3%
34726,妄想症,0.1%,9.13,102,<0.1%,72.6%
34727,路过未来,0.1%,9.04,2,0.4%,1.6%
34728,厉害了，我的国,0.1%,7.39,24,<0.1%,26.6%
34729,荒城纪,<0.1%,4.82,2,0.3%,1.7%
34730,战犬瑞克斯,<0.1%,3.69,2,0.2%,2.2%
34731,整形师·脸,<0.1%,2.34,84,<0.1%,82.3%
34732,太空熊猫英雄归来,<0.1%,2.31,49,<0.1%,58.9%
34733,盛世秧歌,<0.1%,2.20,10,<0.1%,--
34734,圣诞大赢家,<0.1%,1.96,41,<0.1%,36.9%
34735,我们的青春岁月,<0.1%,1.88,23,<0.1%,70.1%
34736,完美陌生人,<0.1%,1.77,3,<0.1%,3.0%
34737,香港大营救,<0.1%,1.45,16,<0.1%,18.5%
34738,冰雪女王3：火与冰,<0.1%,1.42,2,0.1%,1.6%
34739,玛丽与魔女之花,<0.1%,1.40,2,0.1%,2.3%
34740,低压槽：欲望之城,<0.1%,1.33,3,<0.1%,5.1%
34741,亲爱的，我要和别人结婚了,<0.1%,1.23,2,0.1%,1.5%
34742,小公主艾薇拉与神秘王国,<0.1%,1.20,1,0.3%,0.6%
34743,命运速递,<0.1%,1.03,11,<0.1%,13.0%
34744,超时空同居,37.8%,3580.11,15,25.1%,11.9%
34745,复仇者联盟3：无限战争,24.4%,2313.05,11,20.0%,8.2%
34746,游侠索罗：星球大战外传,21.2%,2010.42,8,26.8%,4.8%
34747,寂静之地,6.3%,604.19,10,7.0%,9.6%
34748,完美陌生人,5.5%,523.91,5,11.3%,5.1%
34749,青年马克思,1.3%,126.22,65,0.1%,66.4%
34750,后来的我们,0.4%,47.26,4,1.1%,5.1%
34751,命运速递,0.4%,46.78,2,3.1%,1.9%
34752,西小河的夏天,0.3%,29.49,4,1.0%,3.6%
34753,狂暴巨兽,0.2%,26.93,7,0.4%,7.8%
34754,昼颜,0.2%,25.54,6,0.4%,7.3%
34755,出山记,<0.1%,8.17,96,<0.1%,73.9%
34756,厉害了，我的国,<0.1%,7.71,24,<0.1%,31.0%
34757,巴霍巴利王2：终结,<0.1%,7.70,5,0.2%,5.1%
34758,头号玩家,<0.1%,6.53,7,0.1%,8.1%
34759,我是你妈,<0.1%,6.45,5,0.1%,6.6%
34760,幕后玩家,<0.1%,6.04,5,0.1%,5.5%
34761,香港大营救,<0.1%,5.59,73,<0.1%,100%
34762,路过未来,<0.1%,5.50,2,0.2%,1.6%
34763,时间暗局,<0.1%,5.24,1,0.6%,0.9%
34764,铁道飞虎,<0.1%,4.50,500,<0.1%,--
34765,冰雪女王3：火与冰,<0.1%,3.77,3,0.1%,3.5%
34766,盛世秧歌,<0.1%,3.57,14,<0.1%,--
34767,小公主艾薇拉与神秘王国,<0.1%,3.35,2,0.2%,1.7%
34768,给19岁的我自己,<0.1%,2.59,75,<0.1%,93.8%
34769,神谕通天,<0.1%,2.30,2,0.2%,1.2%
34770,我们的青春岁月,<0.1%,2.18,28,<0.1%,71.3%
34771,幸福马上来,<0.1%,1.86,105,<0.1%,100%
34772,我和神马查干,<0.1%,1.61,24,<0.1%,--
34773,太空熊猫英雄归来,<0.1%,1.51,99,<0.1%,82.7%
34774,诡梦凶铃,<0.1%,1.35,56,<0.1%,100%
34775,玛丽与魔女之花,<0.1%,1.30,2,<0.1%,2.1%
34776,战犬瑞克斯,<0.1%,1.24,3,<0.1%,4.3%
34777,低压槽：欲望之城,<0.1%,1.00,4,<0.1%,6.5%
34778,超时空同居,39.3%,6502.55,22,29.3%,17.2%
34779,复仇者联盟3：无限战争,30.8%,5089.71,21,22.3%,15.2%
34780,游侠索罗：星球大战外传,15.1%,2500.00,10,22.8%,7.0%
34781,寂静之地,7.0%,1167.53,15,8.1%,15.6%
34782,完美陌生人,4.2%,694.62,9,8.2%,9.2%
34783,后来的我们,0.5%,96.71,7,1.5%,7.6%
34784,狂暴巨兽,0.5%,88.19,14,0.6%,14.9%
34785,冰雪女王3：火与冰,0.4%,71.00,11,0.7%,11.1%
34786,昼颜,0.2%,47.12,10,0.4%,10.9%
34787,小公主艾薇拉与神秘王国,0.1%,32.27,4,1.1%,4.6%
34788,命运速递,0.1%,28.64,3,1.6%,2.3%
34789,西小河的夏天,0.1%,26.94,6,0.4%,7.0%
34790,头号玩家,0.1%,20.15,13,0.1%,14.2%
34791,巴霍巴利王2：终结,0.1%,17.87,8,0.2%,8.4%
34792,幕后玩家,0.1%,17.34,9,0.1%,10.9%
34793,玛丽与魔女之花,<0.1%,14.49,5,0.3%,5.4%
34794,青年马克思,<0.1%,12.31,26,<0.1%,25.3%
34795,路过未来,<0.1%,11.33,4,0.3%,2.9%
34796,出山记,<0.1%,8.97,82,<0.1%,69.5%
34797,盛世秧歌,<0.1%,7.41,27,<0.1%,--
34798,我是你妈,<0.1%,7.18,5,0.1%,6.3%
34799,潜艇总动员：海底两万里,<0.1%,4.65,105,<0.1%,92.4%
34800,荒城纪,<0.1%,4.32,10,<0.1%,12.6%
34801,我们的青春岁月,<0.1%,3.21,39,<0.1%,100%
34802,龙在哪里？,<0.1%,3.14,6,<0.1%,6.2%
34803,战犬瑞克斯,<0.1%,2.68,5,<0.1%,6.5%
34804,我和神马查干,<0.1%,2.39,32,<0.1%,--
34805,时间暗局,<0.1%,2.15,2,0.1%,1.8%
34806,厉害了，我的国,<0.1%,1.68,8,<0.1%,24.0%
34807,古镇画情,<0.1%,1.60,52,<0.1%,--
34808,神谕通天,<0.1%,1.55,2,0.1%,2.1%
34809,给19岁的我自己,<0.1%,1.44,118,<0.1%,64.8%
34810,诡梦凶铃,<0.1%,1.34,60,<0.1%,74.7%
34811,亲爱的，我要和别人结婚了,<0.1%,1.11,3,<0.1%,3.5%
34812,超时空同居,41.7%,5588.43,18,30.5%,14.1%
34813,复仇者联盟3：无限战争,29.7%,3983.26,16,23.7%,11.0%
34814,游侠索罗：星球大战外传,12.9%,1729.07,8,20.2%,5.7%
34815,寂静之地,6.7%,898.69,11,8.8%,11.0%
34816,完美陌生人,4.6%,621.11,9,7.5%,9.1%
34817,狂暴巨兽,0.7%,102.61,13,0.8%,13.6%
34818,后来的我们,0.7%,95.50,6,1.6%,6.9%
34819,冰雪女王3：火与冰,0.6%,85.15,12,0.8%,12.3%
34820,昼颜,0.3%,43.57,9,0.5%,10.1%
34821,小公主艾薇拉与神秘王国,0.2%,36.07,5,1.1%,4.8%
34822,西小河的夏天,0.1%,21.91,6,0.4%,7.0%
34823,头号玩家,0.1%,20.46,11,0.1%,11.6%
34824,巴霍巴利王2：终结,0.1%,18.43,7,0.2%,7.8%
34825,玛丽与魔女之花,0.1%,16.73,6,0.3%,6.2%
34826,命运速递,0.1%,15.89,2,1.1%,1.8%
34827,幕后玩家,<0.1%,11.94,6,0.2%,7.2%
34828,路过未来,<0.1%,9.85,3,0.3%,2.7%
34829,青年马克思,<0.1%,7.78,21,<0.1%,22.0%
34830,出山记,<0.1%,7.70,95,<0.1%,79.9%
34831,低压槽：欲望之城,<0.1%,7.20,37,<0.1%,59.1%
34832,我是你妈,<0.1%,6.70,4,0.2%,5.7%
34833,盛世秧歌,<0.1%,4.91,19,<0.1%,--
34834,龙在哪里？,<0.1%,4.57,7,<0.1%,8.4%
34835,潜艇总动员：海底两万里,<0.1%,3.28,92,<0.1%,100%
34836,战犬瑞克斯,<0.1%,3.21,6,<0.1%,8.3%
34837,我们的青春岁月,<0.1%,2.68,32,<0.1%,100%
34838,破门,<0.1%,2.45,62,<0.1%,100%
34839,妈妈咪鸭,<0.1%,2.19,365,<0.1%,--
34840,我和神马查干,<0.1%,1.66,23,<0.1%,--
34841,古镇画情,<0.1%,1.27,34,<0.1%,--
34842,午夜十二点,<0.1%,1.00,3,<0.1%,4.8%
34843,超时空同居,47.5%,2350.38,8,32.1%,6.2%
34844,复仇者联盟3：无限战争,24.2%,1197.82,5,24.4%,3.4%
34845,游侠索罗：星球大战外传,10.8%,538.20,3,18.7%,2.2%
34846,寂静之地,7.3%,364.57,5,9.6%,4.5%
34847,完美陌生人,5.2%,260.60,4,7.5%,4.2%
34848,狂暴巨兽,0.8%,43.38,5,0.9%,5.1%
34849,青年马克思,0.7%,34.99,34,0.1%,30.3%
34850,后来的我们,0.6%,33.61,4,1.1%,3.9%
34851,昼颜,0.4%,20.52,4,0.6%,4.1%
34852,西小河的夏天,0.3%,15.92,5,0.4%,5.1%
34853,出山记,0.2%,13.13,108,<0.1%,89.8%
34854,命运速递,0.2%,11.13,2,1.0%,1.4%
34855,巴霍巴利王2：终结,0.1%,9.51,3,0.3%,3.4%
34856,头号玩家,0.1%,7.26,4,0.2%,4.3%
34857,幕后玩家,<0.1%,4.91,3,0.2%,3.1%
34858,路过未来,<0.1%,4.83,2,0.3%,1.3%
34859,我是你妈,<0.1%,3.73,2,0.2%,2.5%
34860,冰雪女王3：火与冰,<0.1%,3.37,3,0.1%,2.5%
34861,小公主艾薇拉与神秘王国,<0.1%,2.81,2,0.3%,1.9%
34862,厉害了，我的国,<0.1%,1.80,13,<0.1%,13.3%
34863,战犬瑞克斯,<0.1%,1.72,3,0.1%,3.3%
34864,盛世秧歌,<0.1%,1.70,7,<0.1%,--
34865,我们的青春岁月,<0.1%,1.70,22,<0.1%,67.5%
34866,潜艇总动员：海底两万里,<0.1%,1.65,413,<0.1%,--
34867,诡梦凶铃,<0.1%,1.29,100,<0.1%,100%
34868,神谕通天,<0.1%,1.19,2,0.1%,1.8%
34869,超时空同居,45.2%,2146.52,8,32.0%,5.6%
34870,复仇者联盟3：无限战争,23.4%,1111.52,5,23.9%,3.2%
34871,游侠索罗：星球大战外传,9.7%,462.73,3,16.6%,2.2%
34872,寂静之地,6.8%,323.96,4,9.3%,4.1%
34873,完美陌生人,5.5%,264.10,5,6.6%,4.8%
34874,给19岁的我自己,3.8%,182.41,5,4.7%,4.7%
34875,青年马克思,1.0%,51.97,40,0.1%,39.4%
34876,狂暴巨兽,0.9%,45.55,5,1.0%,5.1%
34877,后来的我们,0.6%,32.08,3,1.1%,3.5%
34878,昼颜,0.4%,19.11,4,0.5%,4.1%
34879,出山记,0.2%,12.85,87,<0.1%,74.9%
34880,巴霍巴利王2：终结,0.2%,9.99,4,0.3%,3.7%
34881,西小河的夏天,0.1%,9.29,4,0.3%,4.2%
34882,命运速递,0.1%,8.56,2,0.8%,1.6%
34883,头号玩家,0.1%,8.22,5,0.1%,5.5%
34884,我们的青春岁月,0.1%,7.84,63,<0.1%,100%
34885,路过未来,<0.1%,4.34,2,0.3%,1.2%
34886,厉害了，我的国,<0.1%,4.15,25,<0.1%,32.9%
34887,小公主艾薇拉与神秘王国,<0.1%,4.10,3,0.2%,2.9%
34888,我是你妈,<0.1%,4.00,3,0.2%,3.1%
34889,暗夜良人,<0.1%,2.81,83,<0.1%,100%
34890,冰雪女王3：火与冰,<0.1%,2.75,3,0.1%,2.5%
34891,盛世秧歌,<0.1%,2.20,10,<0.1%,--
34892,战犬瑞克斯,<0.1%,1.96,3,<0.1%,4.0%
34893,超时空同居,45.8%,2017.34,7,32.8%,5.2%
34894,复仇者联盟3：无限战争,23.7%,1045.95,5,24.0%,3.0%
34895,游侠索罗：星球大战外传,9.7%,428.46,3,15.9%,2.2%
34896,寂静之地,7.0%,310.23,4,9.6%,3.8%
34897,完美陌生人,6.1%,270.54,5,6.8%,4.8%
34898,给19岁的我自己,1.5%,66.14,3,3.8%,2.1%
34899,狂暴巨兽,1.1%,50.91,5,1.1%,5.1%
34900,青年马克思,1.0%,47.63,37,0.1%,36.0%
34901,后来的我们,0.8%,35.20,3,1.3%,3.3%
34902,昼颜,0.4%,20.43,4,0.6%,3.9%
34903,出山记,0.3%,16.66,99,<0.1%,78.1%
34904,巴霍巴利王2：终结,0.2%,9.77,3,0.4%,3.1%
34905,西小河的夏天,0.2%,9.68,4,0.3%,4.2%
34906,我们的青春岁月,0.2%,9.32,76,<0.1%,100%
34907,厉害了，我的国,0.1%,7.83,41,<0.1%,68.3%
34908,我是你妈,0.1%,6.62,5,0.2%,6.3%
34909,命运速递,0.1%,5.32,1,0.7%,0.9%
34910,路过未来,0.1%,4.73,2,0.3%,1.4%
34911,小公主艾薇拉与神秘王国,<0.1%,2.76,2,0.2%,2.0%
34912,冰雪女王3：火与冰,<0.1%,2.60,3,0.1%,2.7%
34913,盛世秧歌,<0.1%,1.82,8,<0.1%,--
34914,战犬瑞克斯,<0.1%,1.55,3,0.1%,2.8%
34915,幸福马上来,<0.1%,1.47,57,<0.1%,78.1%
34916,超时空同居,42.0%,2001.26,7,31.9%,5.2%
34917,复仇者联盟3：无限战争,25.3%,1208.04,6,23.2%,3.6%
34918,游侠索罗：星球大战外传,9.1%,434.08,4,14.4%,2.4%
34919,寂静之地,6.2%,298.00,4,8.9%,4.0%
34920,完美陌生人,5.6%,266.64,5,6.2%,5.1%
34921,我的宠物恐龙,3.6%,173.01,4,5.7%,3.8%
34922,狂暴巨兽,1.2%,61.68,6,1.1%,6.0%
34923,给19岁的我自己,1.1%,54.57,3,2.9%,2.2%
34924,青年马克思,1.0%,50.39,41,0.1%,39.8%
34925,后来的我们,0.7%,34.57,3,1.3%,3.2%
34926,昼颜,0.3%,18.04,4,0.5%,3.7%
34927,出山记,0.3%,16.09,86,<0.1%,67.0%
34928,巴霍巴利王2：终结,0.2%,12.25,4,0.4%,4.0%
34929,西小河的夏天,0.2%,12.00,6,0.2%,6.7%
34930,小公主艾薇拉与神秘王国,0.2%,11.01,9,0.2%,9.5%
34931,厉害了，我的国,0.2%,9.94,39,<0.1%,60.9%
34932,哆啦A梦：大雄的金银岛,0.1%,8.91,20,<0.1%,16.0%
34933,我们的青春岁月,0.1%,8.62,68,<0.1%,98.8%
34934,我是你妈,0.1%,7.83,5,0.2%,6.0%
34935,冰雪女王3：火与冰,0.1%,7.10,6,0.1%,6.5%
34936,潜艇总动员：海底两万里,0.1%,6.83,59,<0.1%,54.1%
34937,幸福马上来,0.1%,5.79,63,<0.1%,82.1%
34938,破门,0.1%,5.06,166,<0.1%,63.7%
34939,路过未来,<0.1%,4.55,2,0.3%,1.3%
34940,命运速递,<0.1%,4.41,1,0.5%,1.2%
34941,玛丽与魔女之花,<0.1%,3.45,13,<0.1%,17.0%
34942,战犬瑞克斯,<0.1%,2.66,4,<0.1%,5.1%
34943,魔镜奇缘2,<0.1%,2.50,35,<0.1%,100%
34944,盛世秧歌,<0.1%,2.39,10,<0.1%,--
34945,三界,<0.1%,1.44,4,<0.1%,2.8%
34946,暗夜良人,<0.1%,1.16,59,<0.1%,62.9%
34947,七号公馆,<0.1%,1.09,2,<0.1%,3.5%
34948,哆啦A梦：大雄的金银岛,39.3%,8392.49,29,30.0%,21.1%
34949,复仇者联盟3：无限战争,16.5%,3529.90,23,13.4%,15.5%
34950,潜艇总动员：海底两万里,15.2%,3245.07,22,14.8%,20.0%
34951,超时空同居,14.9%,3179.92,15,19.0%,12.2%
34952,魔镜奇缘2,4.4%,955.81,17,6.1%,17.1%
34953,游侠索罗：星球大战外传,2.5%,538.93,11,4.1%,9.3%
34954,我的宠物恐龙,1.9%,405.78,13,3.2%,12.9%
34955,寂静之地,1.7%,365.24,12,3.0%,12.1%
34956,完美陌生人,1.1%,254.01,13,1.8%,13.3%
34957,狂暴巨兽,0.6%,137.94,22,0.6%,22.3%
34958,毛骨悚然之红衣男孩,0.1%,37.21,9,0.4%,10.0%
34959,青年马克思,0.1%,30.38,48,<0.1%,53.0%
34960,光影之战,0.1%,25.45,5,0.6%,5.6%
34961,后来的我们,0.1%,24.86,5,0.4%,6.7%
34962,给19岁的我自己,<0.1%,21.05,5,0.4%,5.4%
34963,冰雪女王3：火与冰,<0.1%,17.47,18,<0.1%,20.9%
34964,大耳朵图图之美食狂想曲,<0.1%,16.22,9,0.2%,9.0%
34965,巴霍巴利王2：终结,<0.1%,11.06,8,0.1%,9.4%
34966,西小河的夏天,<0.1%,10.63,21,<0.1%,26.7%
34967,我们的青春岁月,<0.1%,9.84,77,<0.1%,100%
34968,盛世秧歌,<0.1%,9.39,32,<0.1%,--
34969,厉害了，我的国,<0.1%,9.04,50,<0.1%,81.9%
34970,昼颜,<0.1%,8.68,8,0.1%,9.3%
34971,我是你妈,<0.1%,6.24,9,<0.1%,14.5%
34972,出山记,<0.1%,4.92,139,<0.1%,85.2%
34973,路过未来,<0.1%,4.46,4,0.1%,2.9%
34974,幸福马上来,<0.1%,4.45,53,<0.1%,94.8%
34975,冰雪女王2：冬日魔咒,<0.1%,4.31,38,<0.1%,46.1%
34976,我和神马查干,<0.1%,3.95,53,<0.1%,--
34977,小公主艾薇拉与神秘王国,<0.1%,3.22,9,<0.1%,9.4%
34978,诡梦凶铃,<0.1%,3.01,99,<0.1%,100%
34979,潜艇总动员之时光宝盒,<0.1%,2.70,28,<0.1%,27.2%
34980,战犬瑞克斯,<0.1%,2.32,14,<0.1%,26.0%
34981,古镇画情,<0.1%,2.01,63,<0.1%,--
34982,那年，我还没长大,<0.1%,1.95,244,<0.1%,91.9%
34983,我想和你们在一起,<0.1%,1.72,28,<0.1%,52.0%
34984,起跑线,<0.1%,1.45,10,<0.1%,12.9%
34985,麦豆的夏天,<0.1%,1.39,64,<0.1%,44.5%
34986,寻找雪山,<0.1%,1.08,30,<0.1%,25.0%
34987,哆啦A梦：大雄的金银岛,28.7%,4413.51,15,29.4%,10.9%
34988,超时空同居,25.6%,3935.87,18,19.7%,14.5%
34989,复仇者联盟3：无限战争,20.5%,3165.33,18,14.9%,12.0%
34990,潜艇总动员：海底两万里,10.1%,1556.55,11,14.3%,9.7%
34991,游侠索罗：星球大战外传,3.2%,505.50,11,3.7%,9.3%
34992,寂静之地,3.0%,461.83,14,3.2%,14.2%
34993,魔镜奇缘2,2.6%,403.05,8,5.9%,7.3%
34994,完美陌生人,2.4%,378.76,16,2.0%,17.5%
34995,狂暴巨兽,0.9%,149.96,18,0.8%,17.0%
34996,我的宠物恐龙,0.9%,140.52,6,2.5%,5.9%
34997,后来的我们,0.2%,32.09,6,0.4%,7.6%
34998,给19岁的我自己,0.1%,28.58,6,0.4%,7.0%
34999,毛骨悚然之红衣男孩,0.1%,28.20,7,0.4%,7.6%
35000,巴霍巴利王2：终结,0.1%,15.59,9,0.1%,10.1%
35001,昼颜,<0.1%,15.06,11,0.1%,13.3%
35002,我们的青春岁月,<0.1%,10.73,89,<0.1%,100%
35003,光影之战,<0.1%,10.47,3,0.4%,3.3%
35004,盛世秧歌,<0.1%,7.81,29,<0.1%,--
35005,冰雪女王3：火与冰,<0.1%,7.13,8,<0.1%,9.2%
35006,大耳朵图图之美食狂想曲,<0.1%,6.79,5,0.1%,5.1%
35007,西小河的夏天,<0.1%,6.79,11,<0.1%,14.0%
35008,太空熊猫英雄归来,<0.1%,6.71,133,<0.1%,76.3%
35009,因果启示录,<0.1%,5.58,102,<0.1%,79.8%
35010,路过未来,<0.1%,5.41,4,0.1%,3.4%
35011,出山记,<0.1%,5.08,114,<0.1%,87.7%
35012,潜艇总动员之时光宝盒,<0.1%,4.55,76,<0.1%,100%
35013,冰雪女王2：冬日魔咒,<0.1%,3.50,25,<0.1%,27.4%
35014,摇摇晃晃的人间,<0.1%,3.49,73,<0.1%,75.4%
35015,青年马克思,<0.1%,3.31,16,<0.1%,26.0%
35016,小公主艾薇拉与神秘王国,<0.1%,2.62,6,<0.1%,5.9%
35017,我和神马查干,<0.1%,2.58,32,<0.1%,--
35018,我是你妈,<0.1%,2.45,5,<0.1%,6.4%
35019,诡梦凶铃,<0.1%,2.02,86,<0.1%,100%
35020,寻找雪山,<0.1%,2.00,39,<0.1%,43.8%
35021,幸福马上来,<0.1%,1.94,61,<0.1%,72.5%
35022,战犬瑞克斯,<0.1%,1.85,7,<0.1%,9.2%
35023,圣诞大赢家,<0.1%,1.71,59,<0.1%,79.4%
35024,起跑线,<0.1%,1.47,13,<0.1%,16.4%
35025,古镇画情,<0.1%,1.27,34,<0.1%,--
35026,厉害了，我的国,<0.1%,1.26,21,<0.1%,22.3%
35027,命运速递,<0.1%,1.02,2,<0.1%,2.4%
35028,超时空同居,28.3%,3235.81,14,21.0%,11.3%
35029,哆啦A梦：大雄的金银岛,25.6%,2929.25,11,27.8%,7.8%
35030,复仇者联盟3：无限战争,20.4%,2332.55,13,15.8%,8.4%
35031,潜艇总动员：海底两万里,9.7%,1119.15,9,13.3%,7.8%
35032,游侠索罗：星球大战外传,3.3%,386.03,8,3.9%,6.9%
35033,寂静之地,3.0%,346.26,9,3.6%,9.6%
35034,完美陌生人,3.0%,344.38,14,2.2%,14.4%
35035,魔镜奇缘2,2.5%,294.41,6,5.4%,6.0%
35036,狂暴巨兽,1.1%,136.81,14,0.9%,13.0%
35037,我的宠物恐龙,0.8%,93.58,5,2.2%,4.6%
35038,后来的我们,0.2%,31.00,6,0.5%,6.4%
35039,给19岁的我自己,0.1%,21.08,5,0.4%,5.1%
35040,毛骨悚然之红衣男孩,0.1%,18.75,5,0.4%,5.0%
35041,昼颜,0.1%,14.11,9,0.1%,11.5%
35042,巴霍巴利王2：终结,0.1%,13.40,8,0.1%,8.0%
35043,我是你妈,<0.1%,9.57,17,<0.1%,28.1%
35044,我们的青春岁月,<0.1%,9.24,88,<0.1%,100%
35045,光影之战,<0.1%,6.74,3,0.3%,2.6%
35046,冰雪女王3：火与冰,<0.1%,5.44,7,<0.1%,7.8%
35047,路过未来,<0.1%,5.32,4,0.1%,3.5%
35048,大耳朵图图之美食狂想曲,<0.1%,5.17,5,0.1%,4.4%
35049,盛世秧歌,<0.1%,5.14,18,<0.1%,--
35050,因果启示录,<0.1%,5.05,105,<0.1%,91.9%
35051,西小河的夏天,<0.1%,4.38,8,<0.1%,9.4%
35052,出山记,<0.1%,4.34,100,<0.1%,87.1%
35053,太空熊猫英雄归来,<0.1%,3.80,96,<0.1%,93.9%
35054,圣诞大赢家,<0.1%,3.55,63,<0.1%,85.6%
35055,潜艇总动员之时光宝盒,<0.1%,2.56,50,<0.1%,100%
35056,青年马克思,<0.1%,2.43,14,<0.1%,21.4%
35057,冰雪女王2：冬日魔咒,<0.1%,1.92,19,<0.1%,22.0%
35058,我和神马查干,<0.1%,1.68,22,<0.1%,--
35059,战犬瑞克斯,<0.1%,1.52,6,<0.1%,9.3%
35060,起跑线,<0.1%,1.18,8,<0.1%,11.9%
35061,诡梦凶铃,<0.1%,1.15,72,<0.1%,100%
35062,超时空同居,40.7%,1465.66,6,26.5%,4.5%
35063,复仇者联盟3：无限战争,21.8%,784.84,4,19.2%,2.7%
35064,哆啦A梦：大雄的金银岛,14.4%,518.49,3,22.6%,2.0%
35065,寂静之地,5.2%,190.49,4,5.6%,3.9%
35066,完美陌生人,4.8%,174.26,5,3.6%,5.2%
35067,游侠索罗：星球大战外传,4.3%,157.57,3,6.0%,2.2%
35068,狂暴巨兽,1.7%,64.08,6,1.3%,5.1%
35069,潜艇总动员：海底两万里,1.7%,62.56,2,6.7%,1.0%
35070,后来的我们,0.7%,26.00,3,1.0%,3.1%
35071,蓝色金鱼,0.6%,25.17,9,0.2%,9.9%
35072,青年马克思,0.4%,16.46,27,<0.1%,26.2%
35073,毛骨悚然之红衣男孩,0.3%,13.77,3,0.5%,3.4%
35074,给19岁的我自己,0.2%,10.62,2,0.7%,2.0%
35075,西小河的夏天,0.2%,10.35,13,0.1%,15.0%
35076,魔镜奇缘2,0.2%,9.75,1,2.4%,0.5%
35077,昼颜,0.2%,9.17,4,0.2%,3.5%
35078,出山记,0.2%,8.53,66,<0.1%,49.5%
35079,我们的青春岁月,0.2%,8.37,75,<0.1%,100%
35080,我的宠物恐龙,0.1%,7.12,1,1.4%,0.6%
35081,太空熊猫英雄归来,0.1%,4.26,89,<0.1%,98.7%
35082,路过未来,<0.1%,3.24,2,0.1%,1.6%
35083,我是你妈,<0.1%,3.07,4,0.1%,4.8%
35084,幸福马上来,<0.1%,2.16,44,<0.1%,46.4%
35085,盛世秧歌,<0.1%,1.48,6,<0.1%,--
35086,亲爱的，我要和别人结婚了,<0.1%,1.37,4,<0.1%,5.2%
35087,圣诞大赢家,<0.1%,1.30,55,<0.1%,79.4%
35088,超时空同居,41.6%,1526.27,6,28.0%,4.5%
35089,复仇者联盟3：无限战争,23.1%,847.63,5,20.1%,2.9%
35090,哆啦A梦：大雄的金银岛,12.1%,445.79,3,20.1%,2.0%
35091,寂静之地,5.6%,207.42,4,6.3%,3.9%
35092,完美陌生人,5.1%,189.70,5,4.3%,4.8%
35093,游侠索罗：星球大战外传,4.4%,164.23,3,6.2%,2.3%
35094,狂暴巨兽,2.0%,73.85,6,1.5%,5.0%
35095,潜艇总动员：海底两万里,1.3%,51.17,2,5.5%,1.0%
35096,后来的我们,0.8%,30.57,3,1.1%,3.1%
35097,蓝色金鱼,0.6%,22.73,11,0.1%,12.4%
35098,毛骨悚然之红衣男孩,0.3%,11.98,3,0.5%,2.8%
35099,给19岁的我自己,0.2%,10.43,2,0.7%,1.9%
35100,出山记,0.2%,9.12,69,<0.1%,53.5%
35101,昼颜,0.2%,8.96,3,0.3%,3.1%
35102,我们的青春岁月,0.2%,8.54,78,<0.1%,100%
35103,青年马克思,0.2%,7.35,19,<0.1%,19.5%
35104,我的宠物恐龙,0.1%,6.78,1,1.1%,0.8%
35105,魔镜奇缘2,0.1%,6.67,1,1.9%,0.4%
35106,幸福马上来,<0.1%,3.55,31,<0.1%,58.8%
35107,我是你妈,<0.1%,3.07,3,0.1%,3.1%
35108,西小河的夏天,<0.1%,2.78,4,0.1%,4.1%
35109,路过未来,<0.1%,2.38,2,0.1%,1.2%
35110,策反,<0.1%,1.56,92,<0.1%,100%
35111,盛世秧歌,<0.1%,1.55,7,<0.1%,--
35112,圣诞大赢家,<0.1%,1.40,51,<0.1%,70.9%
35113,太空熊猫英雄归来,<0.1%,1.26,158,<0.1%,74.8%
35114,超时空同居,40.4%,1534.96,6,28.3%,4.4%
35115,复仇者联盟3：无限战争,23.3%,886.37,5,20.2%,3.0%
35116,哆啦A梦：大雄的金银岛,11.7%,444.24,3,18.4%,2.2%
35117,寂静之地,6.1%,233.52,4,6.5%,4.1%
35118,完美陌生人,5.0%,190.80,5,4.4%,4.6%
35119,游侠索罗：星球大战外传,4.2%,159.39,3,6.1%,2.2%
35120,狂暴巨兽,2.2%,83.93,6,1.6%,5.1%
35121,潜艇总动员：海底两万里,1.2%,47.70,2,4.7%,1.1%
35122,暗夜良人,1.0%,40.85,3,2.3%,2.5%
35123,后来的我们,0.8%,33.10,3,1.2%,3.2%
35124,蓝色金鱼,0.3%,15.04,12,0.1%,14.4%
35125,青年马克思,0.3%,11.82,32,<0.1%,37.7%
35126,给19岁的我自己,0.2%,11.31,2,0.7%,2.2%
35127,毛骨悚然之红衣男孩,0.2%,11.11,3,0.5%,2.9%
35128,昼颜,0.2%,9.33,3,0.3%,3.1%
35129,出山记,0.2%,9.18,76,<0.1%,56.9%
35130,我们的青春岁月,0.2%,8.73,75,<0.1%,100%
35131,魔镜奇缘2,0.1%,6.82,1,1.6%,0.5%
35132,我的宠物恐龙,0.1%,5.93,1,0.9%,0.8%
35133,战犬瑞克斯,0.1%,5.17,9,<0.1%,12.0%
35134,荒城纪,0.1%,4.70,27,<0.1%,38.4%
35135,幸福马上来,0.1%,3.89,37,<0.1%,44.6%
35136,我是你妈,<0.1%,3.39,3,0.1%,3.4%
35137,西小河的夏天,<0.1%,2.40,4,<0.1%,4.3%
35138,路过未来,<0.1%,2.35,2,0.1%,1.2%
35139,盛世秧歌,<0.1%,1.63,7,<0.1%,--
35140,亲爱的，我要和别人结婚了,<0.1%,1.50,4,<0.1%,4.6%
35141,圣诞大赢家,<0.1%,1.37,58,<0.1%,84.1%
35142,太空熊猫英雄归来,<0.1%,1.18,148,<0.1%,100.0%
35143,超时空同居,40.3%,1422.27,6,28.9%,4.1%
35144,复仇者联盟3：无限战争,22.7%,802.37,4,20.5%,2.7%
35145,哆啦A梦：大雄的金银岛,11.0%,388.41,3,17.9%,2.0%
35146,寂静之地,6.2%,220.98,4,6.9%,3.8%
35147,完美陌生人,5.2%,183.85,5,4.7%,4.3%
35148,游侠索罗：星球大战外传,4.1%,147.18,3,6.1%,2.1%
35149,狂暴巨兽,2.5%,91.16,6,1.7%,5.3%
35150,潜艇总动员：海底两万里,1.3%,49.20,2,4.5%,1.2%
35151,后来的我们,0.9%,32.16,3,1.3%,2.9%
35152,暗夜良人,0.7%,26.57,4,1.0%,3.6%
35153,深海越狱,0.7%,26.35,19,0.1%,14.5%
35154,给19岁的我自己,0.3%,12.56,2,0.7%,2.2%
35155,蓝色金鱼,0.3%,12.09,9,0.1%,11.2%
35156,出山记,0.2%,9.79,73,<0.1%,58.9%
35157,青年马克思,0.2%,9.51,22,<0.1%,27.9%
35158,毛骨悚然之红衣男孩,0.2%,9.31,3,0.5%,2.5%
35159,幸福马上来,0.2%,9.10,18,<0.1%,19.0%
35160,昼颜,0.2%,8.89,3,0.3%,2.9%
35161,我们的青春岁月,0.2%,7.68,72,<0.1%,100%
35162,魔镜奇缘2,0.2%,7.55,1,1.5%,0.6%
35163,我的宠物恐龙,0.1%,5.84,1,0.9%,0.9%
35164,厕所英雄,0.1%,4.68,10,<0.1%,8.4%
35165,我是你妈,<0.1%,2.80,3,0.1%,2.6%
35166,路过未来,<0.1%,2.65,2,0.1%,1.4%
35167,西小河的夏天,<0.1%,1.87,3,<0.1%,3.5%
35168,盛世秧歌,<0.1%,1.63,7,<0.1%,--
35169,深海越狱,23.1%,1766.07,9,24.1%,5.7%
35170,厕所英雄,19.8%,1514.17,9,18.6%,7.0%
35171,幸福马上来,19.1%,1460.82,9,17.3%,8.0%
35172,超时空同居,15.7%,1204.22,10,12.5%,7.9%
35173,复仇者联盟3：无限战争,11.3%,868.64,9,9.3%,5.5%
35174,哆啦A梦：大雄的金银岛,3.8%,294.39,6,5.8%,5.1%
35175,寂静之地,1.0%,82.42,7,1.3%,7.2%
35176,完美陌生人,0.9%,72.16,9,0.7%,9.0%
35177,狂暴巨兽,0.6%,53.04,9,0.6%,8.9%
35178,游侠索罗：星球大战外传,0.6%,50.53,4,0.9%,3.3%
35179,潜艇总动员：海底两万里,0.6%,47.79,4,1.6%,3.2%
35180,恐怖浴室,0.6%,47.38,6,1.0%,6.3%
35181,一纸婚约,0.3%,26.16,2,1.6%,2.1%
35182,因果启示录,0.3%,25.08,2,2.0%,1.4%
35183,青年马克思,0.1%,12.99,42,<0.1%,44.0%
35184,蓝色金鱼,0.1%,11.64,54,<0.1%,65.7%
35185,我们的青春岁月,0.1%,7.73,72,<0.1%,100%
35186,后来的我们,<0.1%,6.88,4,0.1%,4.5%
35187,出山记,<0.1%,4.27,65,<0.1%,59.5%
35188,暗夜良人,<0.1%,3.99,4,0.1%,4.5%
35189,魔镜奇缘2,<0.1%,3.90,2,0.3%,1.7%
35190,盛世秧歌,<0.1%,3.27,14,<0.1%,--
35191,诡梦凶铃,<0.1%,2.93,79,<0.1%,100%
35192,昼颜,<0.1%,2.93,6,<0.1%,8.2%
35193,我是你妈,<0.1%,2.59,7,<0.1%,9.2%
35194,一个人的江湖,<0.1%,2.43,2,0.2%,1.8%
35195,盯上小偷的贼,<0.1%,1.69,1,0.4%,0.4%
35196,毛骨悚然之红衣男孩,<0.1%,1.62,3,<0.1%,3.8%
35197,我的宠物恐龙,<0.1%,1.37,2,0.1%,2.1%
35198,我和神马查干,<0.1%,1.30,18,<0.1%,--
35199,厕所英雄,19.7%,2290.75,14,17.4%,10.5%
35200,超时空同居,19.2%,2228.66,16,13.7%,12.8%
35201,复仇者联盟3：无限战争,15.7%,1816.76,15,10.8%,9.7%
35202,幸福马上来,14.4%,1672.35,11,15.2%,10.0%
35203,深海越狱,12.0%,1391.84,7,21.3%,4.8%
35204,哆啦A梦：大雄的金银岛,8.7%,1011.64,13,8.6%,11.5%
35205,潜艇总动员：海底两万里,3.2%,371.67,10,3.8%,10.0%
35206,寂静之地,1.3%,161.54,11,1.4%,11.7%
35207,完美陌生人,1.3%,153.53,16,0.8%,16.8%
35208,狂暴巨兽,1.2%,139.75,17,0.8%,15.7%
35209,游侠索罗：星球大战外传,0.9%,109.00,9,0.9%,7.4%
35210,恐怖浴室,0.4%,47.47,6,0.9%,6.8%
35211,魔镜奇缘2,0.3%,38.36,5,0.9%,5.4%
35212,一纸婚约,0.1%,20.96,3,0.8%,3.2%
35213,因果启示录,0.1%,18.10,4,0.5%,3.9%
35214,后来的我们,0.1%,15.29,6,0.2%,6.7%
35215,我们的青春岁月,<0.1%,10.46,92,<0.1%,100%
35216,暗夜良人,<0.1%,6.65,10,0.1%,12.8%
35217,我的宠物恐龙,<0.1%,5.85,4,0.1%,4.3%
35218,盛世秧歌,<0.1%,5.85,23,<0.1%,--
35219,昼颜,<0.1%,5.75,9,<0.1%,13.1%
35220,我是你妈,<0.1%,3.06,10,<0.1%,12.1%
35221,西小河的夏天,<0.1%,3.03,21,<0.1%,24.1%
35222,出山记,<0.1%,2.89,81,<0.1%,85.4%
35223,我和神马查干,<0.1%,1.97,28,<0.1%,--
35224,毛骨悚然之红衣男孩,<0.1%,1.94,4,<0.1%,3.8%
35225,冰雪女王2：冬日魔咒,<0.1%,1.86,15,<0.1%,16.4%
35226,诡梦凶铃,<0.1%,1.58,67,<0.1%,100%
35227,一个人的江湖,<0.1%,1.53,2,0.1%,1.8%
35228,给19岁的我自己,<0.1%,1.51,3,<0.1%,4.4%
35229,路过未来,<0.1%,1.01,2,<0.1%,1.7%
35230,厕所英雄,20.4%,2049.11,13,17.4%,9.3%
35231,超时空同居,20.3%,2030.75,13,15.5%,10.1%
35232,复仇者联盟3：无限战争,15.4%,1542.70,12,12.1%,7.4%
35233,幸福马上来,14.3%,1431.19,10,14.5%,9.0%
35234,哆啦A梦：大雄的金银岛,9.2%,923.70,12,8.8%,10.3%
35235,深海越狱,8.9%,891.29,6,18.0%,3.8%
35236,潜艇总动员：海底两万里,4.1%,414.50,11,4.0%,10.6%
35237,狂暴巨兽,1.5%,150.93,15,1.0%,12.8%
35238,完美陌生人,1.3%,139.46,13,0.9%,13.5%
35239,寂静之地,1.3%,134.77,8,1.6%,8.4%
35240,游侠索罗：星球大战外传,0.8%,83.21,7,0.9%,5.4%
35241,魔镜奇缘2,0.4%,42.23,6,0.9%,5.9%
35242,恐怖浴室,0.2%,27.11,4,0.9%,4.0%
35243,因果启示录,0.2%,22.50,4,0.6%,3.6%
35244,后来的我们,0.1%,15.98,5,0.3%,5.9%
35245,一纸婚约,0.1%,12.51,2,0.7%,2.3%
35246,我们的青春岁月,<0.1%,9.34,91,<0.1%,100%
35247,泄密者,<0.1%,8.68,124,<0.1%,90.4%
35248,我的宠物恐龙,<0.1%,5.84,4,0.1%,4.2%
35249,昼颜,<0.1%,5.15,7,<0.1%,10.3%
35250,盛世秧歌,<0.1%,4.71,21,<0.1%,--
35251,出山记,<0.1%,3.48,77,<0.1%,80.5%
35252,荒城纪,<0.1%,2.81,56,<0.1%,100%
35253,铁道飞虎,<0.1%,2.06,590,<0.1%,100.0%
35254,我和神马查干,<0.1%,1.71,25,<0.1%,100%
35255,暗夜良人,<0.1%,1.69,4,<0.1%,4.0%
35256,泡菜爱上小龙虾,<0.1%,1.55,194,<0.1%,100.0%
35257,给19岁的我自己,<0.1%,1.51,3,<0.1%,4.2%
35258,毛骨悚然之红衣男孩,<0.1%,1.32,3,<0.1%,2.6%
35259,路过未来,<0.1%,1.23,3,<0.1%,2.0%
35260,一个人的江湖,<0.1%,1.10,2,0.1%,1.4%
35261,冰雪女王2：冬日魔咒,<0.1%,1.04,10,<0.1%,11.5%
35262,青年马克思,<0.1%,1.02,22,<0.1%,28.8%
35263,诡梦凶铃,<0.1%,1.02,67,<0.1%,97.5%
35264,超时空同居,26.2%,1044.62,6,18.6%,4.9%
35265,厕所英雄,20.8%,831.78,6,19.0%,3.9%
35266,幸福马上来,17.5%,698.06,5,15.3%,4.5%
35267,复仇者联盟3：无限战争,14.7%,588.49,5,11.6%,3.3%
35268,深海越狱,8.2%,328.25,3,16.7%,1.7%
35269,哆啦A梦：大雄的金银岛,3.3%,134.00,3,6.2%,2.3%
35270,寂静之地,2.0%,83.61,5,2.3%,4.3%
35271,狂暴巨兽,1.8%,72.84,7,1.3%,5.5%
35272,完美陌生人,1.5%,60.90,5,1.3%,4.7%
35273,游侠索罗：星球大战外传,0.8%,34.60,2,1.5%,1.6%
35274,恐怖浴室,0.4%,18.10,3,1.0%,2.6%
35275,潜艇总动员：海底两万里,0.3%,15.04,1,1.7%,1.0%
35276,后来的我们,0.3%,12.87,3,0.4%,3.2%
35277,我们的青春岁月,0.2%,8.53,78,<0.1%,100%
35278,出山记,0.1%,7.22,65,<0.1%,54.2%
35279,因果启示录,0.1%,4.88,2,0.2%,2.4%
35280,一纸婚约,0.1%,4.47,1,0.7%,0.9%
35281,西小河的夏天,0.1%,4.00,19,<0.1%,21.6%
35282,青年马克思,<0.1%,3.31,17,<0.1%,20.6%
35283,昼颜,<0.1%,2.90,4,<0.1%,4.4%
35284,盛世秧歌,<0.1%,2.36,11,<0.1%,--
35285,泄密者,<0.1%,1.72,345,<0.1%,100.0%
35286,毛骨悚然之红衣男孩,<0.1%,1.37,2,<0.1%,2.3%
35287,泡菜爱上小龙虾,<0.1%,1.36,183,<0.1%,99.6%
35288,魔镜奇缘2,<0.1%,1.10,1,0.2%,0.5%
35289,暗夜良人,<0.1%,1.01,3,<0.1%,3.2%
35290,超时空同居,27.3%,1002.87,6,19.9%,4.4%
35291,厕所英雄,20.1%,737.44,5,19.0%,3.4%
35292,幸福马上来,17.4%,639.63,5,14.9%,4.3%
35293,复仇者联盟3：无限战争,14.8%,544.30,5,12.3%,2.9%
35294,深海越狱,7.2%,264.44,3,15.1%,1.6%
35295,哆啦A梦：大雄的金银岛,3.2%,117.88,3,5.9%,2.2%
35296,寂静之地,2.1%,80.42,4,2.5%,3.8%
35297,狂暴巨兽,1.8%,69.02,6,1.3%,5.0%
35298,完美陌生人,1.7%,62.68,5,1.4%,4.5%
35299,游侠索罗：星球大战外传,0.8%,32.91,2,1.5%,1.7%
35300,恐怖浴室,0.4%,15.57,2,1.0%,2.3%
35301,后来的我们,0.3%,14.13,3,0.5%,3.1%
35302,潜艇总动员：海底两万里,0.3%,13.13,1,1.5%,0.9%
35303,我们的青春岁月,0.2%,8.68,80,<0.1%,100%
35304,出山记,0.2%,7.42,67,<0.1%,56.4%
35305,青年马克思,0.1%,6.92,28,<0.1%,36.8%
35306,因果启示录,0.1%,4.27,2,0.2%,2.3%
35307,蓝色金鱼,0.1%,4.10,32,<0.1%,44.4%
35308,一纸婚约,<0.1%,3.11,1,0.6%,0.7%
35309,昼颜,<0.1%,2.88,3,0.1%,3.8%
35310,铁道飞虎,<0.1%,2.60,520,<0.1%,--
35311,侏罗纪世界2,<0.1%,2.14,120,<0.1%,62.6%
35312,盛世秧歌,<0.1%,1.92,9,<0.1%,--
35313,给19岁的我自己,<0.1%,1.27,2,0.1%,2.0%
35314,毛骨悚然之红衣男孩,<0.1%,1.18,2,<0.1%,1.8%
35315,龙虾刑警,<0.1%,1.04,68,<0.1%,--
35316,超时空同居,27.5%,954.96,5,20.8%,4.0%
35317,厕所英雄,19.3%,670.02,5,19.0%,3.1%
35318,幸福马上来,17.3%,601.26,5,14.9%,4.1%
35319,复仇者联盟3：无限战争,15.3%,533.03,5,12.9%,2.7%
35320,深海越狱,6.7%,235.44,2,14.4%,1.5%
35321,哆啦A梦：大雄的金银岛,3.1%,109.19,3,5.9%,2.1%
35322,寂静之地,2.4%,83.27,4,2.8%,3.5%
35323,完美陌生人,1.9%,67.68,5,1.6%,4.4%
35324,魔镜奇缘2,1.4%,48.59,13,0.3%,16.5%
35325,游侠索罗：星球大战外传,0.9%,31.96,2,1.6%,1.5%
35326,后来的我们,0.4%,16.44,3,0.7%,2.8%
35327,恐怖浴室,0.4%,15.00,2,1.0%,2.3%
35328,潜艇总动员：海底两万里,0.3%,13.36,2,1.5%,1.0%
35329,出山记,0.2%,8.76,87,<0.1%,74.4%
35330,昼颜,0.2%,8.54,8,0.1%,9.1%
35331,我们的青春岁月,0.2%,8.19,78,<0.1%,100%
35332,蓝色金鱼,0.2%,8.05,49,<0.1%,57.3%
35333,青年马克思,0.2%,7.25,22,<0.1%,28.4%
35334,因果启示录,0.1%,5.48,3,0.2%,3.2%
35335,一纸婚约,<0.1%,3.18,1,0.6%,0.8%
35336,监狱犬计划,<0.1%,2.73,239,<0.1%,100.0%
35337,命运速递,<0.1%,2.27,8,<0.1%,11.0%
35338,爱是永恒,<0.1%,1.69,77,<0.1%,100%
35339,盛世秧歌,<0.1%,1.68,8,<0.1%,--
35340,毛骨悚然之红衣男孩,<0.1%,1.40,2,<0.1%,2.1%
35341,侏罗纪世界2,30.5%,1363.15,47,2.7%,25.0%
35342,超时空同居,19.4%,866.83,5,20.8%,3.5%
35343,幸福马上来,12.4%,554.47,5,14.4%,3.8%
35344,厕所英雄,12.3%,551.31,4,18.4%,2.6%
35345,复仇者联盟3：无限战争,10.9%,488.23,4,12.7%,2.5%
35346,深海越狱,4.1%,186.04,2,13.4%,1.3%
35347,哆啦A梦：大雄的金银岛,2.2%,101.96,3,5.6%,2.0%
35348,寂静之地,1.6%,75.61,4,2.8%,3.2%
35349,完美陌生人,1.2%,57.42,4,1.6%,3.6%
35350,魔镜奇缘2,1.0%,45.51,14,0.2%,17.7%
35351,游侠索罗：星球大战外传,0.6%,26.79,2,1.5%,1.2%
35352,泄密者,0.4%,19.40,19,0.1%,17.0%
35353,后来的我们,0.3%,15.94,3,0.7%,2.6%
35354,潜艇总动员：海底两万里,0.3%,15.25,2,1.4%,1.1%
35355,恐怖浴室,0.2%,12.05,2,0.9%,1.9%
35356,出山记,0.1%,8.23,75,<0.1%,57.5%
35357,青年马克思,0.1%,7.98,26,<0.1%,31.5%
35358,我们的青春岁月,0.1%,5.00,51,<0.1%,100%
35359,猛虫过江,0.1%,4.72,17,<0.1%,31.7%
35360,因果启示录,<0.1%,3.35,2,0.2%,2.1%
35361,昼颜,<0.1%,3.01,3,0.1%,3.0%
35362,一纸婚约,<0.1%,2.54,1,0.5%,0.7%
35363,盛世秧歌,<0.1%,1.59,7,<0.1%,--
35364,西小河的夏天,<0.1%,1.54,10,<0.1%,12.5%
35365,毛骨悚然之红衣男孩,<0.1%,1.22,2,<0.1%,2.1%
35366,青春不留白,<0.1%,1.20,60,<0.1%,62.3%
35367,侏罗纪世界2,84.9%,20246.05,35,52.5%,23.7%
35368,猛虫过江,7.6%,1824.37,10,18.6%,9.7%
35369,泄密者,4.2%,1016.39,8,13.3%,7.9%
35370,超时空同居,0.9%,238.25,7,3.6%,6.9%
35371,复仇者联盟3：无限战争,0.3%,90.00,6,1.5%,6.0%
35372,厕所英雄,0.3%,84.76,4,2.2%,4.0%
35373,幸福马上来,0.2%,50.03,5,1.1%,5.4%
35374,魔镜奇缘2,0.1%,38.58,21,0.1%,28.7%
35375,哆啦A梦：大雄的金银岛,0.1%,38.21,4,1.3%,3.7%
35376,泡菜爱上小龙虾,0.1%,29.35,3,1.1%,3.3%
35377,血十三,0.1%,24.05,3,1.2%,2.7%
35378,潜艇总动员：海底两万里,<0.1%,13.26,3,0.6%,2.4%
35379,青年马克思,<0.1%,11.36,47,<0.1%,60.2%
35380,寂静之地,<0.1%,10.60,4,0.3%,4.5%
35381,我和神马查干,<0.1%,9.78,111,<0.1%,--
35382,完美陌生人,<0.1%,8.61,6,0.1%,6.3%
35383,盛世秧歌,<0.1%,7.39,28,<0.1%,--
35384,深海越狱,<0.1%,5.67,2,0.5%,1.3%
35385,我们的青春岁月,<0.1%,4.40,50,<0.1%,100%
35386,诡梦凶铃,<0.1%,3.19,88,<0.1%,89.4%
35387,恐怖浴室,<0.1%,2.99,2,0.1%,2.9%
35388,出山记,<0.1%,2.98,60,<0.1%,48.1%
35389,家,<0.1%,2.13,2,0.1%,2.0%
35390,时间监狱,<0.1%,1.86,3,<0.1%,4.1%
35391,泰迪熊之玩具大战,<0.1%,1.71,29,<0.1%,33.1%
35392,后来的我们,<0.1%,1.67,3,<0.1%,3.5%
35393,冰雪女王2：冬日魔咒,<0.1%,1.66,25,<0.1%,26.4%
35394,游侠索罗：星球大战外传,<0.1%,1.48,2,0.1%,1.4%
35395,古镇画情,<0.1%,1.27,41,<0.1%,--
35396,西小河的夏天,<0.1%,1.24,21,<0.1%,23.1%
35397,侏罗纪世界2,82.1%,25569.95,41,53.7%,27.7%
35398,猛虫过江,7.0%,2200.62,15,14.1%,15.2%
35399,泄密者,3.5%,1089.93,11,9.5%,11.4%
35400,第七个小矮人,1.8%,574.01,12,5.3%,11.7%
35401,超时空同居,1.4%,444.23,13,3.2%,13.8%
35402,复仇者联盟3：无限战争,0.6%,206.96,13,1.4%,13.9%
35403,吃货宇宙,0.5%,170.72,4,4.5%,4.0%
35404,哆啦A梦：大雄的金银岛,0.4%,139.42,9,1.6%,9.0%
35405,厕所英雄,0.4%,131.04,9,1.5%,8.9%
35406,潜艇总动员：海底两万里,0.1%,39.23,6,0.7%,5.8%
35407,幸福马上来,0.1%,35.47,5,0.7%,5.8%
35408,魔镜奇缘2,<0.1%,28.72,15,0.1%,18.9%
35409,完美陌生人,<0.1%,17.55,10,0.1%,12.6%
35410,寂静之地,<0.1%,17.47,7,0.2%,8.2%
35411,泡菜爱上小龙虾,<0.1%,14.16,3,0.6%,2.9%
35412,快乐星球之三十六号,<0.1%,12.39,3,0.5%,2.3%
35413,盛世秧歌,<0.1%,11.38,43,<0.1%,--
35414,深海越狱,<0.1%,7.15,3,0.2%,3.4%
35415,我和神马查干,<0.1%,6.08,90,<0.1%,100%
35416,疯狂的麻将,<0.1%,5.75,60,<0.1%,50.6%
35417,恐怖浴室,<0.1%,5.61,4,0.1%,4.9%
35418,血十三,<0.1%,3.92,2,0.2%,1.7%
35419,我们的青春岁月,<0.1%,3.89,43,<0.1%,100%
35420,游侠索罗：星球大战外传,<0.1%,2.98,3,<0.1%,4.2%
35421,监狱犬计划,<0.1%,2.62,88,<0.1%,93.7%
35422,因果启示录,<0.1%,2.51,27,<0.1%,37.4%
35423,出山记,<0.1%,2.24,98,<0.1%,93.3%
35424,后来的我们,<0.1%,2.05,4,<0.1%,5.0%
35425,冰雪女王2：冬日魔咒,<0.1%,1.99,21,<0.1%,23.7%
35426,诡梦凶铃,<0.1%,1.68,80,<0.1%,94.6%
35427,古镇画情,<0.1%,1.53,45,<0.1%,--
35428,侏罗纪世界2,79.8%,26257.35,41,54.9%,28.2%
35429,猛虫过江,7.9%,2601.04,19,13.8%,18.7%
35430,泄密者,3.9%,1300.08,14,9.2%,14.5%
35431,第七个小矮人,2.0%,659.11,14,5.2%,13.8%
35432,超时空同居,1.8%,596.24,15,3.6%,16.5%
35433,复仇者联盟3：无限战争,0.9%,312.53,16,1.7%,17.6%
35434,哆啦A梦：大雄的金银岛,0.5%,187.78,11,1.8%,11.4%
35435,厕所英雄,0.4%,157.11,11,1.4%,11.4%
35436,吃货宇宙,0.4%,138.78,5,3.3%,4.6%
35437,潜艇总动员：海底两万里,0.1%,53.65,7,0.8%,7.4%
35438,幸福马上来,0.1%,40.30,6,0.6%,7.1%
35439,魔镜奇缘2,<0.1%,32.73,18,0.1%,23.2%
35440,寂静之地,<0.1%,21.99,8,0.3%,9.3%
35441,完美陌生人,<0.1%,21.84,12,0.1%,14.3%
35442,盛世秧歌,<0.1%,12.69,51,<0.1%,--
35443,让我怎么相信你,<0.1%,9.64,15,<0.1%,17.6%
35444,泡菜爱上小龙虾,<0.1%,9.48,2,0.5%,2.2%
35445,快乐星球之三十六号,<0.1%,7.43,2,0.4%,1.8%
35446,恐怖浴室,<0.1%,7.32,4,0.2%,5.9%
35447,我的宠物恐龙,<0.1%,7.06,31,<0.1%,32.3%
35448,深海越狱,<0.1%,6.36,3,0.2%,2.9%
35449,给19岁的我自己,<0.1%,5.15,33,<0.1%,37.5%
35450,我和神马查干,<0.1%,4.78,67,<0.1%,--
35451,游侠索罗：星球大战外传,<0.1%,4.50,5,<0.1%,7.1%
35452,我们的青春岁月,<0.1%,4.32,56,<0.1%,100%
35453,监狱犬计划,<0.1%,3.94,94,<0.1%,90.5%
35454,血十三,<0.1%,3.85,2,0.2%,2.1%
35455,后来的我们,<0.1%,3.44,5,<0.1%,7.0%
35456,诡梦凶铃,<0.1%,3.06,90,<0.1%,100%
35457,疯狂的麻将,<0.1%,2.45,57,<0.1%,57.4%
35458,冰雪女王2：冬日魔咒,<0.1%,2.27,28,<0.1%,28.8%
35459,爱是永恒,<0.1%,2.09,57,<0.1%,100%
35460,因果启示录,<0.1%,2.07,21,<0.1%,28.3%
35461,出山记,<0.1%,1.94,103,<0.1%,92.7%
35462,超人总动员2,<0.1%,1.65,300,<0.1%,--
35463,古镇画情,<0.1%,1.48,52,<0.1%,--
35464,昼颜,<0.1%,1.16,6,<0.1%,9.3%
35465,我是路人甲,<0.1%,1.05,125,<0.1%,--
35466,那年，我还没长大,<0.1%,1.03,27,<0.1%,32.2%
35467,泰迪熊之玩具大战,<0.1%,1.02,17,<0.1%,16.4%
35468,侏罗纪世界2,75.2%,20513.07,33,55.2%,22.5%
35469,猛虫过江,10.2%,2798.47,20,13.9%,20.7%
35470,泄密者,4.4%,1199.55,13,9.2%,13.9%
35471,第七个小矮人,2.9%,803.07,16,5.4%,16.8%
35472,超时空同居,1.9%,535.07,13,3.8%,14.3%
35473,复仇者联盟3：无限战争,1.1%,324.87,15,2.1%,15.7%
35474,哆啦A梦：大雄的金银岛,0.7%,202.35,12,1.8%,12.5%
35475,吃货宇宙,0.5%,138.34,6,2.6%,5.8%
35476,厕所英雄,0.4%,134.40,10,1.4%,10.2%
35477,潜艇总动员：海底两万里,0.2%,67.07,9,0.8%,9.2%
35478,幸福马上来,0.1%,37.96,6,0.7%,6.5%
35479,魔镜奇缘2,0.1%,32.82,18,0.1%,22.9%
35480,完美陌生人,<0.1%,20.14,10,0.1%,12.1%
35481,寂静之地,<0.1%,12.20,6,0.2%,7.2%
35482,让我怎么相信你,<0.1%,12.00,21,<0.1%,25.8%
35483,恐怖浴室,<0.1%,6.90,4,0.2%,5.1%
35484,深海越狱,<0.1%,6.80,3,0.2%,3.4%
35485,快乐星球之三十六号,<0.1%,6.20,2,0.3%,1.9%
35486,泡菜爱上小龙虾,<0.1%,5.10,2,0.4%,1.6%
35487,后来的我们,<0.1%,4.29,5,<0.1%,7.1%
35488,我们的青春岁月,<0.1%,3.82,51,<0.1%,100%
35489,我和神马查干,<0.1%,3.60,51,<0.1%,--
35490,游侠索罗：星球大战外传,<0.1%,3.51,4,<0.1%,4.5%
35491,血十三,<0.1%,2.32,2,0.1%,1.6%
35492,出山记,<0.1%,2.22,82,<0.1%,70.0%
35493,诡梦凶铃,<0.1%,1.94,88,<0.1%,100%
35494,因果启示录,<0.1%,1.78,16,<0.1%,26.9%
35495,古镇画情,<0.1%,1.64,48,<0.1%,--
35496,冰雪女王2：冬日魔咒,<0.1%,1.51,18,<0.1%,22.0%
35497,我的宠物恐龙,<0.1%,1.35,9,<0.1%,17.1%
35498,我是路人甲,<0.1%,1.35,117,<0.1%,--
35499,侏罗纪世界2,69.2%,6481.17,12,54.0%,8.1%
35500,猛虫过江,15.6%,1469.07,11,16.0%,10.5%
35501,泄密者,5.3%,497.05,5,10.9%,5.2%
35502,超时空同居,2.5%,238.52,6,4.3%,6.3%
35503,复仇者联盟3：无限战争,1.3%,128.78,5,2.9%,4.8%
35504,厕所英雄,0.7%,65.55,4,2.2%,3.5%
35505,第七个小矮人,0.5%,48.48,2,3.0%,2.0%
35506,魔镜奇缘2,0.3%,29.66,38,<0.1%,56.5%
35507,幸福马上来,0.2%,23.09,3,1.0%,3.0%
35508,哆啦A梦：大雄的金银岛,0.2%,19.66,3,1.1%,2.3%
35509,完美陌生人,0.1%,9.45,4,0.2%,4.3%
35510,寂静之地,<0.1%,9.15,4,0.2%,4.6%
35511,出山记,<0.1%,8.83,95,<0.1%,67.5%
35512,吃货宇宙,<0.1%,8.80,1,1.3%,0.7%
35513,监狱犬计划,<0.1%,5.20,89,<0.1%,89.7%
35514,生存家族,<0.1%,4.98,97,<0.1%,100%
35515,恐怖浴室,<0.1%,4.37,3,0.2%,3.0%
35516,深海越狱,<0.1%,4.24,2,0.4%,1.3%
35517,青年马克思,<0.1%,4.12,32,<0.1%,46.9%
35518,后来的我们,<0.1%,3.00,3,0.1%,3.6%
35519,潜艇总动员：海底两万里,<0.1%,2.92,1,0.3%,1.0%
35520,我们的青春岁月,<0.1%,2.73,43,<0.1%,100%
35521,血十三,<0.1%,2.01,2,0.2%,1.4%
35522,泡菜爱上小龙虾,<0.1%,1.93,1,0.2%,1.1%
35523,因果启示录,<0.1%,1.80,12,<0.1%,16.6%
35524,致命夺宝,<0.1%,1.62,650,<0.1%,94.2%
35525,游侠索罗：星球大战外传,<0.1%,1.37,2,<0.1%,1.8%
35526,我是路人甲,<0.1%,1.25,117,<0.1%,--
35527,诡梦凶铃,<0.1%,1.15,56,<0.1%,100%
35528,侏罗纪世界2,64.9%,5212.20,10,53.1%,6.6%
35529,猛虫过江,18.3%,1471.63,10,16.7%,9.9%
35530,泄密者,5.7%,458.35,5,10.8%,4.8%
35531,超时空同居,2.9%,234.86,6,4.8%,5.7%
35532,复仇者联盟3：无限战争,1.5%,120.66,5,3.0%,4.2%
35533,厕所英雄,0.7%,63.18,4,2.2%,3.4%
35534,第七个小矮人,0.5%,44.40,2,2.7%,2.0%
35535,魔镜奇缘2,0.3%,28.32,38,<0.1%,56.7%
35536,幸福马上来,0.3%,26.51,4,1.0%,3.8%
35537,哆啦A梦：大雄的金银岛,0.2%,17.62,3,1.0%,2.2%
35538,出山记,0.1%,10.69,91,<0.1%,72.9%
35539,完美陌生人,0.1%,9.58,4,0.2%,4.4%
35540,寂静之地,0.1%,8.29,4,0.2%,3.8%
35541,青年马克思,<0.1%,6.61,31,<0.1%,37.0%
35542,吃货宇宙,<0.1%,5.44,1,1.1%,0.5%
35543,恐怖浴室,<0.1%,4.46,3,0.2%,2.8%
35544,泡菜爱上小龙虾,<0.1%,3.35,3,0.2%,2.7%
35545,深海越狱,<0.1%,3.22,1,0.4%,1.0%
35546,后来的我们,<0.1%,3.10,3,0.1%,3.2%
35547,三界,<0.1%,2.15,48,<0.1%,64.4%
35548,我们的青春岁月,<0.1%,2.06,34,<0.1%,100%
35549,潜艇总动员：海底两万里,<0.1%,2.05,1,0.2%,0.9%
35550,蓝色金鱼,<0.1%,1.85,78,<0.1%,100%
35551,血十三,<0.1%,1.83,2,0.2%,1.5%
35552,超人总动员2,<0.1%,1.73,55,<0.1%,36.0%
35553,游侠索罗：星球大战外传,<0.1%,1.51,2,0.1%,1.7%
35554,我和神马查干,<0.1%,1.17,16,<0.1%,--
35555,侏罗纪世界2,63.3%,4760.13,10,51.6%,6.2%
35556,猛虫过江,17.9%,1351.76,9,16.7%,9.0%
35557,泄密者,5.7%,428.95,5,10.1%,4.8%
35558,超时空同居,3.0%,229.92,6,4.7%,5.6%
35559,复仇者联盟3：无限战争,1.6%,121.06,5,3.0%,4.3%
35560,监狱犬计划,0.8%,66.38,3,3.5%,2.4%
35561,厕所英雄,0.7%,60.10,4,1.9%,3.6%
35562,第七个小矮人,0.5%,40.93,3,2.3%,2.2%
35563,超人总动员2,0.4%,35.63,13,0.2%,6.3%
35564,幸福马上来,0.4%,32.34,5,0.8%,5.3%
35565,哆啦A梦：大雄的金银岛,0.2%,16.60,3,0.8%,2.3%
35566,青年马克思,0.1%,9.99,46,<0.1%,52.1%
35567,龙虾刑警,0.1%,9.74,10,0.1%,8.7%
35568,出山记,0.1%,9.49,99,<0.1%,64.9%
35569,完美陌生人,0.1%,9.39,4,0.2%,4.6%
35570,寂静之地,0.1%,7.87,4,0.2%,3.9%
35571,最后一球,<0.1%,6.83,151,<0.1%,100.0%
35572,家,<0.1%,6.31,40,<0.1%,43.8%
35573,吃货宇宙,<0.1%,4.80,1,0.9%,0.6%
35574,潜艇总动员：海底两万里,<0.1%,3.86,2,0.2%,2.3%
35575,恐怖浴室,<0.1%,3.78,2,0.2%,2.8%
35576,三界,<0.1%,3.17,56,<0.1%,74.3%
35577,深海越狱,<0.1%,3.17,1,0.3%,1.1%
35578,后来的我们,<0.1%,3.16,3,0.1%,3.3%
35579,泡菜爱上小龙虾,<0.1%,2.98,3,0.1%,3.1%
35580,游侠索罗：星球大战外传,<0.1%,1.71,2,<0.1%,2.2%
35581,动物世界,<0.1%,1.62,24,<0.1%,37.0%
35582,我是路人甲,<0.1%,1.30,88,<0.1%,--
35583,我们的青春岁月,<0.1%,1.20,22,<0.1%,100%
35584,因果启示录,<0.1%,1.13,8,<0.1%,11.4%
35585,侏罗纪世界2,45.7%,5456.08,16,32.1%,10.4%
35586,超人总动员2,25.5%,3040.19,12,23.5%,9.2%
35587,龙虾刑警,15.1%,1808.30,8,22.7%,7.4%
35588,猛虫过江,5.6%,674.28,13,5.3%,14.7%
35589,生存家族,1.5%,182.80,4,4.7%,4.3%
35590,泄密者,0.8%,103.17,7,1.5%,7.4%
35591,超时空同居,0.6%,72.25,7,1.0%,8.6%
35592,伊阿索密码,0.5%,63.62,3,3.0%,2.2%
35593,凤凰城遗忘录,0.3%,42.01,3,1.9%,2.7%
35594,复仇者联盟3：无限战争,0.3%,40.71,6,0.7%,6.6%
35595,幸福马上来,0.2%,33.70,16,0.2%,20.2%
35596,青年马克思,0.1%,15.49,55,<0.1%,57.9%
35597,第七个小矮人,0.1%,13.15,5,0.3%,5.3%
35598,监狱犬计划,<0.1%,11.50,2,1.0%,1.3%
35599,厕所英雄,<0.1%,11.07,5,0.2%,6.0%
35600,出山记,<0.1%,8.72,168,<0.1%,92.4%
35601,哆啦A梦：大雄的金银岛,<0.1%,6.74,6,0.1%,6.3%
35602,家,<0.1%,4.82,73,<0.1%,84.3%
35603,三界,<0.1%,4.04,74,<0.1%,80.1%
35604,致命夺宝,<0.1%,3.34,4,0.1%,4.3%
35605,我们的青春岁月,<0.1%,3.07,47,<0.1%,100%
35606,寂静之地,<0.1%,2.86,5,<0.1%,6.1%
35607,我是路人甲,<0.1%,2.70,130,<0.1%,--
35608,完美陌生人,<0.1%,2.24,6,<0.1%,7.8%
35609,恐怖浴室,<0.1%,1.96,3,0.1%,4.4%
35610,潜艇总动员：海底两万里,<0.1%,1.84,3,<0.1%,3.1%
35611,我和神马查干,<0.1%,1.45,18,<0.1%,--
35612,因果启示录,<0.1%,1.36,29,<0.1%,29.1%
35613,吃货宇宙,<0.1%,1.30,2,<0.1%,1.7%
35614,策反,<0.1%,1.23,83,<0.1%,56.4%
35615,冰雪女王2：冬日魔咒,<0.1%,1.13,17,<0.1%,16.8%
35616,侏罗纪世界2,45.8%,9134.45,26,31.6%,17.5%
35617,超人总动员2,27.8%,5556.10,22,23.3%,17.1%
35618,动物世界,10.1%,2017.36,16,11.5%,12.6%
35619,龙虾刑警,6.8%,1359.05,8,16.8%,7.8%
35620,猛虫过江,3.6%,720.63,14,5.3%,15.3%
35621,生存家族,0.9%,179.43,8,2.2%,8.7%
35622,泄密者,0.7%,145.14,10,1.4%,11.3%
35623,超时空同居,0.5%,111.19,11,1.0%,12.3%
35624,第七个小矮人,0.3%,68.98,8,1.0%,8.5%
35625,复仇者联盟3：无限战争,0.3%,67.17,9,0.7%,9.9%
35626,伊阿索密码,<0.1%,19.30,2,1.4%,1.5%
35627,厕所英雄,<0.1%,17.72,9,0.2%,10.1%
35628,哆啦A梦：大雄的金银岛,<0.1%,17.00,7,0.2%,7.0%
35629,凤凰城遗忘录,<0.1%,13.17,3,0.6%,2.9%
35630,监狱犬计划,<0.1%,9.40,2,0.8%,1.5%
35631,盛世秧歌,<0.1%,8.28,27,<0.1%,--
35632,幸福马上来,<0.1%,7.93,5,0.1%,6.3%
35633,潜艇总动员：海底两万里,<0.1%,7.25,4,0.2%,4.1%
35634,快乐星球之三十六号,<0.1%,6.33,48,<0.1%,47.3%
35635,血十三,<0.1%,4.93,33,<0.1%,31.3%
35636,出山记,<0.1%,4.69,131,<0.1%,98.4%
35637,寂静之地,<0.1%,4.68,7,<0.1%,8.2%
35638,致命夺宝,<0.1%,4.53,9,<0.1%,10.9%
35639,完美陌生人,<0.1%,4.41,11,<0.1%,15.2%
35640,我们的青春岁月,<0.1%,4.25,61,<0.1%,100%
35641,吃货宇宙,<0.1%,3.70,3,0.1%,3.1%
35642,我和神马查干,<0.1%,3.49,40,<0.1%,--
35643,青年马克思,<0.1%,3.13,37,<0.1%,64.8%
35644,恐怖浴室,<0.1%,2.97,3,0.1%,5.3%
35645,我是路人甲,<0.1%,2.80,132,<0.1%,--
35646,三界,<0.1%,1.91,52,<0.1%,85.7%
35647,冰雪女王2：冬日魔咒,<0.1%,1.37,16,<0.1%,16.7%
35648,古镇画情,<0.1%,1.30,32,<0.1%,--
35649,出走的娜拉,<0.1%,1.28,8,<0.1%,18.2%
35650,最后一球,<0.1%,1.18,158,<0.1%,99.7%
35651,后来的我们,<0.1%,1.17,4,<0.1%,5.4%
35652,因果启示录,<0.1%,1.13,33,<0.1%,32.7%
35653,根据地,<0.1%,1.07,215,<0.1%,--
35654,侏罗纪世界2,46.6%,7701.21,20,35.7%,13.0%
35655,超人总动员2,30.8%,5088.70,18,26.2%,14.0%
35656,龙虾刑警,7.9%,1308.42,8,16.6%,7.6%
35657,猛虫过江,6.2%,1027.13,14,7.5%,15.0%
35658,生存家族,1.4%,241.92,9,2.8%,9.5%
35659,泄密者,1.1%,197.43,10,1.9%,11.3%
35660,超时空同居,0.9%,155.02,10,1.5%,11.2%
35661,复仇者联盟3：无限战争,0.6%,108.13,9,1.1%,10.1%
35662,第七个小矮人,0.5%,96.19,9,1.2%,9.6%
35663,厕所英雄,0.1%,24.27,8,0.3%,9.3%
35664,哆啦A梦：大雄的金银岛,0.1%,21.82,7,0.3%,7.2%
35665,伊阿索密码,0.1%,17.11,2,1.3%,1.4%
35666,潜艇总动员：海底两万里,<0.1%,9.34,5,0.2%,4.7%
35667,幸福马上来,<0.1%,8.35,5,0.1%,5.5%
35668,监狱犬计划,<0.1%,8.00,2,0.7%,1.3%
35669,凤凰城遗忘录,<0.1%,7.39,2,0.6%,1.6%
35670,盛世秧歌,<0.1%,6.93,24,<0.1%,--
35671,寂静之地,<0.1%,5.00,5,0.1%,6.3%
35672,致命夺宝,<0.1%,4.83,8,<0.1%,9.5%
35673,完美陌生人,<0.1%,4.76,8,<0.1%,10.8%
35674,恐怖浴室,<0.1%,3.65,4,0.1%,5.2%
35675,吃货宇宙,<0.1%,3.51,3,0.1%,2.6%
35676,我们的青春岁月,<0.1%,3.31,62,<0.1%,100%
35677,动物世界,<0.1%,3.10,4,<0.1%,27.7%
35678,后来的我们,<0.1%,2.66,6,<0.1%,7.8%
35679,快乐星球之三十六号,<0.1%,2.64,28,<0.1%,27.3%
35680,我是路人甲,<0.1%,2.60,158,<0.1%,--
35681,蓝色金鱼,<0.1%,2.48,67,<0.1%,100%
35682,我和神马查干,<0.1%,2.43,30,<0.1%,--
35683,因果启示录,<0.1%,2.34,43,<0.1%,48.5%
35684,出山记,<0.1%,2.03,85,<0.1%,67.9%
35685,青春不留白,<0.1%,1.89,82,<0.1%,--
35686,阿飞正传,<0.1%,1.48,36,<0.1%,26.6%
35687,红海行动,<0.1%,1.40,200,<0.1%,86.9%
35688,冰雪女王2：冬日魔咒,<0.1%,1.33,17,<0.1%,17.4%
35689,三界,<0.1%,1.31,53,<0.1%,63.8%
35690,魔镜奇缘2,<0.1%,1.09,4,<0.1%,3.4%
35691,侏罗纪世界2,45.1%,3011.18,9,35.8%,5.6%
35692,超人总动员2,23.8%,1589.76,7,24.2%,5.2%
35693,龙虾刑警,8.7%,581.78,5,15.5%,4.0%
35694,猛虫过江,8.7%,580.88,8,8.8%,7.7%
35695,阿飞正传,4.7%,318.57,15,2.2%,13.5%
35696,泄密者,1.6%,109.28,6,2.2%,5.7%
35697,生存家族,1.4%,94.12,4,3.0%,3.8%
35698,超时空同居,1.3%,90.50,6,1.8%,5.9%
35699,复仇者联盟3：无限战争,0.8%,56.78,5,1.3%,4.9%
35700,幸福马上来,0.7%,50.38,11,0.4%,20.1%
35701,最后一球,0.2%,14.10,103,<0.1%,100%
35702,厕所英雄,0.1%,10.55,4,0.3%,3.8%
35703,第七个小矮人,0.1%,8.59,3,0.5%,2.4%
35704,伊阿索密码,0.1%,7.27,1,0.9%,0.9%
35705,青年马克思,<0.1%,5.98,35,<0.1%,50.1%
35706,寂静之地,<0.1%,3.78,4,0.1%,4.4%
35707,凤凰城遗忘录,<0.1%,3.49,1,0.5%,1.1%
35708,哆啦A梦：大雄的金银岛,<0.1%,3.27,2,0.2%,2.2%
35709,盛世秧歌,<0.1%,3.21,11,<0.1%,--
35710,监狱犬计划,<0.1%,3.04,1,0.4%,1.0%
35711,致命夺宝,<0.1%,2.79,4,0.1%,3.5%
35712,恐怖浴室,<0.1%,2.73,3,0.1%,3.9%
35713,我是路人甲,<0.1%,2.30,138,<0.1%,--
35714,动物世界,<0.1%,2.13,17,<0.1%,100%
35715,西小河的夏天,<0.1%,1.96,80,<0.1%,85.0%
35716,我们的青春岁月,<0.1%,1.88,30,<0.1%,100%
35717,快乐星球之三十六号,<0.1%,1.80,600,<0.1%,--
35718,出山记,<0.1%,1.73,40,<0.1%,33.7%
35719,三界,<0.1%,1.52,44,<0.1%,64.1%
35720,后来的我们,<0.1%,1.46,3,<0.1%,4.0%
35721,侏罗纪世界2,44.7%,2954.55,9,35.8%,5.6%
35722,超人总动员2,24.3%,1610.19,7,23.6%,5.5%
35723,猛虫过江,9.5%,631.21,8,9.7%,7.5%
35724,龙虾刑警,8.1%,535.85,4,14.7%,4.0%
35725,阿飞正传,3.8%,256.28,12,2.3%,10.2%
35726,泄密者,1.7%,112.76,5,2.4%,5.4%
35727,生存家族,1.4%,96.08,4,3.0%,3.8%
35728,超时空同居,1.4%,94.28,5,2.0%,5.6%
35729,复仇者联盟3：无限战争,0.9%,62.85,5,1.4%,4.9%
35730,幸福马上来,0.8%,55.21,12,0.4%,23.1%
35731,暗夜良人,0.6%,44.47,84,<0.1%,100%
35732,动物世界,0.3%,23.50,84,<0.1%,100%
35733,第七个小矮人,0.1%,10.50,3,0.4%,3.2%
35734,家,0.1%,10.05,106,<0.1%,97.5%
35735,厕所英雄,0.1%,9.79,3,0.3%,3.6%
35736,青年马克思,0.1%,9.48,38,<0.1%,52.8%
35737,伊阿索密码,0.1%,7.24,1,0.8%,1.1%
35738,最后一球,0.1%,6.96,113,<0.1%,88.7%
35739,红海行动,<0.1%,4.97,111,<0.1%,95.8%
35740,寂静之地,<0.1%,4.57,4,0.1%,5.0%
35741,监狱犬计划,<0.1%,3.12,2,0.3%,1.3%
35742,哆啦A梦：大雄的金银岛,<0.1%,3.09,2,0.2%,2.2%
35743,我是路人甲,<0.1%,3.00,140,<0.1%,--
35744,我们的青春岁月,<0.1%,2.78,55,<0.1%,100%
35745,马兰花开,<0.1%,2.74,91,<0.1%,66.0%
35746,盛世秧歌,<0.1%,2.72,10,<0.1%,--
35747,恐怖浴室,<0.1%,2.70,3,0.1%,3.5%
35748,快乐星球之三十六号,<0.1%,2.38,266,<0.1%,--
35749,出山记,<0.1%,2.33,47,<0.1%,39.2%
35750,凤凰城遗忘录,<0.1%,2.22,1,0.4%,0.7%
35751,深海越狱,<0.1%,1.65,3,0.1%,3.4%
35752,后来的我们,<0.1%,1.38,3,<0.1%,3.2%
35753,完美陌生人,<0.1%,1.38,5,<0.1%,5.5%
35754,三界,<0.1%,1.12,41,<0.1%,70.0%
35755,厉害了，我的国,<0.1%,1.11,93,<0.1%,100%
35756,侏罗纪世界2,44.4%,2889.25,9,35.8%,5.5%
35757,超人总动员2,25.0%,1631.27,8,23.2%,5.7%
35758,猛虫过江,9.7%,636.89,7,10.4%,7.0%
35759,龙虾刑警,7.0%,456.12,4,14.2%,3.6%
35760,阿飞正传,3.3%,216.53,10,2.4%,8.3%
35761,泄密者,1.7%,113.39,5,2.5%,5.1%
35762,超时空同居,1.5%,103.00,6,2.2%,5.7%
35763,生存家族,1.4%,93.92,4,2.9%,3.9%
35764,复仇者联盟3：无限战争,1.0%,68.87,5,1.5%,5.1%
35765,幸福马上来,0.8%,54.95,12,0.4%,23.7%
35766,暗夜良人,0.7%,48.90,78,<0.1%,100%
35767,青年马克思,0.2%,14.80,41,<0.1%,52.1%
35768,家,0.1%,12.07,105,<0.1%,96.8%
35769,厕所英雄,0.1%,11.80,4,0.3%,4.5%
35770,第七个小矮人,0.1%,11.72,4,0.5%,3.4%
35771,最后一球,0.1%,7.41,105,<0.1%,96.9%
35772,动物世界,0.1%,6.57,70,<0.1%,--
35773,伊阿索密码,<0.1%,4.82,1,0.7%,0.7%
35774,寂静之地,<0.1%,4.81,4,0.1%,4.8%
35775,哆啦A梦：大雄的金银岛,<0.1%,4.29,3,0.2%,3.3%
35776,我是路人甲,<0.1%,3.75,168,<0.1%,--
35777,红海行动,<0.1%,3.62,43,<0.1%,45.1%
35778,我不是药神,<0.1%,3.46,31,<0.1%,29.1%
35779,马兰花开,<0.1%,2.89,70,<0.1%,77.1%
35780,恐怖浴室,<0.1%,2.85,3,0.1%,3.7%
35781,盛世秧歌,<0.1%,2.75,11,<0.1%,--
35782,厉害了，我的国,<0.1%,2.63,51,<0.1%,81.4%
35783,深海越狱,<0.1%,2.40,4,0.1%,5.2%
35784,监狱犬计划,<0.1%,2.36,1,0.3%,1.1%
35785,凤凰城遗忘录,<0.1%,2.23,1,0.3%,0.8%
35786,湄公河行动,<0.1%,1.97,63,<0.1%,57.5%
35787,我们的青春岁月,<0.1%,1.87,38,<0.1%,100%
35788,快乐星球之三十六号,<0.1%,1.72,287,<0.1%,--
35789,建党伟业,<0.1%,1.69,41,<0.1%,36.2%
35790,潜艇总动员：海底两万里,<0.1%,1.60,2,0.1%,2.4%
35791,后来的我们,<0.1%,1.49,3,<0.1%,3.2%
35792,泡菜爱上小龙虾,<0.1%,1.49,15,<0.1%,32.8%
35793,出山记,<0.1%,1.43,45,<0.1%,35.4%
35794,完美陌生人,<0.1%,1.25,5,<0.1%,6.0%
35795,吃货宇宙,<0.1%,1.09,2,<0.1%,2.1%
35796,侏罗纪世界2,43.8%,2806.08,8,35.8%,5.4%
35797,超人总动员2,24.8%,1588.19,8,23.1%,5.6%
35798,猛虫过江,10.1%,646.77,7,10.7%,6.9%
35799,龙虾刑警,6.8%,438.82,4,13.8%,3.6%
35800,阿飞正传,2.8%,183.56,9,2.3%,7.0%
35801,幸福马上来,2.3%,149.26,28,0.5%,48.5%
35802,泄密者,1.7%,110.90,5,2.6%,4.9%
35803,超时空同居,1.6%,107.59,6,2.2%,5.8%
35804,生存家族,1.4%,89.92,4,2.8%,3.8%
35805,复仇者联盟3：无限战争,1.1%,72.55,5,1.6%,5.0%
35806,暗夜良人,0.7%,47.43,74,<0.1%,100%
35807,青年马克思,0.3%,24.51,46,<0.1%,57.6%
35808,第七个小矮人,0.2%,15.47,4,0.5%,4.2%
35809,厕所英雄,0.1%,9.87,3,0.3%,3.6%
35810,家,0.1%,8.81,91,<0.1%,89.3%
35811,哆啦A梦：大雄的金银岛,<0.1%,5.26,3,0.2%,3.6%
35812,红海行动,<0.1%,4.85,67,<0.1%,71.5%
35813,伊阿索密码,<0.1%,4.29,1,0.7%,0.8%
35814,寂静之地,<0.1%,4.22,4,0.1%,4.3%
35815,厉害了，我的国,<0.1%,3.99,70,<0.1%,66.4%
35816,马兰花开,<0.1%,3.83,82,<0.1%,73.9%
35817,我是路人甲,<0.1%,3.50,168,<0.1%,--
35818,盛世秧歌,<0.1%,3.21,13,<0.1%,--
35819,恐怖浴室,<0.1%,3.20,3,0.1%,3.8%
35820,毕业作品,<0.1%,2.86,108,<0.1%,100%
35821,监狱犬计划,<0.1%,2.78,2,0.2%,1.4%
35822,建党伟业,<0.1%,2.72,104,<0.1%,93.0%
35823,凤凰城遗忘录,<0.1%,1.79,1,0.3%,0.7%
35824,我们的青春岁月,<0.1%,1.71,36,<0.1%,100%
35825,三界,<0.1%,1.70,44,<0.1%,66.0%
35826,出山记,<0.1%,1.55,57,<0.1%,48.1%
35827,因果启示录,<0.1%,1.49,21,<0.1%,28.2%
35828,我的战争,<0.1%,1.48,76,<0.1%,84.9%
35829,完美陌生人,<0.1%,1.33,5,<0.1%,6.0%
35830,潜艇总动员：海底两万里,<0.1%,1.17,2,0.1%,1.4%
35831,快乐星球之三十六号,<0.1%,1.16,194,<0.1%,100%
35832,后来的我们,<0.1%,1.14,2,<0.1%,2.7%
35833,金蝉脱壳2：冥府,<0.1%,1.09,2,<0.1%,12.3%
35834,吃货宇宙,<0.1%,1.07,2,<0.1%,2.1%
35835,策反,<0.1%,1.05,50,<0.1%,52.8%
35836,动物世界,47.9%,7631.85,20,35.1%,13.3%
35837,金蝉脱壳2：冥府,22.2%,3535.42,15,27.2%,11.8%
35838,侏罗纪世界2,15.0%,2397.39,16,13.8%,13.4%
35839,超人总动员2,8.2%,1316.77,16,7.9%,14.6%
35840,最后一球,1.2%,199.33,6,4.0%,5.5%
35841,猛虫过江,1.0%,167.21,9,2.1%,9.7%
35842,阿飞正传,0.7%,124.97,13,0.9%,11.3%
35843,幸福马上来,0.7%,114.86,69,0.1%,87.8%
35844,暹罗决：九神战甲,0.3%,58.80,2,3.4%,1.9%
35845,龙虾刑警,0.3%,56.34,4,1.7%,4.1%
35846,暗夜良人,0.3%,54.44,86,<0.1%,100%
35847,青年马克思,0.2%,40.06,61,<0.1%,68.3%
35848,超时空同居,0.1%,22.25,6,0.3%,8.0%
35849,泄密者,0.1%,20.57,6,0.3%,7.4%
35850,复仇者联盟3：无限战争,<0.1%,15.65,7,0.2%,8.2%
35851,生存家族,<0.1%,14.04,6,0.2%,8.0%
35852,青春不留白,<0.1%,12.15,3,0.4%,2.7%
35853,姽婳,<0.1%,11.19,5,0.2%,5.8%
35854,红海行动,<0.1%,8.22,76,<0.1%,64.0%
35855,第七个小矮人,<0.1%,6.96,6,0.1%,6.3%
35856,盛世秧歌,<0.1%,6.89,23,<0.1%,--
35857,地下凶猛,<0.1%,6.51,2,0.3%,1.8%
35858,马兰花开,<0.1%,3.90,55,<0.1%,51.9%
35859,我们的青春岁月,<0.1%,3.55,54,<0.1%,100%
35860,厉害了，我的国,<0.1%,3.34,49,<0.1%,54.3%
35861,哆啦A梦：大雄的金银岛,<0.1%,2.74,6,<0.1%,8.6%
35862,我是路人甲,<0.1%,2.55,128,<0.1%,--
35863,厕所英雄,<0.1%,2.44,5,<0.1%,7.3%
35864,我和神马查干,<0.1%,2.40,32,<0.1%,--
35865,家,<0.1%,2.31,85,<0.1%,100%
35866,诡梦凶铃,<0.1%,2.30,72,<0.1%,82.6%
35867,毕业作品,<0.1%,1.95,84,<0.1%,75.1%
35868,三界,<0.1%,1.87,58,<0.1%,59.0%
35869,我的战争,<0.1%,1.85,124,<0.1%,100%
35870,潜艇总动员：海底两万里,<0.1%,1.79,3,<0.1%,2.9%
35871,明月几时有,<0.1%,1.63,77,<0.1%,87.7%
35872,湄公河行动,<0.1%,1.57,40,<0.1%,63.4%
35873,建党伟业,<0.1%,1.37,49,<0.1%,57.6%
35874,古镇画情,<0.1%,1.34,37,<0.1%,--
35875,恐怖浴室,<0.1%,1.32,3,<0.1%,5.0%
35876,寂静之地,<0.1%,1.13,4,<0.1%,4.3%
35877,雪·葬,<0.1%,1.10,42,<0.1%,33.1%
35878,动物世界,41.6%,8316.41,22,33.5%,14.4%
35879,侏罗纪世界2,19.7%,3938.27,23,15.7%,18.6%
35880,超人总动员2,14.3%,2873.50,25,10.8%,22.6%
35881,金蝉脱壳2：冥府,10.7%,2145.70,11,21.8%,9.0%
35882,我不是药神,7.2%,1454.29,30,4.4%,23.7%
35883,猛虫过江,1.3%,261.13,11,2.5%,12.0%
35884,阿飞正传,0.8%,177.55,17,0.9%,14.6%
35885,幸福马上来,0.6%,136.56,41,0.3%,100%
35886,最后一球,0.5%,116.05,7,1.7%,7.7%
35887,暹罗决：九神战甲,0.3%,70.58,4,2.3%,3.6%
35888,龙虾刑警,0.3%,70.26,5,1.5%,5.6%
35889,暗夜良人,0.2%,52.43,89,<0.1%,100%
35890,超时空同居,0.2%,42.68,9,0.4%,11.8%
35891,复仇者联盟3：无限战争,0.1%,37.04,11,0.3%,12.7%
35892,第七个小矮人,0.1%,35.74,9,0.5%,9.3%
35893,生存家族,0.1%,31.98,11,0.2%,14.7%
35894,泄密者,0.1%,31.36,9,0.3%,10.1%
35895,快乐星球之三十六号,<0.1%,14.69,4,0.4%,3.8%
35896,出·路,<0.1%,14.66,83,<0.1%,89.5%
35897,姽婳,<0.1%,12.21,6,0.2%,6.6%
35898,青春不留白,<0.1%,10.51,11,0.1%,11.3%
35899,青年马克思,<0.1%,9.38,51,<0.1%,67.8%
35900,盛世秧歌,<0.1%,8.77,27,<0.1%,100%
35901,哆啦A梦：大雄的金银岛,<0.1%,7.84,6,0.1%,7.4%
35902,潜艇总动员：海底两万里,<0.1%,7.27,5,0.1%,5.6%
35903,我们的青春岁月,<0.1%,6.62,68,<0.1%,100%
35904,新大头儿子和小头爸爸3：俄罗斯奇遇记,<0.1%,5.79,76,<0.1%,61.0%
35905,厕所英雄,<0.1%,4.18,8,<0.1%,11.4%
35906,细思极恐,<0.1%,3.45,5,<0.1%,5.4%
35907,我是路人甲,<0.1%,3.30,178,<0.1%,--
35908,我和神马查干,<0.1%,3.21,40,<0.1%,--
35909,寂静之地,<0.1%,2.31,6,<0.1%,7.1%
35910,厉害了，我的国,<0.1%,2.26,53,<0.1%,72.1%
35911,家,<0.1%,2.00,80,<0.1%,82.1%
35912,因果启示录,<0.1%,1.90,65,<0.1%,49.2%
35913,诡梦凶铃,<0.1%,1.87,90,<0.1%,100%
35914,恐怖浴室,<0.1%,1.86,4,<0.1%,6.8%
35915,监狱犬计划,<0.1%,1.54,11,<0.1%,17.1%
35916,红海行动,<0.1%,1.47,33,<0.1%,45.7%
35917,吃货宇宙,<0.1%,1.40,3,<0.1%,3.6%
35918,古镇画情,<0.1%,1.20,30,<0.1%,--
35919,三界,<0.1%,1.06,43,<0.1%,54.3%
35920,完美陌生人,<0.1%,1.01,10,<0.1%,11.5%
35921,动物世界,37.7%,7359.50,20,32.6%,13.1%
35922,我不是药神,18.2%,3561.33,44,7.4%,35.5%
35923,侏罗纪世界2,18.2%,3560.04,20,16.8%,15.6%
35924,超人总动员2,12.9%,2524.94,20,11.9%,17.9%
35925,金蝉脱壳2：冥府,7.2%,1410.84,9,18.1%,7.5%
35926,猛虫过江,1.2%,242.91,9,2.8%,10.0%
35927,幸福马上来,0.7%,146.18,43,0.3%,100%
35928,阿飞正传,0.7%,139.76,13,1.0%,11.3%
35929,最后一球,0.4%,79.55,6,1.4%,6.3%
35930,龙虾刑警,0.3%,59.46,4,1.5%,4.8%
35931,暹罗决：九神战甲,0.2%,56.99,4,1.9%,3.5%
35932,暗夜良人,0.2%,53.08,87,<0.1%,100%
35933,第七个小矮人,0.2%,46.14,9,0.6%,9.8%
35934,复仇者联盟3：无限战争,0.2%,39.44,10,0.3%,11.3%
35935,超时空同居,0.1%,36.37,8,0.4%,9.2%
35936,泄密者,0.1%,28.99,7,0.3%,8.4%
35937,生存家族,0.1%,28.73,10,0.2%,11.9%
35938,青年马克思,<0.1%,9.43,42,<0.1%,51.0%
35939,姽婳,<0.1%,9.19,5,0.2%,5.0%
35940,新大头儿子和小头爸爸3：俄罗斯奇遇记,<0.1%,7.94,90,<0.1%,71.0%
35941,盛世秧歌,<0.1%,7.66,23,<0.1%,100%
35942,潜艇总动员：海底两万里,<0.1%,6.45,8,0.1%,8.4%
35943,快乐星球之三十六号,<0.1%,5.44,2,0.3%,2.3%
35944,出·路,<0.1%,4.47,67,<0.1%,88.4%
35945,泡菜爱上小龙虾,<0.1%,4.25,53,<0.1%,100%
35946,厉害了，我的国,<0.1%,4.17,76,<0.1%,100%
35947,厕所英雄,<0.1%,4.15,7,<0.1%,10.1%
35948,青春不留白,<0.1%,2.84,5,<0.1%,5.0%
35949,我们的青春岁月,<0.1%,2.82,53,<0.1%,100%
35950,细思极恐,<0.1%,2.76,4,<0.1%,4.4%
35951,我和神马查干,<0.1%,2.43,29,<0.1%,--
35952,寂静之地,<0.1%,2.13,5,<0.1%,5.5%
35953,马兰花开,<0.1%,2.00,60,<0.1%,40.4%
35954,家,<0.1%,2.00,80,<0.1%,81.1%
35955,恐怖浴室,<0.1%,1.57,4,<0.1%,5.8%
35956,吃货宇宙,<0.1%,1.52,3,<0.1%,2.8%
35957,诡梦凶铃,<0.1%,1.29,76,<0.1%,100%
35958,古镇画情,<0.1%,1.09,28,<0.1%,--
35959,深海越狱,<0.1%,1.01,7,<0.1%,10.7%
35960,动物世界,51.1%,4135.86,12,34.9%,7.6%
35961,侏罗纪世界2,20.4%,1657.55,9,19.7%,6.8%
35962,超人总动员2,11.3%,921.17,8,12.4%,6.9%
35963,金蝉脱壳2：冥府,8.1%,663.05,5,17.8%,4.0%
35964,猛虫过江,2.9%,237.34,7,3.9%,7.3%
35965,幸福马上来,1.1%,95.61,29,0.3%,64.8%
35966,阿飞正传,0.9%,80.38,7,1.2%,5.9%
35967,龙虾刑警,0.6%,51.26,3,2.0%,3.1%
35968,最后一球,0.4%,40.11,3,1.5%,3.2%
35969,超时空同居,0.3%,29.00,5,0.6%,5.8%
35970,复仇者联盟3：无限战争,0.3%,27.34,6,0.5%,5.9%
35971,泄密者,0.2%,22.08,5,0.5%,4.8%
35972,暹罗决：九神战甲,0.2%,21.99,2,1.6%,1.6%
35973,青年马克思,0.1%,15.32,48,<0.1%,60.1%
35974,生存家族,0.1%,14.36,4,0.4%,4.4%
35975,第七个小矮人,0.1%,10.49,4,0.4%,3.8%
35976,姽婳,0.1%,8.49,4,0.3%,4.2%
35977,古镇画情,<0.1%,5.30,63,<0.1%,--
35978,盛世秧歌,<0.1%,4.05,15,<0.1%,--
35979,红海行动,<0.1%,3.22,144,<0.1%,100%
35980,马兰花开,<0.1%,2.74,52,<0.1%,61.0%
35981,青春不留白,<0.1%,2.43,2,0.1%,1.9%
35982,寂静之地,<0.1%,2.14,4,<0.1%,4.3%
35983,厕所英雄,<0.1%,2.11,3,<0.1%,4.0%
35984,家,<0.1%,2.00,90,<0.1%,73.4%
35985,我们的青春岁月,<0.1%,1.88,33,<0.1%,100%
35986,快乐星球之三十六号,<0.1%,1.61,1,0.1%,1.2%
35987,恐怖浴室,<0.1%,1.37,3,<0.1%,3.8%
35988,我不是药神,43.1%,4817.72,54,9.0%,41.3%
35989,动物世界,28.6%,3196.82,10,32.7%,6.5%
35990,侏罗纪世界2,12.7%,1422.87,8,18.7%,6.3%
35991,超人总动员2,6.5%,727.56,7,11.4%,6.0%
35992,金蝉脱壳2：冥府,3.7%,420.81,4,14.3%,3.3%
35993,猛虫过江,1.6%,181.18,6,3.7%,5.9%
35994,幸福马上来,0.8%,96.15,28,0.3%,68.0%
35995,阿飞正传,0.5%,56.73,5,1.1%,4.5%
35996,龙虾刑警,0.3%,36.64,3,1.9%,2.5%
35997,最后一球,0.2%,29.39,3,1.2%,3.0%
35998,复仇者联盟3：无限战争,0.2%,25.24,5,0.5%,5.2%
35999,超时空同居,0.1%,20.83,4,0.6%,4.7%
36000,泄密者,0.1%,17.48,4,0.5%,4.1%
36001,青年马克思,0.1%,15.15,43,<0.1%,58.4%
36002,暹罗决：九神战甲,0.1%,12.73,2,1.2%,1.2%
36003,生存家族,<0.1%,10.21,3,0.3%,3.4%
36004,第七个小矮人,<0.1%,10.01,4,0.4%,3.6%
36005,姽婳,<0.1%,6.77,3,0.2%,3.6%
36006,盛世秧歌,<0.1%,5.10,18,<0.1%,--
36007,明天有多远,<0.1%,5.04,67,<0.1%,100%
36008,古镇画情,<0.1%,4.99,97,<0.1%,--
36009,新大头儿子和小头爸爸3：俄罗斯奇遇记,<0.1%,4.74,280,<0.1%,--
36010,红海行动,<0.1%,3.92,98,<0.1%,80.9%
36011,建党伟业,<0.1%,3.81,210,<0.1%,100%
36012,厕所英雄,<0.1%,2.23,4,<0.1%,4.4%
36013,我们的青春岁月,<0.1%,2.05,40,<0.1%,91.8%
36014,厉害了，我的国,<0.1%,1.98,74,<0.1%,80.4%
36015,寂静之地,<0.1%,1.90,4,<0.1%,4.4%
36016,勇敢往事,<0.1%,1.69,166,<0.1%,100.0%
36017,快乐星球之三十六号,<0.1%,1.45,2,0.1%,1.5%
36018,家,<0.1%,1.30,66,<0.1%,59.7%
36019,恐怖浴室,<0.1%,1.23,2,<0.1%,4.1%
36020,诡梦凶铃,<0.1%,1.19,94,<0.1%,100%
36021,我和神马查干,<0.1%,1.12,16,<0.1%,--
36022,我不是药神,52.1%,6542.47,60,10.9%,45.1%
36023,动物世界,22.9%,2874.79,9,32.0%,6.0%
36024,侏罗纪世界2,11.4%,1431.12,8,18.7%,6.4%
36025,超人总动员2,5.7%,721.42,7,11.4%,6.0%
36026,金蝉脱壳2：冥府,2.9%,371.02,4,13.3%,3.1%
36027,猛虫过江,1.4%,176.26,6,3.8%,5.5%
36028,幸福马上来,0.9%,114.47,32,0.3%,75.4%
36029,阿飞正传,0.4%,52.95,5,1.1%,4.3%
36030,龙虾刑警,0.3%,40.24,3,1.9%,2.7%
36031,最后一球,0.2%,34.96,4,1.1%,3.9%
36032,复仇者联盟3：无限战争,0.2%,27.25,5,0.6%,5.3%
36033,超时空同居,0.1%,19.83,4,0.6%,4.3%
36034,泄密者,0.1%,17.66,4,0.5%,3.9%
36035,青年马克思,0.1%,13.12,41,<0.1%,54.8%
36036,第七个小矮人,<0.1%,11.06,4,0.4%,3.7%
36037,暹罗决：九神战甲,<0.1%,10.46,2,1.1%,1.2%
36038,生存家族,<0.1%,9.99,3,0.3%,3.4%
36039,盛世秧歌,<0.1%,6.46,24,<0.1%,--
36040,姽婳,<0.1%,5.69,3,0.2%,3.3%
36041,古镇画情,<0.1%,5.42,99,<0.1%,--
36042,明天有多远,<0.1%,4.96,62,<0.1%,100%
36043,红海行动,<0.1%,2.59,58,<0.1%,79.9%
36044,青春不留白,<0.1%,2.54,4,<0.1%,5.9%
36045,勇士,<0.1%,2.12,51,<0.1%,100%
36046,暗夜良人,<0.1%,2.00,134,<0.1%,--
36047,家,<0.1%,1.88,75,<0.1%,100%
36048,厕所英雄,<0.1%,1.78,3,<0.1%,3.5%
36049,我和神马查干,<0.1%,1.71,24,<0.1%,--
36050,诡梦凶铃,<0.1%,1.70,95,<0.1%,100%
36051,寂静之地,<0.1%,1.63,3,<0.1%,3.6%
36052,恐怖浴室,<0.1%,1.52,3,<0.1%,4.4%
36053,厉害了，我的国,<0.1%,1.13,54,<0.1%,53.9%
36054,我们的青春岁月,<0.1%,1.03,28,<0.1%,85.1%
36055,策反,<0.1%,1.01,63,<0.1%,37.2%
36056,空天猎,<0.1%,1.00,168,<0.1%,99.1%
36057,我不是药神,82.0%,15972.66,32,49.2%,21.9%
36058,动物世界,7.9%,1555.65,8,20.1%,6.2%
36059,侏罗纪世界2,4.7%,927.75,9,11.2%,8.1%
36060,超人总动员2,2.4%,482.59,7,6.8%,7.3%
36061,金蝉脱壳2：冥府,0.6%,126.32,3,5.6%,3.0%
36062,幸福马上来,0.5%,115.02,35,0.3%,97.4%
36063,猛虫过江,0.3%,74.53,5,1.7%,5.5%
36064,阿飞正传,0.1%,34.19,5,0.7%,4.3%
36065,最后一球,0.1%,21.16,7,0.3%,8.8%
36066,复仇者联盟3：无限战争,<0.1%,15.55,6,0.2%,6.6%
36067,龙虾刑警,<0.1%,13.28,2,0.8%,2.4%
36068,第七个小矮人,<0.1%,8.93,4,0.3%,4.0%
36069,盛世秧歌,<0.1%,7.68,26,<0.1%,--
36070,超时空同居,<0.1%,6.16,3,0.2%,3.4%
36071,泄密者,<0.1%,5.79,3,0.2%,3.3%
36072,青年马克思,<0.1%,5.20,37,<0.1%,48.3%
36073,暹罗决：九神战甲,<0.1%,5.14,2,0.4%,1.6%
36074,生存家族,<0.1%,4.72,4,0.1%,4.3%
36075,古镇画情,<0.1%,4.07,103,<0.1%,--
36076,红海行动,<0.1%,3.60,57,<0.1%,50.0%
36077,姽婳,<0.1%,3.53,3,0.1%,3.2%
36078,青春不留白,<0.1%,2.64,15,<0.1%,19.8%
36079,厉害了，我的国,<0.1%,2.62,84,<0.1%,100%
36080,诡梦凶铃,<0.1%,2.13,74,<0.1%,88.7%
36081,勇敢往事,<0.1%,2.01,129,<0.1%,77.6%
36082,我和神马查干,<0.1%,1.88,24,<0.1%,--
36083,泡菜爱上小龙虾,<0.1%,1.70,18,<0.1%,36.2%
36084,雪·葬,<0.1%,1.49,46,<0.1%,37.0%
36085,策反,<0.1%,1.46,98,<0.1%,38.5%
36086,厕所英雄,<0.1%,1.31,4,<0.1%,7.1%
36087,因果启示录,<0.1%,1.18,40,<0.1%,46.4%
36088,恐怖浴室,<0.1%,1.17,3,<0.1%,4.3%
36089,明月几时有,<0.1%,1.16,65,<0.1%,93.6%
36090,我们的青春岁月,<0.1%,1.13,42,<0.1%,71.1%
36091,我不是药神,82.2%,24132.30,41,53.6%,28.1%
36092,新大头儿子和小头爸爸3：俄罗斯奇遇记,6.5%,1912.80,15,12.5%,15.0%
36093,动物世界,5.3%,1565.39,10,14.9%,8.4%
36094,侏罗纪世界2,2.9%,870.44,10,8.1%,10.3%
36095,超人总动员2,1.4%,429.83,10,3.9%,10.4%
36096,金蝉脱壳2：冥府,0.2%,68.14,4,2.3%,3.7%
36097,您一定不要错过,0.2%,59.68,13,0.4%,15.2%
36098,幸福马上来,0.1%,58.19,64,<0.1%,82.1%
36099,猛虫过江,0.1%,50.72,6,0.8%,7.6%
36100,阿飞正传,<0.1%,27.30,6,0.4%,5.1%
36101,细思极恐,<0.1%,22.67,4,0.7%,4.3%
36102,盛世秧歌,<0.1%,13.32,42,<0.1%,--
36103,最后一球,<0.1%,11.58,12,0.1%,16.2%
36104,复仇者联盟3：无限战争,<0.1%,9.90,6,0.1%,7.0%
36105,龙虾刑警,<0.1%,7.13,3,0.3%,3.0%
36106,青年马克思,<0.1%,6.40,45,<0.1%,60.9%
36107,暹罗决：九神战甲,<0.1%,4.53,5,0.1%,6.2%
36108,生存家族,<0.1%,4.01,7,<0.1%,8.7%
36109,超时空同居,<0.1%,3.12,3,0.1%,3.3%
36110,泄密者,<0.1%,2.71,3,0.1%,3.2%
36111,红海行动,<0.1%,2.70,63,<0.1%,46.1%
36112,马兰花开,<0.1%,2.51,63,<0.1%,72.1%
36113,我和神马查干,<0.1%,2.49,33,<0.1%,--
36114,雪·葬,<0.1%,2.34,64,<0.1%,65.1%
36115,诡梦凶铃,<0.1%,2.32,88,<0.1%,99.7%
36116,第七个小矮人,<0.1%,2.08,4,<0.1%,4.0%
36117,勇敢往事,<0.1%,1.94,208,<0.1%,100%
36118,古镇画情,<0.1%,1.78,51,<0.1%,--
36119,策反,<0.1%,1.63,29,<0.1%,58.7%
36120,厉害了，我的国,<0.1%,1.56,74,<0.1%,71.8%
36121,我们的青春岁月,<0.1%,1.42,70,<0.1%,92.7%
36122,建党伟业,<0.1%,1.38,38,<0.1%,62.6%
36123,姽婳,<0.1%,1.13,3,<0.1%,2.9%
36124,我不是药神,83.8%,38569.72,57,57.6%,40.0%
36125,新大头儿子和小头爸爸3：俄罗斯奇遇记,5.5%,2575.41,18,13.4%,18.1%
36126,动物世界,4.6%,2134.86,15,12.1%,14.1%
36127,侏罗纪世界2,2.9%,1351.71,17,7.3%,17.5%
36128,超人总动员2,1.9%,879.45,20,3.8%,21.0%
36129,金蝉脱壳2：冥府,0.1%,84.43,5,1.8%,5.8%
36130,幸福马上来,0.1%,81.51,29,0.2%,100%
36131,您一定不要错过,0.1%,74.65,16,0.4%,19.2%
36132,猛虫过江,0.1%,50.62,8,0.6%,9.6%
36133,阿飞正传,<0.1%,36.18,9,0.3%,7.8%
36134,细思极恐,<0.1%,17.92,4,0.5%,4.8%
36135,盛世秧歌,<0.1%,17.90,55,<0.1%,--
36136,复仇者联盟3：无限战争,<0.1%,15.91,10,0.1%,11.9%
36137,最后一球,<0.1%,10.46,13,<0.1%,17.4%
36138,左滩,<0.1%,9.08,31,<0.1%,30.0%
36139,龙虾刑警,<0.1%,7.08,3,0.2%,3.7%
36140,生存家族,<0.1%,6.84,11,<0.1%,15.2%
36141,我和神马查干,<0.1%,6.08,75,<0.1%,--
36142,第七个小矮人,<0.1%,3.89,5,0.1%,5.4%
36143,泄密者,<0.1%,3.80,5,<0.1%,5.5%
36144,出·路,<0.1%,3.77,80,<0.1%,100%
36145,超时空同居,<0.1%,3.51,3,0.1%,4.6%
36146,兄弟班,<0.1%,2.92,63,<0.1%,45.0%
36147,暹罗决：九神战甲,<0.1%,1.73,2,<0.1%,2.4%
36148,姽婳,<0.1%,1.43,4,<0.1%,3.9%
36149,我们的青春岁月,<0.1%,1.38,49,<0.1%,64.5%
36150,厕所英雄,<0.1%,1.27,6,<0.1%,13.7%
36151,大三儿,<0.1%,1.00,106,<0.1%,--
36152,我不是药神,83.8%,38595.22,56,60.1%,39.2%
36153,新大头儿子和小头爸爸3：俄罗斯奇遇记,5.5%,2554.12,18,12.9%,18.9%
36154,动物世界,4.4%,2033.08,16,10.8%,15.4%
36155,侏罗纪世界2,3.0%,1399.48,18,7.0%,19.2%
36156,超人总动员2,1.9%,915.56,22,3.7%,23.0%
36157,您一定不要错过,0.1%,86.64,17,0.5%,19.7%
36158,幸福马上来,0.1%,81.14,30,0.2%,100%
36159,金蝉脱壳2：冥府,0.1%,73.41,5,1.6%,5.7%
36160,猛虫过江,0.1%,53.36,9,0.6%,10.4%
36161,阿飞正传,<0.1%,33.56,9,0.3%,7.8%
36162,复仇者联盟3：无限战争,<0.1%,17.81,12,0.1%,14.2%
36163,盛世秧歌,<0.1%,16.71,55,<0.1%,100%
36164,细思极恐,<0.1%,14.54,4,0.4%,4.5%
36165,最后一球,<0.1%,8.41,12,<0.1%,17.5%
36166,龙虾刑警,<0.1%,7.06,3,0.2%,3.8%
36167,生存家族,<0.1%,6.22,11,<0.1%,16.9%
36168,左滩,<0.1%,5.37,36,<0.1%,35.4%
36169,第七个小矮人,<0.1%,5.16,6,0.1%,7.5%
36170,泄密者,<0.1%,4.32,5,<0.1%,7.0%
36171,我和神马查干,<0.1%,3.77,46,<0.1%,--
36172,超时空同居,<0.1%,3.36,4,0.1%,4.7%
36173,古镇画情,<0.1%,3.34,65,<0.1%,--
36174,家,<0.1%,2.91,67,<0.1%,100%
36175,因果启示录,<0.1%,2.22,82,<0.1%,61.3%
36176,出·路,<0.1%,1.77,72,<0.1%,78.7%
36177,暹罗决：九神战甲,<0.1%,1.74,2,<0.1%,2.4%
36178,勇敢往事,<0.1%,1.64,272,<0.1%,72.7%
36179,姽婳,<0.1%,1.62,4,<0.1%,4.1%
36180,我们的青春岁月,<0.1%,1.43,55,<0.1%,68.5%
36181,红盾先锋,<0.1%,1.29,12,<0.1%,16.7%
36182,阿拉姜色,<0.1%,1.18,132,<0.1%,--
36183,天佑之爱,<0.1%,1.11,318,<0.1%,100.0%
36184,小悟空,<0.1%,1.01,145,<0.1%,100.0%
36185,我不是药神,86.2%,20707.18,33,60.3%,23.0%
36186,动物世界,4.8%,1160.35,9,11.6%,8.9%
36187,侏罗纪世界2,2.9%,712.87,9,7.8%,9.4%
36188,新大头儿子和小头爸爸3：俄罗斯奇遇记,2.8%,696.18,7,10.4%,6.9%
36189,超人总动员2,1.4%,337.71,9,3.9%,8.7%
36190,幸福马上来,0.3%,92.86,35,0.2%,100%
36191,您一定不要错过,0.2%,57.29,10,0.6%,10.6%
36192,猛虫过江,0.1%,46.61,7,0.7%,8.5%
36193,金蝉脱壳2：冥府,0.1%,45.55,3,1.7%,3.5%
36194,阿飞正传,0.1%,25.04,6,0.4%,5.1%
36195,阿修罗,<0.1%,16.79,60,<0.1%,100%
36196,细思极恐,<0.1%,12.09,4,0.4%,4.4%
36197,盛世秧歌,<0.1%,11.16,36,<0.1%,100%
36198,复仇者联盟3：无限战争,<0.1%,10.95,8,0.1%,8.7%
36199,古镇画情,<0.1%,5.89,95,<0.1%,--
36200,龙虾刑警,<0.1%,5.50,2,0.3%,2.9%
36201,最后一球,<0.1%,3.94,6,<0.1%,8.0%
36202,生存家族,<0.1%,3.44,5,<0.1%,5.8%
36203,泄密者,<0.1%,3.26,4,<0.1%,4.5%
36204,第七个小矮人,<0.1%,2.81,5,<0.1%,5.5%
36205,青年马克思,<0.1%,2.56,37,<0.1%,52.2%
36206,我和神马查干,<0.1%,2.42,32,<0.1%,--
36207,超时空同居,<0.1%,2.25,3,0.1%,3.4%
36208,红盾先锋,<0.1%,1.48,9,<0.1%,15.9%
36209,姽婳,<0.1%,1.40,4,<0.1%,3.6%
36210,红海行动,<0.1%,1.19,45,<0.1%,39.4%
36211,青春不留白,<0.1%,1.10,19,<0.1%,32.3%
36212,美丽童年,<0.1%,1.10,440,<0.1%,63.4%
36213,勇敢往事,<0.1%,1.02,57,<0.1%,45.4%
36214,我不是药神,84.9%,17656.95,28,61.4%,19.6%
36215,动物世界,5.3%,1105.28,9,11.2%,8.8%
36216,侏罗纪世界2,3.2%,675.26,9,7.8%,9.0%
36217,新大头儿子和小头爸爸3：俄罗斯奇遇记,2.9%,615.97,7,9.9%,6.5%
36218,超人总动员2,1.5%,327.26,9,3.9%,8.6%
36219,幸福马上来,0.5%,105.39,39,0.2%,100%
36220,猛虫过江,0.2%,53.68,8,0.7%,9.5%
36221,您一定不要错过,0.2%,48.80,8,0.7%,8.3%
36222,金蝉脱壳2：冥府,0.2%,43.61,3,1.6%,3.6%
36223,阿飞正传,0.1%,35.35,8,0.4%,7.2%
36224,盛世秧歌,<0.1%,12.11,40,<0.1%,--
36225,细思极恐,<0.1%,9.13,3,0.3%,3.7%
36226,龙虾刑警,<0.1%,4.65,2,0.3%,2.4%
36227,生存家族,<0.1%,4.23,7,<0.1%,9.7%
36228,青年马克思,<0.1%,4.18,44,<0.1%,65.3%
36229,勇敢往事,<0.1%,3.76,55,<0.1%,100%
36230,红盾先锋,<0.1%,3.64,16,<0.1%,28.2%
36231,泄密者,<0.1%,3.10,4,<0.1%,4.5%
36232,最后一球,<0.1%,2.88,5,<0.1%,6.5%
36233,我和神马查干,<0.1%,2.31,30,<0.1%,--
36234,超时空同居,<0.1%,2.09,2,0.1%,2.9%
36235,泡菜爱上小龙虾,<0.1%,1.84,24,<0.1%,49.6%
36236,第七个小矮人,<0.1%,1.81,3,<0.1%,3.6%
36237,厉害了，我的国,<0.1%,1.52,85,<0.1%,69.7%
36238,阿修罗,<0.1%,1.49,20,<0.1%,100%
36239,马兰花开,<0.1%,1.39,81,<0.1%,87.1%
36240,左滩,<0.1%,1.39,17,<0.1%,13.9%
36241,我们的青春岁月,<0.1%,1.35,57,<0.1%,84.7%
36242,勇士,<0.1%,1.34,448,<0.1%,--
36243,姽婳,<0.1%,1.16,3,<0.1%,2.9%
36244,红海行动,<0.1%,1.00,56,<0.1%,36.0%
36245,我不是药神,83.1%,14771.32,24,62.0%,16.6%
36246,动物世界,6.1%,1088.30,9,11.1%,8.9%
36247,侏罗纪世界2,3.6%,647.31,9,7.8%,8.7%
36248,新大头儿子和小头爸爸3：俄罗斯奇遇记,3.0%,535.28,6,9.4%,5.9%
36249,超人总动员2,1.7%,302.95,8,3.9%,7.9%
36250,幸福马上来,0.6%,106.66,38,0.2%,100%
36251,猛虫过江,0.3%,67.33,10,0.7%,12.2%
36252,您一定不要错过,0.2%,51.71,8,0.7%,8.8%
36253,金蝉脱壳2：冥府,0.2%,39.97,3,1.6%,3.5%
36254,阿飞正传,0.1%,34.10,8,0.4%,7.1%
36255,盛世秧歌,<0.1%,10.59,34,<0.1%,--
36256,细思极恐,<0.1%,8.00,3,0.3%,3.1%
36257,阿修罗,<0.1%,6.64,84,<0.1%,88.2%
36258,龙虾刑警,<0.1%,4.39,2,0.2%,2.4%
36259,我和神马查干,<0.1%,3.90,51,<0.1%,--
36260,青年马克思,<0.1%,3.86,40,<0.1%,56.9%
36261,生存家族,<0.1%,3.21,5,<0.1%,5.7%
36262,泄密者,<0.1%,3.04,4,<0.1%,4.3%
36263,红海行动,<0.1%,2.94,72,<0.1%,59.6%
36264,勇敢往事,<0.1%,2.28,50,<0.1%,69.2%
36265,最后一球,<0.1%,2.15,4,<0.1%,4.6%
36266,我的战争,<0.1%,2.02,61,<0.1%,100%
36267,超时空同居,<0.1%,1.96,2,0.1%,3.0%
36268,地下凶猛,<0.1%,1.96,58,<0.1%,100%
36269,泡菜爱上小龙虾,<0.1%,1.74,22,<0.1%,25.0%
36270,红盾先锋,<0.1%,1.45,10,<0.1%,17.7%
36271,建党伟业,<0.1%,1.41,27,<0.1%,98.6%
36272,风语咒,<0.1%,1.30,146,<0.1%,97.0%
36273,空天猎,<0.1%,1.18,66,<0.1%,71.5%
36274,第七个小矮人,<0.1%,1.16,2,<0.1%,2.4%
36275,姽婳,<0.1%,1.12,3,<0.1%,2.4%
36276,我不是药神,80.7%,13143.97,21,61.8%,14.7%
36277,动物世界,6.8%,1111.99,10,11.1%,9.0%
36278,侏罗纪世界2,4.1%,670.95,9,7.9%,8.8%
36279,新大头儿子和小头爸爸3：俄罗斯奇遇记,3.1%,520.83,6,9.2%,5.8%
36280,超人总动员2,1.9%,320.02,9,3.8%,8.4%
36281,阿修罗,0.8%,138.63,34,0.3%,29.7%
36282,幸福马上来,0.6%,100.15,35,0.2%,100%
36283,您一定不要错过,0.3%,49.94,8,0.7%,8.8%
36284,金蝉脱壳2：冥府,0.2%,38.98,3,1.5%,3.4%
36285,阿飞正传,0.2%,34.94,8,0.4%,7.2%
36286,猛虫过江,0.1%,29.44,5,0.7%,5.9%
36287,盛世秧歌,<0.1%,10.04,30,<0.1%,--
36288,细思极恐,<0.1%,7.15,3,0.3%,3.0%
36289,青年马克思,<0.1%,7.05,57,<0.1%,77.3%
36290,格桑花开的时候,<0.1%,6.97,18,<0.1%,18.9%
36291,龙虾刑警,<0.1%,4.97,2,0.2%,2.6%
36292,泡菜爱上小龙虾,<0.1%,3.91,39,<0.1%,47.8%
36293,泄密者,<0.1%,3.44,4,<0.1%,4.9%
36294,生存家族,<0.1%,3.17,5,<0.1%,5.9%
36295,红海行动,<0.1%,2.97,50,<0.1%,67.1%
36296,最后一球,<0.1%,2.77,6,<0.1%,7.7%
36297,马兰花开,<0.1%,2.47,60,<0.1%,83.3%
36298,地下凶猛,<0.1%,2.32,51,<0.1%,100%
36299,红盾先锋,<0.1%,2.13,17,<0.1%,26.1%
36300,超时空同居,<0.1%,2.00,2,0.1%,2.8%
36301,勇敢往事,<0.1%,2.00,79,<0.1%,60.9%
36302,我和神马查干,<0.1%,1.76,38,<0.1%,--
36303,雪·葬,<0.1%,1.70,44,<0.1%,38.6%
36304,左滩,<0.1%,1.68,22,<0.1%,18.1%
36305,第七个小矮人,<0.1%,1.67,3,<0.1%,3.4%
36306,风语咒,<0.1%,1.50,150,<0.1%,68.0%
36307,我不是药神,44.3%,12504.72,33,36.6%,25.7%
36308,邪不压正,43.3%,12217.42,29,39.8%,21.2%
36309,阿修罗,9.0%,2552.93,15,15.6%,15.2%
36310,新大头儿子和小头爸爸3：俄罗斯奇遇记,1.1%,314.80,8,3.8%,8.5%
36311,动物世界,0.5%,141.26,13,1.0%,15.6%
36312,侏罗纪世界2,0.3%,112.12,15,0.7%,17.9%
36313,超人总动员2,0.3%,91.24,16,0.5%,18.2%
36314,美丽童年,0.1%,44.09,36,0.1%,38.2%
36315,幸福马上来,0.1%,33.65,93,<0.1%,100%
36316,您一定不要错过,<0.1%,17.50,13,0.1%,14.5%
36317,盛世秧歌,<0.1%,13.67,43,<0.1%,--
36318,天佑之爱,<0.1%,12.48,14,0.1%,16.4%
36319,海龙屯,<0.1%,7.73,13,<0.1%,15.1%
36320,青年马克思,<0.1%,7.15,56,<0.1%,64.4%
36321,我和神马查干,<0.1%,5.85,89,<0.1%,--
36322,金蝉脱壳2：冥府,<0.1%,5.04,3,0.2%,3.5%
36323,泡菜爱上小龙虾,<0.1%,4.66,47,<0.1%,72.1%
36324,红盾先锋,<0.1%,4.63,47,<0.1%,50.8%
36325,阿飞正传,<0.1%,3.73,4,<0.1%,3.8%
36326,猛虫过江,<0.1%,2.90,3,0.1%,4.2%
36327,雪·葬,<0.1%,2.26,66,<0.1%,86.5%
36328,细思极恐,<0.1%,2.09,3,0.1%,3.1%
36329,最后一球,<0.1%,1.87,23,<0.1%,62.3%
36330,古镇画情,<0.1%,1.84,29,<0.1%,--
36331,红海行动,<0.1%,1.83,44,<0.1%,58.7%
36332,策反,<0.1%,1.55,62,<0.1%,100%
36333,勇敢往事,<0.1%,1.44,111,<0.1%,75.3%
36334,左滩,<0.1%,1.37,46,<0.1%,40.4%
36335,暹罗决：九神战甲,<0.1%,1.24,8,<0.1%,11.6%
36336,生存家族,<0.1%,1.19,11,<0.1%,20.8%
36337,战狼2,<0.1%,1.08,54,<0.1%,67.2%
36338,马兰花开,<0.1%,1.07,35,<0.1%,30.2%
36339,香港大营救,<0.1%,1.07,72,<0.1%,63.4%
36340,第七个小矮人,<0.1%,1.02,4,<0.1%,5.9%
36341,风语咒,<0.1%,1.01,127,<0.1%,100.0%
36342,我不是药神,56.0%,18179.29,40,42.7%,30.4%
36343,邪不压正,32.9%,10691.63,28,34.4%,20.8%
36344,阿修罗,3.6%,1173.38,12,9.0%,12.6%
36345,新大头儿子和小头爸爸3：俄罗斯奇遇记,2.7%,880.55,19,4.6%,19.4%
36346,超人总动员2,0.9%,306.86,30,0.9%,33.6%
36347,动物世界,0.9%,305.14,21,1.2%,25.2%
36348,小悟空,0.9%,295.50,8,3.9%,8.7%
36349,侏罗纪世界2,0.8%,283.13,24,1.1%,27.3%
36350,幸福马上来,0.2%,90.63,35,0.2%,100%
36351,美丽童年,0.1%,40.55,50,<0.1%,51.1%
36352,风语咒,0.1%,37.70,52,<0.1%,55.8%
36353,盛世秧歌,<0.1%,17.65,57,<0.1%,--
36354,您一定不要错过,<0.1%,16.29,13,0.1%,16.0%
36355,海龙屯,<0.1%,10.10,19,<0.1%,19.6%
36356,阿飞正传,<0.1%,9.01,8,0.1%,7.5%
36357,天佑之爱,<0.1%,7.12,6,0.1%,8.2%
36358,金蝉脱壳2：冥府,<0.1%,6.46,4,0.2%,4.9%
36359,我和神马查干,<0.1%,6.18,85,<0.1%,--
36360,猛虫过江,<0.1%,4.96,5,0.1%,6.8%
36361,出·路,<0.1%,4.17,64,<0.1%,84.1%
36362,细思极恐,<0.1%,3.92,4,0.1%,4.6%
36363,第七个小矮人,<0.1%,3.48,10,<0.1%,15.0%
36364,古镇画情,<0.1%,2.62,44,<0.1%,--
36365,龙虾刑警,<0.1%,1.39,3,<0.1%,3.7%
36366,格桑花开的时候,<0.1%,1.34,37,<0.1%,42.6%
36367,生存家族,<0.1%,1.26,12,<0.1%,18.3%
36368,我不是药神,56.0%,16137.02,34,45.2%,24.9%
36369,邪不压正,29.9%,8630.52,25,31.6%,19.1%
36370,新大头儿子和小头爸爸3：俄罗斯奇遇记,4.1%,1191.27,21,5.5%,21.5%
36371,阿修罗,3.4%,996.48,12,7.6%,13.1%
36372,动物世界,1.4%,428.95,21,1.8%,23.1%
36373,超人总动员2,1.4%,422.60,30,1.3%,31.5%
36374,侏罗纪世界2,1.2%,345.94,23,1.4%,26.9%
36375,小悟空,0.9%,285.50,10,3.2%,10.3%
36376,幸福马上来,0.3%,91.24,34,0.2%,100%
36377,神奇马戏团之动物饼干,0.1%,48.33,53,<0.1%,52.1%
36378,风语咒,0.1%,39.13,53,<0.1%,59.1%
36379,美丽童年,<0.1%,19.32,36,<0.1%,38.1%
36380,您一定不要错过,<0.1%,16.60,12,0.1%,14.8%
36381,盛世秧歌,<0.1%,13.49,42,<0.1%,--
36382,海龙屯,<0.1%,10.79,21,<0.1%,21.0%
36383,猛虫过江,<0.1%,8.22,12,0.1%,17.5%
36384,阿飞正传,<0.1%,7.81,7,0.1%,6.8%
36385,金蝉脱壳2：冥府,<0.1%,6.73,4,0.2%,4.4%
36386,我和神马查干,<0.1%,5.32,68,<0.1%,--
36387,天佑之爱,<0.1%,4.64,6,0.1%,6.6%
36388,细思极恐,<0.1%,4.12,4,0.1%,4.4%
36389,暗夜良人,<0.1%,3.00,66,<0.1%,60.8%
36390,出·路,<0.1%,2.44,59,<0.1%,58.2%
36391,古镇画情,<0.1%,2.41,43,<0.1%,--
36392,龙虾刑警,<0.1%,1.86,4,<0.1%,5.1%
36393,第七个小矮人,<0.1%,1.85,10,<0.1%,13.0%
36394,生存家族,<0.1%,1.52,11,<0.1%,14.7%
36395,我不是药神,55.8%,7551.61,17,47.0%,11.7%
36396,邪不压正,31.9%,4313.14,14,31.2%,10.8%
36397,动物世界,3.4%,468.73,10,4.7%,10.4%
36398,新大头儿子和小头爸爸3：俄罗斯奇遇记,2.5%,344.14,7,5.5%,6.6%
36399,侏罗纪世界2,2.3%,315.27,11,2.9%,11.6%
36400,超人总动员2,1.3%,185.69,9,2.1%,9.6%
36401,阿修罗,0.6%,82.96,6,1.5%,7.6%
36402,幸福马上来,0.5%,75.30,30,0.2%,100%
36403,小悟空,0.5%,75.18,4,2.5%,3.6%
36404,美丽童年,0.1%,18.35,42,<0.1%,45.5%
36405,您一定不要错过,<0.1%,8.02,5,0.2%,5.2%
36406,金蝉脱壳2：冥府,<0.1%,7.85,3,0.4%,2.9%
36407,阿飞正传,<0.1%,7.60,5,0.1%,4.3%
36408,盛世秧歌,<0.1%,7.48,24,<0.1%,--
36409,海龙屯,<0.1%,7.19,12,<0.1%,13.1%
36410,天佑之爱,<0.1%,4.56,7,<0.1%,7.2%
36411,细思极恐,<0.1%,3.60,3,0.1%,3.3%
36412,我和神马查干,<0.1%,2.71,36,<0.1%,--
36413,猛虫过江,<0.1%,2.18,5,<0.1%,6.0%
36414,龙虾刑警,<0.1%,1.78,2,0.1%,2.6%
36415,生存家族,<0.1%,1.56,7,<0.1%,10.4%
36416,风语咒,<0.1%,1.35,140,<0.1%,100%
36417,古镇画情,<0.1%,1.17,21,<0.1%,--
36418,青年马克思,<0.1%,1.11,25,<0.1%,26.0%
36419,我不是药神,54.3%,6427.84,14,47.2%,10.0%
36420,邪不压正,31.8%,3759.18,13,30.4%,9.8%
36421,动物世界,4.2%,502.25,9,5.5%,9.4%
36422,侏罗纪世界2,2.9%,348.70,10,3.5%,10.4%
36423,新大头儿子和小头爸爸3：俄罗斯奇遇记,2.7%,326.70,6,5.8%,6.0%
36424,超人总动员2,1.6%,194.68,9,2.3%,8.9%
36425,幸福马上来,0.6%,80.69,31,0.2%,92.5%
36426,小悟空,0.5%,62.23,3,2.4%,3.3%
36427,美丽童年,0.1%,13.64,31,<0.1%,36.2%
36428,金蝉脱壳2：冥府,<0.1%,8.72,3,0.4%,3.1%
36429,阿飞正传,<0.1%,8.51,5,0.1%,4.6%
36430,海龙屯,<0.1%,8.33,13,<0.1%,13.8%
36431,您一定不要错过,<0.1%,7.21,4,0.2%,4.5%
36432,盛世秧歌,<0.1%,6.74,21,<0.1%,--
36433,阿修罗,<0.1%,5.10,2,0.2%,3.9%
36434,神奇马戏团之动物饼干,<0.1%,4.93,117,<0.1%,85.0%
36435,细思极恐,<0.1%,3.90,3,0.2%,3.3%
36436,猛虫过江,<0.1%,3.16,5,<0.1%,7.2%
36437,青年马克思,<0.1%,2.51,51,<0.1%,58.6%
36438,红海行动,<0.1%,2.21,72,<0.1%,54.7%
36439,龙虾刑警,<0.1%,1.92,2,0.1%,3.1%
36440,风语咒,<0.1%,1.80,103,<0.1%,83.3%
36441,最后一球,<0.1%,1.60,12,<0.1%,26.3%
36442,勇士,<0.1%,1.55,259,<0.1%,100%
36443,我和神马查干,<0.1%,1.54,20,<0.1%,--
36444,生存家族,<0.1%,1.17,5,<0.1%,8.3%
36445,天佑之爱,<0.1%,1.13,2,<0.1%,2.4%
36446,红盾先锋,<0.1%,1.12,24,<0.1%,35.6%
36447,我不是药神,54.1%,5887.28,13,46.8%,9.3%
36448,邪不压正,30.6%,3330.05,11,29.9%,8.9%
36449,动物世界,4.6%,510.01,9,5.8%,9.0%
36450,侏罗纪世界2,3.4%,374.58,10,4.0%,9.9%
36451,新大头儿子和小头爸爸3：俄罗斯奇遇记,2.8%,305.74,6,5.9%,5.6%
36452,超人总动员2,1.7%,194.49,9,2.4%,8.6%
36453,幸福马上来,0.8%,93.82,34,0.2%,100%
36454,小悟空,0.4%,54.03,3,2.3%,2.9%
36455,阿飞正传,0.1%,16.12,9,0.2%,7.6%
36456,美丽童年,0.1%,12.13,29,<0.1%,33.2%
36457,金蝉脱壳2：冥府,<0.1%,7.88,3,0.4%,2.7%
36458,您一定不要错过,<0.1%,6.54,4,0.2%,4.0%
36459,阿修罗,<0.1%,6.46,5,0.1%,10.0%
36460,海龙屯,<0.1%,6.39,11,<0.1%,12.4%
36461,盛世秧歌,<0.1%,5.88,19,<0.1%,--
36462,细思极恐,<0.1%,3.62,3,0.2%,3.0%
36463,猛虫过江,<0.1%,3.43,4,0.1%,5.1%
36464,红海行动,<0.1%,3.39,86,<0.1%,100%
36465,建军大业,<0.1%,3.32,52,<0.1%,100%
36466,勇敢往事,<0.1%,2.39,94,<0.1%,81.8%
36467,青年马克思,<0.1%,2.32,36,<0.1%,50.2%
36468,我和神马查干,<0.1%,2.25,29,<0.1%,--
36469,青春不留白,<0.1%,1.98,65,<0.1%,100%
36470,生存家族,<0.1%,1.82,7,<0.1%,8.8%
36471,我的战争,<0.1%,1.68,56,<0.1%,100%
36472,勇士,<0.1%,1.67,112,<0.1%,100%
36473,龙虾刑警,<0.1%,1.60,2,0.1%,2.5%
36474,古镇画情,<0.1%,1.40,17,<0.1%,100%
36475,潜艇总动员之时光宝盒,<0.1%,1.29,27,<0.1%,57.2%
36476,姽婳,<0.1%,1.19,4,<0.1%,4.1%
36477,红盾先锋,<0.1%,1.13,24,<0.1%,31.4%
36478,马兰花开,<0.1%,1.11,74,<0.1%,64.0%
36479,我不是药神,52.0%,5153.64,12,46.3%,8.2%
36480,邪不压正,29.6%,2932.78,10,29.6%,7.9%
36481,动物世界,4.8%,481.40,8,5.9%,8.2%
36482,侏罗纪世界2,3.5%,355.99,9,4.2%,8.8%
36483,新大头儿子和小头爸爸3：俄罗斯奇遇记,2.9%,292.60,6,5.8%,5.3%
36484,摩天营救,2.7%,270.70,34,0.7%,17.2%
36485,超人总动员2,1.8%,181.07,8,2.4%,7.9%
36486,幸福马上来,0.7%,72.41,28,0.2%,100%
36487,小悟空,0.4%,49.10,3,2.2%,2.8%
36488,阿飞正传,0.1%,13.84,8,0.2%,6.9%
36489,美丽童年,0.1%,12.05,26,<0.1%,32.1%
36490,金蝉脱壳2：冥府,<0.1%,6.60,2,0.4%,2.2%
36491,海龙屯,<0.1%,6.49,12,<0.1%,12.5%
36492,您一定不要错过,<0.1%,6.34,4,0.2%,4.0%
36493,盛世秧歌,<0.1%,6.10,21,<0.1%,--
36494,八只鸡,<0.1%,5.33,38,<0.1%,25.0%
36495,兄弟班,<0.1%,5.04,41,<0.1%,40.0%
36496,细思极恐,<0.1%,3.40,3,0.2%,3.0%
36497,猛虫过江,<0.1%,2.89,3,0.1%,3.8%
36498,红盾先锋,<0.1%,2.65,29,<0.1%,37.5%
36499,青年马克思,<0.1%,2.53,46,<0.1%,61.5%
36500,生存家族,<0.1%,1.50,5,<0.1%,6.6%
36501,红海行动,<0.1%,1.45,51,<0.1%,57.9%
36502,我和神马查干,<0.1%,1.37,19,<0.1%,--
36503,龙虾刑警,<0.1%,1.29,2,0.1%,2.1%
36504,阿修罗,<0.1%,1.19,2,<0.1%,3.0%
36505,根据地,<0.1%,1.06,157,<0.1%,--
36506,古镇画情,<0.1%,1.05,12,<0.1%,--
36507,狄仁杰之四大天王,<0.1%,1.04,22,<0.1%,16.5%
36508,马兰花开,<0.1%,1.01,77,<0.1%,50.0%
36509,摩天营救,53.0%,9067.26,22,35.6%,14.8%
36510,我不是药神,27.9%,4776.92,15,28.4%,11.6%
36511,邪不压正,12.2%,2091.69,13,13.7%,12.4%
36512,汪星卧底,1.7%,293.34,5,6.4%,4.8%
36513,淘气大侦探,1.5%,270.34,4,8.0%,3.5%
36514,新大头儿子和小头爸爸3：俄罗斯奇遇记,0.6%,115.50,8,1.3%,8.4%
36515,侏罗纪世界2,0.5%,99.65,9,1.0%,10.7%
36516,动物世界,0.5%,90.83,8,0.9%,9.3%
36517,兄弟班,0.4%,85.08,4,2.2%,4.0%
36518,超人总动员2,0.2%,45.56,10,0.4%,11.8%
36519,幸福马上来,0.1%,20.45,84,<0.1%,100%
36520,风语咒,0.1%,18.77,108,<0.1%,100%
36521,北方一片苍茫,<0.1%,10.38,2,0.4%,1.8%
36522,小悟空,<0.1%,8.76,4,0.2%,4.7%
36523,美丽童年,<0.1%,7.94,41,<0.1%,51.2%
36524,盛世秧歌,<0.1%,7.57,25,<0.1%,--
36525,海龙屯,<0.1%,5.70,18,<0.1%,17.7%
36526,红海行动,<0.1%,4.98,67,<0.1%,82.4%
36527,青年马克思,<0.1%,4.21,50,<0.1%,57.2%
36528,八只鸡,<0.1%,3.31,32,<0.1%,24.4%
36529,红盾先锋,<0.1%,2.92,41,<0.1%,45.8%
36530,勇敢往事,<0.1%,2.84,186,<0.1%,80.3%
36531,我和神马查干,<0.1%,2.82,39,<0.1%,--
36532,我的战争,<0.1%,2.49,163,<0.1%,100%
36533,明月几时有,<0.1%,2.36,85,<0.1%,100%
36534,马兰花开,<0.1%,2.08,94,<0.1%,57.6%
36535,阿飞正传,<0.1%,1.72,5,<0.1%,4.6%
36536,策反,<0.1%,1.66,90,<0.1%,53.6%
36537,古镇画情,<0.1%,1.61,22,<0.1%,100%
36538,心灵的阳光,<0.1%,1.57,83,<0.1%,57.0%
36539,雪·葬,<0.1%,1.42,49,<0.1%,83.5%
36540,您一定不要错过,<0.1%,1.41,4,<0.1%,4.7%
36541,潜艇总动员之时光宝盒,<0.1%,1.32,95,<0.1%,--
36542,建党伟业,<0.1%,1.23,122,<0.1%,91.5%
36543,细思极恐,<0.1%,1.06,2,<0.1%,2.8%
36544,出·路,<0.1%,1.04,91,<0.1%,100.0%
36545,厉害了，我的国,<0.1%,1.03,41,<0.1%,61.1%
36546,摩天营救,48.2%,11951.23,29,34.8%,18.8%
36547,我不是药神,28.0%,6963.58,21,28.6%,16.4%
36548,邪不压正,11.6%,2892.02,18,12.9%,17.6%
36549,神奇马戏团之动物饼干,5.8%,1461.46,13,10.3%,12.4%
36550,新大头儿子和小头爸爸3：俄罗斯奇遇记,1.1%,289.86,16,1.5%,17.0%
36551,汪星卧底,0.9%,247.08,8,3.0%,8.8%
36552,淘气大侦探,0.8%,209.31,6,3.6%,5.9%
36553,侏罗纪世界2,0.7%,191.25,15,1.1%,17.2%
36554,动物世界,0.5%,139.80,11,1.0%,13.6%
36555,超人总动员2,0.4%,108.29,20,0.4%,22.5%
36556,昨日青空,0.4%,103.97,60,0.1%,61.5%
36557,幸福马上来,0.2%,73.89,30,0.2%,100%
36558,兄弟班,0.1%,30.44,5,0.5%,5.0%
36559,盛世秧歌,<0.1%,13.56,46,<0.1%,--
36560,北方一片苍茫,<0.1%,10.75,3,0.3%,2.1%
36561,美丽童年,<0.1%,9.92,5,0.1%,6.5%
36562,小悟空,<0.1%,9.60,5,0.1%,6.4%
36563,风语咒,<0.1%,4.78,43,<0.1%,100%
36564,我和神马查干,<0.1%,3.82,47,<0.1%,--
36565,八只鸡,<0.1%,3.38,34,<0.1%,23.6%
36566,阿飞正传,<0.1%,2.79,8,<0.1%,8.0%
36567,心灵的阳光,<0.1%,2.77,142,<0.1%,100%
36568,勇敢往事,<0.1%,2.75,115,<0.1%,82.9%
36569,海龙屯,<0.1%,2.64,8,<0.1%,8.5%
36570,您一定不要错过,<0.1%,2.57,8,<0.1%,11.7%
36571,青年马克思,<0.1%,2.46,65,<0.1%,46.1%
36572,细思极恐,<0.1%,2.14,3,<0.1%,4.3%
36573,出·路,<0.1%,1.93,71,<0.1%,100%
36574,古镇画情,<0.1%,1.72,34,<0.1%,--
36575,因果启示录,<0.1%,1.44,180,<0.1%,--
36576,红海行动,<0.1%,1.40,66,<0.1%,100%
36577,阿修罗,<0.1%,1.19,5,<0.1%,10.9%
36578,摩天营救,48.3%,11633.60,28,35.3%,18.2%
36579,我不是药神,27.7%,6672.61,21,28.5%,16.1%
36580,邪不压正,10.2%,2453.25,16,12.8%,15.5%
36581,神奇马戏团之动物饼干,4.4%,1060.38,11,8.7%,11.0%
36582,风语咒,2.1%,521.26,23,2.0%,21.3%
36583,新大头儿子和小头爸爸3：俄罗斯奇遇记,1.7%,431.02,19,1.9%,19.9%
36584,汪星卧底,1.1%,280.55,11,2.7%,11.6%
36585,侏罗纪世界2,0.9%,237.33,17,1.3%,19.1%
36586,淘气大侦探,0.9%,221.76,8,2.8%,7.8%
36587,动物世界,0.5%,137.80,11,1.1%,12.5%
36588,超人总动员2,0.4%,103.77,20,0.4%,22.1%
36589,昨日青空,0.3%,78.01,55,0.1%,56.9%
36590,幸福马上来,0.3%,72.79,30,0.2%,100%
36591,兄弟班,<0.1%,23.78,4,0.4%,4.5%
36592,盛世秧歌,<0.1%,11.23,38,<0.1%,100%
36593,北方一片苍茫,<0.1%,10.85,3,0.3%,2.3%
36594,小悟空,<0.1%,8.50,5,0.1%,6.9%
36595,美丽童年,<0.1%,7.46,5,0.1%,5.4%
36596,我和神马查干,<0.1%,3.40,47,<0.1%,--
36597,八只鸡,<0.1%,3.17,27,<0.1%,20.6%
36598,阿飞正传,<0.1%,3.14,9,<0.1%,8.7%
36599,心灵的阳光,<0.1%,2.86,175,<0.1%,100%
36600,青春不留白,<0.1%,2.76,74,<0.1%,100%
36601,您一定不要错过,<0.1%,2.76,8,<0.1%,10.9%
36602,出·路,<0.1%,2.49,75,<0.1%,100%
36603,海龙屯,<0.1%,2.39,8,<0.1%,8.1%
36604,细思极恐,<0.1%,2.25,3,<0.1%,4.6%
36605,古镇画情,<0.1%,1.83,36,<0.1%,--
36606,金蝉脱壳2：冥府,<0.1%,1.26,3,<0.1%,3.6%
36607,因果启示录,<0.1%,1.00,84,<0.1%,100%
36608,摩天营救,53.2%,6045.96,16,36.8%,10.0%
36609,我不是药神,27.2%,3097.92,10,29.4%,8.0%
36610,邪不压正,10.0%,1147.15,8,13.7%,7.4%
36611,神奇马戏团之动物饼干,2.8%,325.81,5,7.4%,4.2%
36612,侏罗纪世界2,1.2%,140.24,8,1.7%,8.8%
36613,新大头儿子和小头爸爸3：俄罗斯奇遇记,1.2%,137.70,7,2.0%,6.7%
36614,汪星卧底,1.1%,134.03,6,2.7%,5.9%
36615,动物世界,0.8%,96.63,6,1.4%,6.7%
36616,淘气大侦探,0.6%,69.80,3,2.3%,3.2%
36617,超人总动员2,0.3%,40.17,8,0.4%,8.7%
36618,狄仁杰之四大天王,0.2%,23.75,175,<0.1%,100%
36619,幸福马上来,0.1%,22.69,69,<0.1%,100%
36620,兄弟班,0.1%,11.44,3,0.4%,2.8%
36621,北方一片苍茫,<0.1%,7.68,2,0.4%,1.5%
36622,美丽童年,<0.1%,6.59,32,<0.1%,44.3%
36623,盛世秧歌,<0.1%,6.52,22,<0.1%,--
36624,阿飞正传,<0.1%,4.18,10,<0.1%,9.4%
36625,小悟空,<0.1%,4.04,3,0.1%,4.1%
36626,海龙屯,<0.1%,2.58,11,<0.1%,12.4%
36627,我和神马查干,<0.1%,1.91,25,<0.1%,--
36628,细思极恐,<0.1%,1.63,2,0.1%,3.0%
36629,您一定不要错过,<0.1%,1.55,4,<0.1%,4.5%
36630,猛虫过江,<0.1%,1.38,6,<0.1%,9.3%
36631,勇敢往事,<0.1%,1.37,115,<0.1%,74.3%
36632,暹罗决：九神战甲,<0.1%,1.12,25,<0.1%,52.8%
36633,古镇画情,<0.1%,1.07,23,<0.1%,--
36634,摩天营救,52.6%,5518.05,14,37.2%,9.1%
36635,我不是药神,26.5%,2780.13,10,29.3%,7.3%
36636,邪不压正,10.1%,1061.37,8,13.6%,7.0%
36637,神奇马戏团之动物饼干,2.8%,294.42,5,6.8%,4.2%
36638,侏罗纪世界2,1.4%,148.67,8,1.9%,8.6%
36639,新大头儿子和小头爸爸3：俄罗斯奇遇记,1.3%,142.93,6,2.2%,6.2%
36640,汪星卧底,1.3%,138.37,6,2.7%,6.2%
36641,动物世界,0.9%,96.56,6,1.5%,6.4%
36642,淘气大侦探,0.5%,58.45,3,2.0%,3.1%
36643,浴血广昌,0.4%,48.01,118,<0.1%,100%
36644,超人总动员2,0.3%,40.49,8,0.5%,8.0%
36645,西虹市首富,0.3%,35.98,167,<0.1%,--
36646,幸福马上来,0.2%,21.19,77,<0.1%,83.3%
36647,狄仁杰之四大天王,0.1%,20.38,135,<0.1%,100%
36648,兄弟班,<0.1%,8.81,3,0.3%,3.2%
36649,北方一片苍茫,<0.1%,7.38,2,0.4%,1.5%
36650,盛世秧歌,<0.1%,5.93,20,<0.1%,--
36651,阿飞正传,<0.1%,4.17,9,<0.1%,9.0%
36652,海龙屯,<0.1%,3.36,16,<0.1%,17.3%
36653,小悟空,<0.1%,2.92,2,0.1%,2.8%
36654,美丽童年,<0.1%,2.65,13,<0.1%,19.2%
36655,勇士,<0.1%,2.27,759,<0.1%,--
36656,您一定不要错过,<0.1%,2.16,5,<0.1%,6.8%
36657,我和神马查干,<0.1%,1.79,23,<0.1%,--
36658,细思极恐,<0.1%,1.67,2,0.1%,2.9%
36659,勇敢往事,<0.1%,1.40,117,<0.1%,87.2%
36660,红海行动,<0.1%,1.30,48,<0.1%,100%
36661,金蝉脱壳2：冥府,<0.1%,1.29,2,<0.1%,2.9%
36662,八只鸡,<0.1%,1.13,13,<0.1%,11.8%
36663,青年马克思,<0.1%,1.13,31,<0.1%,45.8%
36664,摩天营救,51.9%,5009.43,13,37.4%,8.2%
36665,我不是药神,26.0%,2517.99,9,29.1%,6.7%
36666,邪不压正,10.3%,994.60,7,13.5%,6.6%
36667,神奇马戏团之动物饼干,2.9%,288.43,5,6.5%,4.4%
36668,侏罗纪世界2,1.5%,153.35,8,2.0%,8.1%
36669,新大头儿子和小头爸爸3：俄罗斯奇遇记,1.4%,143.18,6,2.4%,5.8%
36670,汪星卧底,1.3%,133.62,6,2.6%,6.0%
36671,动物世界,0.9%,96.38,6,1.6%,6.0%
36672,幸福马上来,0.6%,66.81,46,0.1%,100%
36673,淘气大侦探,0.5%,53.55,3,1.9%,3.1%
36674,浴血广昌,0.5%,51.70,117,<0.1%,100%
36675,超人总动员2,0.4%,40.92,8,0.5%,7.7%
36676,狄仁杰之四大天王,<0.1%,8.29,118,<0.1%,50.7%
36677,北方一片苍茫,<0.1%,6.70,2,0.4%,1.4%
36678,海龙屯,<0.1%,6.10,27,<0.1%,28.0%
36679,青年马克思,<0.1%,5.89,54,<0.1%,65.5%
36680,兄弟班,<0.1%,5.30,2,0.3%,2.2%
36681,盛世秧歌,<0.1%,5.27,19,<0.1%,--
36682,红海行动,<0.1%,4.02,111,<0.1%,100%
36683,阿飞正传,<0.1%,3.51,12,<0.1%,12.8%
36684,红盾先锋,<0.1%,2.90,42,<0.1%,47.9%
36685,我和神马查干,<0.1%,2.69,38,<0.1%,--
36686,美丽童年,<0.1%,2.56,12,<0.1%,18.4%
36687,小悟空,<0.1%,2.44,2,0.1%,2.1%
36688,您一定不要错过,<0.1%,2.02,4,<0.1%,5.0%
36689,细思极恐,<0.1%,1.75,2,0.1%,3.1%
36690,李保国,<0.1%,1.54,3,<0.1%,2.2%
36691,金蝉脱壳2：冥府,<0.1%,1.53,2,<0.1%,3.0%
36692,熊猫石的奇幻旅行,<0.1%,1.53,81,<0.1%,100%
36693,勇敢往事,<0.1%,1.44,97,<0.1%,59.4%
36694,马兰花开,<0.1%,1.27,56,<0.1%,100%
36695,勇士,<0.1%,1.25,32,<0.1%,92.2%
36696,摩天营救,50.0%,4325.86,11,37.5%,7.1%
36697,我不是药神,26.4%,2290.03,8,29.0%,6.1%
36698,邪不压正,10.6%,923.43,7,13.4%,6.2%
36699,神奇马戏团之动物饼干,3.3%,286.04,5,6.3%,4.5%
36700,侏罗纪世界2,1.7%,154.64,8,2.1%,7.8%
36701,新大头儿子和小头爸爸3：俄罗斯奇遇记,1.6%,143.45,6,2.4%,5.7%
36702,汪星卧底,1.4%,127.92,6,2.6%,5.8%
36703,动物世界,1.0%,94.13,6,1.6%,5.8%
36704,淘气大侦探,0.5%,51.37,3,1.9%,3.1%
36705,幸福马上来,0.5%,51.34,40,0.1%,100%
36706,浴血广昌,0.5%,51.16,124,<0.1%,100%
36707,超人总动员2,0.4%,41.65,8,0.5%,7.6%
36708,海龙屯,<0.1%,7.22,40,<0.1%,40.9%
36709,北方一片苍茫,<0.1%,6.79,2,0.4%,1.4%
36710,小悟空,<0.1%,4.75,3,0.1%,4.4%
36711,盛世秧歌,<0.1%,4.67,17,<0.1%,--
36712,兄弟班,<0.1%,4.61,2,0.2%,1.9%
36713,红海行动,<0.1%,3.97,68,<0.1%,57.5%
36714,阿飞正传,<0.1%,3.93,13,<0.1%,14.1%
36715,金蝉脱壳2：冥府,<0.1%,3.42,4,<0.1%,6.4%
36716,青年马克思,<0.1%,3.09,42,<0.1%,49.0%
36717,美丽童年,<0.1%,2.64,13,<0.1%,19.1%
36718,李保国,<0.1%,1.92,3,0.1%,2.2%
36719,细思极恐,<0.1%,1.84,3,0.1%,3.3%
36720,我是路人甲,<0.1%,1.64,180,<0.1%,--
36721,您一定不要错过,<0.1%,1.57,4,<0.1%,4.1%
36722,明月几时有,<0.1%,1.46,62,<0.1%,85.9%
36723,我和神马查干,<0.1%,1.20,16,<0.1%,--
36724,西虹市首富,62.4%,22713.10,46,45.0%,35.8%
36725,狄仁杰之四大天王,30.2%,11012.65,25,36.4%,18.5%
36726,摩天营救,3.4%,1257.88,17,6.7%,16.9%
36727,我不是药神,2.2%,810.53,14,5.4%,16.9%
36728,神奇马戏团之动物饼干,0.3%,118.87,8,1.6%,8.4%
36729,邪不压正,0.3%,111.11,10,0.9%,12.8%
36730,新大头儿子和小头爸爸3：俄罗斯奇遇记,0.2%,81.15,7,1.0%,7.4%
36731,浴血广昌,<0.1%,35.19,108,<0.1%,100%
36732,昨日青空,<0.1%,27.34,3,1.0%,60.2%
36733,汪星卧底,<0.1%,16.57,6,0.3%,7.2%
36734,淘气大侦探,<0.1%,14.68,4,0.3%,5.0%
36735,侏罗纪世界2,<0.1%,13.47,9,0.1%,12.3%
36736,超人总动员2,<0.1%,9.60,12,<0.1%,14.9%
36737,古镇画情,<0.1%,5.95,82,<0.1%,--
36738,红海行动,<0.1%,4.29,63,<0.1%,62.2%
36739,动物世界,<0.1%,4.13,5,<0.1%,7.0%
36740,金蝉脱壳2：冥府,<0.1%,4.09,28,<0.1%,46.7%
36741,勇敢往事,<0.1%,3.51,576,<0.1%,92.5%
36742,小悟空,<0.1%,3.48,6,<0.1%,7.4%
36743,我和神马查干,<0.1%,3.34,38,<0.1%,--
36744,美丽童年,<0.1%,3.16,23,<0.1%,25.1%
36745,盛世秧歌,<0.1%,2.89,56,<0.1%,--
36746,心灵的阳光,<0.1%,2.73,88,<0.1%,77.2%
36747,青年马克思,<0.1%,2.49,39,<0.1%,52.7%
36748,李保国,<0.1%,2.40,4,<0.1%,2.9%
36749,幸福马上来,<0.1%,2.17,25,<0.1%,61.5%
36750,海龙屯,<0.1%,2.05,36,<0.1%,53.2%
36751,小偷家族,<0.1%,1.72,274,<0.1%,74.8%
36752,我是路人甲,<0.1%,1.44,160,<0.1%,--
36753,北方一片苍茫,<0.1%,1.40,2,0.1%,1.1%
36754,冰雪女王2：冬日魔咒,<0.1%,1.25,25,<0.1%,30.9%
36755,红盾先锋,<0.1%,1.24,35,<0.1%,58.6%
36756,明月几时有,<0.1%,1.21,101,<0.1%,100%
36757,因果启示录,<0.1%,1.02,98,<0.1%,91.5%
36758,西虹市首富,69.0%,32070.12,57,49.4%,42.3%
36759,狄仁杰之四大天王,21.7%,10084.29,26,30.7%,20.1%
36760,摩天营救,3.7%,1736.91,24,6.2%,24.4%
36761,我不是药神,2.6%,1211.77,21,5.2%,25.6%
36762,神奇马戏团之动物饼干,0.8%,375.54,15,2.3%,15.8%
36763,神秘世界历险记4,0.5%,244.00,23,1.1%,24.7%
36764,新大头儿子和小头爸爸3：俄罗斯奇遇记,0.5%,239.87,14,1.5%,14.5%
36765,邪不压正,0.3%,158.28,16,0.7%,22.6%
36766,萌学园：寻找盘古,0.1%,53.95,11,0.6%,11.4%
36767,幸福马上来,<0.1%,43.70,39,0.1%,100%
36768,超人总动员2,<0.1%,34.28,21,0.1%,25.9%
36769,浴血广昌,<0.1%,33.59,107,<0.1%,100%
36770,侏罗纪世界2,<0.1%,30.42,15,0.1%,18.5%
36771,汪星卧底,<0.1%,29.65,11,0.2%,12.5%
36772,淘气大侦探,<0.1%,23.76,6,0.4%,6.2%
36773,动物世界,<0.1%,7.79,8,<0.1%,11.7%
36774,我和神马查干,<0.1%,5.86,71,<0.1%,--
36775,古镇画情,<0.1%,5.42,89,<0.1%,--
36776,心灵的阳光,<0.1%,4.57,167,<0.1%,100%
36777,美丽童年,<0.1%,2.82,19,<0.1%,24.0%
36778,小悟空,<0.1%,2.25,3,<0.1%,4.6%
36779,北方一片苍茫,<0.1%,2.10,3,<0.1%,2.1%
36780,海龙屯,<0.1%,1.95,43,<0.1%,56.7%
36781,文朝荣,<0.1%,1.71,4,<0.1%,4.9%
36782,泰迪熊之玩具大战,<0.1%,1.63,44,<0.1%,47.5%
36783,出·路,<0.1%,1.60,61,<0.1%,77.9%
36784,美食大冒险之英雄烩,<0.1%,1.58,105,<0.1%,100%
36785,细思极恐,<0.1%,1.29,3,<0.1%,6.0%
36786,新大头儿子和小头爸爸2一日成才,<0.1%,1.15,60,<0.1%,97.9%
36787,我是路人甲,<0.1%,1.09,118,<0.1%,100%
36788,李保国,<0.1%,1.06,2,<0.1%,1.5%
36789,红海行动,<0.1%,1.04,26,<0.1%,51.8%
36790,根据地,<0.1%,1.03,124,<0.1%,100%
36791,西虹市首富,72.3%,35566.78,60,51.8%,44.0%
36792,狄仁杰之四大天王,17.4%,8572.17,25,26.9%,20.3%
36793,摩天营救,3.6%,1786.72,24,6.4%,24.4%
36794,我不是药神,2.6%,1280.37,21,5.5%,24.6%
36795,神奇马戏团之动物饼干,0.8%,422.31,17,2.2%,18.4%
36796,风语咒,0.8%,417.86,24,1.5%,24.8%
36797,新大头儿子和小头爸爸3：俄罗斯奇遇记,0.6%,327.96,18,1.6%,18.7%
36798,神秘世界历险记4,0.5%,260.64,31,0.8%,34.0%
36799,邪不压正,0.3%,148.19,16,0.7%,20.5%
36800,幸福马上来,<0.1%,44.09,39,0.1%,100%
36801,侏罗纪世界2,<0.1%,43.87,17,0.2%,20.3%
36802,超人总动员2,<0.1%,39.59,23,0.1%,25.5%
36803,浴血广昌,<0.1%,33.34,102,<0.1%,100%
36804,汪星卧底,<0.1%,30.85,11,0.3%,13.2%
36805,盛世秧歌,<0.1%,24.79,138,<0.1%,--
36806,淘气大侦探,<0.1%,21.45,6,0.4%,6.1%
36807,动物世界,<0.1%,8.30,10,<0.1%,14.0%
36808,古镇画情,<0.1%,6.71,125,<0.1%,--
36809,萌学园：寻找盘古,<0.1%,6.42,4,0.1%,4.2%
36810,心灵的阳光,<0.1%,4.68,170,<0.1%,100%
36811,我和神马查干,<0.1%,4.18,53,<0.1%,--
36812,文朝荣,<0.1%,3.50,8,<0.1%,9.6%
36813,小悟空,<0.1%,3.08,4,<0.1%,5.7%
36814,美丽童年,<0.1%,2.80,19,<0.1%,26.0%
36815,熊猫石的奇幻旅行,<0.1%,2.57,74,<0.1%,100%
36816,北方一片苍茫,<0.1%,1.83,3,<0.1%,2.1%
36817,建军大业,<0.1%,1.72,216,<0.1%,--
36818,勇敢往事,<0.1%,1.71,138,<0.1%,68.1%
36819,我是路人甲,<0.1%,1.49,112,<0.1%,100%
36820,诡梦凶铃,<0.1%,1.30,145,<0.1%,--
36821,出·路,<0.1%,1.27,61,<0.1%,93.9%
36822,海龙屯,<0.1%,1.13,26,<0.1%,33.0%
36823,西虹市首富,76.6%,21485.91,39,52.7%,27.7%
36824,狄仁杰之四大天王,14.9%,4194.91,14,25.6%,11.7%
36825,摩天营救,3.6%,1024.08,13,7.8%,12.5%
36826,我不是药神,2.5%,728.76,11,6.8%,12.0%
36827,神奇马戏团之动物饼干,0.7%,208.28,9,2.1%,9.4%
36828,新大头儿子和小头爸爸3：俄罗斯奇遇记,0.4%,116.25,8,1.5%,7.5%
36829,邪不压正,0.2%,83.32,7,1.1%,8.3%
36830,侏罗纪世界2,<0.1%,23.53,8,0.3%,9.0%
36831,盛世秧歌,<0.1%,16.38,53,<0.1%,--
36832,超人总动员2,<0.1%,14.82,9,0.1%,10.0%
36833,汪星卧底,<0.1%,14.51,6,0.3%,6.6%
36834,淘气大侦探,<0.1%,9.79,4,0.3%,3.6%
36835,动物世界,<0.1%,4.99,6,<0.1%,7.4%
36836,古镇画情,<0.1%,4.20,64,<0.1%,--
36837,海龙屯,<0.1%,4.20,53,<0.1%,52.2%
36838,萌学园：寻找盘古,<0.1%,3.58,5,<0.1%,5.2%
36839,我是路人甲,<0.1%,3.25,234,<0.1%,100%
36840,文朝荣,<0.1%,3.10,7,<0.1%,7.7%
36841,红海行动,<0.1%,3.09,99,<0.1%,100%
36842,幸福马上来,<0.1%,2.84,36,<0.1%,57.4%
36843,我和神马查干,<0.1%,2.83,36,<0.1%,--
36844,阿飞正传,<0.1%,2.23,17,<0.1%,16.7%
36845,美丽童年,<0.1%,2.18,17,<0.1%,21.4%
36846,心灵的阳光,<0.1%,1.95,51,<0.1%,55.0%
36847,小悟空,<0.1%,1.17,2,<0.1%,2.2%
36848,细思极恐,<0.1%,1.14,3,<0.1%,5.1%
36849,新大头儿子和小头爸爸2一日成才,<0.1%,1.10,38,<0.1%,46.5%
36850,李保国,<0.1%,1.04,2,<0.1%,1.5%
36851,浴血广昌,<0.1%,1.01,60,<0.1%,54.1%
36852,兄弟班,<0.1%,1.00,8,<0.1%,14.5%
36853,西虹市首富,75.0%,18058.86,32,54.0%,22.7%
36854,狄仁杰之四大天王,15.4%,3712.24,14,23.8%,11.6%
36855,摩天营救,4.1%,1000.68,13,8.0%,12.1%
36856,我不是药神,2.8%,690.75,10,7.1%,11.0%
36857,神奇马戏团之动物饼干,0.8%,212.17,9,2.2%,9.4%
36858,新大头儿子和小头爸爸3：俄罗斯奇遇记,0.4%,115.26,7,1.6%,7.1%
36859,邪不压正,0.3%,80.48,7,1.1%,8.0%
36860,侏罗纪世界2,0.1%,25.70,8,0.3%,8.7%
36861,超人总动员2,<0.1%,14.83,9,0.1%,10.2%
36862,盛世秧歌,<0.1%,13.83,40,<0.1%,--
36863,汪星卧底,<0.1%,13.33,6,0.3%,6.1%
36864,淘气大侦探,<0.1%,8.98,3,0.3%,3.5%
36865,青年马克思,<0.1%,8.27,109,<0.1%,72.9%
36866,动物世界,<0.1%,6.73,7,<0.1%,8.5%
36867,海龙屯,<0.1%,4.01,74,<0.1%,61.9%
36868,萌学园：寻找盘古,<0.1%,3.99,6,<0.1%,6.2%
36869,文朝荣,<0.1%,3.93,8,<0.1%,8.6%
36870,妈妈咪呀2,<0.1%,3.77,224,<0.1%,--
36871,古镇画情,<0.1%,3.32,53,<0.1%,--
36872,阿飞正传,<0.1%,2.31,17,<0.1%,17.2%
36873,我和神马查干,<0.1%,2.22,26,<0.1%,--
36874,美丽童年,<0.1%,2.18,18,<0.1%,21.3%
36875,幸福马上来,<0.1%,1.97,45,<0.1%,55.4%
36876,心灵的阳光,<0.1%,1.81,53,<0.1%,51.6%
36877,李保国,<0.1%,1.50,3,<0.1%,2.5%
36878,建军大业,<0.1%,1.43,159,<0.1%,--
36879,红海行动,<0.1%,1.21,68,<0.1%,100%
36880,小悟空,<0.1%,1.11,2,<0.1%,2.4%
36881,我的战争,<0.1%,1.01,113,<0.1%,100%
36882,西虹市首富,71.9%,15119.97,27,53.8%,18.7%
36883,狄仁杰之四大天王,16.1%,3397.08,13,22.6%,11.3%
36884,摩天营救,4.5%,955.99,12,8.0%,11.6%
36885,我不是药神,3.0%,646.43,9,7.0%,10.2%
36886,神奇马戏团之动物饼干,1.0%,228.29,9,2.2%,9.0%
36887,浴血广昌,1.0%,226.14,14,1.3%,14.5%
36888,新大头儿子和小头爸爸3：俄罗斯奇遇记,0.5%,109.78,7,1.6%,6.6%
36889,邪不压正,0.3%,74.20,7,1.0%,7.7%
36890,小偷家族,0.2%,47.94,135,<0.1%,97.8%
36891,侏罗纪世界2,0.1%,26.50,7,0.3%,8.2%
36892,风语咒,<0.1%,18.51,110,<0.1%,--
36893,超人总动员2,<0.1%,14.75,9,0.1%,9.4%
36894,盛世秧歌,<0.1%,12.29,37,<0.1%,--
36895,信仰者,<0.1%,11.62,42,<0.1%,39.1%
36896,妄想症,<0.1%,10.93,92,<0.1%,78.8%
36897,汪星卧底,<0.1%,10.56,5,0.2%,5.0%
36898,太空熊猫英雄归来,<0.1%,9.42,81,<0.1%,63.5%
36899,圣诞大赢家,<0.1%,8.61,68,<0.1%,54.9%
36900,淘气大侦探,<0.1%,7.43,3,0.3%,3.0%
36901,李保国,<0.1%,5.28,8,<0.1%,9.1%
36902,动物世界,<0.1%,3.83,5,<0.1%,5.1%
36903,萌学园：寻找盘古,<0.1%,3.77,6,<0.1%,6.9%
36904,阿飞正传,<0.1%,3.58,27,<0.1%,28.1%
36905,海龙屯,<0.1%,3.34,58,<0.1%,56.2%
36906,幸福马上来,<0.1%,2.86,66,<0.1%,100%
36907,青年马克思,<0.1%,2.83,52,<0.1%,81.6%
36908,古镇画情,<0.1%,2.81,47,<0.1%,--
36909,文朝荣,<0.1%,2.74,5,<0.1%,5.9%
36910,整形师·脸,<0.1%,2.58,74,<0.1%,65.9%
36911,我和神马查干,<0.1%,2.45,30,<0.1%,--
36912,建军大业,<0.1%,2.20,49,<0.1%,100%
36913,美丽童年,<0.1%,2.08,18,<0.1%,20.9%
36914,我的战争,<0.1%,1.99,54,<0.1%,100%
36915,香港大营救,<0.1%,1.93,76,<0.1%,62.6%
36916,心灵的阳光,<0.1%,1.48,43,<0.1%,41.7%
36917,红海行动,<0.1%,1.39,37,<0.1%,51.4%
36918,潜艇总动员之时光宝盒,<0.1%,1.33,32,<0.1%,100.0%
36919,空天猎,<0.1%,1.24,67,<0.1%,100.0%
36920,兄弟班,<0.1%,1.08,13,<0.1%,27.1%
36921,勇敢往事,<0.1%,1.06,30,<0.1%,87.6%
36922,西虹市首富,69.7%,12131.78,22,54.2%,15.0%
36923,狄仁杰之四大天王,17.4%,3040.95,12,22.5%,10.3%
36924,摩天营救,5.0%,881.59,11,8.2%,10.5%
36925,我不是药神,3.3%,590.02,8,7.2%,9.1%
36926,浴血广昌,1.0%,184.31,34,0.3%,42.4%
36927,神奇马戏团之动物饼干,1.0%,176.44,7,2.2%,7.2%
36928,新大头儿子和小头爸爸3：俄罗斯奇遇记,0.5%,99.97,6,1.7%,5.9%
36929,邪不压正,0.3%,68.29,6,1.1%,6.8%
36930,侏罗纪世界2,0.1%,25.24,7,0.3%,7.5%
36931,信仰者,0.1%,19.19,51,<0.1%,64.0%
36932,超人总动员2,<0.1%,14.76,8,0.1%,9.1%
36933,的士速递5,<0.1%,10.81,16,<0.1%,12.4%
36934,汪星卧底,<0.1%,10.81,5,0.2%,5.1%
36935,太空熊猫英雄归来,<0.1%,10.30,91,<0.1%,66.7%
36936,妄想症,<0.1%,10.06,76,<0.1%,67.3%
36937,圣诞大赢家,<0.1%,9.75,78,<0.1%,56.1%
36938,盛世秧歌,<0.1%,9.14,28,<0.1%,--
36939,淘气大侦探,<0.1%,7.30,3,0.3%,2.8%
36940,李保国,<0.1%,6.93,10,<0.1%,11.5%
36941,小偷家族,<0.1%,4.13,10,<0.1%,9.0%
36942,动物世界,<0.1%,3.63,4,<0.1%,4.8%
36943,风语咒,<0.1%,3.59,20,<0.1%,24.6%
36944,文朝荣,<0.1%,3.20,10,<0.1%,11.0%
36945,整形师·脸,<0.1%,3.03,78,<0.1%,66.9%
36946,解码游戏,<0.1%,2.38,11,<0.1%,10.1%
36947,美丽童年,<0.1%,2.16,18,<0.1%,22.1%
36948,阿飞正传,<0.1%,2.05,17,<0.1%,18.7%
36949,古镇画情,<0.1%,2.04,34,<0.1%,--
36950,我和神马查干,<0.1%,1.93,21,<0.1%,--
36951,青年马克思,<0.1%,1.78,46,<0.1%,44.0%
36952,萌学园：寻找盘古,<0.1%,1.72,4,<0.1%,4.7%
36953,勇敢往事,<0.1%,1.35,87,<0.1%,74.8%
36954,心灵的阳光,<0.1%,1.26,37,<0.1%,35.6%
36955,小悟空,<0.1%,1.21,2,<0.1%,2.4%
36956,一出好戏,<0.1%,1.14,326,<0.1%,100.0%
36957,西虹市首富,57.7%,12345.55,27,39.6%,17.1%
36958,狄仁杰之四大天王,9.5%,2038.84,18,8.6%,17.1%
36959,风语咒,9.0%,1943.46,14,12.7%,12.4%
36960,小偷家族,6.2%,1339.99,13,9.5%,12.8%
36961,神秘世界历险记4,4.9%,1066.45,17,6.2%,16.7%
36962,的士速递5,4.9%,1054.03,11,9.9%,10.3%
36963,解码游戏,1.9%,420.95,6,6.9%,5.6%
36964,摩天营救,1.6%,362.88,18,1.7%,18.0%
36965,我不是药神,1.2%,258.83,13,1.8%,15.2%
36966,浴血广昌,1.0%,225.42,71,0.1%,100%
36967,妈妈咪呀2,0.2%,62.43,5,1.2%,3.8%
36968,神奇马戏团之动物饼干,0.2%,54.98,23,0.1%,28.4%
36969,信仰者,0.1%,34.78,68,<0.1%,69.0%
36970,邪不压正,<0.1%,16.04,9,0.1%,14.0%
36971,李保国,<0.1%,15.22,24,<0.1%,30.5%
36972,新大头儿子和小头爸爸3：俄罗斯奇遇记,<0.1%,14.02,6,0.2%,5.9%
36973,盛世秧歌,<0.1%,11.72,39,<0.1%,100%
36974,妄想症,<0.1%,11.52,78,<0.1%,67.6%
36975,圣诞大赢家,<0.1%,11.07,88,<0.1%,62.7%
36976,太空熊猫英雄归来,<0.1%,10.49,80,<0.1%,67.4%
36977,侏罗纪世界2,<0.1%,7.15,8,<0.1%,9.0%
36978,文朝荣,<0.1%,4.86,22,<0.1%,26.2%
36979,超人总动员2,<0.1%,3.52,10,<0.1%,12.6%
36980,红海行动,<0.1%,3.39,88,<0.1%,100%
36981,整形师·脸,<0.1%,2.66,86,<0.1%,65.7%
36982,我和神马查干,<0.1%,2.64,42,<0.1%,--
36983,古镇画情,<0.1%,2.21,31,<0.1%,--
36984,心灵的阳光,<0.1%,2.08,94,<0.1%,64.3%
36985,青年马克思,<0.1%,1.65,41,<0.1%,55.3%
36986,美丽童年,<0.1%,1.59,17,<0.1%,23.9%
36987,淘气大侦探,<0.1%,1.51,5,<0.1%,8.5%
36988,幸福马上来,<0.1%,1.44,47,<0.1%,64.5%
36989,一出好戏,<0.1%,1.36,228,<0.1%,100.0%
36990,潜艇总动员之时光宝盒,<0.1%,1.30,27,<0.1%,56.0%
36991,策反,<0.1%,1.21,105,<0.1%,63.0%
36992,汪星卧底,<0.1%,1.14,5,<0.1%,6.4%
36993,西虹市首富,59.7%,17531.93,35,42.6%,22.2%
36994,狄仁杰之四大天王,10.8%,3195.92,25,9.6%,23.5%
36995,风语咒,7.3%,2158.51,16,11.5%,15.0%
36996,小偷家族,6.1%,1812.59,20,8.0%,19.6%
36997,神秘世界历险记4,5.4%,1608.60,19,8.3%,18.1%
36998,摩天营救,2.6%,780.25,25,2.6%,24.3%
36999,的士速递5,2.4%,721.54,10,7.3%,9.7%
37000,我不是药神,1.7%,513.65,18,2.5%,19.9%
37001,浴血广昌,0.9%,264.32,68,0.2%,100%
37002,解码游戏,0.6%,194.30,5,3.7%,4.8%
37003,肆式青春,0.3%,90.69,11,0.8%,9.8%
37004,妈妈咪呀2,0.2%,84.36,9,0.7%,8.0%
37005,神奇马戏团之动物饼干,0.2%,67.57,21,0.2%,25.2%
37006,新大头儿子和小头爸爸3：俄罗斯奇遇记,0.1%,51.01,11,0.4%,12.2%
37007,邪不压正,0.1%,36.04,15,0.1%,21.7%
37008,信仰者,0.1%,31.64,57,<0.1%,63.9%
37009,侏罗纪世界2,<0.1%,19.95,13,0.1%,14.5%
37010,圣诞大赢家,<0.1%,19.34,113,<0.1%,68.2%
37011,妄想症,<0.1%,19.02,108,<0.1%,76.0%
37012,文朝荣,<0.1%,17.00,54,<0.1%,59.7%
37013,盛世秧歌,<0.1%,14.95,48,<0.1%,--
37014,超人总动员2,<0.1%,14.29,20,<0.1%,22.4%
37015,太空熊猫英雄归来,<0.1%,13.37,103,<0.1%,74.0%
37016,整形师·脸,<0.1%,6.96,109,<0.1%,78.5%
37017,我和神马查干,<0.1%,4.44,56,<0.1%,--
37018,李保国,<0.1%,3.67,7,<0.1%,8.4%
37019,心灵的阳光,<0.1%,3.59,156,<0.1%,100%
37020,汪星卧底,<0.1%,2.96,9,<0.1%,11.4%
37021,古镇画情,<0.1%,2.81,43,<0.1%,--
37022,海龙屯,<0.1%,2.09,62,<0.1%,62.9%
37023,动物世界,<0.1%,1.81,8,<0.1%,11.8%
37024,美食大冒险之英雄烩,<0.1%,1.33,80,<0.1%,96.5%
37025,萌学园：寻找盘古,<0.1%,1.13,7,<0.1%,8.1%
37026,勇敢往事,<0.1%,1.10,29,<0.1%,69.9%
37027,一出好戏,<0.1%,1.04,349,<0.1%,100.0%
37028,西虹市首富,56.4%,15327.84,31,42.8%,19.6%
37029,狄仁杰之四大天王,12.2%,3339.80,24,10.8%,21.9%
37030,风语咒,7.6%,2086.53,16,11.0%,15.4%
37031,神秘世界历险记4,6.2%,1687.22,19,8.6%,18.5%
37032,小偷家族,6.1%,1682.78,20,7.8%,18.9%
37033,摩天营救,3.4%,926.63,24,3.3%,23.2%
37034,我不是药神,2.0%,561.24,17,3.0%,18.3%
37035,的士速递5,1.9%,524.54,9,6.0%,8.9%
37036,浴血广昌,1.0%,275.47,68,0.2%,100%
37037,解码游戏,0.5%,155.74,5,2.9%,5.1%
37038,妈妈咪呀2,0.2%,75.08,10,0.6%,8.9%
37039,神奇马戏团之动物饼干,0.2%,68.21,22,0.2%,25.0%
37040,新大头儿子和小头爸爸3：俄罗斯奇遇记,0.2%,61.24,12,0.4%,13.1%
37041,肆式青春,0.2%,59.17,7,0.7%,6.3%
37042,邪不压正,0.1%,36.83,14,0.1%,19.8%
37043,信仰者,0.1%,35.67,60,<0.1%,68.6%
37044,侏罗纪世界2,<0.1%,26.24,14,0.1%,16.9%
37045,圣诞大赢家,<0.1%,23.71,105,<0.1%,70.2%
37046,妄想症,<0.1%,23.69,113,<0.1%,83.0%
37047,太空熊猫英雄归来,<0.1%,18.01,114,<0.1%,77.9%
37048,文朝荣,<0.1%,16.65,59,<0.1%,64.9%
37049,超人总动员2,<0.1%,15.97,20,<0.1%,20.4%
37050,盛世秧歌,<0.1%,13.58,43,<0.1%,--
37051,整形师·脸,<0.1%,8.63,103,<0.1%,81.6%
37052,一出好戏,<0.1%,5.88,102,<0.1%,100.0%
37053,美食大冒险之英雄烩,<0.1%,5.55,222,<0.1%,--
37054,李保国,<0.1%,4.19,7,<0.1%,8.6%
37055,淘气大侦探,<0.1%,3.83,9,<0.1%,12.5%
37056,幸福马上来,<0.1%,3.11,73,<0.1%,100%
37057,汪星卧底,<0.1%,2.96,8,<0.1%,9.4%
37058,心灵的阳光,<0.1%,2.87,149,<0.1%,100%
37059,出·路,<0.1%,2.68,99,<0.1%,100%
37060,古镇画情,<0.1%,2.45,40,<0.1%,--
37061,动物世界,<0.1%,1.57,6,<0.1%,7.9%
37062,潜艇总动员之时光宝盒,<0.1%,1.26,23,<0.1%,60.4%
37063,我和神马查干,<0.1%,1.16,20,<0.1%,--
37064,您一定不要错过,<0.1%,1.04,9,<0.1%,16.2%
37065,细思极恐,<0.1%,1.02,3,<0.1%,6.2%
37066,西虹市首富,55.0%,7170.76,16,42.8%,10.1%
37067,狄仁杰之四大天王,13.8%,1799.91,13,12.2%,11.1%
37068,风语咒,7.2%,943.02,9,10.5%,7.8%
37069,小偷家族,6.4%,837.05,11,8.1%,9.9%
37070,神秘世界历险记4,4.3%,564.25,8,7.4%,7.8%
37071,摩天营救,4.0%,527.10,13,3.9%,12.0%
37072,我不是药神,2.4%,313.95,9,3.5%,10.1%
37073,的士速递5,1.8%,235.65,5,5.5%,4.7%
37074,浴血广昌,1.6%,213.31,54,0.2%,84.6%
37075,解码游戏,0.4%,57.29,3,2.2%,2.5%
37076,神奇马戏团之动物饼干,0.4%,55.50,19,0.2%,23.1%
37077,信仰者,0.2%,34.48,59,<0.1%,62.1%
37078,妈妈咪呀2,0.2%,33.50,5,0.6%,4.5%
37079,肆式青春,0.2%,33.15,5,0.7%,3.9%
37080,巨齿鲨,0.2%,31.48,271,<0.1%,100%
37081,邪不压正,0.1%,19.71,7,0.2%,8.4%
37082,文朝荣,0.1%,17.53,50,<0.1%,54.2%
37083,新大头儿子和小头爸爸3：俄罗斯奇遇记,0.1%,15.68,5,0.2%,5.3%
37084,侏罗纪世界2,0.1%,13.24,7,0.1%,7.8%
37085,圣诞大赢家,<0.1%,12.94,90,<0.1%,62.7%
37086,妄想症,<0.1%,12.73,96,<0.1%,77.9%
37087,太空熊猫英雄归来,<0.1%,8.34,79,<0.1%,53.8%
37088,盛世秧歌,<0.1%,7.47,27,<0.1%,--
37089,李保国,<0.1%,4.86,7,<0.1%,6.3%
37090,超人总动员2,<0.1%,4.50,7,<0.1%,7.6%
37091,一出好戏,<0.1%,3.84,209,<0.1%,100.0%
37092,整形师·脸,<0.1%,3.54,89,<0.1%,65.9%
37093,我和神马查干,<0.1%,1.85,24,<0.1%,--
37094,汪星卧底,<0.1%,1.73,6,<0.1%,7.8%
37095,萌学园：寻找盘古,<0.1%,1.48,12,<0.1%,14.9%
37096,古镇画情,<0.1%,1.45,23,<0.1%,--
37097,动物世界,<0.1%,1.34,4,<0.1%,4.8%
37098,西虹市首富,53.0%,6161.69,14,42.7%,8.8%
37099,狄仁杰之四大天王,14.6%,1697.41,11,12.9%,9.9%
37100,风语咒,7.1%,835.03,8,10.3%,7.2%
37101,小偷家族,6.6%,770.52,10,8.2%,9.2%
37102,摩天营救,4.7%,545.92,12,4.4%,11.1%
37103,神秘世界历险记4,4.4%,513.08,8,7.3%,7.3%
37104,我不是药神,2.5%,300.29,9,3.7%,9.7%
37105,浴血广昌,2.0%,234.37,58,0.2%,82.9%
37106,的士速递5,1.6%,194.29,5,5.0%,4.4%
37107,神奇马戏团之动物饼干,0.4%,52.90,17,0.2%,19.9%
37108,解码游戏,0.3%,42.49,3,1.9%,2.2%
37109,信仰者,0.3%,40.50,63,<0.1%,66.4%
37110,妈妈咪呀2,0.2%,30.82,5,0.6%,4.5%
37111,肆式青春,0.2%,24.64,4,0.7%,3.0%
37112,邪不压正,0.1%,20.76,6,0.3%,7.5%
37113,文朝荣,0.1%,17.89,42,<0.1%,41.9%
37114,侏罗纪世界2,0.1%,13.73,6,0.2%,6.8%
37115,妄想症,0.1%,11.65,92,<0.1%,75.4%
37116,圣诞大赢家,<0.1%,11.21,111,<0.1%,70.2%
37117,新大头儿子和小头爸爸3：俄罗斯奇遇记,<0.1%,8.03,5,0.1%,5.0%
37118,一出好戏,<0.1%,7.95,319,<0.1%,100%
37119,李保国,<0.1%,7.01,8,0.1%,7.9%
37120,盛世秧歌,<0.1%,6.83,22,<0.1%,--
37121,太空熊猫英雄归来,<0.1%,6.26,67,<0.1%,46.8%
37122,超人总动员2,<0.1%,4.39,6,<0.1%,6.7%
37123,整形师·脸,<0.1%,3.11,71,<0.1%,50.8%
37124,最后的棒棒,<0.1%,2.92,325,<0.1%,94.2%
37125,动物世界,<0.1%,1.74,5,<0.1%,6.0%
37126,我和神马查干,<0.1%,1.60,19,<0.1%,--
37127,战狼2,<0.1%,1.53,129,<0.1%,100%
37128,古镇画情,<0.1%,1.28,22,<0.1%,--
37129,汪星卧底,<0.1%,1.28,4,<0.1%,4.3%
37130,初恋浅规则,<0.1%,1.19,83,<0.1%,72.6%
37131,西虹市首富,51.6%,5487.86,13,42.4%,8.0%
37132,狄仁杰之四大天王,14.6%,1552.59,10,13.2%,8.8%
37133,风语咒,6.9%,733.78,7,10.1%,6.6%
37134,小偷家族,6.8%,725.34,9,8.1%,8.7%
37135,摩天营救,5.2%,554.67,12,4.7%,10.6%
37136,神秘世界历险记4,4.4%,473.51,7,7.2%,6.9%
37137,我不是药神,2.8%,303.34,9,3.9%,9.4%
37138,浴血广昌,2.3%,247.42,59,0.3%,86.1%
37139,的士速递5,1.5%,166.09,4,4.7%,4.0%
37140,神奇马戏团之动物饼干,0.5%,55.50,18,0.2%,21.4%
37141,信仰者,0.3%,38.12,59,<0.1%,62.1%
37142,解码游戏,0.3%,32.38,2,1.7%,2.0%
37143,妈妈咪呀2,0.2%,30.33,5,0.5%,4.6%
37144,一出好戏,0.2%,27.01,132,<0.1%,100%
37145,邪不压正,0.2%,21.75,6,0.3%,7.3%
37146,肆式青春,0.1%,18.61,3,0.6%,2.3%
37147,文朝荣,0.1%,18.02,43,<0.1%,51.1%
37148,李保国,0.1%,14.30,6,0.3%,5.8%
37149,侏罗纪世界2,0.1%,13.74,6,0.2%,6.1%
37150,快把我哥带走,0.1%,11.10,83,<0.1%,75.6%
37151,太空熊猫英雄归来,0.1%,10.97,69,<0.1%,56.7%
37152,圣诞大赢家,<0.1%,10.08,77,<0.1%,62.9%
37153,新大头儿子和小头爸爸3：俄罗斯奇遇记,<0.1%,8.63,5,0.1%,5.0%
37154,妄想症,<0.1%,8.62,88,<0.1%,66.4%
37155,盛世秧歌,<0.1%,5.91,20,<0.1%,--
37156,超人总动员2,<0.1%,5.08,7,<0.1%,7.6%
37157,红海行动,<0.1%,3.15,62,<0.1%,74.5%
37158,整形师·脸,<0.1%,2.45,126,<0.1%,69.9%
37159,我和神马查干,<0.1%,2.30,30,<0.1%,--
37160,美食大冒险之英雄烩,<0.1%,2.08,110,<0.1%,100%
37161,巨齿鲨,<0.1%,1.87,250,<0.1%,83.8%
37162,兄弟班,<0.1%,1.81,50,<0.1%,100%
37163,汪星卧底,<0.1%,1.76,5,<0.1%,5.9%
37164,动物世界,<0.1%,1.37,4,<0.1%,4.4%
37165,战狼2,<0.1%,1.36,31,<0.1%,38.2%
37166,古镇画情,<0.1%,1.30,17,<0.1%,--
37167,西虹市首富,48.4%,4767.21,11,42.0%,6.9%
37168,狄仁杰之四大天王,13.7%,1349.23,9,13.4%,7.5%
37169,小偷家族,6.5%,646.80,8,8.0%,7.8%
37170,风语咒,6.5%,639.79,7,9.9%,5.9%
37171,摩天营救,5.1%,505.92,10,4.9%,9.2%
37172,神秘世界历险记4,4.5%,451.80,7,7.1%,6.6%
37173,巨齿鲨,4.3%,428.62,49,0.7%,25.0%
37174,我不是药神,2.9%,287.51,8,4.0%,8.5%
37175,浴血广昌,2.7%,268.42,62,0.3%,86.5%
37176,的士速递5,1.4%,139.39,4,4.4%,3.5%
37177,神奇马戏团之动物饼干,0.5%,57.37,18,0.2%,21.5%
37178,信仰者,0.4%,45.85,65,<0.1%,64.8%
37179,妈妈咪呀2,0.2%,29.47,5,0.5%,4.6%
37180,解码游戏,0.2%,26.68,2,1.6%,1.7%
37181,李保国,0.2%,23.63,9,0.3%,9.2%
37182,文朝荣,0.2%,22.47,44,<0.1%,50.2%
37183,邪不压正,0.2%,20.10,6,0.3%,6.6%
37184,肆式青春,0.1%,15.87,3,0.6%,2.1%
37185,侏罗纪世界2,0.1%,13.92,6,0.2%,6.0%
37186,快把我哥带走,0.1%,12.58,80,<0.1%,76.5%
37187,太空熊猫英雄归来,<0.1%,9.53,61,<0.1%,49.0%
37188,圣诞大赢家,<0.1%,9.48,103,<0.1%,66.5%
37189,新大头儿子和小头爸爸3：俄罗斯奇遇记,<0.1%,9.09,5,0.1%,5.0%
37190,妄想症,<0.1%,6.14,67,<0.1%,55.9%
37191,盛世秧歌,<0.1%,5.45,19,<0.1%,100%
37192,超人总动员2,<0.1%,4.78,6,<0.1%,7.1%
37193,美食大冒险之英雄烩,<0.1%,2.21,73,<0.1%,98.5%
37194,汪星卧底,<0.1%,2.14,5,<0.1%,5.9%
37195,红海行动,<0.1%,1.57,56,<0.1%,76.6%
37196,勇敢往事,<0.1%,1.38,116,<0.1%,79.9%
37197,动物世界,<0.1%,1.38,4,<0.1%,4.3%
37198,我和神马查干,<0.1%,1.25,16,<0.1%,--
37199,整形师·脸,<0.1%,1.09,58,<0.1%,31.9%
37200,明月几时有,<0.1%,1.01,42,<0.1%,61.3%
37201,古镇画情,<0.1%,1.00,17,<0.1%,--
37202,美丽童年,<0.1%,1.00,22,<0.1%,40.5%
37203,爱情公寓,51.8%,30348.80,68,38.2%,54.4%
37204,一出好戏,25.9%,15180.09,52,26.2%,43.4%
37205,巨齿鲨,18.2%,10663.18,38,22.6%,29.2%
37206,西虹市首富,2.3%,1362.17,19,6.4%,16.6%
37207,浴血广昌,0.3%,200.94,66,0.2%,100%
37208,神秘世界历险记4,0.3%,188.77,9,2.0%,8.9%
37209,小偷家族,0.1%,97.80,16,0.4%,15.5%
37210,风语咒,0.1%,70.41,7,0.9%,6.3%
37211,狄仁杰之四大天王,0.1%,58.62,6,0.7%,5.9%
37212,盛世秧歌,<0.1%,34.41,110,<0.1%,--
37213,信仰者,<0.1%,27.78,61,<0.1%,66.3%
37214,神奇马戏团之动物饼干,<0.1%,26.47,23,<0.1%,28.4%
37215,文朝荣,<0.1%,24.73,57,<0.1%,61.5%
37216,我不是药神,<0.1%,24.24,8,0.3%,9.3%
37217,摩天营救,<0.1%,22.35,6,0.3%,5.6%
37218,太空熊猫英雄归来,<0.1%,17.12,85,<0.1%,69.3%
37219,圣诞大赢家,<0.1%,16.32,103,<0.1%,71.6%
37220,李保国,<0.1%,14.12,13,0.1%,14.7%
37221,古镇画情,<0.1%,9.54,138,<0.1%,--
37222,妄想症,<0.1%,7.22,88,<0.1%,81.3%
37223,美食大冒险之英雄烩,<0.1%,6.40,5,0.1%,30.8%
37224,诡梦凶铃,<0.1%,5.47,157,<0.1%,100%
37225,肆式青春,<0.1%,4.72,3,0.1%,2.7%
37226,的士速递5,<0.1%,4.17,3,0.1%,3.7%
37227,我和神马查干,<0.1%,3.76,46,<0.1%,--
37228,心灵的阳光,<0.1%,3.74,118,<0.1%,100%
37229,新大头儿子和小头爸爸3：俄罗斯奇遇记,<0.1%,3.72,5,<0.1%,5.2%
37230,红海行动,<0.1%,3.63,64,<0.1%,66.3%
37231,妈妈咪呀2,<0.1%,2.99,9,<0.1%,10.2%
37232,邪不压正,<0.1%,2.95,6,<0.1%,8.3%
37233,快把我哥带走,<0.1%,2.87,79,<0.1%,75.2%
37234,初恋浅规则,<0.1%,2.53,246,<0.1%,100%
37235,解码游戏,<0.1%,2.22,3,<0.1%,3.7%
37236,策反,<0.1%,1.69,112,<0.1%,69.1%
37237,勇敢往事,<0.1%,1.03,173,<0.1%,100%
37238,一出好戏,39.6%,19160.13,60,27.6%,50.3%
37239,爱情公寓,26.5%,12824.24,28,39.9%,20.7%
37240,巨齿鲨,23.6%,11408.64,46,19.1%,36.4%
37241,西虹市首富,6.4%,3104.38,41,6.3%,41.1%
37242,神秘世界历险记4,1.2%,605.96,20,3.0%,19.3%
37243,小偷家族,0.5%,271.40,41,0.5%,42.7%
37244,浴血广昌,0.4%,199.83,72,0.1%,100%
37245,风语咒,0.3%,153.42,15,0.8%,15.8%
37246,狄仁杰之四大天王,0.2%,102.30,18,0.4%,18.2%
37247,美食大冒险之英雄烩,0.1%,61.02,19,0.3%,23.2%
37248,我不是药神,<0.1%,46.27,22,0.2%,28.9%
37249,摩天营救,<0.1%,44.74,15,0.2%,15.0%
37250,神奇马戏团之动物饼干,<0.1%,38.92,24,0.1%,30.0%
37251,盛世秧歌,<0.1%,26.44,74,<0.1%,100%
37252,圣诞大赢家,<0.1%,21.79,130,<0.1%,77.9%
37253,信仰者,<0.1%,19.94,58,<0.1%,66.4%
37254,文朝荣,<0.1%,16.66,73,<0.1%,76.6%
37255,新大头儿子和小头爸爸3：俄罗斯奇遇记,<0.1%,12.30,11,<0.1%,11.3%
37256,妄想症,<0.1%,11.18,117,<0.1%,84.1%
37257,李保国,<0.1%,10.23,11,0.1%,11.7%
37258,太空熊猫英雄归来,<0.1%,9.71,91,<0.1%,62.8%
37259,肆式青春,<0.1%,7.74,5,0.1%,4.5%
37260,的士速递5,<0.1%,7.51,7,0.1%,8.5%
37261,妈妈咪呀2,<0.1%,7.20,29,<0.1%,39.7%
37262,邪不压正,<0.1%,6.37,13,<0.1%,18.4%
37263,快把我哥带走,<0.1%,6.05,111,<0.1%,93.2%
37264,我和神马查干,<0.1%,5.85,70,<0.1%,--
37265,古镇画情,<0.1%,5.21,59,<0.1%,--
37266,超人总动员2,<0.1%,4.83,19,<0.1%,27.6%
37267,心灵的阳光,<0.1%,4.72,122,<0.1%,100%
37268,侏罗纪世界2,<0.1%,3.10,9,<0.1%,10.4%
37269,爸，我一定行的,<0.1%,2.91,364,<0.1%,99.4%
37270,诡梦凶铃,<0.1%,2.73,102,<0.1%,100%
37271,解码游戏,<0.1%,2.46,5,<0.1%,5.3%
37272,初恋浅规则,<0.1%,2.11,176,<0.1%,100.0%
37273,出·路,<0.1%,2.09,98,<0.1%,--
37274,红海行动,<0.1%,1.81,54,<0.1%,100%
37275,战狼2,<0.1%,1.32,37,<0.1%,78.9%
37276,大三儿,<0.1%,1.17,42,<0.1%,47.8%
37277,美丽童年,<0.1%,1.02,75,<0.1%,100%
37278,一出好戏,44.5%,19115.10,50,33.8%,38.0%
37279,巨齿鲨,28.6%,12284.32,43,22.7%,33.2%
37280,爱情公寓,13.8%,5943.00,20,26.8%,16.1%
37281,西虹市首富,8.4%,3610.24,36,8.7%,35.1%
37282,神秘世界历险记4,1.7%,757.19,22,3.4%,21.7%
37283,小偷家族,0.6%,289.55,34,0.7%,35.0%
37284,浴血广昌,0.4%,201.32,71,0.1%,100%
37285,风语咒,0.3%,163.18,15,0.9%,15.6%
37286,狄仁杰之四大天王,0.2%,99.05,15,0.4%,15.9%
37287,美食大冒险之英雄烩,0.1%,64.54,24,0.2%,28.1%
37288,我不是药神,0.1%,57.29,19,0.3%,23.2%
37289,摩天营救,0.1%,48.68,13,0.3%,13.7%
37290,神奇马戏团之动物饼干,<0.1%,42.47,27,0.1%,34.4%
37291,圣诞大赢家,<0.1%,24.08,137,<0.1%,80.9%
37292,盛世秧歌,<0.1%,21.29,66,<0.1%,--
37293,文朝荣,<0.1%,17.70,76,<0.1%,79.3%
37294,新大头儿子和小头爸爸3：俄罗斯奇遇记,<0.1%,16.60,13,0.1%,13.4%
37295,信仰者,<0.1%,15.41,56,<0.1%,56.1%
37296,太空熊猫英雄归来,<0.1%,12.12,104,<0.1%,73.9%
37297,妈妈咪呀2,<0.1%,9.93,24,<0.1%,32.0%
37298,妄想症,<0.1%,9.69,87,<0.1%,74.7%
37299,快把我哥带走,<0.1%,6.91,152,<0.1%,88.0%
37300,肆式青春,<0.1%,6.87,5,0.1%,3.8%
37301,的士速递5,<0.1%,6.70,6,0.1%,7.0%
37302,邪不压正,<0.1%,6.66,12,<0.1%,16.3%
37303,超人总动员2,<0.1%,6.28,23,<0.1%,25.6%
37304,李保国,<0.1%,6.02,7,0.1%,8.3%
37305,古镇画情,<0.1%,4.67,58,<0.1%,--
37306,我和神马查干,<0.1%,4.59,55,<0.1%,--
37307,心灵的阳光,<0.1%,4.31,126,<0.1%,100%
37308,精灵旅社3：疯狂假期,<0.1%,3.90,106,<0.1%,99.7%
37309,侏罗纪世界2,<0.1%,3.70,10,<0.1%,10.3%
37310,兄弟班,<0.1%,2.68,63,<0.1%,100%
37311,爸，我一定行的,<0.1%,2.15,308,<0.1%,100.0%
37312,最后的棒棒,<0.1%,2.06,15,<0.1%,16.0%
37313,诡梦凶铃,<0.1%,1.79,75,<0.1%,86.1%
37314,解码游戏,<0.1%,1.52,3,<0.1%,3.1%
37315,一出好戏,44.8%,10005.45,27,36.0%,19.3%
37316,巨齿鲨,31.9%,7127.94,25,25.7%,18.3%
37317,爱情公寓,9.6%,2159.93,11,19.4%,9.9%
37318,西虹市首富,8.8%,1969.01,19,10.3%,18.4%
37319,神秘世界历险记4,1.1%,256.92,10,3.0%,9.3%
37320,浴血广昌,1.0%,230.14,71,0.2%,100%
37321,小偷家族,0.5%,133.19,13,0.9%,13.5%
37322,风语咒,0.4%,96.26,8,1.3%,7.4%
37323,狄仁杰之四大天王,0.2%,64.59,7,0.7%,7.4%
37324,我不是药神,0.1%,35.49,9,0.4%,11.1%
37325,神奇马戏团之动物饼干,0.1%,33.07,31,0.1%,38.1%
37326,摩天营救,0.1%,29.49,7,0.4%,6.9%
37327,文朝荣,<0.1%,19.53,48,<0.1%,49.3%
37328,欧洲攻略,<0.1%,17.76,161,<0.1%,100%
37329,快把我哥带走,<0.1%,16.28,134,<0.1%,--
37330,盛世秧歌,<0.1%,13.60,42,<0.1%,--
37331,信仰者,<0.1%,13.17,46,<0.1%,52.9%
37332,李保国,<0.1%,11.83,11,0.1%,11.5%
37333,圣诞大赢家,<0.1%,10.92,114,<0.1%,70.0%
37334,太空熊猫英雄归来,<0.1%,6.10,73,<0.1%,57.4%
37335,妈妈咪呀2,<0.1%,5.03,10,<0.1%,12.1%
37336,诡梦凶铃,<0.1%,4.90,327,<0.1%,100.0%
37337,新大头儿子和小头爸爸3：俄罗斯奇遇记,<0.1%,4.79,5,<0.1%,5.3%
37338,肆式青春,<0.1%,4.32,3,0.1%,2.3%
37339,的士速递5,<0.1%,3.96,4,0.1%,3.4%
37340,妄想症,<0.1%,3.78,95,<0.1%,76.8%
37341,我和神马查干,<0.1%,3.08,42,<0.1%,--
37342,解码游戏,<0.1%,2.26,5,<0.1%,5.5%
37343,古镇画情,<0.1%,2.20,33,<0.1%,--
37344,侏罗纪世界2,<0.1%,2.02,5,<0.1%,5.1%
37345,超人总动员2,<0.1%,1.97,10,<0.1%,12.8%
37346,初恋浅规则,<0.1%,1.58,264,<0.1%,100%
37347,最后的棒棒,<0.1%,1.35,3,<0.1%,3.1%
37348,一出好戏,42.5%,8000.01,22,35.8%,15.5%
37349,巨齿鲨,33.3%,6271.90,21,26.4%,15.5%
37350,西虹市首富,9.5%,1792.50,16,10.8%,16.0%
37351,爱情公寓,7.2%,1362.31,9,15.7%,8.2%
37352,快把我哥带走,1.7%,333.88,17,2.1%,15.2%
37353,浴血广昌,1.3%,254.84,73,0.2%,100%
37354,神秘世界历险记4,1.2%,240.77,9,3.1%,8.5%
37355,小偷家族,0.6%,122.07,11,1.0%,11.6%
37356,风语咒,0.4%,78.45,7,1.2%,6.4%
37357,狄仁杰之四大天王,0.3%,60.08,7,0.7%,6.8%
37358,欧洲攻略,0.2%,49.17,299,<0.1%,100%
37359,神奇马戏团之动物饼干,0.2%,40.23,34,0.1%,41.8%
37360,我不是药神,0.1%,36.58,8,0.5%,9.6%
37361,摩天营救,0.1%,28.44,6,0.4%,6.5%
37362,文朝荣,0.1%,20.31,54,<0.1%,52.8%
37363,信仰者,<0.1%,13.87,48,<0.1%,50.8%
37364,盛世秧歌,<0.1%,11.66,37,<0.1%,--
37365,李保国,<0.1%,11.00,8,0.1%,8.3%
37366,圣诞大赢家,<0.1%,10.74,95,<0.1%,64.2%
37367,大寒,<0.1%,7.31,4,0.2%,3.6%
37368,诡梦凶铃,<0.1%,5.53,231,<0.1%,100%
37369,太空熊猫英雄归来,<0.1%,5.19,75,<0.1%,49.9%
37370,妈妈咪呀2,<0.1%,4.75,8,<0.1%,10.2%
37371,新大头儿子和小头爸爸3：俄罗斯奇遇记,<0.1%,4.61,5,0.1%,4.9%
37372,妄想症,<0.1%,4.14,104,<0.1%,70.9%
37373,的士速递5,<0.1%,3.64,3,0.1%,3.4%
37374,肆式青春,<0.1%,2.97,2,0.1%,1.6%
37375,我和神马查干,<0.1%,2.36,28,<0.1%,--
37376,古镇画情,<0.1%,2.15,30,<0.1%,--
37377,侏罗纪世界2,<0.1%,1.88,5,<0.1%,5.6%
37378,超人总动员2,<0.1%,1.45,8,<0.1%,9.9%
37379,最后的棒棒,<0.1%,1.27,3,<0.1%,2.2%
37380,心灵的阳光,<0.1%,1.18,44,<0.1%,34.6%
37381,明月几时有,<0.1%,1.09,59,<0.1%,94.8%
37382,解码游戏,<0.1%,1.07,3,<0.1%,2.8%
37383,一出好戏,42.0%,7023.61,19,36.1%,13.6%
37384,巨齿鲨,34.4%,5747.02,19,27.7%,13.6%
37385,西虹市首富,10.3%,1735.81,15,11.8%,14.2%
37386,爱情公寓,6.4%,1079.91,8,14.4%,7.3%
37387,浴血广昌,1.5%,257.03,72,0.2%,100%
37388,神秘世界历险记4,1.3%,232.57,8,3.2%,8.0%
37389,小偷家族,0.7%,118.88,10,1.1%,10.4%
37390,狄仁杰之四大天王,0.4%,81.68,8,0.8%,8.6%
37391,风语咒,0.4%,69.57,6,1.2%,5.8%
37392,神奇马戏团之动物饼干,0.3%,59.47,41,0.1%,56.8%
37393,我不是药神,0.2%,40.64,8,0.6%,9.2%
37394,摩天营救,0.1%,32.68,6,0.5%,6.6%
37395,文朝荣,0.1%,22.04,54,<0.1%,54.9%
37396,信仰者,0.1%,16.97,55,<0.1%,57.6%
37397,李保国,<0.1%,15.41,11,0.1%,10.9%
37398,欧洲攻略,<0.1%,14.70,211,<0.1%,91.4%
37399,太空熊猫英雄归来,<0.1%,14.59,84,<0.1%,64.6%
37400,盛世秧歌,<0.1%,10.55,35,<0.1%,--
37401,圣诞大赢家,<0.1%,10.17,98,<0.1%,85.1%
37402,妄想症,<0.1%,8.86,109,<0.1%,66.4%
37403,旅行吧！井底之蛙,<0.1%,8.49,3,0.4%,2.5%
37404,快把我哥带走,<0.1%,5.39,24,<0.1%,62.3%
37405,新大头儿子和小头爸爸3：俄罗斯奇遇记,<0.1%,5.15,6,<0.1%,5.7%
37406,整形师·脸,<0.1%,4.80,78,<0.1%,82.5%
37407,妈妈咪呀2,<0.1%,4.57,7,<0.1%,8.3%
37408,的士速递5,<0.1%,4.50,4,0.1%,4.1%
37409,红海行动,<0.1%,4.34,90,<0.1%,100%
37410,肆式青春,<0.1%,3.47,2,0.1%,1.8%
37411,最后的棒棒,<0.1%,3.26,5,<0.1%,4.3%
37412,大寒,<0.1%,2.90,6,<0.1%,5.6%
37413,勇敢往事,<0.1%,2.86,96,<0.1%,100%
37414,我和神马查干,<0.1%,1.93,24,<0.1%,100%
37415,萌学园：寻找盘古,<0.1%,1.93,58,<0.1%,100%
37416,古镇画情,<0.1%,1.86,29,<0.1%,--
37417,勇士,<0.1%,1.77,38,<0.1%,100%
37418,超人总动员2,<0.1%,1.76,7,<0.1%,8.0%
37419,心灵的阳光,<0.1%,1.34,56,<0.1%,38.0%
37420,我来自纽约,<0.1%,1.20,201,<0.1%,--
37421,初恋浅规则,<0.1%,1.13,189,<0.1%,--
37422,一出好戏,41.1%,6506.24,18,35.9%,12.7%
37423,巨齿鲨,34.8%,5504.36,18,28.2%,12.8%
37424,西虹市首富,11.3%,1795.38,15,12.3%,14.0%
37425,爱情公寓,5.8%,927.77,7,13.4%,6.8%
37426,神秘世界历险记4,1.4%,225.68,8,3.3%,7.5%
37427,浴血广昌,1.4%,223.19,65,0.2%,100%
37428,小偷家族,0.7%,114.52,10,1.1%,9.8%
37429,狄仁杰之四大天王,0.6%,106.72,10,0.8%,11.1%
37430,风语咒,0.4%,66.97,6,1.2%,5.5%
37431,神奇马戏团之动物饼干,0.3%,53.78,38,0.1%,52.7%
37432,我不是药神,0.2%,43.69,8,0.6%,9.2%
37433,摩天营救,0.2%,36.07,7,0.5%,6.7%
37434,文朝荣,0.1%,24.20,52,<0.1%,52.3%
37435,李保国,0.1%,22.89,14,0.2%,15.7%
37436,精灵旅社3：疯狂假期,0.1%,18.71,16,0.1%,11.3%
37437,信仰者,0.1%,16.28,54,<0.1%,55.4%
37438,太空熊猫英雄归来,<0.1%,12.25,74,<0.1%,58.5%
37439,盛世秧歌,<0.1%,9.65,32,<0.1%,--
37440,圣诞大赢家,<0.1%,8.46,81,<0.1%,72.1%
37441,妄想症,<0.1%,7.74,99,<0.1%,67.0%
37442,旅行吧！井底之蛙,<0.1%,6.53,3,0.3%,2.5%
37443,快把我哥带走,<0.1%,6.22,17,<0.1%,19.1%
37444,妈妈咪呀2,<0.1%,5.39,8,<0.1%,9.4%
37445,整形师·脸,<0.1%,5.11,76,<0.1%,64.4%
37446,新大头儿子和小头爸爸3：俄罗斯奇遇记,<0.1%,4.01,5,<0.1%,4.5%
37447,大寒,<0.1%,3.73,8,<0.1%,8.2%
37448,诡梦凶铃,<0.1%,3.43,206,<0.1%,93.2%
37449,的士速递5,<0.1%,3.37,3,0.1%,3.2%
37450,肆式青春,<0.1%,3.04,2,0.1%,1.6%
37451,我和神马查干,<0.1%,2.16,29,<0.1%,--
37452,最后的棒棒,<0.1%,1.98,5,<0.1%,4.9%
37453,大三儿,<0.1%,1.95,119,<0.1%,100%
37454,超人总动员2,<0.1%,1.82,7,<0.1%,8.2%
37455,解码游戏,<0.1%,1.79,4,<0.1%,4.1%
37456,古镇画情,<0.1%,1.61,22,<0.1%,--
37457,红海行动,<0.1%,1.25,46,<0.1%,39.7%
37458,一出好戏,22.8%,10768.34,64,13.4%,47.1%
37459,欧洲攻略,20.6%,9721.68,32,24.9%,23.2%
37460,巨齿鲨,15.3%,7222.35,55,9.1%,39.4%
37461,新乌龙院之笑闹江湖,14.3%,6739.96,39,15.2%,36.9%
37462,精灵旅社3：疯狂假期,10.9%,5152.69,25,17.3%,21.4%
37463,快把我哥带走,10.5%,4968.00,36,11.6%,34.4%
37464,西虹市首富,2.7%,1287.78,43,2.4%,41.5%
37465,爱情公寓,0.6%,306.80,19,1.3%,23.1%
37466,浴血广昌,0.4%,205.48,72,0.1%,100%
37467,狄仁杰之四大天王,0.2%,123.04,42,0.1%,40.5%
37468,美食大冒险之英雄烩,0.2%,110.36,5,2.3%,3.8%
37469,小偷家族,0.1%,62.09,25,0.2%,23.3%
37470,神秘世界历险记4,<0.1%,30.47,10,0.2%,9.5%
37471,文朝荣,<0.1%,25.18,61,<0.1%,55.6%
37472,风语咒,<0.1%,24.83,14,0.1%,14.7%
37473,我不是药神,<0.1%,24.58,27,<0.1%,32.1%
37474,李保国,<0.1%,22.96,25,0.1%,26.7%
37475,盛世秧歌,<0.1%,20.89,89,<0.1%,--
37476,神奇马戏团之动物饼干,<0.1%,20.14,54,<0.1%,65.1%
37477,最后的棒棒,<0.1%,16.12,6,0.2%,6.0%
37478,信仰者,<0.1%,15.32,61,<0.1%,58.9%
37479,太空熊猫英雄归来,<0.1%,14.51,80,<0.1%,61.2%
37480,圣诞大赢家,<0.1%,12.38,101,<0.1%,75.1%
37481,的士速递5,<0.1%,9.74,22,<0.1%,21.5%
37482,摩天营救,<0.1%,9.04,12,<0.1%,13.9%
37483,妄想症,<0.1%,7.70,95,<0.1%,60.1%
37484,整形师·脸,<0.1%,7.20,79,<0.1%,65.1%
37485,古镇画情,<0.1%,6.07,76,<0.1%,--
37486,我和神马查干,<0.1%,3.54,49,<0.1%,--
37487,心灵的阳光,<0.1%,3.42,208,<0.1%,100%
37488,诡梦凶铃,<0.1%,3.36,112,<0.1%,100%
37489,初恋浅规则,<0.1%,2.55,213,<0.1%,100%
37490,他是一只狗,<0.1%,2.45,5,<0.1%,5.6%
37491,旅行吧！井底之蛙,<0.1%,2.45,6,<0.1%,5.2%
37492,解码游戏,<0.1%,2.00,11,<0.1%,11.7%
37493,蚁人2：黄蜂女现身,<0.1%,1.98,22,<0.1%,--
37494,肆式青春,<0.1%,1.93,3,<0.1%,2.6%
37495,妈妈咪呀2,<0.1%,1.84,19,<0.1%,23.5%
37496,苏丹,<0.1%,1.56,28,<0.1%,23.6%
37497,红海行动,<0.1%,1.30,37,<0.1%,100%
37498,新大头儿子和小头爸爸3：俄罗斯奇遇记,<0.1%,1.19,6,<0.1%,4.9%
37499,大三儿,<0.1%,1.00,72,<0.1%,100%
37500,一出好戏,29.2%,8746.35,36,19.9%,24.7%
37501,巨齿鲨,23.9%,7140.90,37,14.0%,26.0%
37502,精灵旅社3：疯狂假期,11.7%,3521.40,21,14.4%,17.5%
37503,快把我哥带走,11.7%,3510.38,25,12.5%,23.1%
37504,欧洲攻略,8.1%,2426.59,12,17.4%,9.4%
37505,新乌龙院之笑闹江湖,6.5%,1957.64,15,12.4%,13.9%
37506,西虹市首富,4.8%,1447.95,29,4.0%,28.2%
37507,浴血广昌,0.7%,217.34,80,0.1%,100%
37508,爱情公寓,0.4%,127.82,11,1.0%,13.8%
37509,狄仁杰之四大天王,0.4%,125.05,38,0.2%,36.8%
37510,神秘世界历险记4,0.3%,107.52,20,0.4%,19.6%
37511,小偷家族,0.3%,107.45,29,0.2%,29.0%
37512,美食大冒险之英雄烩,0.3%,96.26,8,1.1%,7.3%
37513,我来自纽约,0.1%,35.50,7,0.4%,6.7%
37514,我不是药神,<0.1%,27.17,19,0.1%,22.0%
37515,风语咒,<0.1%,27.10,14,0.1%,14.8%
37516,神奇马戏团之动物饼干,<0.1%,22.29,65,<0.1%,83.5%
37517,圣诞大赢家,<0.1%,16.78,116,<0.1%,75.3%
37518,妄想症,<0.1%,15.67,105,<0.1%,79.0%
37519,太空熊猫英雄归来,<0.1%,14.17,78,<0.1%,59.3%
37520,最后的棒棒,<0.1%,13.66,7,0.1%,9.3%
37521,摩天营救,<0.1%,12.56,12,<0.1%,13.0%
37522,信仰者,<0.1%,10.63,66,<0.1%,66.2%
37523,旅行吧！井底之蛙,<0.1%,9.23,3,0.3%,3.0%
37524,李保国,<0.1%,6.13,10,<0.1%,10.1%
37525,我和神马查干,<0.1%,5.89,78,<0.1%,--
37526,整形师·脸,<0.1%,4.62,72,<0.1%,65.2%
37527,解码游戏,<0.1%,4.09,26,<0.1%,26.9%
37528,妈妈咪呀2,<0.1%,3.71,23,<0.1%,39.3%
37529,诡梦凶铃,<0.1%,3.67,129,<0.1%,91.2%
37530,心灵的阳光,<0.1%,3.32,101,<0.1%,60.3%
37531,古镇画情,<0.1%,3.15,52,<0.1%,--
37532,大三儿,<0.1%,3.14,34,<0.1%,37.3%
37533,的士速递5,<0.1%,2.90,6,<0.1%,7.1%
37534,新大头儿子和小头爸爸3：俄罗斯奇遇记,<0.1%,2.65,8,<0.1%,7.9%
37535,肆式青春,<0.1%,1.77,3,<0.1%,2.1%
37536,红海行动,<0.1%,1.77,59,<0.1%,100%
37537,勇士,<0.1%,1.50,46,<0.1%,--
37538,超人总动员2,<0.1%,1.42,22,<0.1%,32.2%
37539,淘气大侦探,<0.1%,1.25,19,<0.1%,23.7%
37540,我是路人甲,<0.1%,1.20,150,<0.1%,--
37541,初恋浅规则,<0.1%,1.20,200,<0.1%,--
37542,一出好戏,27.6%,7316.61,28,21.8%,19.1%
37543,巨齿鲨,26.0%,6885.13,31,16.8%,21.6%
37544,快把我哥带走,14.0%,3720.19,25,13.7%,22.6%
37545,精灵旅社3：疯狂假期,11.0%,2930.84,19,13.8%,16.0%
37546,新乌龙院之笑闹江湖,5.8%,1547.90,15,10.3%,14.0%
37547,西虹市首富,5.8%,1539.34,24,5.3%,23.2%
37548,欧洲攻略,5.2%,1400.01,10,12.9%,8.2%
37549,浴血广昌,0.8%,235.34,78,0.2%,100%
37550,神秘世界历险记4,0.5%,152.87,23,0.6%,22.4%
37551,狄仁杰之四大天王,0.4%,121.92,34,0.2%,33.3%
37552,爱情公寓,0.4%,119.30,10,1.0%,12.2%
37553,小偷家族,0.3%,99.34,23,0.3%,23.5%
37554,美食大冒险之英雄烩,0.3%,96.59,10,0.9%,8.9%
37555,我不是药神,0.1%,29.69,17,0.1%,19.6%
37556,风语咒,<0.1%,22.37,11,0.1%,11.1%
37557,神奇马戏团之动物饼干,<0.1%,19.38,47,<0.1%,66.5%
37558,圣诞大赢家,<0.1%,19.05,120,<0.1%,79.3%
37559,太空熊猫英雄归来,<0.1%,18.13,85,<0.1%,63.7%
37560,妄想症,<0.1%,16.77,112,<0.1%,83.7%
37561,最后的棒棒,<0.1%,14.37,8,0.1%,10.1%
37562,摩天营救,<0.1%,13.48,10,0.1%,11.2%
37563,信仰者,<0.1%,6.69,61,<0.1%,63.5%
37564,李保国,<0.1%,6.36,10,<0.1%,10.3%
37565,旅行吧！井底之蛙,<0.1%,5.99,4,0.1%,3.9%
37566,整形师·脸,<0.1%,5.50,77,<0.1%,73.7%
37567,萌学园：寻找盘古,<0.1%,4.18,90,<0.1%,100%
37568,新大头儿子和小头爸爸3：俄罗斯奇遇记,<0.1%,3.62,9,<0.1%,9.8%
37569,妈妈咪呀2,<0.1%,3.60,18,<0.1%,25.3%
37570,我和神马查干,<0.1%,3.29,46,<0.1%,--
37571,诡梦凶铃,<0.1%,3.21,197,<0.1%,100.0%
37572,的士速递5,<0.1%,3.13,7,<0.1%,7.7%
37573,大三儿,<0.1%,2.96,31,<0.1%,33.8%
37574,爸，我一定行的,<0.1%,2.90,141,<0.1%,93.9%
37575,心灵的阳光,<0.1%,2.65,81,<0.1%,82.6%
37576,古镇画情,<0.1%,2.53,33,<0.1%,--
37577,肆式青春,<0.1%,1.73,3,<0.1%,2.2%
37578,我来自纽约,<0.1%,1.56,1,0.1%,0.9%
37579,初恋浅规则,<0.1%,1.20,101,<0.1%,66.2%
37580,我是路人甲,<0.1%,1.20,100,<0.1%,--
37581,巨齿鲨,25.9%,3564.10,16,18.9%,11.0%
37582,一出好戏,25.7%,3535.98,15,22.8%,9.7%
37583,快把我哥带走,17.7%,2439.60,17,14.9%,14.7%
37584,精灵旅社3：疯狂假期,9.0%,1243.20,10,12.4%,8.4%
37585,西虹市首富,6.2%,853.65,13,6.1%,12.5%
37586,新乌龙院之笑闹江湖,5.4%,751.40,9,9.2%,8.3%
37587,欧洲攻略,4.0%,559.28,6,10.2%,4.7%
37588,浴血广昌,1.6%,221.39,78,0.2%,99.6%
37589,狄仁杰之四大天王,0.9%,123.88,30,0.3%,31.9%
37590,神秘世界历险记4,0.6%,95.19,16,0.6%,16.1%
37591,爱情公寓,0.5%,74.47,6,1.1%,7.5%
37592,神奇马戏团之动物饼干,0.3%,44.25,71,<0.1%,100%
37593,小偷家族,0.2%,40.72,9,0.3%,9.4%
37594,美食大冒险之英雄烩,0.2%,35.22,6,0.6%,5.6%
37595,我不是药神,0.1%,17.50,9,0.2%,10.7%
37596,大三儿,0.1%,16.98,4,0.5%,2.9%
37597,太空熊猫英雄归来,0.1%,14.37,66,<0.1%,62.9%
37598,圣诞大赢家,0.1%,14.32,110,<0.1%,68.3%
37599,妄想症,<0.1%,11.79,89,<0.1%,71.4%
37600,风语咒,<0.1%,10.68,6,0.1%,5.5%
37601,信仰者,<0.1%,9.68,51,<0.1%,60.6%
37602,李保国,<0.1%,8.89,10,0.1%,9.8%
37603,最后的棒棒,<0.1%,7.35,5,0.1%,4.9%
37604,文朝荣,<0.1%,5.18,29,<0.1%,37.6%
37605,摩天营救,<0.1%,4.63,7,<0.1%,8.0%
37606,整形师·脸,<0.1%,3.37,59,<0.1%,57.7%
37607,爸，我一定行的,<0.1%,3.07,157,<0.1%,95.4%
37608,我和神马查干,<0.1%,2.16,24,<0.1%,--
37609,的士速递5,<0.1%,1.85,4,<0.1%,4.9%
37610,妈妈咪呀2,<0.1%,1.76,9,<0.1%,10.9%
37611,旅行吧！井底之蛙,<0.1%,1.68,3,<0.1%,3.0%
37612,解码游戏,<0.1%,1.57,9,<0.1%,12.1%
37613,新大头儿子和小头爸爸3：俄罗斯奇遇记,<0.1%,1.33,4,<0.1%,4.4%
37614,古镇画情,<0.1%,1.22,16,<0.1%,--
37615,我是路人甲,<0.1%,1.20,100,<0.1%,--
37616,诡梦凶铃,<0.1%,1.14,128,<0.1%,100%
37617,巨齿鲨,26.5%,3350.49,15,19.9%,9.9%
37618,一出好戏,24.6%,3109.30,13,22.8%,8.7%
37619,快把我哥带走,19.0%,2394.52,15,16.2%,13.1%
37620,精灵旅社3：疯狂假期,8.5%,1078.97,9,11.8%,7.9%
37621,西虹市首富,6.7%,848.30,12,6.7%,11.4%
37622,新乌龙院之笑闹江湖,4.9%,617.99,8,8.5%,7.6%
37623,欧洲攻略,3.2%,410.89,5,8.4%,4.4%
37624,浴血广昌,1.8%,235.43,80,0.2%,99.9%
37625,狄仁杰之四大天王,0.9%,122.46,29,0.3%,31.1%
37626,神秘世界历险记4,0.7%,92.53,14,0.6%,13.4%
37627,爱情公寓,0.5%,65.82,6,1.1%,6.4%
37628,神奇马戏团之动物饼干,0.3%,45.05,74,<0.1%,100%
37629,小偷家族,0.3%,41.61,9,0.4%,8.5%
37630,我不是药神,0.1%,16.10,7,0.2%,8.4%
37631,圣诞大赢家,0.1%,15.71,108,<0.1%,75.7%
37632,妄想症,0.1%,14.91,97,<0.1%,70.0%
37633,太空熊猫英雄归来,0.1%,13.77,74,<0.1%,57.1%
37634,李保国,<0.1%,12.39,12,0.1%,12.2%
37635,大三儿,<0.1%,12.19,3,0.5%,2.0%
37636,信仰者,<0.1%,11.25,49,<0.1%,56.5%
37637,风语咒,<0.1%,10.44,5,0.2%,4.9%
37638,整形师·脸,<0.1%,7.53,91,<0.1%,66.1%
37639,最后的棒棒,<0.1%,7.20,4,0.2%,4.5%
37640,美食大冒险之英雄烩,<0.1%,5.65,4,0.1%,4.9%
37641,摩天营救,<0.1%,5.52,8,<0.1%,8.3%
37642,文朝荣,<0.1%,5.41,25,<0.1%,34.3%
37643,疯狂暑期之哈喽怪物,<0.1%,4.66,3,0.2%,2.0%
37644,我和神马查干,<0.1%,1.80,22,<0.1%,--
37645,战狼2,<0.1%,1.63,91,<0.1%,100%
37646,新大头儿子和小头爸爸3：俄罗斯奇遇记,<0.1%,1.62,4,<0.1%,4.5%
37647,妈妈咪呀2,<0.1%,1.42,8,<0.1%,9.7%
37648,的士速递5,<0.1%,1.38,3,<0.1%,3.0%
37649,解码游戏,<0.1%,1.33,8,<0.1%,9.4%
37650,我是路人甲,<0.1%,1.20,100,<0.1%,--
37651,古镇画情,<0.1%,1.09,17,<0.1%,--
37652,初恋浅规则,<0.1%,1.01,169,<0.1%,96.0%
37653,巨齿鲨,26.7%,3126.46,13,20.5%,8.9%
37654,一出好戏,23.7%,2769.04,12,22.7%,7.9%
37655,快把我哥带走,19.9%,2324.74,14,17.1%,12.0%
37656,精灵旅社3：疯狂假期,8.4%,990.49,9,11.5%,7.6%
37657,西虹市首富,7.1%,832.37,11,7.0%,10.8%
37658,新乌龙院之笑闹江湖,4.6%,540.81,7,8.1%,7.0%
37659,欧洲攻略,2.8%,334.76,5,7.5%,4.1%
37660,浴血广昌,1.8%,219.99,76,0.2%,96.1%
37661,狄仁杰之四大天王,1.0%,123.05,28,0.3%,30.9%
37662,神秘世界历险记4,0.8%,93.45,13,0.7%,12.6%
37663,爱情公寓,0.5%,59.22,5,1.1%,5.8%
37664,小偷家族,0.3%,40.08,8,0.4%,7.9%
37665,神奇马戏团之动物饼干,0.2%,30.56,106,<0.1%,100%
37666,圣诞大赢家,0.1%,22.06,115,<0.1%,78.0%
37667,我不是药神,0.1%,17.61,7,0.2%,7.9%
37668,太空熊猫英雄归来,0.1%,17.32,100,<0.1%,70.7%
37669,李保国,0.1%,15.04,14,0.1%,13.2%
37670,大三儿,0.1%,14.07,3,0.5%,2.3%
37671,妄想症,0.1%,13.59,113,<0.1%,69.8%
37672,风语咒,<0.1%,10.89,5,0.2%,5.0%
37673,信仰者,<0.1%,10.65,50,<0.1%,52.2%
37674,最后的棒棒,<0.1%,6.78,4,0.2%,4.6%
37675,摩天营救,<0.1%,6.29,7,<0.1%,7.9%
37676,文朝荣,<0.1%,4.45,20,<0.1%,23.0%
37677,整形师·脸,<0.1%,4.29,70,<0.1%,61.0%
37678,大寒,<0.1%,2.20,17,<0.1%,21.7%
37679,疯狂暑期之哈喽怪物,<0.1%,2.09,3,<0.1%,2.4%
37680,美食大冒险之英雄烩,<0.1%,1.95,3,<0.1%,3.5%
37681,我和神马查干,<0.1%,1.91,26,<0.1%,--
37682,红海行动,<0.1%,1.64,78,<0.1%,100%
37683,妈妈咪呀2,<0.1%,1.60,7,<0.1%,8.3%
37684,的士速递5,<0.1%,1.55,3,<0.1%,3.1%
37685,新大头儿子和小头爸爸3：俄罗斯奇遇记,<0.1%,1.48,4,<0.1%,4.1%
37686,真心话太冒险,<0.1%,1.45,73,<0.1%,100%
37687,勇敢往事,<0.1%,1.37,46,<0.1%,100%
37688,勇士,<0.1%,1.23,34,<0.1%,69.7%
37689,爸，我一定行的,<0.1%,1.22,176,<0.1%,90.0%
37690,我是路人甲,<0.1%,1.20,100,<0.1%,--
37691,古镇画情,<0.1%,1.14,16,<0.1%,--
37692,藏北秘岭-重返无人区,<0.1%,1.07,93,<0.1%,87.8%
37693,诡梦凶铃,<0.1%,1.06,89,<0.1%,100%
37694,我的战争,<0.1%,1.05,27,<0.1%,60.1%
37695,旅行吧！井底之蛙,<0.1%,1.01,2,<0.1%,1.9%
37696,巨齿鲨,23.6%,2718.09,12,20.5%,7.7%
37697,一出好戏,21.2%,2440.31,11,22.0%,7.1%
37698,快把我哥带走,17.9%,2066.90,12,17.3%,10.3%
37699,蚁人2：黄蜂女现身,9.0%,1036.57,45,1.9%,22.7%
37700,精灵旅社3：疯狂假期,7.9%,912.03,8,11.1%,7.1%
37701,西虹市首富,6.9%,803.17,11,7.1%,10.2%
37702,新乌龙院之笑闹江湖,4.0%,467.59,7,7.7%,6.4%
37703,欧洲攻略,2.3%,275.24,4,6.8%,3.6%
37704,浴血广昌,2.3%,268.25,77,0.2%,98.4%
37705,神秘世界历险记4,0.7%,88.01,12,0.7%,11.3%
37706,狄仁杰之四大天王,0.7%,83.24,20,0.3%,20.6%
37707,爱情公寓,0.4%,51.46,5,1.1%,5.2%
37708,爸，我一定行的,0.3%,38.60,60,<0.1%,51.8%
37709,小偷家族,0.3%,37.06,8,0.4%,7.3%
37710,神奇马戏团之动物饼干,0.2%,28.15,103,<0.1%,100%
37711,大师兄,0.2%,24.34,16,0.1%,13.7%
37712,我不是药神,0.1%,18.09,7,0.2%,8.2%
37713,圣诞大赢家,0.1%,17.11,108,<0.1%,76.9%
37714,李保国,0.1%,14.15,13,0.1%,12.2%
37715,妄想症,0.1%,12.84,105,<0.1%,74.9%
37716,太空熊猫英雄归来,0.1%,12.51,80,<0.1%,60.3%
37717,大三儿,0.1%,11.50,3,0.4%,2.0%
37718,信仰者,<0.1%,9.12,42,<0.1%,46.9%
37719,风语咒,<0.1%,8.90,4,0.2%,3.9%
37720,摩天营救,<0.1%,5.08,6,<0.1%,6.3%
37721,文朝荣,<0.1%,4.63,21,<0.1%,26.7%
37722,最后的棒棒,<0.1%,4.38,3,0.1%,3.1%
37723,整形师·脸,<0.1%,4.08,71,<0.1%,74.9%
37724,美食大冒险之英雄烩,<0.1%,2.74,4,<0.1%,4.9%
37725,的士速递5,<0.1%,2.36,5,<0.1%,5.1%
37726,出山,<0.1%,1.64,8,<0.1%,8.3%
37727,新大头儿子和小头爸爸3：俄罗斯奇遇记,<0.1%,1.64,4,<0.1%,3.8%
37728,我和神马查干,<0.1%,1.38,18,<0.1%,--
37729,黑子的篮球·终极一战,<0.1%,1.37,9,<0.1%,8.2%
37730,妈妈咪呀2,<0.1%,1.34,5,<0.1%,6.1%
37731,我是路人甲,<0.1%,1.20,100,<0.1%,--
37732,红海行动,<0.1%,1.18,47,<0.1%,65.0%
37733,旅行吧！井底之蛙,<0.1%,1.04,3,<0.1%,2.2%
37734,疯狂暑期之哈喽怪物,<0.1%,1.01,2,<0.1%,1.4%
37735,蚁人2：黄蜂女现身,62.8%,15449.11,30,43.4%,18.9%
37736,大师兄,14.1%,3485.40,16,19.7%,15.5%
37737,一出好戏,4.7%,1168.86,16,6.5%,15.6%
37738,巨齿鲨,4.6%,1146.19,15,6.3%,14.5%
37739,快把我哥带走,4.2%,1051.37,17,5.8%,16.9%
37740,爸，我一定行的,1.7%,431.40,36,1.1%,38.4%
37741,精灵旅社3：疯狂假期,1.3%,322.27,12,2.4%,12.1%
37742,深海历险记,1.1%,290.89,8,3.9%,7.6%
37743,西虹市首富,1.0%,267.66,15,1.5%,14.8%
37744,浴血广昌,1.0%,251.94,80,0.2%,100%
37745,黑子的篮球·终极一战,0.8%,199.91,6,3.8%,5.9%
37746,狄仁杰之四大天王,0.2%,60.26,27,0.1%,26.3%
37747,神秘世界历险记4,0.2%,51.47,20,0.2%,19.1%
37748,新乌龙院之笑闹江湖,0.2%,51.06,8,0.6%,9.1%
37749,奇怪的袜子精灵,0.1%,40.99,5,1.0%,4.5%
37750,惊慌失色之诡寓,0.1%,39.88,10,0.4%,11.3%
37751,天下第一镖局,<0.1%,21.96,4,0.6%,3.6%
37752,圣诞大赢家,<0.1%,21.29,113,<0.1%,81.0%
37753,信仰者,<0.1%,17.54,9,0.1%,9.4%
37754,太空熊猫英雄归来,<0.1%,16.94,98,<0.1%,70.7%
37755,神奇马戏团之动物饼干,<0.1%,16.52,146,<0.1%,100%
37756,李保国,<0.1%,16.11,19,<0.1%,18.7%
37757,欧洲攻略,<0.1%,15.17,5,0.3%,5.5%
37758,小偷家族,<0.1%,14.09,8,0.1%,8.1%
37759,妄想症,<0.1%,10.98,89,<0.1%,70.1%
37760,文朝荣,<0.1%,7.79,30,<0.1%,38.1%
37761,我不是药神,<0.1%,6.70,10,<0.1%,11.8%
37762,爱情公寓,<0.1%,6.52,4,0.1%,6.5%
37763,大三儿,<0.1%,5.60,3,0.2%,2.1%
37764,纯真年代,<0.1%,4.68,12,<0.1%,13.2%
37765,风语咒,<0.1%,4.66,4,<0.1%,3.7%
37766,我和神马查干,<0.1%,4.41,56,<0.1%,--
37767,整形师·脸,<0.1%,4.17,85,<0.1%,84.5%
37768,心灵的阳光,<0.1%,2.60,89,<0.1%,87.0%
37769,怒放的花儿,<0.1%,2.39,7,<0.1%,5.4%
37770,红海行动,<0.1%,2.13,118,<0.1%,100%
37771,古镇画情,<0.1%,2.01,31,<0.1%,--
37772,碟中谍6：全面瓦解,<0.1%,1.94,162,<0.1%,100.0%
37773,诡梦凶铃,<0.1%,1.92,108,<0.1%,100%
37774,美食大冒险之英雄烩,<0.1%,1.49,19,<0.1%,39.9%
37775,的士速递5,<0.1%,1.46,6,<0.1%,6.0%
37776,明月几时有,<0.1%,1.38,66,<0.1%,91.6%
37777,解码游戏,<0.1%,1.13,7,<0.1%,8.5%
37778,空天猎,<0.1%,1.09,122,<0.1%,76.6%
37779,最后的棒棒,<0.1%,1.03,4,<0.1%,7.3%
37780,蚁人2：黄蜂女现身,58.7%,16135.92,30,43.9%,18.9%
37781,大师兄,10.4%,2860.52,16,16.6%,14.8%
37782,巨齿鲨,6.5%,1806.24,20,7.2%,19.5%
37783,一出好戏,6.3%,1748.28,21,7.0%,21.3%
37784,快把我哥带走,6.2%,1711.20,22,7.3%,21.9%
37785,精灵旅社3：疯狂假期,2.8%,793.62,18,3.9%,18.1%
37786,爸，我一定行的,2.2%,631.10,42,1.3%,40.9%
37787,西虹市首富,1.9%,531.14,21,2.1%,21.3%
37788,深海历险记,1.3%,370.23,11,3.4%,10.9%
37789,浴血广昌,0.9%,247.49,81,0.1%,100%
37790,黑子的篮球·终极一战,0.4%,125.55,6,2.3%,6.0%
37791,神秘世界历险记4,0.2%,65.62,17,0.3%,16.4%
37792,新乌龙院之笑闹江湖,0.2%,64.80,9,0.7%,10.7%
37793,狄仁杰之四大天王,0.2%,61.22,29,0.1%,27.3%
37794,小偷家族,0.1%,38.87,17,0.1%,18.0%
37795,惊慌失色之诡寓,0.1%,28.99,8,0.3%,9.2%
37796,奇怪的袜子精灵,<0.1%,22.36,5,0.5%,4.4%
37797,欧洲攻略,<0.1%,19.20,6,0.2%,8.1%
37798,神奇马戏团之动物饼干,<0.1%,17.03,115,<0.1%,100%
37799,爱情公寓,<0.1%,17.00,9,0.1%,14.0%
37800,我不是药神,<0.1%,14.06,14,<0.1%,18.1%
37801,天下第一镖局,<0.1%,11.13,5,0.2%,4.9%
37802,大三儿,<0.1%,10.88,4,0.2%,3.5%
37803,苏丹,<0.1%,10.33,62,<0.1%,55.4%
37804,风语咒,<0.1%,8.25,7,0.1%,6.6%
37805,纯真年代,<0.1%,6.16,28,<0.1%,29.6%
37806,信仰者,<0.1%,5.84,3,0.2%,2.3%
37807,我和神马查干,<0.1%,4.59,61,<0.1%,--
37808,李保国,<0.1%,3.75,7,<0.1%,6.0%
37809,怒放的花儿,<0.1%,2.99,9,<0.1%,7.2%
37810,心灵的阳光,<0.1%,2.97,99,<0.1%,100%
37811,最后的棒棒,<0.1%,2.50,7,<0.1%,14.8%
37812,古镇画情,<0.1%,2.49,40,<0.1%,--
37813,初恋浅规则,<0.1%,1.75,195,<0.1%,--
37814,新大头儿子和小头爸爸3：俄罗斯奇遇记,<0.1%,1.68,7,<0.1%,7.1%
37815,妈妈咪呀2,<0.1%,1.52,13,<0.1%,18.1%
37816,的士速递5,<0.1%,1.49,5,<0.1%,4.2%
37817,解码游戏,<0.1%,1.45,9,<0.1%,11.4%
37818,诡梦凶铃,<0.1%,1.39,67,<0.1%,88.0%
37819,摩天营救,<0.1%,1.27,7,<0.1%,9.2%
37820,我是路人甲,<0.1%,1.10,130,<0.1%,--
37821,蚁人2：黄蜂女现身,53.8%,13877.68,27,43.0%,16.8%
37822,大师兄,10.0%,2589.19,16,14.9%,15.4%
37823,巨齿鲨,7.6%,1976.97,20,8.0%,19.5%
37824,快把我哥带走,7.5%,1935.79,22,8.1%,22.4%
37825,一出好戏,7.0%,1815.02,21,7.6%,20.4%
37826,精灵旅社3：疯狂假期,3.6%,932.53,19,4.4%,18.8%
37827,爸，我一定行的,3.0%,780.98,46,1.5%,43.8%
37828,西虹市首富,2.4%,641.37,21,2.6%,21.3%
37829,深海历险记,1.4%,380.70,12,3.2%,12.4%
37830,浴血广昌,1.0%,261.24,82,0.2%,100%
37831,黑子的篮球·终极一战,0.4%,124.44,7,1.9%,7.3%
37832,神秘世界历险记4,0.3%,82.72,19,0.4%,19.2%
37833,新乌龙院之笑闹江湖,0.3%,78.24,10,0.7%,12.1%
37834,狄仁杰之四大天王,0.2%,63.71,28,0.1%,29.5%
37835,小偷家族,0.1%,36.10,15,0.1%,16.0%
37836,惊慌失色之诡寓,<0.1%,21.22,6,0.3%,7.4%
37837,欧洲攻略,<0.1%,17.20,6,0.2%,7.2%
37838,爱情公寓,<0.1%,16.86,8,0.1%,12.2%
37839,奇怪的袜子精灵,<0.1%,15.32,4,0.4%,4.1%
37840,我不是药神,<0.1%,13.88,13,0.1%,16.3%
37841,神奇马戏团之动物饼干,<0.1%,13.33,142,<0.1%,100%
37842,风语咒,<0.1%,8.02,7,0.1%,6.5%
37843,大三儿,<0.1%,7.36,3,0.2%,2.7%
37844,信仰者,<0.1%,5.79,3,0.2%,2.3%
37845,天下第一镖局,<0.1%,5.74,3,0.2%,3.6%
37846,纯真年代,<0.1%,4.42,22,<0.1%,22.2%
37847,我和神马查干,<0.1%,3.81,48,<0.1%,--
37848,心灵的阳光,<0.1%,3.08,145,<0.1%,100%
37849,未择之路,<0.1%,2.83,95,<0.1%,100.0%
37850,怒放的花儿,<0.1%,2.58,8,<0.1%,5.9%
37851,妈妈咪呀2,<0.1%,2.41,29,<0.1%,25.6%
37852,诡梦凶铃,<0.1%,2.18,73,<0.1%,81.8%
37853,李保国,<0.1%,2.08,5,<0.1%,4.5%
37854,真心话太冒险,<0.1%,2.07,65,<0.1%,100%
37855,新大头儿子和小头爸爸3：俄罗斯奇遇记,<0.1%,1.95,8,<0.1%,7.5%
37856,的士速递5,<0.1%,1.88,7,<0.1%,6.7%
37857,最后的棒棒,<0.1%,1.69,6,<0.1%,10.8%
37858,摩天营救,<0.1%,1.60,9,<0.1%,8.8%
37859,摇滚小子,<0.1%,1.34,100,<0.1%,100%
37860,曹操与杨修,<0.1%,1.16,332,<0.1%,100.0%
37861,我是路人甲,<0.1%,1.10,130,<0.1%,--
37862,蚁人2：黄蜂女现身,48.0%,6300.56,14,41.7%,8.7%
37863,大师兄,11.1%,1457.80,11,14.0%,10.3%
37864,快把我哥带走,9.5%,1257.56,14,9.4%,13.3%
37865,巨齿鲨,8.5%,1123.17,11,9.0%,10.5%
37866,一出好戏,7.4%,983.26,11,8.5%,10.5%
37867,爸，我一定行的,3.8%,510.39,30,1.6%,27.1%
37868,精灵旅社3：疯狂假期,2.9%,383.92,10,4.0%,9.4%
37869,西虹市首富,2.8%,380.24,12,3.0%,12.1%
37870,浴血广昌,2.2%,293.50,86,0.2%,100%
37871,深海历险记,0.8%,117.18,6,2.3%,5.7%
37872,黑子的篮球·终极一战,0.4%,65.47,5,1.4%,5.3%
37873,新乌龙院之笑闹江湖,0.3%,47.92,6,0.8%,7.0%
37874,神秘世界历险记4,0.1%,25.10,8,0.3%,7.2%
37875,小偷家族,0.1%,16.38,7,0.2%,6.9%
37876,惊慌失色之诡寓,0.1%,15.72,5,0.3%,5.8%
37877,我不是药神,<0.1%,10.85,10,0.1%,12.2%
37878,欧洲攻略,<0.1%,10.69,3,0.3%,3.6%
37879,爱情公寓,<0.1%,9.39,4,0.2%,5.2%
37880,盛世秧歌,<0.1%,7.29,26,<0.1%,--
37881,信仰者,<0.1%,6.40,3,0.2%,2.4%
37882,神奇马戏团之动物饼干,<0.1%,5.97,117,<0.1%,100%
37883,李保国,<0.1%,5.32,8,<0.1%,8.0%
37884,狄仁杰之四大天王,<0.1%,5.07,4,0.1%,3.1%
37885,奇怪的袜子精灵,<0.1%,4.77,3,0.2%,2.3%
37886,风语咒,<0.1%,4.76,4,0.1%,3.4%
37887,大三儿,<0.1%,4.52,2,0.2%,1.4%
37888,苏丹,<0.1%,3.14,353,<0.1%,94.1%
37889,天下第一镖局,<0.1%,2.37,2,0.1%,1.8%
37890,我和神马查干,<0.1%,2.28,28,<0.1%,--
37891,圣诞大赢家,<0.1%,2.18,69,<0.1%,93.0%
37892,纯真年代,<0.1%,1.90,10,<0.1%,8.2%
37893,怒放的花儿,<0.1%,1.62,7,<0.1%,6.7%
37894,诡梦凶铃,<0.1%,1.60,108,<0.1%,100%
37895,文朝荣,<0.1%,1.52,13,<0.1%,17.4%
37896,最后的棒棒,<0.1%,1.35,4,<0.1%,7.0%
37897,心灵的阳光,<0.1%,1.12,42,<0.1%,37.1%
37898,我是路人甲,<0.1%,1.10,130,<0.1%,--
37899,摩天营救,<0.1%,1.04,5,<0.1%,4.8%
37900,蚁人2：黄蜂女现身,44.8%,5206.45,12,40.0%,7.5%
37901,快把我哥带走,10.7%,1253.38,13,9.9%,12.5%
37902,大师兄,10.4%,1209.64,10,12.9%,9.2%
37903,巨齿鲨,9.1%,1056.75,11,9.2%,9.7%
37904,一出好戏,7.9%,919.58,11,8.5%,10.0%
37905,爸，我一定行的,3.5%,413.47,23,1.8%,20.1%
37906,精灵旅社3：疯狂假期,3.2%,373.48,9,4.0%,9.1%
37907,西虹市首富,3.0%,348.74,12,2.7%,12.8%
37908,浴血广昌,2.5%,296.23,88,0.2%,100%
37909,深海历险记,0.8%,98.25,6,2.0%,5.5%
37910,超大号美人,0.5%,61.12,3,2.0%,2.8%
37911,黑子的篮球·终极一战,0.4%,47.10,5,1.2%,4.8%
37912,新乌龙院之笑闹江湖,0.3%,44.84,6,0.8%,6.6%
37913,摇滚小子,0.2%,31.45,6,0.7%,5.1%
37914,神秘世界历险记4,0.2%,24.65,7,0.3%,6.4%
37915,李学生,0.1%,22.26,26,0.1%,26.6%
37916,碟中谍6：全面瓦解,0.1%,17.86,268,<0.1%,100%
37917,李保国,0.1%,15.45,18,0.1%,21.6%
37918,小偷家族,0.1%,15.23,6,0.2%,5.5%
37919,惊慌失色之诡寓,0.1%,14.51,5,0.3%,5.4%
37920,我不是药神,0.1%,12.86,8,0.1%,8.4%
37921,信仰者,<0.1%,10.78,4,0.2%,4.1%
37922,欧洲攻略,<0.1%,9.70,3,0.3%,3.5%
37923,爱情公寓,<0.1%,8.83,4,0.2%,5.2%
37924,盛世秧歌,<0.1%,6.31,22,<0.1%,--
37925,曹操与杨修,<0.1%,5.98,60,<0.1%,59.7%
37926,大三儿,<0.1%,5.62,2,0.2%,1.6%
37927,风语咒,<0.1%,5.35,4,0.1%,2.8%
37928,奇怪的袜子精灵,<0.1%,3.40,3,0.1%,2.4%
37929,神奇马戏团之动物饼干,<0.1%,3.09,124,<0.1%,100%
37930,勇敢往事,<0.1%,2.94,193,<0.1%,100%
37931,我和神马查干,<0.1%,2.31,31,<0.1%,--
37932,文朝荣,<0.1%,1.91,19,<0.1%,25.5%
37933,的士速递5,<0.1%,1.53,2,<0.1%,1.2%
37934,我的战争,<0.1%,1.53,171,<0.1%,84.2%
37935,诡梦凶铃,<0.1%,1.34,123,<0.1%,81.1%
37936,明月几时有,<0.1%,1.29,106,<0.1%,77.0%
37937,纯真年代,<0.1%,1.27,8,<0.1%,5.9%
37938,面向群众,<0.1%,1.22,69,<0.1%,53.9%
37939,怒放的花儿,<0.1%,1.18,5,<0.1%,5.0%
37940,我是路人甲,<0.1%,1.10,130,<0.1%,--
37941,天下第一镖局,<0.1%,1.07,1,0.1%,1.2%
37942,摩天营救,<0.1%,1.07,5,<0.1%,4.6%
37943,蚁人2：黄蜂女现身,42.2%,4441.25,11,39.4%,6.5%
37944,快把我哥带走,11.8%,1245.05,12,10.5%,11.7%
37945,大师兄,10.1%,1070.10,9,12.6%,8.3%
37946,巨齿鲨,9.8%,1038.66,10,9.5%,9.2%
37947,一出好戏,8.3%,881.17,10,8.7%,9.3%
37948,西虹市首富,3.5%,374.71,11,3.2%,11.5%
37949,精灵旅社3：疯狂假期,3.4%,367.22,9,4.2%,8.7%
37950,爸，我一定行的,3.1%,330.77,18,1.8%,15.5%
37951,浴血广昌,2.8%,299.00,88,0.2%,100%
37952,深海历险记,0.8%,90.85,6,1.9%,5.4%
37953,超大号美人,0.4%,42.27,3,1.4%,2.8%
37954,黑子的篮球·终极一战,0.3%,41.08,4,1.1%,4.3%
37955,新乌龙院之笑闹江湖,0.3%,41.00,5,0.9%,5.8%
37956,神秘世界历险记4,0.2%,24.21,7,0.4%,6.0%
37957,李学生,0.1%,19.45,20,0.1%,19.8%
37958,李保国,0.1%,19.31,23,0.1%,25.0%
37959,信仰者,0.1%,16.62,6,0.2%,6.1%
37960,小偷家族,0.1%,14.40,6,0.2%,5.0%
37961,我不是药神,0.1%,14.19,10,0.2%,11.0%
37962,惊慌失色之诡寓,0.1%,13.22,4,0.3%,4.9%
37963,欧洲攻略,0.1%,10.74,3,0.3%,3.6%
37964,爱情公寓,<0.1%,8.38,4,0.2%,4.4%
37965,盛世秧歌,<0.1%,5.85,21,<0.1%,--
37966,风语咒,<0.1%,5.27,4,0.1%,2.8%
37967,大三儿,<0.1%,4.27,2,0.2%,1.3%
37968,神奇马戏团之动物饼干,<0.1%,3.48,140,<0.1%,100%
37969,奇怪的袜子精灵,<0.1%,3.35,3,0.1%,2.6%
37970,摇滚小子,<0.1%,3.32,3,0.1%,2.1%
37971,我的战争,<0.1%,2.48,83,<0.1%,100%
37972,的士速递5,<0.1%,2.00,3,<0.1%,1.7%
37973,勇敢往事,<0.1%,1.94,105,<0.1%,83.7%
37974,曹操与杨修,<0.1%,1.94,44,<0.1%,61.2%
37975,我和神马查干,<0.1%,1.82,24,<0.1%,--
37976,明月几时有,<0.1%,1.73,80,<0.1%,100%
37977,诡梦凶铃,<0.1%,1.58,103,<0.1%,100%
37978,文朝荣,<0.1%,1.39,14,<0.1%,15.3%
37979,狄仁杰之四大天王,<0.1%,1.32,5,<0.1%,6.2%
37980,出山,<0.1%,1.31,14,<0.1%,13.3%
37981,勇士,<0.1%,1.29,35,<0.1%,76.5%
37982,摩天营救,<0.1%,1.11,4,<0.1%,4.2%
37983,我是路人甲,<0.1%,1.10,130,<0.1%,--
37984,怒放的花儿,<0.1%,1.05,5,<0.1%,4.6%
37985,蚁人2：黄蜂女现身,36.3%,3853.54,10,38.1%,5.8%
37986,快把我哥带走,11.5%,1228.48,12,10.7%,11.0%
37987,碟中谍6：全面瓦解,9.6%,1021.91,42,2.0%,21.5%
37988,巨齿鲨,9.3%,996.98,9,9.6%,8.6%
37989,大师兄,9.1%,972.77,8,12.1%,7.8%
37990,一出好戏,7.9%,842.91,10,8.6%,8.8%
37991,西虹市首富,3.5%,377.87,11,3.4%,10.8%
37992,精灵旅社3：疯狂假期,3.4%,365.59,9,4.2%,8.4%
37993,浴血广昌,2.5%,271.51,90,0.2%,100%
37994,爸，我一定行的,2.4%,261.73,14,1.8%,11.9%
37995,深海历险记,0.7%,84.02,6,1.8%,5.3%
37996,新乌龙院之笑闹江湖,0.3%,40.22,5,0.9%,5.6%
37997,黑子的篮球·终极一战,0.3%,36.31,4,1.1%,4.0%
37998,超大号美人,0.2%,27.21,3,1.1%,2.2%
37999,神秘世界历险记4,0.2%,25.16,7,0.4%,6.1%
38000,李保国,0.1%,14.50,18,<0.1%,19.8%
38001,小偷家族,0.1%,13.99,5,0.2%,4.8%
38002,李学生,0.1%,13.71,14,0.1%,14.3%
38003,惊慌失色之诡寓,0.1%,11.69,4,0.3%,4.6%
38004,信仰者,0.1%,10.96,5,0.2%,4.4%
38005,我不是药神,0.1%,10.81,6,0.2%,6.3%
38006,欧洲攻略,<0.1%,9.80,3,0.3%,3.4%
38007,曹操与杨修,<0.1%,8.14,6,0.1%,5.9%
38008,爱情公寓,<0.1%,7.89,3,0.2%,4.4%
38009,盛世秧歌,<0.1%,5.95,21,<0.1%,--
38010,苏丹,<0.1%,5.25,7,<0.1%,6.1%
38011,风语咒,<0.1%,5.10,4,0.1%,2.8%
38012,大三儿,<0.1%,4.32,2,0.2%,1.4%
38013,奇怪的袜子精灵,<0.1%,3.88,3,0.1%,2.8%
38014,李宗伟：败者为王,<0.1%,3.71,97,<0.1%,92.0%
38015,我和神马查干,<0.1%,2.45,40,<0.1%,--
38016,美食大冒险之英雄烩,<0.1%,2.43,9,<0.1%,22.6%
38017,摇滚小子,<0.1%,2.29,3,0.1%,2.6%
38018,明月几时有,<0.1%,2.19,79,<0.1%,89.1%
38019,道高一丈,<0.1%,1.78,191,<0.1%,98.9%
38020,狄仁杰之四大天王,<0.1%,1.48,4,<0.1%,5.8%
38021,纯真年代,<0.1%,1.48,11,<0.1%,7.0%
38022,的士速递5,<0.1%,1.40,2,<0.1%,1.2%
38023,解码游戏,<0.1%,1.33,4,<0.1%,2.8%
38024,文朝荣,<0.1%,1.29,14,<0.1%,17.7%
38025,摩天营救,<0.1%,1.26,4,<0.1%,4.3%
38026,初恋浅规则,<0.1%,1.18,165,<0.1%,100%
38027,策反,<0.1%,1.17,95,<0.1%,82.9%
38028,出山,<0.1%,1.09,11,<0.1%,13.3%
38029,新大头儿子和小头爸爸3：俄罗斯奇遇记,<0.1%,1.05,4,<0.1%,3.9%
38030,碟中谍6：全面瓦解,75.8%,16823.30,33,48.7%,21.9%
38031,蚁人2：黄蜂女现身,9.8%,2175.77,15,14.3%,13.8%
38032,苏丹,2.8%,625.79,6,12.5%,5.8%
38033,快把我哥带走,2.7%,613.28,16,4.2%,17.0%
38034,一出好戏,1.2%,287.87,12,2.4%,13.5%
38035,巨齿鲨,1.0%,238.50,10,2.3%,10.7%
38036,精灵旅社3：疯狂假期,0.9%,212.25,11,2.0%,11.6%
38037,浴血广昌,0.9%,208.18,84,0.1%,100%
38038,大师兄,0.8%,181.35,9,2.2%,9.7%
38039,爸，我一定行的,0.7%,166.02,22,0.7%,21.6%
38040,西虹市首富,0.6%,149.83,14,1.1%,15.8%
38041,藏北秘岭-重返无人区,0.5%,133.00,5,3.1%,4.5%
38042,足球王者,0.3%,78.79,5,1.8%,5.4%
38043,男生宿舍,0.1%,38.86,7,0.7%,7.6%
38044,深海历险记,0.1%,34.48,7,0.6%,7.7%
38045,神秘世界历险记4,<0.1%,18.63,8,0.2%,7.5%
38046,李学生,<0.1%,16.49,28,<0.1%,27.4%
38047,信仰者,<0.1%,11.60,8,0.1%,7.6%
38048,李保国,<0.1%,10.08,16,<0.1%,16.1%
38049,新乌龙院之笑闹江湖,<0.1%,9.12,5,0.2%,6.9%
38050,小偷家族,<0.1%,8.84,7,0.1%,5.4%
38051,我们的青春岁月,<0.1%,6.60,92,<0.1%,71.2%
38052,我不是药神,<0.1%,6.34,8,<0.1%,7.8%
38053,爱情公寓,<0.1%,5.72,8,<0.1%,12.6%
38054,曹操与杨修,<0.1%,4.77,6,<0.1%,6.2%
38055,欧洲攻略,<0.1%,4.75,7,<0.1%,11.8%
38056,风语咒,<0.1%,4.64,4,0.1%,2.9%
38057,盛世秧歌,<0.1%,4.39,16,<0.1%,--
38058,黑子的篮球·终极一战,<0.1%,4.36,5,0.1%,6.0%
38059,超大号美人,<0.1%,3.61,3,0.1%,3.5%
38060,惊慌失色之诡寓,<0.1%,3.17,4,0.1%,5.3%
38061,大三儿,<0.1%,3.09,3,0.1%,2.5%
38062,解码游戏,<0.1%,2.43,7,<0.1%,5.2%
38063,道高一丈,<0.1%,2.22,112,<0.1%,100.0%
38064,心灵的阳光,<0.1%,2.18,85,<0.1%,83.3%
38065,奇怪的袜子精灵,<0.1%,2.17,4,<0.1%,4.7%
38066,萌宠入殓师,<0.1%,2.10,1,0.2%,1.0%
38067,诡梦凶铃,<0.1%,1.90,125,<0.1%,100%
38068,文朝荣,<0.1%,1.71,24,<0.1%,33.5%
38069,的士速递5,<0.1%,1.69,2,<0.1%,1.3%
38070,红海行动,<0.1%,1.41,68,<0.1%,100%
38071,明月几时有,<0.1%,1.40,48,<0.1%,91.3%
38072,出山,<0.1%,1.33,31,<0.1%,45.1%
38073,初恋浅规则,<0.1%,1.33,110,<0.1%,65.8%
38074,面向群众,<0.1%,1.25,56,<0.1%,82.3%
38075,古镇画情,<0.1%,1.19,27,<0.1%,--
38076,碟中谍6：全面瓦解,71.8%,19691.55,36,49.0%,24.4%
38077,蚁人2：黄蜂女现身,11.5%,3157.94,20,15.3%,18.3%
38078,快把我哥带走,3.4%,941.27,17,5.8%,18.2%
38079,苏丹,2.7%,751.37,11,8.0%,11.2%
38080,精灵旅社3：疯狂假期,2.1%,578.22,16,3.7%,15.8%
38081,一出好戏,1.7%,484.68,15,3.1%,17.1%
38082,巨齿鲨,1.4%,394.16,13,2.9%,13.4%
38083,西虹市首富,1.0%,276.38,17,1.6%,19.5%
38084,爸，我一定行的,0.8%,244.07,28,0.9%,27.5%
38085,大师兄,0.7%,197.02,9,2.2%,10.6%
38086,浴血广昌,0.5%,156.94,81,0.1%,100%
38087,藏北秘岭-重返无人区,0.4%,133.94,8,1.8%,7.9%
38088,深海历险记,0.3%,87.68,10,1.0%,10.6%
38089,足球王者,0.1%,41.00,5,1.1%,4.3%
38090,神秘世界历险记4,0.1%,40.22,11,0.4%,11.1%
38091,男生宿舍,0.1%,36.81,8,0.5%,8.9%
38092,新乌龙院之笑闹江湖,<0.1%,15.71,7,0.2%,9.6%
38093,阿尔法：狼伴归途,<0.1%,15.34,128,<0.1%,97.0%
38094,小偷家族,<0.1%,13.07,9,0.1%,7.4%
38095,我不是药神,<0.1%,10.50,12,0.1%,11.9%
38096,黑子的篮球·终极一战,<0.1%,7.87,7,0.1%,8.6%
38097,传奇的诞生,<0.1%,7.32,71,<0.1%,70.1%
38098,风语咒,<0.1%,6.07,5,0.1%,3.9%
38099,信仰者,<0.1%,5.96,6,0.1%,6.2%
38100,曹操与杨修,<0.1%,5.33,10,<0.1%,9.6%
38101,惊慌失色之诡寓,<0.1%,4.96,5,0.1%,6.9%
38102,李学生,<0.1%,4.10,9,<0.1%,7.9%
38103,大三儿,<0.1%,3.64,4,0.1%,3.2%
38104,超大号美人,<0.1%,3.37,4,0.1%,3.7%
38105,解码游戏,<0.1%,3.33,10,<0.1%,8.3%
38106,李保国,<0.1%,2.99,7,<0.1%,7.4%
38107,未择之路,<0.1%,2.91,92,<0.1%,56.8%
38108,爱情公寓,<0.1%,2.88,4,<0.1%,5.6%
38109,奇怪的袜子精灵,<0.1%,2.64,4,<0.1%,4.7%
38110,的士速递5,<0.1%,2.26,3,<0.1%,2.2%
38111,初恋浅规则,<0.1%,1.66,110,<0.1%,90.1%
38112,新大头儿子和小头爸爸3：俄罗斯奇遇记,<0.1%,1.15,5,<0.1%,5.3%
38113,欧洲攻略,<0.1%,1.08,2,<0.1%,2.9%
38114,碟中谍6：全面瓦解,69.7%,15545.03,29,48.5%,19.6%
38115,蚁人2：黄蜂女现身,11.1%,2482.78,16,15.4%,14.3%
38116,快把我哥带走,3.8%,855.02,14,6.3%,15.1%
38117,苏丹,2.9%,665.63,11,6.9%,11.5%
38118,精灵旅社3：疯狂假期,2.6%,593.91,15,4.1%,15.0%
38119,一出好戏,1.9%,445.05,13,3.4%,14.2%
38120,巨齿鲨,1.6%,361.53,11,3.2%,11.3%
38121,西虹市首富,1.2%,272.52,14,1.9%,16.1%
38122,爸，我一定行的,0.9%,209.11,23,0.9%,22.2%
38123,大师兄,0.8%,186.97,9,2.1%,10.1%
38124,浴血广昌,0.7%,165.30,84,0.1%,100%
38125,藏北秘岭-重返无人区,0.6%,136.22,9,1.6%,8.9%
38126,深海历险记,0.4%,103.67,12,1.0%,12.3%
38127,神秘世界历险记4,0.1%,37.92,10,0.4%,9.9%
38128,足球王者,0.1%,36.36,5,0.9%,4.7%
38129,男生宿舍,0.1%,24.74,6,0.5%,6.4%
38130,那些女人,<0.1%,21.94,79,<0.1%,100%
38131,新乌龙院之笑闹江湖,<0.1%,15.65,7,0.2%,8.4%
38132,我不是药神,<0.1%,13.60,20,0.1%,21.7%
38133,小偷家族,<0.1%,11.77,8,0.1%,6.8%
38134,黑子的篮球·终极一战,<0.1%,7.73,7,0.1%,8.1%
38135,风语咒,<0.1%,5.75,5,0.1%,3.6%
38136,曹操与杨修,<0.1%,4.53,9,<0.1%,8.9%
38137,惊慌失色之诡寓,<0.1%,3.89,4,0.1%,5.2%
38138,李学生,<0.1%,3.74,9,<0.1%,8.2%
38139,大三儿,<0.1%,3.41,4,0.1%,3.1%
38140,超大号美人,<0.1%,2.83,3,0.1%,3.1%
38141,未择之路,<0.1%,2.43,86,<0.1%,54.5%
38142,奇怪的袜子精灵,<0.1%,2.43,4,<0.1%,4.4%
38143,的士速递5,<0.1%,2.22,4,<0.1%,2.7%
38144,欧洲攻略,<0.1%,2.07,3,<0.1%,4.7%
38145,爱情公寓,<0.1%,2.07,3,<0.1%,4.4%
38146,诡梦凶铃,<0.1%,1.99,143,<0.1%,100%
38147,信仰者,<0.1%,1.88,2,0.1%,2.0%
38148,解码游戏,<0.1%,1.66,6,<0.1%,4.6%
38149,新大头儿子和小头爸爸3：俄罗斯奇遇记,<0.1%,1.57,6,<0.1%,5.5%
38150,传奇的诞生,<0.1%,1.36,66,<0.1%,75.3%
38151,草戒指,<0.1%,1.21,304,<0.1%,100.0%
38152,碟中谍6：全面瓦解,68.1%,5956.76,13,46.4%,8.7%
38153,蚁人2：黄蜂女现身,9.7%,850.67,6,16.2%,5.1%
38154,快把我哥带走,4.0%,350.39,6,7.1%,6.0%
38155,苏丹,3.3%,295.04,6,6.7%,5.7%
38156,一出好戏,2.4%,217.09,6,4.1%,6.2%
38157,那些女人,2.3%,209.22,10,1.6%,10.3%
38158,浴血广昌,2.0%,181.58,83,0.1%,100%
38159,巨齿鲨,1.9%,173.27,5,3.8%,4.8%
38160,西虹市首富,1.4%,128.33,7,2.3%,6.7%
38161,爸，我一定行的,0.9%,86.65,10,0.9%,10.1%
38162,大师兄,0.6%,59.56,4,2.2%,3.4%
38163,藏北秘岭-重返无人区,0.6%,56.67,4,1.6%,4.0%
38164,精灵旅社3：疯狂假期,0.6%,56.19,3,2.6%,2.3%
38165,李学生,0.5%,44.09,59,<0.1%,59.4%
38166,男生宿舍,0.1%,16.84,5,0.5%,4.7%
38167,我不是药神,<0.1%,7.97,8,0.1%,7.9%
38168,新乌龙院之笑闹江湖,<0.1%,7.25,3,0.3%,3.4%
38169,足球王者,<0.1%,5.49,2,0.4%,1.5%
38170,深海历险记,<0.1%,4.60,2,0.5%,1.2%
38171,信仰者,<0.1%,3.40,4,0.1%,3.4%
38172,惊慌失色之诡寓,<0.1%,2.89,3,0.1%,3.3%
38173,李保国,<0.1%,2.64,6,<0.1%,6.2%
38174,曹操与杨修,<0.1%,2.63,6,<0.1%,5.7%
38175,黑子的篮球·终极一战,<0.1%,2.59,3,0.1%,3.3%
38176,小偷家族,<0.1%,2.57,6,<0.1%,7.9%
38177,神秘世界历险记4,<0.1%,1.80,2,0.2%,0.9%
38178,爱情公寓,<0.1%,1.76,4,0.1%,5.6%
38179,我是路人甲,<0.1%,1.20,100,<0.1%,--
38180,大三儿,<0.1%,1.11,1,0.1%,0.9%
38181,初恋浅规则,<0.1%,1.05,63,<0.1%,76.4%
38182,超大号美人,<0.1%,1.01,2,<0.1%,1.4%
38183,碟中谍6：全面瓦解,66.7%,5091.23,12,45.9%,7.6%
38184,蚁人2：黄蜂女现身,10.1%,774.46,6,16.2%,4.7%
38185,快把我哥带走,4.4%,336.84,6,7.5%,5.5%
38186,苏丹,3.6%,276.64,6,6.5%,5.5%
38187,一出好戏,2.8%,217.69,6,4.5%,5.8%
38188,浴血广昌,2.2%,171.31,76,0.1%,100%
38189,巨齿鲨,2.2%,169.78,5,4.2%,4.3%
38190,西虹市首富,1.6%,128.37,6,2.6%,6.0%
38191,那些女人,1.5%,119.45,7,1.3%,7.7%
38192,爸，我一定行的,0.9%,74.82,9,1.0%,8.5%
38193,大师兄,0.7%,58.14,3,2.3%,3.3%
38194,藏北秘岭-重返无人区,0.6%,49.88,4,1.5%,3.9%
38195,精灵旅社3：疯狂假期,0.6%,48.56,3,2.4%,2.2%
38196,李学生,0.2%,15.97,25,<0.1%,27.4%
38197,男生宿舍,0.2%,15.33,4,0.5%,4.3%
38198,信仰者,0.1%,8.23,7,0.1%,7.4%
38199,我不是药神,<0.1%,7.55,7,0.1%,6.9%
38200,新乌龙院之笑闹江湖,<0.1%,7.49,3,0.3%,3.2%
38201,大寒,<0.1%,4.44,81,<0.1%,68.1%
38202,深海历险记,<0.1%,4.08,2,0.5%,1.1%
38203,道高一丈,<0.1%,4.00,154,<0.1%,67.1%
38204,李保国,<0.1%,2.94,6,<0.1%,6.1%
38205,小偷家族,<0.1%,2.88,6,<0.1%,8.3%
38206,惊慌失色之诡寓,<0.1%,2.39,2,0.1%,2.6%
38207,足球王者,<0.1%,2.28,1,0.3%,0.8%
38208,黑子的篮球·终极一战,<0.1%,2.20,3,0.1%,2.7%
38209,超大号美人,<0.1%,1.49,2,<0.1%,2.2%
38210,曹操与杨修,<0.1%,1.40,4,<0.1%,2.9%
38211,我是路人甲,<0.1%,1.20,100,<0.1%,--
38212,大三儿,<0.1%,1.18,2,0.1%,0.9%
38213,爱情公寓,<0.1%,1.06,2,0.1%,1.9%
38214,碟中谍6：全面瓦解,65.2%,4316.16,10,45.5%,6.6%
38215,蚁人2：黄蜂女现身,10.4%,690.40,5,16.0%,4.3%
38216,快把我哥带走,4.6%,307.70,5,7.6%,4.9%
38217,苏丹,3.8%,251.82,5,6.5%,5.1%
38218,一出好戏,3.2%,212.52,5,4.7%,5.4%
38219,巨齿鲨,2.4%,165.11,4,4.4%,4.0%
38220,浴血广昌,2.2%,149.52,76,0.1%,100%
38221,西虹市首富,1.8%,124.51,5,2.8%,5.5%
38222,爸，我一定行的,0.9%,65.05,8,0.9%,7.6%
38223,那些女人,0.9%,63.68,4,1.3%,4.3%
38224,大师兄,0.8%,55.27,3,2.3%,3.0%
38225,藏北秘岭-重返无人区,0.6%,43.56,4,1.5%,3.6%
38226,精灵旅社3：疯狂假期,0.6%,40.27,2,2.3%,1.9%
38227,李学生,0.2%,17.73,28,<0.1%,31.4%
38228,信仰者,0.2%,16.16,13,0.1%,14.2%
38229,男生宿舍,0.2%,14.15,4,0.5%,4.0%
38230,反贪风暴3,0.1%,9.74,218,<0.1%,--
38231,大寒,0.1%,8.93,95,<0.1%,70.1%
38232,新乌龙院之笑闹江湖,0.1%,7.37,3,0.4%,2.8%
38233,李保国,<0.1%,5.85,9,<0.1%,11.6%
38234,我不是药神,<0.1%,5.35,4,0.1%,3.6%
38235,深海历险记,<0.1%,3.02,1,0.4%,1.0%
38236,小偷家族,<0.1%,2.76,6,<0.1%,7.1%
38237,惊慌失色之诡寓,<0.1%,2.68,3,0.1%,2.9%
38238,道高一丈,<0.1%,2.30,125,<0.1%,62.7%
38239,足球王者,<0.1%,2.04,1,0.3%,1.0%
38240,红海行动,<0.1%,2.04,57,<0.1%,100%
38241,黑子的篮球·终极一战,<0.1%,1.94,2,0.1%,2.1%
38242,战狼2,<0.1%,1.87,40,<0.1%,100%
38243,传奇的诞生,<0.1%,1.87,103,<0.1%,100%
38244,曹操与杨修,<0.1%,1.80,4,<0.1%,3.1%
38245,奇怪的袜子精灵,<0.1%,1.59,8,<0.1%,11.1%
38246,大三儿,<0.1%,1.14,2,0.1%,1.0%
38247,超大号美人,<0.1%,1.03,2,<0.1%,1.7%
38248,爱情公寓,<0.1%,1.00,2,0.1%,1.6%
38249,碟中谍6：全面瓦解,64.0%,3760.72,9,44.2%,5.9%
38250,蚁人2：黄蜂女现身,10.3%,610.14,5,15.2%,4.0%
38251,快把我哥带走,4.4%,262.86,5,7.2%,4.4%
38252,苏丹,3.6%,216.26,5,5.9%,4.7%
38253,一出好戏,3.2%,189.86,5,4.6%,4.9%
38254,巨齿鲨,2.5%,147.99,4,4.2%,3.7%
38255,道高一丈,2.3%,140.18,5,3.9%,3.9%
38256,浴血广昌,2.0%,119.94,69,0.1%,100%
38257,西虹市首富,1.9%,114.93,5,2.7%,5.1%
38258,爸，我一定行的,0.9%,54.07,7,0.9%,6.8%
38259,大师兄,0.8%,49.82,3,2.3%,2.9%
38260,藏北秘岭-重返无人区,0.6%,37.26,4,1.3%,3.3%
38261,精灵旅社3：疯狂假期,0.5%,30.08,2,2.1%,1.5%
38262,那些女人,0.3%,19.63,2,1.2%,1.9%
38263,信仰者,0.2%,17.49,13,0.1%,11.4%
38264,李学生,0.2%,15.08,24,<0.1%,27.1%
38265,男生宿舍,0.2%,12.13,4,0.4%,4.0%
38266,未择之路,0.1%,7.67,148,<0.1%,100.0%
38267,新乌龙院之笑闹江湖,0.1%,7.19,3,0.4%,2.8%
38268,我不是药神,<0.1%,4.98,4,0.1%,3.3%
38269,反贪风暴3,<0.1%,4.40,134,<0.1%,78.6%
38270,足球王者,<0.1%,3.47,2,0.2%,1.7%
38271,李保国,<0.1%,3.40,5,0.1%,4.4%
38272,传奇的诞生,<0.1%,3.27,10,<0.1%,10.0%
38273,大寒,<0.1%,2.94,68,<0.1%,53.6%
38274,小偷家族,<0.1%,2.93,6,<0.1%,7.5%
38275,惊慌失色之诡寓,<0.1%,2.43,2,0.1%,2.7%
38276,深海历险记,<0.1%,1.76,1,0.4%,0.6%
38277,黑子的篮球·终极一战,<0.1%,1.71,2,0.1%,2.2%
38278,曹操与杨修,<0.1%,1.65,4,<0.1%,3.8%
38279,超大号美人,<0.1%,1.37,3,<0.1%,2.6%
38280,大三儿,<0.1%,1.32,2,0.1%,1.1%
38281,阿尔法：狼伴归途,<0.1%,1.04,3,<0.1%,9.1%
38282,爱情公寓,<0.1%,1.00,2,0.1%,1.7%
38283,碟中谍6：全面瓦解,52.8%,5269.31,16,30.5%,9.8%
38284,阿尔法：狼伴归途,22.1%,2209.76,10,21.8%,8.1%
38285,蚁人2：黄蜂女现身,5.6%,565.26,8,6.5%,7.5%
38286,传奇的诞生,4.6%,465.82,5,12.2%,4.0%
38287,道高一丈,3.7%,378.54,4,11.5%,3.3%
38288,李宗伟：败者为王,1.9%,196.74,5,4.5%,5.1%
38289,快把我哥带走,1.9%,191.49,8,2.5%,7.9%
38290,一出好戏,1.0%,102.98,7,1.4%,7.8%
38291,西虹市首富,0.8%,80.56,9,0.9%,9.6%
38292,苏丹,0.6%,66.85,8,0.9%,8.3%
38293,巨齿鲨,0.5%,59.32,5,1.0%,5.4%
38294,浴血广昌,0.5%,57.53,58,<0.1%,85.6%
38295,藏北秘岭-重返无人区,0.4%,42.51,16,0.2%,21.4%
38296,爸，我一定行的,0.4%,40.27,13,0.3%,13.0%
38297,精灵旅社3：疯狂假期,0.3%,39.12,4,1.0%,3.9%
38298,吻隐者,0.3%,34.32,3,1.1%,3.2%
38299,草戒指,0.3%,31.52,7,0.5%,7.0%
38300,信仰者,0.1%,18.84,22,<0.1%,21.1%
38301,李学生,0.1%,16.74,33,<0.1%,45.7%
38302,大师兄,0.1%,15.62,5,0.3%,5.5%
38303,男生宿舍,<0.1%,7.36,6,0.1%,6.1%
38304,李保国,<0.1%,6.74,9,<0.1%,8.5%
38305,深海历险记,<0.1%,6.15,4,0.2%,3.8%
38306,那些女人,<0.1%,4.69,1,0.4%,1.0%
38307,我不是药神,<0.1%,4.50,7,<0.1%,5.6%
38308,大寒,<0.1%,3.94,137,<0.1%,87.3%
38309,新乌龙院之笑闹江湖,<0.1%,2.94,3,0.1%,4.3%
38310,足球王者,<0.1%,1.90,4,<0.1%,3.9%
38311,惊慌失色之诡寓,<0.1%,1.88,3,<0.1%,3.4%
38312,小偷家族,<0.1%,1.84,9,<0.1%,12.5%
38313,曹操与杨修,<0.1%,1.74,8,<0.1%,8.3%
38314,未择之路,<0.1%,1.65,102,<0.1%,80.4%
38315,红海行动,<0.1%,1.59,60,<0.1%,100%
38316,说走就走之不说再见,<0.1%,1.41,61,<0.1%,32.2%
38317,勇敢往事,<0.1%,1.01,83,<0.1%,72.7%
38318,碟中谍6：全面瓦解,55.8%,9359.73,25,33.7%,15.7%
38319,阿尔法：狼伴归途,16.4%,2749.34,13,20.8%,10.2%
38320,蚁人2：黄蜂女现身,8.3%,1407.18,16,8.4%,14.5%
38321,传奇的诞生,4.0%,684.83,10,7.3%,9.9%
38322,快把我哥带走,3.1%,520.28,15,3.5%,15.3%
38323,精灵旅社3：疯狂假期,1.8%,314.02,13,2.5%,12.2%
38324,道高一丈,1.6%,273.18,5,6.4%,4.5%
38325,一出好戏,1.4%,248.25,12,2.0%,12.6%
38326,西虹市首富,1.2%,206.67,14,1.4%,15.2%
38327,李宗伟：败者为王,0.9%,159.99,7,2.6%,7.0%
38328,赛尔号大电影6：圣者无敌,0.9%,159.91,7,2.8%,6.8%
38329,巨齿鲨,0.9%,155.80,10,1.5%,9.7%
38330,苏丹,0.7%,119.40,11,1.1%,11.7%
38331,爸，我一定行的,0.4%,76.54,17,0.4%,16.9%
38332,藏北秘岭-重返无人区,0.4%,68.65,25,0.2%,32.8%
38333,疯狂丑小鸭,0.3%,53.24,6,1.1%,5.2%
38334,大师兄,0.1%,31.27,7,0.5%,8.0%
38335,深海历险记,0.1%,20.56,7,0.3%,8.3%
38336,浴血广昌,<0.1%,16.26,62,<0.1%,66.5%
38337,吻隐者,<0.1%,11.87,3,0.4%,3.0%
38338,男生宿舍,<0.1%,11.77,6,0.2%,6.5%
38339,那些女人,<0.1%,11.53,3,0.4%,3.0%
38340,草戒指,<0.1%,7.02,5,0.1%,5.5%
38341,新乌龙院之笑闹江湖,<0.1%,6.75,6,0.1%,7.8%
38342,神秘世界历险记4,<0.1%,6.58,7,0.1%,7.1%
38343,信仰者,<0.1%,5.55,11,<0.1%,12.4%
38344,小偷家族,<0.1%,4.52,14,<0.1%,17.3%
38345,惊慌失色之诡寓,<0.1%,3.89,4,0.1%,5.5%
38346,大寒,<0.1%,2.48,55,<0.1%,46.2%
38347,足球王者,<0.1%,2.42,5,<0.1%,5.0%
38348,李保国,<0.1%,2.30,5,<0.1%,5.0%
38349,黑子的篮球·终极一战,<0.1%,2.29,5,<0.1%,6.2%
38350,李学生,<0.1%,2.27,9,<0.1%,7.6%
38351,禹神传之寻找神力,<0.1%,2.22,3,0.1%,2.0%
38352,曹操与杨修,<0.1%,2.09,8,<0.1%,8.8%
38353,红海行动,<0.1%,1.44,48,<0.1%,100%
38354,爱情公寓,<0.1%,1.14,3,<0.1%,4.5%
38355,大三儿,<0.1%,1.10,4,<0.1%,3.2%
38356,未择之路,<0.1%,1.09,53,<0.1%,52.6%
38357,战狼2,<0.1%,1.01,31,<0.1%,62.1%
38358,碟中谍6：全面瓦解,53.4%,6998.07,19,34.3%,11.7%
38359,阿尔法：狼伴归途,15.7%,2063.04,10,19.6%,8.3%
38360,蚁人2：黄蜂女现身,8.7%,1143.61,12,9.3%,10.7%
38361,传奇的诞生,4.4%,576.87,9,6.9%,9.0%
38362,快把我哥带走,3.5%,459.16,12,4.1%,11.5%
38363,精灵旅社3：疯狂假期,2.5%,332.65,12,2.9%,11.2%
38364,一出好戏,1.7%,226.07,10,2.2%,10.1%
38365,西虹市首富,1.4%,188.58,11,1.7%,11.5%
38366,道高一丈,1.3%,174.45,4,5.3%,3.5%
38367,赛尔号大电影6：圣者无敌,1.2%,157.53,7,2.7%,7.1%
38368,李宗伟：败者为王,1.1%,152.05,7,2.3%,7.6%
38369,巨齿鲨,1.1%,148.46,8,1.7%,8.1%
38370,苏丹,0.7%,94.29,9,1.1%,9.4%
38371,爸，我一定行的,0.5%,69.12,15,0.4%,14.2%
38372,藏北秘岭-重返无人区,0.3%,48.86,18,0.2%,22.0%
38373,疯狂丑小鸭,0.3%,44.31,5,0.9%,5.3%
38374,大师兄,0.1%,25.47,5,0.5%,6.0%
38375,浴血广昌,0.1%,25.05,74,<0.1%,87.4%
38376,深海历险记,0.1%,22.68,8,0.3%,8.3%
38377,反贪风暴3,0.1%,16.96,202,<0.1%,97.3%
38378,那些女人,<0.1%,12.11,3,0.4%,3.2%
38379,吻隐者,<0.1%,10.78,4,0.3%,3.9%
38380,信仰者,<0.1%,8.92,16,<0.1%,16.3%
38381,神秘世界历险记4,<0.1%,8.68,8,0.1%,8.2%
38382,新乌龙院之笑闹江湖,<0.1%,8.14,6,0.1%,7.7%
38383,男生宿舍,<0.1%,6.89,4,0.2%,4.0%
38384,曹操与杨修,<0.1%,6.37,24,<0.1%,22.2%
38385,说走就走之不说再见,<0.1%,5.70,163,<0.1%,100.0%
38386,草戒指,<0.1%,4.77,4,0.1%,4.8%
38387,小偷家族,<0.1%,4.41,12,<0.1%,13.9%
38388,未择之路,<0.1%,3.13,134,<0.1%,70.0%
38389,惊慌失色之诡寓,<0.1%,3.01,3,0.1%,4.2%
38390,大寒,<0.1%,2.50,82,<0.1%,59.9%
38391,找到你,<0.1%,2.30,72,<0.1%,--
38392,黑子的篮球·终极一战,<0.1%,2.11,5,<0.1%,5.8%
38393,禹神传之寻找神力,<0.1%,2.03,4,<0.1%,4.3%
38394,足球王者,<0.1%,2.02,4,<0.1%,3.9%
38395,我不是药神,<0.1%,1.83,10,<0.1%,11.2%
38396,李保国,<0.1%,1.52,4,<0.1%,3.6%
38397,初恋浅规则,<0.1%,1.14,71,<0.1%,66.4%
38398,大三儿,<0.1%,1.10,4,<0.1%,4.1%
38399,镰仓物语,<0.1%,1.09,124,<0.1%,100.0%
38400,李学生,<0.1%,1.02,5,<0.1%,5.6%
38401,碟中谍6：全面瓦解,54.1%,2644.83,8,35.0%,4.9%
38402,阿尔法：狼伴归途,15.0%,735.08,5,19.0%,3.5%
38403,蚁人2：黄蜂女现身,8.5%,415.71,5,10.4%,3.8%
38404,传奇的诞生,4.9%,242.19,5,7.0%,4.1%
38405,快把我哥带走,3.8%,187.63,5,4.6%,4.6%
38406,一出好戏,2.1%,106.86,5,2.3%,5.0%
38407,西虹市首富,2.0%,100.07,5,2.1%,5.5%
38408,巨齿鲨,1.4%,70.60,4,1.8%,3.9%
38409,道高一丈,1.4%,69.28,2,4.7%,1.7%
38410,苏丹,1.0%,51.59,5,1.4%,4.5%
38411,李宗伟：败者为王,0.7%,37.77,3,2.2%,2.2%
38412,爸，我一定行的,0.6%,31.53,7,0.5%,6.9%
38413,精灵旅社3：疯狂假期,0.6%,31.37,3,1.5%,2.2%
38414,浴血广昌,0.4%,24.35,63,<0.1%,76.9%
38415,大师兄,0.4%,22.66,4,0.7%,4.4%
38416,藏北秘岭-重返无人区,0.4%,21.78,7,0.3%,9.5%
38417,信仰者,0.2%,10.79,1,1.8%,0.6%
38418,赛尔号大电影6：圣者无敌,0.2%,10.46,2,1.2%,1.1%
38419,男生宿舍,0.1%,6.10,4,0.2%,3.5%
38420,那些女人,0.1%,6.07,3,0.2%,2.5%
38421,守望一生,0.1%,5.37,13,<0.1%,15.0%
38422,李保国,<0.1%,4.74,9,<0.1%,8.1%
38423,新乌龙院之笑闹江湖,<0.1%,4.33,3,0.2%,3.3%
38424,大寒,<0.1%,4.16,100,<0.1%,63.9%
38425,李学生,<0.1%,2.99,10,<0.1%,9.6%
38426,疯狂丑小鸭,<0.1%,2.95,2,0.3%,1.1%
38427,草戒指,<0.1%,2.54,3,0.1%,3.2%
38428,勇敢往事,<0.1%,2.22,93,<0.1%,92.9%
38429,我不是药神,<0.1%,2.13,7,<0.1%,8.8%
38430,吻隐者,<0.1%,2.11,2,0.2%,1.2%
38431,惊慌失色之诡寓,<0.1%,1.97,2,0.1%,2.8%
38432,深海历险记,<0.1%,1.96,2,0.1%,2.1%
38433,小偷家族,<0.1%,1.82,5,<0.1%,5.5%
38434,反贪风暴3,<0.1%,1.74,47,<0.1%,40.5%
38435,碟中谍6：全面瓦解,53.9%,2280.49,7,35.3%,4.2%
38436,阿尔法：狼伴归途,14.7%,621.38,4,18.7%,3.1%
38437,蚁人2：黄蜂女现身,8.9%,376.55,4,10.8%,3.4%
38438,传奇的诞生,5.0%,212.91,4,6.9%,3.6%
38439,快把我哥带走,3.9%,165.83,4,4.9%,3.8%
38440,一出好戏,2.4%,103.43,5,2.6%,4.4%
38441,西虹市首富,2.3%,98.08,5,2.3%,4.8%
38442,道高一丈,1.3%,55.22,2,4.3%,1.5%
38443,巨齿鲨,1.2%,51.95,4,1.6%,3.2%
38444,苏丹,0.9%,41.05,4,1.5%,3.5%
38445,李宗伟：败者为王,0.6%,26.67,2,2.1%,1.6%
38446,爸，我一定行的,0.5%,25.04,6,0.5%,5.4%
38447,精灵旅社3：疯狂假期,0.5%,23.19,2,1.3%,1.8%
38448,浴血广昌,0.4%,20.02,62,<0.1%,71.7%
38449,信仰者,0.4%,18.59,2,1.8%,1.0%
38450,藏北秘岭-重返无人区,0.4%,18.17,6,0.4%,6.7%
38451,大师兄,0.3%,15.78,3,0.8%,2.6%
38452,赛尔号大电影6：圣者无敌,0.1%,7.46,1,1.0%,0.9%
38453,李学生,0.1%,6.80,20,<0.1%,20.2%
38454,男生宿舍,0.1%,5.44,3,0.2%,3.1%
38455,大寒,0.1%,4.68,99,<0.1%,68.9%
38456,新乌龙院之笑闹江湖,<0.1%,3.86,3,0.2%,2.5%
38457,那些女人,<0.1%,3.28,3,0.1%,2.5%
38458,李保国,<0.1%,2.98,6,<0.1%,4.4%
38459,我不是药神,<0.1%,2.12,5,<0.1%,5.2%
38460,吻隐者,<0.1%,1.95,2,0.2%,1.4%
38461,疯狂丑小鸭,<0.1%,1.89,1,0.3%,0.8%
38462,小偷家族,<0.1%,1.85,4,<0.1%,4.7%
38463,惊慌失色之诡寓,<0.1%,1.78,2,0.1%,2.6%
38464,草戒指,<0.1%,1.46,3,<0.1%,2.9%
38465,守望一生,<0.1%,1.31,5,<0.1%,5.9%
38466,曹操与杨修,<0.1%,1.09,4,<0.1%,3.7%
38467,深海历险记,<0.1%,1.03,1,0.1%,1.1%
38468,碟中谍6：全面瓦解,52.6%,2020.46,6,35.5%,3.8%
38469,阿尔法：狼伴归途,14.1%,544.53,4,18.5%,2.7%
38470,蚁人2：黄蜂女现身,9.3%,358.90,4,11.1%,3.1%
38471,传奇的诞生,5.2%,201.57,4,7.0%,3.5%
38472,快把我哥带走,4.2%,161.60,4,5.3%,3.5%
38473,一出好戏,2.7%,106.15,4,2.9%,4.0%
38474,西虹市首富,2.5%,97.39,4,2.6%,4.2%
38475,巨齿鲨,1.4%,53.91,3,1.8%,2.9%
38476,道高一丈,1.2%,47.24,2,4.1%,1.4%
38477,苏丹,0.9%,36.64,3,1.5%,3.0%
38478,爸，我一定行的,0.6%,23.51,5,0.5%,4.8%
38479,李宗伟：败者为王,0.6%,23.38,2,1.9%,1.6%
38480,精灵旅社3：疯狂假期,0.4%,18.46,2,1.3%,1.4%
38481,藏北秘岭-重返无人区,0.4%,16.15,5,0.4%,6.0%
38482,大师兄,0.4%,15.44,3,0.8%,2.4%
38483,信仰者,0.3%,14.17,5,0.3%,4.2%
38484,浴血广昌,0.3%,12.43,74,<0.1%,71.0%
38485,勇敢往事,0.2%,8.31,5,0.2%,4.8%
38486,赛尔号大电影6：圣者无敌,0.1%,7.12,1,0.9%,0.9%
38487,李学生,0.1%,6.67,16,<0.1%,16.5%
38488,大寒,0.1%,5.66,98,<0.1%,58.7%
38489,男生宿舍,0.1%,4.98,3,0.2%,2.7%
38490,新乌龙院之笑闹江湖,<0.1%,3.26,2,0.2%,2.2%
38491,反贪风暴3,<0.1%,2.93,89,<0.1%,80.7%
38492,吻隐者,<0.1%,2.15,2,0.1%,1.5%
38493,李保国,<0.1%,2.10,4,<0.1%,3.6%
38494,未择之路,<0.1%,2.09,85,<0.1%,81.3%
38495,我不是药神,<0.1%,2.07,4,<0.1%,3.7%
38496,勇士,<0.1%,2.04,46,<0.1%,100%
38497,红海行动,<0.1%,2.03,50,<0.1%,60.3%
38498,小偷家族,<0.1%,2.02,4,<0.1%,4.9%
38499,最后的棒棒,<0.1%,2.01,55,<0.1%,100%
38500,文朝荣,<0.1%,2.01,48,<0.1%,70.0%
38501,惊慌失色之诡寓,<0.1%,1.96,2,0.1%,2.6%
38502,那些女人,<0.1%,1.82,2,0.1%,1.4%
38503,疯狂丑小鸭,<0.1%,1.66,1,0.3%,0.8%
38504,守望一生,<0.1%,1.20,7,<0.1%,8.2%
38505,碟中谍6：全面瓦解,48.7%,1827.83,6,35.1%,3.4%
38506,阿尔法：狼伴归途,12.9%,485.83,3,17.4%,2.5%
38507,蚁人2：黄蜂女现身,8.9%,334.00,4,10.8%,2.9%
38508,反贪风暴3,5.4%,203.97,42,0.5%,27.8%
38509,传奇的诞生,4.4%,167.42,4,6.5%,3.0%
38510,快把我哥带走,3.7%,141.38,4,5.1%,3.1%
38511,一出好戏,2.6%,100.52,4,2.9%,3.7%
38512,古墓兽影,2.5%,96.52,4,3.7%,3.6%
38513,西虹市首富,2.4%,91.22,4,2.6%,3.9%
38514,巨齿鲨,1.3%,48.99,3,1.8%,2.7%
38515,苏丹,0.8%,31.97,3,1.4%,2.7%
38516,道高一丈,0.8%,30.84,2,3.4%,1.1%
38517,爸，我一定行的,0.5%,20.86,5,0.5%,4.6%
38518,李宗伟：败者为王,0.4%,17.04,2,1.6%,1.3%
38519,藏北秘岭-重返无人区,0.4%,16.54,6,0.3%,6.9%
38520,信仰者,0.4%,16.46,8,0.2%,6.6%
38521,精灵旅社3：疯狂假期,0.4%,15.18,2,1.2%,1.2%
38522,大师兄,0.3%,11.89,2,0.8%,2.0%
38523,旅行吧！井底之蛙,0.2%,9.00,87,<0.1%,83.0%
38524,李学生,0.2%,8.53,19,<0.1%,21.0%
38525,浴血广昌,0.2%,8.22,68,<0.1%,68.1%
38526,赛尔号大电影6：圣者无敌,0.1%,4.68,1,0.7%,0.7%
38527,大寒,0.1%,4.33,74,<0.1%,74.0%
38528,男生宿舍,<0.1%,3.35,3,0.2%,2.4%
38529,新乌龙院之笑闹江湖,<0.1%,2.91,2,0.2%,2.0%
38530,勇敢往事,<0.1%,2.70,4,<0.1%,4.2%
38531,李保国,<0.1%,2.68,5,<0.1%,4.4%
38532,我不是药神,<0.1%,2.57,5,0.1%,4.6%
38533,疯狂丑小鸭,<0.1%,2.21,2,0.2%,1.6%
38534,小偷家族,<0.1%,2.12,5,<0.1%,5.5%
38535,曹操与杨修,<0.1%,1.93,5,<0.1%,4.7%
38536,那些女人,<0.1%,1.79,2,0.1%,1.4%
38537,镰仓物语,<0.1%,1.70,7,<0.1%,6.3%
38538,吻隐者,<0.1%,1.63,2,0.1%,1.5%
38539,惊慌失色之诡寓,<0.1%,1.42,2,0.1%,2.1%
38540,未择之路,<0.1%,1.37,9,<0.1%,10.4%
38541,战狼2,<0.1%,1.22,41,<0.1%,100%
38542,出山,<0.1%,1.04,30,<0.1%,54.0%
38543,反贪风暴3,64.5%,7364.15,17,38.6%,11.6%
38544,碟中谍6：全面瓦解,17.1%,1957.87,11,16.3%,7.1%
38545,镰仓物语,6.0%,695.21,6,12.8%,5.4%
38546,说走就走之不说再见,2.3%,266.03,5,6.2%,4.7%
38547,未择之路,2.0%,235.10,3,8.1%,2.8%
38548,阿尔法：狼伴归途,2.0%,231.55,6,3.6%,5.1%
38549,蚁人2：黄蜂女现身,1.0%,124.68,7,1.7%,6.3%
38550,念念手纪,0.9%,106.94,3,5.6%,2.1%
38551,让我怎么相信你,0.6%,74.35,5,1.3%,4.8%
38552,快把我哥带走,0.3%,39.18,6,0.7%,5.4%
38553,藏北秘岭-重返无人区,0.3%,37.98,30,0.1%,100%
38554,西虹市首富,0.2%,31.56,6,0.5%,7.1%
38555,一出好戏,0.1%,21.55,5,0.4%,5.4%
38556,传奇的诞生,0.1%,19.91,6,0.3%,7.1%
38557,旅行吧！井底之蛙,0.1%,16.02,106,<0.1%,83.9%
38558,信仰者,0.1%,14.91,28,<0.1%,31.0%
38559,精灵旅社3：疯狂假期,0.1%,14.74,4,0.4%,3.6%
38560,爸，我一定行的,<0.1%,11.01,10,0.1%,10.7%
38561,巨齿鲨,<0.1%,10.79,4,0.2%,4.7%
38562,李学生,<0.1%,9.95,29,<0.1%,30.5%
38563,古墓兽影,<0.1%,9.47,2,0.6%,2.1%
38564,赛尔号大电影6：圣者无敌,<0.1%,7.92,3,0.3%,2.6%
38565,浴血广昌,<0.1%,6.84,75,<0.1%,63.7%
38566,苏丹,<0.1%,6.40,5,0.1%,5.9%
38567,大寒,<0.1%,5.30,101,<0.1%,76.2%
38568,李保国,<0.1%,4.27,11,<0.1%,11.1%
38569,李宗伟：败者为王,<0.1%,3.80,9,<0.1%,10.9%
38570,男生宿舍,<0.1%,3.60,6,<0.1%,6.2%
38571,勇敢往事,<0.1%,2.81,31,<0.1%,60.2%
38572,道高一丈,<0.1%,2.80,3,0.1%,3.5%
38573,曹操与杨修,<0.1%,2.45,16,<0.1%,14.7%
38574,吻隐者,<0.1%,2.39,25,<0.1%,17.2%
38575,深海历险记,<0.1%,1.81,4,<0.1%,5.1%
38576,守望一生,<0.1%,1.67,21,<0.1%,21.7%
38577,红海行动,<0.1%,1.55,72,<0.1%,100%
38578,消失的子弹,<0.1%,1.54,213,<0.1%,100.0%
38579,大师兄,<0.1%,1.51,3,<0.1%,3.1%
38580,找到你,<0.1%,1.41,152,<0.1%,100.0%
38581,我不是药神,<0.1%,1.38,11,<0.1%,13.5%
38582,诡梦凶铃,<0.1%,1.36,167,<0.1%,81.0%
38583,那些女人,<0.1%,1.25,8,<0.1%,12.5%
38584,疯狂丑小鸭,<0.1%,1.12,2,0.1%,1.2%
38585,明月几时有,<0.1%,1.04,58,<0.1%,96.1%
38586,反贪风暴3,51.7%,7914.99,17,39.9%,11.5%
38587,碟中谍6：全面瓦解,24.7%,3793.43,18,18.3%,12.5%
38588,镰仓物语,6.8%,1043.23,10,10.6%,9.4%
38589,阿尔法：狼伴归途,3.3%,518.54,11,4.1%,10.2%
38590,蚁人2：黄蜂女现身,2.5%,392.24,14,2.5%,13.4%
38591,说走就走之不说再见,1.7%,262.17,8,3.5%,8.4%
38592,大闹西游,1.2%,189.55,7,2.6%,7.1%
38593,未择之路,1.2%,183.77,4,4.9%,3.7%
38594,精灵旅社3：疯狂假期,0.9%,146.13,11,1.2%,11.5%
38595,快把我哥带走,0.8%,124.05,11,1.1%,11.2%
38596,西虹市首富,0.6%,99.01,11,0.8%,12.8%
38597,念念手纪,0.5%,88.22,3,3.1%,3.1%
38598,一出好戏,0.4%,68.80,9,0.7%,10.3%
38599,找到你,0.3%,57.07,30,0.1%,27.2%
38600,传奇的诞生,0.3%,52.64,11,0.4%,12.8%
38601,赛尔号大电影6：圣者无敌,0.3%,48.59,7,0.8%,7.1%
38602,藏北秘岭-重返无人区,0.3%,47.98,34,0.1%,100%
38603,让我怎么相信你,0.2%,38.93,5,0.5%,4.9%
38604,巨齿鲨,0.2%,35.91,8,0.3%,8.9%
38605,疯狂丑小鸭,0.1%,18.04,5,0.3%,4.7%
38606,爸，我一定行的,0.1%,16.83,10,0.1%,10.7%
38607,苏丹,0.1%,16.21,9,0.1%,10.3%
38608,旅行吧！井底之蛙,0.1%,16.01,88,<0.1%,77.5%
38609,古墓兽影,<0.1%,12.23,3,0.5%,3.1%
38610,禹神传之寻找神力,<0.1%,11.93,2,0.8%,1.8%
38611,深海历险记,<0.1%,9.82,7,0.1%,8.2%
38612,李宗伟：败者为王,<0.1%,9.37,15,<0.1%,18.4%
38613,浴血广昌,<0.1%,8.39,102,<0.1%,68.6%
38614,大寒,<0.1%,5.24,102,<0.1%,92.1%
38615,柳毅奇缘,<0.1%,4.56,16,<0.1%,16.9%
38616,信仰者,<0.1%,3.93,14,<0.1%,17.5%
38617,黑蝴蝶,<0.1%,3.92,2,0.1%,2.4%
38618,男生宿舍,<0.1%,3.90,6,<0.1%,6.4%
38619,神秘世界历险记4,<0.1%,3.76,6,<0.1%,6.2%
38620,道高一丈,<0.1%,3.56,4,0.1%,4.0%
38621,曹操与杨修,<0.1%,2.98,22,<0.1%,19.9%
38622,大师兄,<0.1%,2.94,4,0.1%,4.3%
38623,我不是药神,<0.1%,2.54,11,<0.1%,11.8%
38624,惊慌失色之诡寓,<0.1%,2.39,4,<0.1%,6.3%
38625,李学生,<0.1%,2.32,8,<0.1%,9.0%
38626,爱猫之城,<0.1%,1.92,119,<0.1%,55.7%
38627,诡梦凶铃,<0.1%,1.74,132,<0.1%,100%
38628,那些女人,<0.1%,1.57,7,<0.1%,12.6%
38629,新乌龙院之笑闹江湖,<0.1%,1.57,4,<0.1%,5.5%
38630,小偷家族,<0.1%,1.41,10,<0.1%,13.1%
38631,勇敢往事,<0.1%,1.27,12,<0.1%,23.7%
38632,勇士,<0.1%,1.25,39,<0.1%,--
38633,初恋浅规则,<0.1%,1.04,77,<0.1%,67.5%
38634,反贪风暴3,48.7%,4981.46,12,39.4%,8.0%
38635,碟中谍6：全面瓦解,24.0%,2463.90,12,19.2%,8.4%
38636,镰仓物语,7.6%,783.85,8,10.2%,7.8%
38637,阿尔法：狼伴归途,3.5%,367.57,8,4.3%,7.6%
38638,蚁人2：黄蜂女现身,2.8%,292.13,9,3.0%,9.2%
38639,大闹西游,2.1%,221.24,8,2.9%,7.9%
38640,说走就走之不说再见,1.7%,174.80,6,3.4%,6.1%
38641,精灵旅社3：疯狂假期,1.4%,145.69,11,1.3%,10.8%
38642,未择之路,1.1%,120.37,3,4.2%,3.0%
38643,快把我哥带走,0.9%,97.62,8,1.3%,7.9%
38644,念念手纪,0.8%,86.15,4,2.7%,3.8%
38645,西虹市首富,0.8%,84.42,9,1.0%,9.5%
38646,一出好戏,0.5%,56.35,7,0.8%,7.7%
38647,赛尔号大电影6：圣者无敌,0.4%,43.98,6,0.8%,7.1%
38648,让我怎么相信你,0.3%,34.95,5,0.4%,5.5%
38649,传奇的诞生,0.3%,34.08,8,0.5%,8.5%
38650,巨齿鲨,0.2%,26.73,6,0.4%,6.1%
38651,藏北秘岭-重返无人区,0.2%,25.00,18,0.1%,76.5%
38652,疯狂丑小鸭,0.1%,16.53,5,0.3%,4.8%
38653,江湖儿女,0.1%,15.89,170,<0.1%,--
38654,信仰者,0.1%,14.66,50,<0.1%,52.7%
38655,旅行吧！井底之蛙,0.1%,12.04,101,<0.1%,83.6%
38656,找到你,0.1%,10.82,24,<0.1%,24.1%
38657,浴血广昌,0.1%,10.63,98,<0.1%,68.5%
38658,深海历险记,<0.1%,10.04,7,0.1%,8.8%
38659,禹神传之寻找神力,<0.1%,9.76,3,0.5%,2.4%
38660,苏丹,<0.1%,9.00,6,0.1%,6.4%
38661,大寒,<0.1%,6.14,99,<0.1%,68.1%
38662,古墓兽影,<0.1%,5.75,2,0.5%,1.8%
38663,李宗伟：败者为王,<0.1%,4.99,8,<0.1%,9.8%
38664,神秘世界历险记4,<0.1%,4.93,7,<0.1%,7.2%
38665,爱猫之城,<0.1%,4.54,75,<0.1%,45.7%
38666,道高一丈,<0.1%,4.50,5,0.1%,5.1%
38667,最后的棒棒,<0.1%,3.14,73,<0.1%,100%
38668,我不是药神,<0.1%,2.72,9,<0.1%,9.3%
38669,男生宿舍,<0.1%,2.30,3,<0.1%,3.7%
38670,爸，我一定行的,<0.1%,2.27,2,0.1%,1.9%
38671,新乌龙院之笑闹江湖,<0.1%,1.73,4,<0.1%,5.0%
38672,李保国,<0.1%,1.70,8,<0.1%,7.4%
38673,消失的子弹,<0.1%,1.58,132,<0.1%,100.0%
38674,惊慌失色之诡寓,<0.1%,1.48,3,<0.1%,4.1%
38675,大师兄,<0.1%,1.43,2,0.1%,2.0%
38676,那些女人,<0.1%,1.36,7,<0.1%,13.2%
38677,小偷家族,<0.1%,1.08,9,<0.1%,11.7%
38678,反贪风暴3,59.4%,3378.45,9,39.9%,5.7%
38679,碟中谍6：全面瓦解,20.5%,1170.07,6,20.4%,4.0%
38680,镰仓物语,6.3%,362.12,4,10.4%,3.8%
38681,阿尔法：狼伴归途,2.5%,144.15,3,5.1%,2.8%
38682,蚁人2：黄蜂女现身,2.4%,141.08,4,3.7%,3.8%
38683,说走就走之不说再见,1.3%,75.23,3,3.6%,2.6%
38684,西虹市首富,0.8%,50.53,5,1.2%,4.6%
38685,未择之路,0.8%,45.52,2,4.1%,1.3%
38686,念念手纪,0.7%,40.70,2,2.5%,2.0%
38687,快把我哥带走,0.6%,37.99,3,1.4%,3.0%
38688,一出好戏,0.5%,32.13,4,1.0%,3.5%
38689,传奇的诞生,0.3%,21.21,4,0.6%,4.1%
38690,藏北秘岭-重返无人区,0.3%,21.04,14,0.1%,20.1%
38691,巨齿鲨,0.3%,20.40,4,0.6%,3.6%
38692,找到你,0.2%,16.47,138,<0.1%,100%
38693,爸，我一定行的,0.2%,11.43,7,0.1%,7.4%
38694,旅行吧！井底之蛙,0.1%,10.96,138,<0.1%,97.7%
38695,信仰者,0.1%,9.49,19,<0.1%,23.2%
38696,精灵旅社3：疯狂假期,0.1%,8.55,3,0.4%,2.2%
38697,浴血广昌,0.1%,6.79,88,<0.1%,78.7%
38698,赛尔号大电影6：圣者无敌,0.1%,6.68,2,0.4%,1.6%
38699,李学生,0.1%,6.00,21,<0.1%,17.5%
38700,文朝荣,0.1%,5.77,112,<0.1%,100%
38701,大寒,<0.1%,5.65,120,<0.1%,86.1%
38702,古墓兽影,<0.1%,5.45,2,0.6%,1.5%
38703,苏丹,<0.1%,5.30,3,0.2%,3.2%
38704,疯狂丑小鸭,<0.1%,3.32,4,0.1%,3.3%
38705,大师兄,<0.1%,2.94,3,0.1%,2.6%
38706,虎胆追凶,<0.1%,2.52,158,<0.1%,--
38707,让我怎么相信你,<0.1%,2.40,1,0.4%,0.8%
38708,李宗伟：败者为王,<0.1%,2.20,3,<0.1%,3.4%
38709,李保国,<0.1%,1.92,8,<0.1%,6.8%
38710,天慕,<0.1%,1.77,148,<0.1%,--
38711,男生宿舍,<0.1%,1.73,3,<0.1%,2.8%
38712,禹神传之寻找神力,<0.1%,1.67,1,0.2%,1.0%
38713,黑蝴蝶,<0.1%,1.58,1,0.4%,0.5%
38714,我不是药神,<0.1%,1.42,5,<0.1%,5.7%
38715,江湖儿女,<0.1%,1.39,122,<0.1%,98.9%
38716,惊慌失色之诡寓,<0.1%,1.34,2,<0.1%,2.9%
38717,反贪风暴3,56.6%,2626.17,7,40.0%,4.4%
38718,碟中谍6：全面瓦解,21.2%,982.55,5,20.7%,3.3%
38719,镰仓物语,6.7%,314.42,4,10.2%,3.4%
38720,阿尔法：狼伴归途,2.6%,123.93,3,5.4%,2.3%
38721,蚁人2：黄蜂女现身,2.4%,112.32,3,4.0%,2.8%
38722,说走就走之不说再见,1.3%,62.90,3,3.5%,2.3%
38723,西虹市首富,1.0%,48.53,4,1.4%,3.9%
38724,未择之路,0.8%,40.22,2,3.8%,1.2%
38725,一出好戏,0.7%,33.85,4,1.1%,3.4%
38726,念念手纪,0.7%,32.90,2,2.4%,1.7%
38727,快把我哥带走,0.6%,28.55,3,1.2%,2.5%
38728,江湖儿女,0.5%,24.46,112,<0.1%,100%
38729,文朝荣,0.4%,20.48,104,<0.1%,76.4%
38730,巨齿鲨,0.3%,17.36,3,0.6%,2.7%
38731,藏北秘岭-重返无人区,0.3%,16.17,10,0.1%,14.9%
38732,传奇的诞生,0.3%,15.62,3,0.7%,2.8%
38733,信仰者,0.2%,12.43,28,<0.1%,30.3%
38734,旅行吧！井底之蛙,0.2%,11.00,125,<0.1%,92.8%
38735,浴血广昌,0.1%,8.41,81,<0.1%,74.7%
38736,李学生,0.1%,8.37,24,<0.1%,22.0%
38737,大寒,0.1%,8.10,97,<0.1%,62.5%
38738,赛尔号大电影6：圣者无敌,0.1%,6.82,2,0.4%,2.1%
38739,爸，我一定行的,0.1%,6.75,4,0.2%,4.0%
38740,苏丹,0.1%,5.24,3,0.2%,2.9%
38741,古墓兽影,0.1%,4.88,2,0.5%,1.4%
38742,精灵旅社3：疯狂假期,0.1%,4.85,2,0.3%,1.3%
38743,黄金兄弟,<0.1%,3.29,107,<0.1%,94.4%
38744,让我怎么相信你,<0.1%,2.64,1,0.3%,1.1%
38745,李保国,<0.1%,2.43,11,<0.1%,8.4%
38746,疯狂丑小鸭,<0.1%,2.33,3,0.1%,2.3%
38747,曹操与杨修,<0.1%,2.19,12,<0.1%,8.8%
38748,大师兄,<0.1%,2.01,2,0.1%,1.6%
38749,建军大业,<0.1%,1.95,390,<0.1%,--
38750,我不是药神,<0.1%,1.89,6,<0.1%,6.8%
38751,李宗伟：败者为王,<0.1%,1.77,3,0.1%,2.6%
38752,男生宿舍,<0.1%,1.71,3,<0.1%,2.7%
38753,我的战争,<0.1%,1.52,255,<0.1%,97.8%
38754,极品师徒,<0.1%,1.50,500,<0.1%,--
38755,勇敢往事,<0.1%,1.46,27,<0.1%,37.4%
38756,禹神传之寻找神力,<0.1%,1.38,1,0.2%,1.0%
38757,柳毅奇缘,<0.1%,1.28,10,<0.1%,11.7%
38758,我是路人甲,<0.1%,1.28,160,<0.1%,--
38759,惊慌失色之诡寓,<0.1%,1.22,2,<0.1%,2.9%
38760,守望一生,<0.1%,1.15,16,<0.1%,24.1%
38761,反贪风暴3,54.4%,2280.90,6,39.9%,3.9%
38762,碟中谍6：全面瓦解,22.1%,929.51,5,20.8%,3.2%
38763,镰仓物语,7.1%,299.75,4,10.1%,3.3%
38764,阿尔法：狼伴归途,2.9%,123.80,3,5.4%,2.3%
38765,蚁人2：黄蜂女现身,2.6%,112.46,3,4.1%,2.7%
38766,说走就走之不说再见,1.3%,55.76,2,3.4%,2.1%
38767,西虹市首富,1.2%,50.49,4,1.5%,3.7%
38768,未择之路,0.8%,35.83,2,3.6%,1.2%
38769,一出好戏,0.8%,35.20,4,1.2%,3.3%
38770,念念手纪,0.6%,28.90,2,2.3%,1.6%
38771,快把我哥带走,0.6%,28.60,3,1.3%,2.4%
38772,文朝荣,0.4%,20.37,100,<0.1%,76.0%
38773,巨齿鲨,0.4%,18.67,3,0.7%,2.7%
38774,传奇的诞生,0.3%,14.90,3,0.7%,2.7%
38775,信仰者,0.2%,11.17,23,<0.1%,26.4%
38776,旅行吧！井底之蛙,0.2%,11.00,125,<0.1%,92.8%
38777,江湖儿女,0.1%,7.30,124,<0.1%,89.9%
38778,藏北秘岭-重返无人区,0.1%,7.02,5,0.1%,6.9%
38779,爸，我一定行的,0.1%,6.38,4,0.2%,3.7%
38780,浴血广昌,0.1%,6.04,77,<0.1%,75.7%
38781,李学生,0.1%,5.86,17,<0.1%,17.4%
38782,大寒,0.1%,5.63,92,<0.1%,84.2%
38783,精灵旅社3：疯狂假期,0.1%,5.01,2,0.3%,1.5%
38784,赛尔号大电影6：圣者无敌,0.1%,4.76,2,0.4%,1.2%
38785,曹操与杨修,0.1%,4.73,26,<0.1%,19.0%
38786,古墓兽影,0.1%,4.68,2,0.5%,1.4%
38787,苏丹,0.1%,4.50,2,0.2%,2.3%
38788,李保国,<0.1%,3.97,12,<0.1%,9.9%
38789,黄金兄弟,<0.1%,3.79,80,<0.1%,76.1%
38790,红海行动,<0.1%,3.15,65,<0.1%,93.7%
38791,让我怎么相信你,<0.1%,2.51,1,0.3%,1.0%
38792,我不是药神,<0.1%,2.25,7,<0.1%,7.8%
38793,大师兄,<0.1%,2.25,2,0.1%,1.6%
38794,男生宿舍,<0.1%,2.03,3,0.1%,2.8%
38795,禹神传之寻找神力,<0.1%,1.67,2,0.2%,1.1%
38796,我的战争,<0.1%,1.54,40,<0.1%,76.0%
38797,萌宠入殓师,<0.1%,1.48,71,<0.1%,100%
38798,惊慌失色之诡寓,<0.1%,1.33,2,<0.1%,3.1%
38799,我是路人甲,<0.1%,1.28,160,<0.1%,--
38800,草戒指,<0.1%,1.24,11,<0.1%,9.0%
38801,李宗伟：败者为王,<0.1%,1.13,2,0.1%,1.6%
38802,反贪风暴3,51.4%,1997.05,5,39.8%,3.4%
38803,碟中谍6：全面瓦解,21.8%,849.14,4,20.8%,2.9%
38804,镰仓物语,6.6%,258.12,3,10.0%,2.8%
38805,阿尔法：狼伴归途,2.9%,115.31,3,5.4%,2.2%
38806,蚁人2：黄蜂女现身,2.6%,103.83,3,4.2%,2.4%
38807,说走就走之不说再见,1.2%,48.63,2,3.4%,1.9%
38808,西虹市首富,1.2%,48.32,4,1.6%,3.4%
38809,黄金兄弟,0.9%,38.21,61,<0.1%,82.6%
38810,一出好戏,0.8%,31.88,3,1.2%,2.9%
38811,未择之路,0.7%,30.21,1,3.5%,1.0%
38812,快把我哥带走,0.7%,28.54,3,1.3%,2.4%
38813,念念手纪,0.7%,28.01,2,2.2%,1.5%
38814,江湖儿女,0.6%,24.37,12,0.2%,10.9%
38815,文朝荣,0.4%,19.37,101,<0.1%,72.9%
38816,巨齿鲨,0.4%,18.05,3,0.7%,2.5%
38817,信仰者,0.4%,16.09,31,<0.1%,39.1%
38818,传奇的诞生,0.3%,14.16,3,0.6%,2.7%
38819,旅行吧！井底之蛙,0.2%,10.00,97,<0.1%,88.8%
38820,李保国,0.1%,7.72,19,<0.1%,19.5%
38821,李学生,0.1%,7.27,20,<0.1%,19.3%
38822,藏北秘岭-重返无人区,0.1%,6.77,6,0.1%,6.5%
38823,大寒,0.1%,6.15,94,<0.1%,74.1%
38824,曹操与杨修,0.1%,6.03,38,<0.1%,27.1%
38825,张艺谋和他的“影”,0.1%,5.88,99,<0.1%,98.9%
38826,赛尔号大电影6：圣者无敌,0.1%,5.75,2,0.3%,1.5%
38827,爸，我一定行的,0.1%,5.44,3,0.2%,3.2%
38828,虎胆追凶,0.1%,4.67,8,<0.1%,5.9%
38829,苏丹,0.1%,4.56,2,0.2%,2.3%
38830,浴血广昌,0.1%,4.21,53,<0.1%,54.4%
38831,疯狂丑小鸭,0.1%,3.90,5,0.1%,4.3%
38832,精灵旅社3：疯狂假期,0.1%,3.90,2,0.3%,1.2%
38833,古墓兽影,<0.1%,3.46,1,0.5%,1.0%
38834,大师兄,<0.1%,2.02,2,0.2%,1.4%
38835,男生宿舍,<0.1%,1.76,3,0.1%,2.6%
38836,我不是药神,<0.1%,1.75,4,<0.1%,4.9%
38837,李宗伟：败者为王,<0.1%,1.72,2,0.1%,2.3%
38838,我是检察官,<0.1%,1.58,2,0.1%,2.2%
38839,极品师徒,<0.1%,1.43,80,<0.1%,100.0%
38840,禹神传之寻找神力,<0.1%,1.41,1,0.2%,1.1%
38841,让我怎么相信你,<0.1%,1.39,1,0.3%,0.5%
38842,明月几时有,<0.1%,1.35,57,<0.1%,62.6%
38843,红海行动,<0.1%,1.34,32,<0.1%,48.4%
38844,我是路人甲,<0.1%,1.28,160,<0.1%,--
38845,惊慌失色之诡寓,<0.1%,1.07,2,<0.1%,2.5%
38846,冷恋时代,<0.1%,1.07,14,<0.1%,13.2%
38847,草戒指,<0.1%,1.02,8,<0.1%,7.1%
38848,悲伤逆流成河,<0.1%,1.02,55,<0.1%,31.4%
38849,黄金兄弟,46.6%,4747.81,14,31.5%,8.8%
38850,江湖儿女,13.0%,1325.27,8,16.6%,6.2%
38851,悲伤逆流成河,12.5%,1277.44,7,16.6%,6.4%
38852,反贪风暴3,11.6%,1190.38,10,10.3%,7.8%
38853,碟中谍6：全面瓦解,6.2%,641.48,11,4.8%,7.6%
38854,虎胆追凶,4.6%,474.22,5,11.1%,4.0%
38855,镰仓物语,0.7%,73.03,12,0.5%,12.8%
38856,冷恋时代,0.5%,60.61,2,3.5%,1.7%
38857,阿尔法：狼伴归途,0.2%,29.91,9,0.2%,9.9%
38858,哥斯拉：怪兽行星,0.2%,26.34,2,1.9%,1.6%
38859,信仰者,0.2%,23.70,48,<0.1%,62.0%
38860,天慕,0.1%,19.26,20,<0.1%,31.4%
38861,蚁人2：黄蜂女现身,0.1%,17.78,6,0.2%,6.4%
38862,藏北秘岭-重返无人区,0.1%,17.28,22,<0.1%,100%
38863,极品师徒,0.1%,16.96,7,0.2%,7.9%
38864,旅行吧！井底之蛙,0.1%,16.00,125,<0.1%,91.5%
38865,西虹市首富,0.1%,10.90,6,0.1%,7.3%
38866,文朝荣,<0.1%,10.13,102,<0.1%,79.9%
38867,大寒,<0.1%,7.71,142,<0.1%,94.7%
38868,曹操与杨修,<0.1%,7.52,103,<0.1%,51.1%
38869,李学生,<0.1%,7.26,29,<0.1%,33.2%
38870,快把我哥带走,<0.1%,7.24,5,0.1%,4.8%
38871,我是检察官,<0.1%,6.40,25,<0.1%,35.4%
38872,找到你,<0.1%,6.09,99,<0.1%,100%
38873,那些女人,<0.1%,5.97,73,<0.1%,100%
38874,传奇的诞生,<0.1%,5.57,14,<0.1%,18.2%
38875,赛尔号大电影6：圣者无敌,<0.1%,5.36,4,0.1%,4.7%
38876,浴血广昌,<0.1%,4.63,64,<0.1%,61.4%
38877,精灵旅社3：疯狂假期,<0.1%,4.34,5,<0.1%,5.4%
38878,念念手纪,<0.1%,4.22,12,<0.1%,15.5%
38879,一出好戏,<0.1%,3.90,4,0.1%,4.4%
38880,李保国,<0.1%,3.43,18,<0.1%,19.6%
38881,天刃,<0.1%,3.22,9,<0.1%,9.3%
38882,未择之路,<0.1%,3.02,3,<0.1%,3.5%
38883,巨齿鲨,<0.1%,2.82,4,<0.1%,4.2%
38884,勇敢往事,<0.1%,2.73,88,<0.1%,93.9%
38885,中学时代,<0.1%,2.65,19,<0.1%,18.0%
38886,说走就走之不说再见,<0.1%,1.96,3,0.1%,2.8%
38887,张艺谋和他的“影”,<0.1%,1.81,77,<0.1%,100%
38888,红海行动,<0.1%,1.42,55,<0.1%,67.1%
38889,爸，我一定行的,<0.1%,1.41,6,<0.1%,6.7%
38890,我是路人甲,<0.1%,1.28,320,<0.1%,--
38891,诡梦凶铃,<0.1%,1.05,100,<0.1%,--
38892,疯狂丑小鸭,<0.1%,1.05,4,<0.1%,3.6%
38893,黄金兄弟,34.1%,5399.31,16,29.9%,9.9%
38894,悲伤逆流成河,16.3%,2588.07,16,14.3%,14.2%
38895,反贪风暴3,14.4%,2291.33,16,11.6%,13.0%
38896,碟中谍6：全面瓦解,10.7%,1704.30,21,6.1%,15.1%
38897,江湖儿女,9.2%,1464.80,9,14.2%,7.3%
38898,大闹西游,5.3%,852.67,11,7.2%,10.5%
38899,虎胆追凶,2.8%,450.94,7,6.6%,6.3%
38900,镰仓物语,1.3%,207.38,22,0.8%,22.7%
38901,找到你,0.8%,131.71,8,1.6%,7.0%
38902,阿尔法：狼伴归途,0.5%,85.73,16,0.4%,16.4%
38903,蚁人2：黄蜂女现身,0.5%,85.37,15,0.4%,14.9%
38904,冷恋时代,0.4%,72.70,5,1.2%,5.2%
38905,爱猫之城,0.3%,56.65,5,1.0%,5.0%
38906,西虹市首富,0.2%,43.81,13,0.3%,14.6%
38907,哥斯拉：怪兽行星,0.2%,39.53,3,1.3%,3.1%
38908,精灵旅社3：疯狂假期,0.1%,28.65,13,0.1%,14.3%
38909,藏北秘岭-重返无人区,0.1%,26.35,30,<0.1%,100%
38910,快把我哥带走,0.1%,24.49,12,0.1%,12.8%
38911,警车联盟,0.1%,22.46,5,0.4%,4.7%
38912,极品师徒,0.1%,17.83,16,0.1%,19.4%
38913,旅行吧！井底之蛙,0.1%,16.00,125,<0.1%,91.7%
38914,天慕,<0.1%,15.72,20,<0.1%,35.9%
38915,一出好戏,<0.1%,15.16,10,0.1%,11.1%
38916,赛尔号大电影6：圣者无敌,<0.1%,13.75,9,0.1%,10.1%
38917,文朝荣,<0.1%,12.50,112,<0.1%,98.8%
38918,巨齿鲨,<0.1%,10.68,9,0.1%,10.1%
38919,传奇的诞生,<0.1%,8.98,16,<0.1%,20.3%
38920,说走就走之不说再见,<0.1%,7.93,9,<0.1%,12.0%
38921,中学时代,<0.1%,6.62,37,<0.1%,37.9%
38922,大寒,<0.1%,5.91,157,<0.1%,100%
38923,深海历险记,<0.1%,5.81,21,<0.1%,23.0%
38924,念念手纪,<0.1%,5.26,14,<0.1%,18.1%
38925,浴血广昌,<0.1%,5.19,115,<0.1%,75.5%
38926,爸，我一定行的,<0.1%,3.72,10,<0.1%,12.6%
38927,禹神传之寻找神力,<0.1%,3.46,16,<0.1%,18.2%
38928,未择之路,<0.1%,3.25,5,<0.1%,5.9%
38929,疯狂丑小鸭,<0.1%,2.87,8,<0.1%,8.5%
38930,李宗伟：败者为王,<0.1%,2.87,19,<0.1%,34.1%
38931,信仰者,<0.1%,2.65,16,<0.1%,19.2%
38932,大师兄,<0.1%,2.43,13,<0.1%,18.9%
38933,天刃,<0.1%,1.89,11,<0.1%,12.8%
38934,小偷家族,<0.1%,1.76,27,<0.1%,54.3%
38935,神秘世界历险记4,<0.1%,1.52,7,<0.1%,7.1%
38936,男生宿舍,<0.1%,1.50,6,<0.1%,6.6%
38937,我不是药神,<0.1%,1.48,15,<0.1%,18.1%
38938,苏丹,<0.1%,1.45,8,<0.1%,11.7%
38939,曹操与杨修,<0.1%,1.31,29,<0.1%,30.5%
38940,营救汪星人,<0.1%,1.27,85,<0.1%,85.0%
38941,消失的子弹,<0.1%,1.24,65,<0.1%,100%
38942,诡梦凶铃,<0.1%,1.15,112,<0.1%,100%
38943,黄金兄弟,29.7%,5612.64,17,28.4%,11.1%
38944,悲伤逆流成河,21.0%,3968.05,21,16.7%,17.9%
38945,反贪风暴3,15.1%,2856.16,19,12.6%,14.9%
38946,碟中谍6：全面瓦解,13.1%,2483.29,25,7.8%,17.3%
38947,江湖儿女,6.7%,1264.82,10,12.0%,7.7%
38948,大闹西游,5.1%,962.29,12,7.2%,11.8%
38949,虎胆追凶,2.1%,407.86,7,5.5%,7.0%
38950,镰仓物语,1.2%,239.51,20,1.0%,20.2%
38951,找到你,0.9%,176.64,12,1.4%,11.4%
38952,蚁人2：黄蜂女现身,0.6%,126.73,18,0.5%,17.3%
38953,阿尔法：狼伴归途,0.4%,94.20,16,0.5%,16.4%
38954,冷恋时代,0.4%,78.77,7,1.0%,6.7%
38955,西虹市首富,0.4%,77.78,16,0.4%,17.3%
38956,爱猫之城,0.3%,58.81,7,0.8%,6.5%
38957,精灵旅社3：疯狂假期,0.2%,51.60,17,0.2%,18.0%
38958,哥斯拉：怪兽行星,0.2%,38.71,4,1.1%,3.8%
38959,快把我哥带走,0.1%,34.54,14,0.2%,14.1%
38960,藏北秘岭-重返无人区,0.1%,33.45,38,<0.1%,100%
38961,警车联盟,0.1%,26.90,7,0.4%,6.2%
38962,一出好戏,0.1%,22.22,12,0.1%,13.2%
38963,巨齿鲨,0.1%,19.69,12,0.1%,13.3%
38964,旅行吧！井底之蛙,<0.1%,15.00,125,<0.1%,93.6%
38965,天慕,<0.1%,14.77,22,<0.1%,40.0%
38966,传奇的诞生,<0.1%,13.49,19,<0.1%,22.1%
38967,文朝荣,<0.1%,13.23,107,<0.1%,94.6%
38968,赛尔号大电影6：圣者无敌,<0.1%,12.46,9,0.1%,10.1%
38969,爸，我一定行的,<0.1%,7.56,14,<0.1%,16.1%
38970,极品师徒,<0.1%,6.89,10,<0.1%,11.9%
38971,说走就走之不说再见,<0.1%,6.61,8,<0.1%,10.1%
38972,中学时代,<0.1%,6.48,35,<0.1%,43.6%
38973,苏丹,<0.1%,6.44,23,<0.1%,30.3%
38974,念念手纪,<0.1%,5.66,12,<0.1%,15.4%
38975,浴血广昌,<0.1%,5.44,89,<0.1%,79.3%
38976,大寒,<0.1%,5.37,101,<0.1%,100%
38977,李宗伟：败者为王,<0.1%,4.95,21,<0.1%,27.7%
38978,未择之路,<0.1%,4.55,7,<0.1%,9.2%
38979,疯狂丑小鸭,<0.1%,3.67,8,<0.1%,10.0%
38980,深海历险记,<0.1%,2.89,11,<0.1%,12.0%
38981,我不是药神,<0.1%,2.62,16,<0.1%,21.6%
38982,男生宿舍,<0.1%,2.50,8,<0.1%,8.7%
38983,神秘世界历险记4,<0.1%,2.33,8,<0.1%,7.7%
38984,萌宠入殓师,<0.1%,2.00,61,<0.1%,100%
38985,消失的子弹,<0.1%,1.93,106,<0.1%,93.9%
38986,天刃,<0.1%,1.85,11,<0.1%,10.5%
38987,古墓兽影,<0.1%,1.49,5,<0.1%,8.0%
38988,让我怎么相信你,<0.1%,1.48,17,<0.1%,42.4%
38989,惊慌失色之诡寓,<0.1%,1.47,4,<0.1%,9.0%
38990,曹操与杨修,<0.1%,1.39,33,<0.1%,30.4%
38991,小偷家族,<0.1%,1.31,17,<0.1%,26.4%
38992,黄金兄弟,29.4%,5438.32,18,27.0%,11.6%
38993,悲伤逆流成河,24.2%,4463.47,21,19.3%,16.9%
38994,反贪风暴3,14.6%,2700.88,17,13.2%,13.7%
38995,碟中谍6：全面瓦解,12.7%,2353.85,21,9.2%,14.3%
38996,大闹西游,6.5%,1199.68,15,7.3%,14.4%
38997,江湖儿女,5.1%,944.83,9,10.1%,7.1%
38998,虎胆追凶,1.7%,315.65,7,4.7%,6.5%
38999,镰仓物语,1.0%,194.00,15,1.1%,14.4%
39000,找到你,0.6%,126.94,10,1.3%,8.9%
39001,西虹市首富,0.5%,107.80,16,0.6%,17.3%
39002,精灵旅社3：疯狂假期,0.3%,73.10,20,0.3%,21.3%
39003,冷恋时代,0.3%,71.72,7,0.9%,6.8%
39004,阿尔法：狼伴归途,0.3%,57.07,10,0.5%,10.4%
39005,爱猫之城,0.2%,53.48,7,0.7%,6.7%
39006,快把我哥带走,0.2%,37.05,13,0.2%,13.1%
39007,藏北秘岭-重返无人区,0.1%,36.16,46,<0.1%,100%
39008,巨齿鲨,0.1%,32.44,13,0.2%,14.3%
39009,哥斯拉：怪兽行星,0.1%,30.28,4,0.9%,3.7%
39010,警车联盟,0.1%,29.65,9,0.3%,8.2%
39011,一出好戏,0.1%,25.56,11,0.2%,11.7%
39012,文朝荣,<0.1%,14.82,93,<0.1%,86.8%
39013,传奇的诞生,<0.1%,14.79,17,<0.1%,19.6%
39014,天慕,<0.1%,13.33,25,<0.1%,41.3%
39015,赛尔号大电影6：圣者无敌,<0.1%,12.74,9,0.1%,10.3%
39016,旅行吧！井底之蛙,<0.1%,11.01,93,<0.1%,90.6%
39017,爸，我一定行的,<0.1%,9.40,15,<0.1%,16.7%
39018,浴血广昌,<0.1%,8.94,68,<0.1%,98.1%
39019,中学时代,<0.1%,5.48,23,<0.1%,24.0%
39020,念念手纪,<0.1%,4.20,9,<0.1%,10.4%
39021,神秘世界历险记4,<0.1%,4.16,11,<0.1%,12.0%
39022,疯狂丑小鸭,<0.1%,3.74,9,<0.1%,10.2%
39023,李宗伟：败者为王,<0.1%,3.59,19,<0.1%,24.9%
39024,说走就走之不说再见,<0.1%,3.40,5,<0.1%,6.4%
39025,我不是药神,<0.1%,3.06,13,<0.1%,19.3%
39026,大寒,<0.1%,2.85,131,<0.1%,100%
39027,苏丹,<0.1%,2.74,9,<0.1%,14.2%
39028,未择之路,<0.1%,2.35,4,<0.1%,4.9%
39029,天刃,<0.1%,2.03,12,<0.1%,12.1%
39030,男生宿舍,<0.1%,1.75,5,<0.1%,5.8%
39031,小偷家族,<0.1%,1.40,12,<0.1%,18.7%
39032,极品师徒,<0.1%,1.39,3,<0.1%,3.6%
39033,消失的子弹,<0.1%,1.23,206,<0.1%,91.9%
39034,深海历险记,<0.1%,1.18,41,<0.1%,48.3%
39035,诡梦凶铃,<0.1%,1.15,85,<0.1%,100%
39036,曹操与杨修,<0.1%,1.14,113,<0.1%,79.2%
39037,黄金兄弟,34.3%,2254.91,8,27.7%,5.5%
39038,悲伤逆流成河,29.5%,1939.12,9,22.0%,7.1%
39039,反贪风暴3,13.5%,890.45,6,14.3%,4.8%
39040,碟中谍6：全面瓦解,8.0%,525.67,5,10.0%,3.3%
39041,江湖儿女,5.3%,348.93,4,10.1%,3.0%
39042,虎胆追凶,1.8%,121.52,3,5.1%,2.6%
39043,李茶的姑妈,1.3%,85.94,256,<0.1%,100%
39044,镰仓物语,0.8%,54.65,4,1.4%,3.7%
39045,浴血广昌,0.7%,48.99,94,<0.1%,100%
39046,大闹西游,0.5%,33.56,1,3.7%,0.9%
39047,西虹市首富,0.3%,22.27,4,0.6%,3.8%
39048,文朝荣,0.3%,22.14,109,<0.1%,85.2%
39049,李学生,0.3%,21.12,70,<0.1%,83.9%
39050,阿尔法：狼伴归途,0.2%,17.76,3,0.5%,3.0%
39051,爱猫之城,0.1%,11.67,2,0.6%,1.6%
39052,旅行吧！井底之蛙,0.1%,11.00,138,<0.1%,97.1%
39053,藏北秘岭-重返无人区,0.1%,10.96,16,<0.1%,100%
39054,天慕,0.1%,8.93,20,<0.1%,32.1%
39055,巨齿鲨,0.1%,6.76,3,0.2%,2.8%
39056,快把我哥带走,<0.1%,6.32,2,0.3%,2.1%
39057,爸，我一定行的,<0.1%,5.89,12,<0.1%,13.5%
39058,冷恋时代,<0.1%,5.86,2,0.4%,1.3%
39059,营救汪星人,<0.1%,5.41,136,<0.1%,91.6%
39060,一出好戏,<0.1%,5.15,2,0.2%,2.2%
39061,大寒,<0.1%,4.89,105,<0.1%,88.9%
39062,赛尔号大电影6：圣者无敌,<0.1%,4.24,7,<0.1%,8.9%
39063,信仰者,<0.1%,3.46,26,<0.1%,27.0%
39064,哥斯拉：怪兽行星,<0.1%,2.84,1,0.6%,0.5%
39065,精灵旅社3：疯狂假期,<0.1%,2.68,2,0.1%,1.8%
39066,说走就走之不说再见,<0.1%,2.55,3,0.1%,3.3%
39067,传奇的诞生,<0.1%,2.53,4,<0.1%,3.8%
39068,李保国,<0.1%,2.11,18,<0.1%,14.5%
39069,禹神传之寻找神力,<0.1%,2.01,39,<0.1%,34.0%
39070,疯狂丑小鸭,<0.1%,1.52,7,<0.1%,7.5%
39071,我是路人甲,<0.1%,1.36,145,<0.1%,--
39072,男生宿舍,<0.1%,1.30,4,<0.1%,3.5%
39073,我不是药神,<0.1%,1.20,6,<0.1%,8.4%
39074,念念手纪,<0.1%,1.18,3,<0.1%,2.3%
39075,曹操与杨修,<0.1%,1.14,25,<0.1%,24.9%
39076,极品师徒,<0.1%,1.07,3,<0.1%,3.1%
39077,黄金兄弟,32.1%,1955.75,7,27.7%,4.9%
39078,悲伤逆流成河,31.2%,1901.60,9,23.2%,6.6%
39079,反贪风暴3,13.2%,803.11,6,14.4%,4.3%
39080,碟中谍6：全面瓦解,8.0%,488.85,5,10.1%,3.1%
39081,江湖儿女,5.6%,346.32,4,9.6%,3.3%
39082,虎胆追凶,1.7%,108.62,3,4.9%,2.5%
39083,浴血广昌,1.0%,66.14,88,<0.1%,100%
39084,镰仓物语,0.8%,53.03,4,1.4%,3.6%
39085,李学生,0.5%,30.58,90,<0.1%,100%
39086,大闹西游,0.4%,26.87,1,3.1%,0.8%
39087,西虹市首富,0.3%,21.51,4,0.6%,3.6%
39088,文朝荣,0.3%,18.75,99,<0.1%,79.2%
39089,胖子行动队,0.2%,17.04,90,<0.1%,--
39090,阿尔法：狼伴归途,0.2%,15.37,3,0.5%,2.8%
39091,昆塔：盒子总动员,0.2%,14.46,64,<0.1%,100%
39092,爱猫之城,0.1%,10.97,2,0.6%,1.6%
39093,藏北秘岭-重返无人区,0.1%,10.29,15,<0.1%,92.0%
39094,热血时代,0.1%,9.63,79,<0.1%,100%
39095,天慕,0.1%,9.23,26,<0.1%,40.9%
39096,为爱担当,0.1%,8.64,113,<0.1%,100%
39097,巨齿鲨,0.1%,7.02,3,0.2%,2.9%
39098,大寒,0.1%,6.61,128,<0.1%,100%
39099,快把我哥带走,<0.1%,5.63,2,0.3%,1.9%
39100,赛尔号大电影6：圣者无敌,<0.1%,4.84,11,<0.1%,14.8%
39101,一出好戏,<0.1%,4.59,2,0.2%,2.0%
39102,冷恋时代,<0.1%,4.41,2,0.4%,1.3%
39103,信仰者,<0.1%,4.33,21,<0.1%,20.7%
39104,哥斯拉：怪兽行星,<0.1%,3.38,1,0.5%,0.7%
39105,勇敢往事,<0.1%,2.91,66,<0.1%,81.7%
39106,传奇的诞生,<0.1%,2.87,4,<0.1%,4.1%
39107,爸，我一定行的,<0.1%,2.84,6,<0.1%,6.4%
39108,李保国,<0.1%,2.71,16,<0.1%,13.6%
39109,道高一丈,<0.1%,2.68,30,<0.1%,61.0%
39110,我是检察官,<0.1%,2.47,12,<0.1%,32.3%
39111,我是路人甲,<0.1%,2.46,260,<0.1%,--
39112,苏丹,<0.1%,2.41,6,<0.1%,9.3%
39113,曹操与杨修,<0.1%,2.22,34,<0.1%,39.4%
39114,红海行动,<0.1%,2.20,57,<0.1%,79.1%
39115,念念手纪,<0.1%,2.15,4,<0.1%,4.2%
39116,找到你,<0.1%,1.98,33,<0.1%,94.8%
39117,天蝎行动,<0.1%,1.98,50,<0.1%,--
39118,战狼2,<0.1%,1.84,35,<0.1%,85.5%
39119,精灵旅社3：疯狂假期,<0.1%,1.76,2,0.1%,1.6%
39120,明月几时有,<0.1%,1.45,56,<0.1%,56.5%
39121,极品师徒,<0.1%,1.38,3,<0.1%,4.1%
39122,我不是药神,<0.1%,1.35,7,<0.1%,8.1%
39123,男生宿舍,<0.1%,1.15,3,<0.1%,3.2%
39124,疯狂丑小鸭,<0.1%,1.15,6,<0.1%,7.3%
39125,古剑奇谭之流月昭明,<0.1%,1.13,103,<0.1%,100.0%
39126,禹神传之寻找神力,<0.1%,1.07,32,<0.1%,30.3%
39127,说走就走之不说再见,<0.1%,1.01,1,0.1%,1.2%
39128,阿凡提之奇缘历险,<0.1%,1.00,288,<0.1%,100.0%
39129,悲伤逆流成河,30.7%,1701.56,7,24.0%,5.6%
39130,黄金兄弟,30.5%,1694.36,6,27.7%,4.3%
39131,反贪风暴3,13.8%,767.14,5,14.5%,4.1%
39132,碟中谍6：全面瓦解,8.1%,451.96,5,10.0%,2.9%
39133,江湖儿女,5.5%,309.44,4,9.3%,3.0%
39134,虎胆追凶,1.8%,103.58,3,4.7%,2.5%
39135,浴血广昌,1.4%,82.30,91,<0.1%,100%
39136,镰仓物语,0.9%,51.80,4,1.4%,3.6%
39137,李学生,0.4%,24.99,73,<0.1%,100%
39138,禹神传之寻找神力,0.4%,24.19,56,<0.1%,59.0%
39139,天蝎行动,0.3%,21.86,177,<0.1%,--
39140,大闹西游,0.3%,21.31,1,2.8%,0.7%
39141,影,0.3%,20.19,150,<0.1%,67.0%
39142,文朝荣,0.3%,19.92,115,<0.1%,92.5%
39143,西虹市首富,0.3%,19.66,4,0.5%,3.8%
39144,为爱担当,0.3%,18.15,111,<0.1%,100%
39145,阿尔法：狼伴归途,0.2%,16.53,3,0.5%,3.1%
39146,昆塔：盒子总动员,0.2%,14.70,64,<0.1%,100%
39147,爱猫之城,0.1%,10.50,2,0.6%,1.5%
39148,藏北秘岭-重返无人区,0.1%,10.23,15,<0.1%,94.4%
39149,热血时代,0.1%,10.20,80,<0.1%,100%
39150,张艺谋和他的“影”,0.1%,8.94,160,<0.1%,--
39151,巨齿鲨,0.1%,6.57,3,0.2%,2.5%
39152,大寒,0.1%,5.85,124,<0.1%,96.4%
39153,快把我哥带走,<0.1%,5.47,2,0.3%,1.8%
39154,天慕,<0.1%,5.41,20,<0.1%,31.4%
39155,信仰者,<0.1%,5.23,26,<0.1%,24.3%
39156,我是检察官,<0.1%,5.02,25,<0.1%,40.0%
39157,胖子行动队,<0.1%,4.83,83,<0.1%,64.1%
39158,冷恋时代,<0.1%,4.76,2,0.3%,1.6%
39159,赛尔号大电影6：圣者无敌,<0.1%,4.37,8,<0.1%,13.2%
39160,一出好戏,<0.1%,3.98,2,0.2%,1.6%
39161,哥斯拉：怪兽行星,<0.1%,3.39,1,0.5%,1.0%
39162,传奇的诞生,<0.1%,3.13,4,<0.1%,4.6%
39163,小偷家族,<0.1%,2.56,14,<0.1%,15.6%
39164,精灵旅社3：疯狂假期,<0.1%,2.28,3,0.1%,2.5%
39165,道高一丈,<0.1%,2.10,14,<0.1%,15.6%
39166,爸，我一定行的,<0.1%,2.05,5,<0.1%,4.8%
39167,我是路人甲,<0.1%,1.81,210,<0.1%,--
39168,李保国,<0.1%,1.77,13,<0.1%,10.8%
39169,未择之路,<0.1%,1.65,2,<0.1%,2.6%
39170,念念手纪,<0.1%,1.53,3,<0.1%,3.1%
39171,找到你,<0.1%,1.44,69,<0.1%,63.1%
39172,说走就走之不说再见,<0.1%,1.35,2,0.1%,2.0%
39173,疯狂丑小鸭,<0.1%,1.24,7,<0.1%,8.7%
39174,明月几时有,<0.1%,1.09,60,<0.1%,44.0%
39175,我不是药神,<0.1%,1.04,5,<0.1%,5.5%
39176,心迷宫,<0.1%,1.00,29,<0.1%,--
39177,悲伤逆流成河,33.6%,1944.57,8,24.6%,6.3%
39178,黄金兄弟,27.9%,1611.39,6,27.8%,4.1%
39179,反贪风暴3,13.6%,785.30,5,14.6%,4.2%
39180,碟中谍6：全面瓦解,8.2%,474.25,5,9.9%,3.0%
39181,江湖儿女,5.3%,308.70,4,9.2%,3.0%
39182,虎胆追凶,1.9%,110.98,3,4.7%,2.7%
39183,浴血广昌,1.1%,67.13,83,<0.1%,100%
39184,镰仓物语,0.9%,56.55,4,1.4%,4.0%
39185,胖子行动队,0.6%,38.20,110,<0.1%,100%
39186,大闹西游,0.5%,30.42,2,2.7%,1.2%
39187,禹神传之寻找神力,0.4%,24.13,59,<0.1%,60.7%
39188,为爱担当,0.4%,23.75,134,<0.1%,100%
39189,昆塔：盒子总动员,0.3%,20.31,81,<0.1%,100%
39190,阿尔法：狼伴归途,0.3%,20.23,4,0.5%,3.5%
39191,天蝎行动,0.3%,19.38,174,<0.1%,--
39192,影,0.3%,19.29,144,<0.1%,100%
39193,文朝荣,0.2%,12.87,108,<0.1%,84.1%
39194,李学生,0.2%,12.45,60,<0.1%,80.0%
39195,天慕,0.1%,10.75,33,<0.1%,59.0%
39196,爱猫之城,0.1%,10.61,2,0.6%,1.7%
39197,巨齿鲨,0.1%,9.14,3,0.2%,3.2%
39198,藏北秘岭-重返无人区,0.1%,8.40,14,<0.1%,83.8%
39199,西虹市首富,0.1%,8.02,4,0.2%,3.6%
39200,快把我哥带走,0.1%,7.52,3,0.3%,2.3%
39201,张艺谋和他的“影”,0.1%,7.34,114,<0.1%,100%
39202,大寒,0.1%,6.54,126,<0.1%,100%
39203,信仰者,<0.1%,5.39,25,<0.1%,20.3%
39204,阿凡提之奇缘历险,<0.1%,5.33,159,<0.1%,100.0%
39205,一出好戏,<0.1%,4.40,2,0.2%,1.8%
39206,勇敢往事,<0.1%,4.26,102,<0.1%,100%
39207,李茶的姑妈,<0.1%,3.82,348,<0.1%,100.0%
39208,哥斯拉：怪兽行星,<0.1%,3.55,2,0.4%,1.2%
39209,道高一丈,<0.1%,3.15,24,<0.1%,29.0%
39210,传奇的诞生,<0.1%,3.12,4,<0.1%,4.1%
39211,曹操与杨修,<0.1%,2.99,41,<0.1%,32.8%
39212,冷恋时代,<0.1%,2.99,1,0.3%,1.0%
39213,赛尔号大电影6：圣者无敌,<0.1%,2.36,6,<0.1%,10.1%
39214,苏丹,<0.1%,2.32,6,<0.1%,8.9%
39215,精灵旅社3：疯狂假期,<0.1%,2.28,2,0.1%,2.2%
39216,李保国,<0.1%,2.27,14,<0.1%,10.7%
39217,我是路人甲,<0.1%,2.01,205,<0.1%,--
39218,念念手纪,<0.1%,1.94,3,<0.1%,3.0%
39219,爸，我一定行的,<0.1%,1.80,4,<0.1%,4.0%
39220,我不是药神,<0.1%,1.77,6,<0.1%,6.9%
39221,红海行动,<0.1%,1.50,55,<0.1%,68.9%
39222,营救汪星人,<0.1%,1.15,55,<0.1%,52.4%
39223,男生宿舍,<0.1%,1.11,3,<0.1%,3.0%
39224,心迷宫,<0.1%,1.00,100,<0.1%,--
39225,悲伤逆流成河,33.1%,1957.65,8,24.8%,6.2%
39226,黄金兄弟,26.1%,1543.57,6,27.2%,3.9%
39227,反贪风暴3,13.9%,825.13,6,14.4%,4.5%
39228,碟中谍6：全面瓦解,9.6%,572.16,6,9.7%,3.7%
39229,江湖儿女,5.2%,310.08,4,8.8%,3.1%
39230,虎胆追凶,1.8%,111.38,3,4.3%,2.8%
39231,胖子行动队,1.2%,73.83,25,0.2%,18.4%
39232,镰仓物语,1.0%,64.49,5,1.3%,4.9%
39233,浴血广昌,0.8%,52.92,78,<0.1%,100%
39234,大闹西游,0.7%,43.50,2,2.7%,1.7%
39235,嗝嗝老师,0.4%,23.72,76,<0.1%,64.9%
39236,阿尔法：狼伴归途,0.3%,21.43,4,0.5%,4.1%
39237,昆塔：盒子总动员,0.3%,20.88,76,<0.1%,100%
39238,禹神传之寻找神力,0.3%,19.86,57,<0.1%,58.3%
39239,爱猫之城,0.3%,19.52,4,0.5%,3.8%
39240,天蝎行动,0.2%,16.33,171,<0.1%,--
39241,为爱担当,0.2%,13.54,100,<0.1%,100%
39242,李学生,0.2%,11.85,54,<0.1%,77.3%
39243,西虹市首富,0.1%,10.95,4,0.2%,4.2%
39244,文朝荣,0.1%,10.95,115,<0.1%,90.0%
39245,藏北秘岭-重返无人区,0.1%,9.58,15,<0.1%,65.1%
39246,快把我哥带走,0.1%,9.43,3,0.3%,3.1%
39247,精灵旅社3：疯狂假期,0.1%,9.38,9,0.1%,9.7%
39248,巨齿鲨,0.1%,9.01,3,0.2%,3.2%
39249,天慕,0.1%,7.61,28,<0.1%,47.8%
39250,张艺谋和他的“影”,0.1%,7.56,1,1.5%,0.6%
39251,影,0.1%,7.49,24,<0.1%,84.0%
39252,信仰者,0.1%,7.32,28,<0.1%,27.7%
39253,大寒,0.1%,6.78,134,<0.1%,100%
39254,冷恋时代,<0.1%,5.72,2,0.3%,2.0%
39255,一出好戏,<0.1%,5.11,2,0.2%,2.3%
39256,哥斯拉：怪兽行星,<0.1%,4.25,2,0.4%,1.5%
39257,勇敢往事,<0.1%,4.13,99,<0.1%,100%
39258,传奇的诞生,<0.1%,3.51,5,<0.1%,5.2%
39259,赛尔号大电影6：圣者无敌,<0.1%,3.40,8,<0.1%,14.4%
39260,我不是药神,<0.1%,3.15,9,<0.1%,11.4%
39261,爸，我一定行的,<0.1%,2.46,5,<0.1%,5.3%
39262,神秘世界历险记4,<0.1%,2.17,27,<0.1%,25.3%
39263,我是检察官,<0.1%,2.02,13,<0.1%,15.9%
39264,战狼2,<0.1%,1.99,32,<0.1%,39.9%
39265,李茶的姑妈,<0.1%,1.97,22,<0.1%,45.6%
39266,阿凡提之奇缘历险,<0.1%,1.83,610,<0.1%,57.6%
39267,念念手纪,<0.1%,1.78,3,<0.1%,3.5%
39268,我是路人甲,<0.1%,1.76,220,<0.1%,--
39269,警车联盟,<0.1%,1.72,69,<0.1%,79.4%
39270,那些女人,<0.1%,1.52,36,<0.1%,100%
39271,未择之路,<0.1%,1.41,2,<0.1%,2.1%
39272,面向群众,<0.1%,1.41,56,<0.1%,75.2%
39273,营救汪星人,<0.1%,1.39,26,<0.1%,28.4%
39274,苏丹,<0.1%,1.31,4,<0.1%,4.6%
39275,男生宿舍,<0.1%,1.27,3,<0.1%,3.7%
39276,红海行动,<0.1%,1.22,59,<0.1%,98.5%
39277,李保国,<0.1%,1.18,9,<0.1%,6.8%
39278,极品师徒,<0.1%,1.13,4,<0.1%,4.5%
39279,心迷宫,<0.1%,1.00,100,<0.1%,--
39280,李茶的姑妈,39.9%,10662.78,26,35.8%,17.0%
39281,影,24.7%,6615.60,25,22.4%,19.2%
39282,无双,20.5%,5481.91,24,18.8%,21.6%
39283,胖子行动队,11.7%,3136.38,15,18.5%,14.6%
39284,悲伤逆流成河,1.2%,329.73,26,1.1%,31.0%
39285,黄金兄弟,0.3%,95.42,10,0.7%,10.8%
39286,碟中谍6：全面瓦解,0.1%,51.76,22,0.1%,27.7%
39287,反贪风暴3,0.1%,38.84,14,0.2%,18.8%
39288,藏北秘岭-重返无人区,0.1%,37.62,55,<0.1%,100%
39289,昆塔：盒子总动员,0.1%,29.07,105,<0.1%,100%
39290,营救汪星人,<0.1%,25.57,4,0.8%,3.9%
39291,大闹西游,<0.1%,22.13,5,0.4%,5.8%
39292,江湖儿女,<0.1%,21.23,13,0.1%,15.5%
39293,李学生,<0.1%,14.40,136,<0.1%,100%
39294,传奇的诞生,<0.1%,9.35,65,<0.1%,97.0%
39295,浴血广昌,<0.1%,8.89,71,<0.1%,67.3%
39296,禹神传之寻找神力,<0.1%,8.47,133,<0.1%,80.4%
39297,阿尔法：狼伴归途,<0.1%,8.17,22,<0.1%,36.5%
39298,阿凡提之奇缘历险,<0.1%,7.11,70,<0.1%,63.0%
39299,天蝎行动,<0.1%,6.52,163,<0.1%,--
39300,信仰者,<0.1%,5.16,38,<0.1%,33.9%
39301,大寒,<0.1%,4.30,270,<0.1%,100%
39302,镰仓物语,<0.1%,4.21,17,<0.1%,26.4%
39303,精灵旅社3：疯狂假期,<0.1%,3.90,15,<0.1%,22.9%
39304,诡梦凶铃,<0.1%,3.90,186,<0.1%,100%
39305,天慕,<0.1%,3.61,38,<0.1%,83.2%
39306,曹操与杨修,<0.1%,3.20,178,<0.1%,77.5%
39307,过往的梦,<0.1%,2.67,224,<0.1%,100.0%
39308,古剑奇谭之流月昭明,<0.1%,2.63,48,<0.1%,100%
39309,消失的子弹,<0.1%,2.59,132,<0.1%,100.0%
39310,爱猫之城,<0.1%,2.57,7,<0.1%,8.0%
39311,哥斯拉：怪兽行星,<0.1%,2.52,9,<0.1%,9.0%
39312,新灰姑娘,<0.1%,2.28,44,<0.1%,99.6%
39313,道高一丈,<0.1%,2.26,52,<0.1%,100%
39314,虎胆追凶,<0.1%,2.19,7,<0.1%,12.7%
39315,警车联盟,<0.1%,1.92,64,<0.1%,62.2%
39316,远去的牧歌,<0.1%,1.50,500,<0.1%,96.1%
39317,冷恋时代,<0.1%,1.34,22,<0.1%,100%
39318,勇敢往事,<0.1%,1.22,132,<0.1%,100%
39319,为爱担当,<0.1%,1.19,49,<0.1%,100%
39320,我不是药神,<0.1%,1.06,23,<0.1%,40.1%
39321,疯狂丑小鸭,<0.1%,1.06,12,<0.1%,18.6%
39322,心迷宫,<0.1%,1.00,100,<0.1%,--
39323,李茶的姑妈,29.9%,10859.65,30,28.8%,19.3%
39324,无双,24.4%,8848.37,38,17.7%,32.3%
39325,影,22.6%,8213.70,31,20.4%,23.8%
39326,胖子行动队,9.4%,3414.17,23,12.3%,22.6%
39327,新灰姑娘,3.4%,1248.19,26,4.1%,25.7%
39328,阿凡提之奇缘历险,3.4%,1241.41,20,5.0%,20.3%
39329,悲伤逆流成河,2.7%,982.33,35,2.2%,36.8%
39330,古剑奇谭之流月昭明,2.2%,830.18,10,6.8%,10.1%
39331,黄金兄弟,0.7%,271.03,23,0.9%,24.1%
39332,藏北秘岭-重返无人区,0.1%,72.01,94,<0.1%,100%
39333,找到你,0.1%,60.49,31,0.1%,41.2%
39334,反贪风暴3,<0.1%,32.51,18,0.1%,20.9%
39335,江湖儿女,<0.1%,28.58,24,<0.1%,36.3%
39336,大闹西游,<0.1%,23.60,11,0.1%,14.9%
39337,营救汪星人,<0.1%,23.25,6,0.3%,8.4%
39338,警车联盟,<0.1%,10.40,15,<0.1%,17.9%
39339,精灵旅社3：疯狂假期,<0.1%,9.49,27,<0.1%,30.6%
39340,禹神传之寻找神力,<0.1%,9.13,142,<0.1%,92.9%
39341,镰仓物语,<0.1%,7.42,23,<0.1%,29.2%
39342,诡梦凶铃,<0.1%,7.38,143,<0.1%,100%
39343,阿尔法：狼伴归途,<0.1%,5.74,22,<0.1%,30.8%
39344,爱猫之城,<0.1%,5.72,17,<0.1%,20.4%
39345,巨齿鲨,<0.1%,4.81,21,<0.1%,26.2%
39346,大寒,<0.1%,4.37,94,<0.1%,100%
39347,过往的梦,<0.1%,3.65,259,<0.1%,100%
39348,西虹市首富,<0.1%,3.29,19,<0.1%,24.2%
39349,虎胆追凶,<0.1%,2.39,9,<0.1%,16.9%
39350,初恋浅规则,<0.1%,2.22,227,<0.1%,100.0%
39351,天慕,<0.1%,1.94,26,<0.1%,53.7%
39352,传奇的诞生,<0.1%,1.48,21,<0.1%,33.8%
39353,李宗伟：败者为王,<0.1%,1.35,77,<0.1%,100%
39354,爸，我一定行的,<0.1%,1.06,20,<0.1%,22.8%
39355,心迷宫,<0.1%,1.00,100,<0.1%,--
39356,无双,29.4%,9426.83,34,21.3%,26.1%
39357,李茶的姑妈,26.1%,8346.78,26,25.8%,18.3%
39358,影,21.8%,6981.65,26,21.0%,19.4%
39359,胖子行动队,9.0%,2889.39,20,11.9%,20.4%
39360,悲伤逆流成河,4.6%,1499.25,28,4.5%,27.5%
39361,阿凡提之奇缘历险,3.2%,1042.40,18,4.8%,18.1%
39362,新灰姑娘,2.8%,917.58,18,4.5%,17.8%
39363,古剑奇谭之流月昭明,0.7%,226.43,7,2.7%,7.4%
39364,黄金兄弟,0.7%,225.84,19,0.9%,19.6%
39365,找到你,0.2%,86.05,34,0.2%,39.1%
39366,藏北秘岭-重返无人区,0.1%,63.80,83,<0.1%,100%
39367,反贪风暴3,0.1%,40.65,15,0.2%,16.7%
39368,江湖儿女,0.1%,32.07,20,0.1%,25.7%
39369,营救汪星人,<0.1%,29.38,5,0.6%,5.1%
39370,大闹西游,<0.1%,28.79,11,0.2%,12.9%
39371,精灵旅社3：疯狂假期,<0.1%,16.66,23,<0.1%,24.3%
39372,镰仓物语,<0.1%,13.09,24,<0.1%,27.8%
39373,巨齿鲨,<0.1%,9.81,20,<0.1%,25.9%
39374,诡梦凶铃,<0.1%,9.26,122,<0.1%,100%
39375,阿尔法：狼伴归途,<0.1%,8.89,24,<0.1%,32.7%
39376,传奇的诞生,<0.1%,8.67,56,<0.1%,41.8%
39377,警车联盟,<0.1%,7.68,12,<0.1%,14.0%
39378,禹神传之寻找神力,<0.1%,6.88,104,<0.1%,78.4%
39379,西虹市首富,<0.1%,6.34,17,<0.1%,21.6%
39380,大寒,<0.1%,6.06,129,<0.1%,100%
39381,爱猫之城,<0.1%,5.53,15,<0.1%,17.4%
39382,过往的梦,<0.1%,5.01,245,<0.1%,100%
39383,念念手纪,<0.1%,3.26,30,<0.1%,28.3%
39384,初恋浅规则,<0.1%,2.78,88,<0.1%,80.2%
39385,极品师徒,<0.1%,2.56,78,<0.1%,100%
39386,虎胆追凶,<0.1%,2.44,9,<0.1%,13.5%
39387,道高一丈,<0.1%,2.03,37,<0.1%,23.2%
39388,爸，我一定行的,<0.1%,1.84,17,<0.1%,17.4%
39389,天慕,<0.1%,1.76,25,<0.1%,53.9%
39390,我不是药神,<0.1%,1.57,29,<0.1%,37.3%
39391,哥斯拉：怪兽行星,<0.1%,1.43,14,<0.1%,15.3%
39392,那些女人,<0.1%,1.23,205,<0.1%,100%
39393,古墓兽影,<0.1%,1.15,22,<0.1%,30.6%
39394,神秘世界历险记4,<0.1%,1.04,13,<0.1%,10.9%
39395,心迷宫,<0.1%,1.00,100,<0.1%,--
39396,让我怎么相信你,<0.1%,1.00,39,<0.1%,38.9%
39397,无双,33.4%,9667.48,33,23.2%,23.4%
39398,李茶的姑妈,21.7%,6284.40,22,24.1%,15.6%
39399,影,21.2%,6131.78,24,20.5%,17.7%
39400,胖子行动队,8.8%,2563.26,19,11.1%,19.6%
39401,悲伤逆流成河,5.7%,1664.34,24,6.0%,22.7%
39402,阿凡提之奇缘历险,3.4%,1002.67,17,5.0%,16.8%
39403,新灰姑娘,2.7%,802.15,16,4.5%,15.8%
39404,黄金兄弟,0.7%,203.46,16,1.0%,17.2%
39405,古剑奇谭之流月昭明,0.3%,113.19,5,2.0%,5.2%
39406,找到你,0.3%,110.71,34,0.2%,39.8%
39407,藏北秘岭-重返无人区,0.1%,51.68,70,<0.1%,100%
39408,反贪风暴3,0.1%,42.89,13,0.2%,13.9%
39409,江湖儿女,0.1%,33.04,18,0.1%,22.9%
39410,营救汪星人,<0.1%,28.55,7,0.4%,7.8%
39411,大闹西游,<0.1%,26.28,10,0.2%,11.8%
39412,精灵旅社3：疯狂假期,<0.1%,19.00,22,<0.1%,22.3%
39413,镰仓物语,<0.1%,12.34,16,<0.1%,19.5%
39414,巨齿鲨,<0.1%,11.78,18,<0.1%,21.9%
39415,禹神传之寻找神力,<0.1%,8.58,147,<0.1%,100%
39416,西虹市首富,<0.1%,8.40,17,<0.1%,19.8%
39417,警车联盟,<0.1%,7.16,10,<0.1%,11.5%
39418,诡梦凶铃,<0.1%,7.05,129,<0.1%,100%
39419,爱猫之城,<0.1%,6.87,19,<0.1%,20.5%
39420,阿尔法：狼伴归途,<0.1%,5.92,16,<0.1%,18.6%
39421,冷恋时代,<0.1%,5.90,48,<0.1%,30.7%
39422,虎胆追凶,<0.1%,5.79,19,<0.1%,27.0%
39423,大寒,<0.1%,5.62,136,<0.1%,100%
39424,未择之路,<0.1%,5.45,44,<0.1%,39.3%
39425,你的名字。,<0.1%,3.44,169,<0.1%,100.0%
39426,过往的梦,<0.1%,3.28,192,<0.1%,100%
39427,爸，我一定行的,<0.1%,2.56,19,<0.1%,18.5%
39428,初恋浅规则,<0.1%,2.44,74,<0.1%,100.0%
39429,中学时代,<0.1%,2.01,87,<0.1%,100%
39430,传奇的诞生,<0.1%,1.71,24,<0.1%,27.8%
39431,天慕,<0.1%,1.57,22,<0.1%,52.6%
39432,我不是药神,<0.1%,1.21,16,<0.1%,17.8%
39433,信仰者,<0.1%,1.15,23,<0.1%,13.2%
39434,心迷宫,<0.1%,1.00,100,<0.1%,--
39435,无双,35.9%,9205.56,30,24.5%,20.3%
39436,影,20.0%,5133.52,21,20.1%,15.4%
39437,李茶的姑妈,19.4%,4996.21,19,22.5%,13.8%
39438,胖子行动队,9.1%,2349.89,18,10.8%,18.5%
39439,悲伤逆流成河,6.2%,1597.55,20,6.8%,19.3%
39440,阿凡提之奇缘历险,3.4%,891.52,16,4.7%,15.7%
39441,新灰姑娘,2.6%,677.77,15,4.1%,14.7%
39442,找到你,0.6%,163.26,37,0.3%,39.9%
39443,嘻哈英熊,0.5%,134.55,9,1.5%,9.1%
39444,黄金兄弟,0.5%,130.11,12,0.9%,12.7%
39445,古剑奇谭之流月昭明,0.2%,62.82,4,1.4%,4.0%
39446,藏北秘岭-重返无人区,0.1%,45.37,61,<0.1%,100%
39447,反贪风暴3,0.1%,36.63,10,0.2%,11.1%
39448,江湖儿女,0.1%,27.06,13,0.1%,13.3%
39449,营救汪星人,<0.1%,24.68,8,0.3%,9.0%
39450,大闹西游,<0.1%,21.33,9,0.2%,10.6%
39451,精灵旅社3：疯狂假期,<0.1%,19.02,20,<0.1%,20.4%
39452,镰仓物语,<0.1%,12.15,15,<0.1%,18.3%
39453,巨齿鲨,<0.1%,10.51,15,<0.1%,18.7%
39454,西虹市首富,<0.1%,9.38,16,<0.1%,19.2%
39455,警车联盟,<0.1%,7.50,13,<0.1%,14.2%
39456,禹神传之寻找神力,<0.1%,6.25,152,<0.1%,100%
39457,诡梦凶铃,<0.1%,5.59,165,<0.1%,100%
39458,阿尔法：狼伴归途,<0.1%,5.34,13,<0.1%,16.3%
39459,初恋浅规则,<0.1%,4.69,108,<0.1%,87.2%
39460,大寒,<0.1%,4.42,203,<0.1%,89.0%
39461,爱猫之城,<0.1%,3.78,9,<0.1%,10.1%
39462,你的名字。,<0.1%,3.44,169,<0.1%,100.0%
39463,过往的梦,<0.1%,3.16,183,<0.1%,100%
39464,虎胆追凶,<0.1%,2.68,8,<0.1%,11.7%
39465,传奇的诞生,<0.1%,2.53,25,<0.1%,37.5%
39466,说走就走之不说再见,<0.1%,2.24,19,<0.1%,25.6%
39467,浴血广昌,<0.1%,1.61,69,<0.1%,100%
39468,我是路人甲,<0.1%,1.58,198,<0.1%,--
39469,爸，我一定行的,<0.1%,1.57,12,<0.1%,12.3%
39470,中学时代,<0.1%,1.48,27,<0.1%,19.7%
39471,天慕,<0.1%,1.42,25,<0.1%,72.7%
39472,我不是药神,<0.1%,1.32,18,<0.1%,21.5%
39473,冷恋时代,<0.1%,1.13,43,<0.1%,65.9%
39474,李宗伟：败者为王,<0.1%,1.03,36,<0.1%,64.0%
39475,心迷宫,<0.1%,1.00,100,<0.1%,--
39476,无双,36.1%,9037.11,29,24.5%,19.0%
39477,影,18.1%,4540.34,20,18.0%,15.1%
39478,李茶的姑妈,16.6%,4165.59,18,19.1%,14.0%
39479,胖子行动队,8.1%,2029.53,18,9.4%,18.3%
39480,找到你,7.6%,1919.07,17,10.5%,16.3%
39481,悲伤逆流成河,5.3%,1343.14,19,6.1%,18.1%
39482,阿凡提之奇缘历险,3.3%,840.40,16,4.4%,15.9%
39483,新灰姑娘,2.5%,635.15,16,3.7%,15.2%
39484,黄金兄弟,0.4%,105.91,13,0.6%,13.5%
39485,嘻哈英熊,0.2%,73.32,9,0.8%,9.3%
39486,藏北秘岭-重返无人区,0.1%,43.47,64,<0.1%,100%
39487,古剑奇谭之流月昭明,0.1%,34.99,4,0.7%,4.5%
39488,反贪风暴3,0.1%,28.64,10,0.2%,10.9%
39489,江湖儿女,<0.1%,22.53,14,0.1%,16.7%
39490,大闹西游,<0.1%,21.28,9,0.2%,11.1%
39491,营救汪星人,<0.1%,18.31,8,0.2%,9.5%
39492,精灵旅社3：疯狂假期,<0.1%,18.30,21,<0.1%,22.7%
39493,镰仓物语,<0.1%,11.62,16,<0.1%,19.0%
39494,诡梦凶铃,<0.1%,10.46,148,<0.1%,100%
39495,巨齿鲨,<0.1%,9.42,13,<0.1%,17.1%
39496,西虹市首富,<0.1%,8.12,13,<0.1%,15.5%
39497,阿尔法：狼伴归途,<0.1%,6.76,16,<0.1%,21.9%
39498,禹神传之寻找神力,<0.1%,5.98,144,<0.1%,100%
39499,大寒,<0.1%,5.68,174,<0.1%,82.9%
39500,警车联盟,<0.1%,3.94,9,<0.1%,10.0%
39501,爱猫之城,<0.1%,3.68,9,<0.1%,10.6%
39502,过往的梦,<0.1%,3.53,200,<0.1%,--
39503,张艺谋和他的“影”,<0.1%,2.99,3,<0.1%,3.0%
39504,传奇的诞生,<0.1%,2.21,22,<0.1%,28.0%
39505,初恋浅规则,<0.1%,2.16,85,<0.1%,100.0%
39506,说走就走之不说再见,<0.1%,2.08,22,<0.1%,28.5%
39507,你的名字。,<0.1%,1.98,195,<0.1%,100.0%
39508,我是路人甲,<0.1%,1.67,209,<0.1%,--
39509,虎胆追凶,<0.1%,1.66,6,<0.1%,9.7%
39510,爸，我一定行的,<0.1%,1.35,13,<0.1%,14.4%
39511,李学生,<0.1%,1.25,30,<0.1%,49.1%
39512,天慕,<0.1%,1.02,16,<0.1%,36.0%
39513,心迷宫,<0.1%,1.00,100,<0.1%,--
39514,无双,38.3%,9217.48,29,25.4%,18.6%
39515,影,18.3%,4408.61,20,18.0%,15.0%
39516,李茶的姑妈,15.4%,3725.12,17,18.4%,13.3%
39517,胖子行动队,8.0%,1943.68,17,9.6%,17.2%
39518,找到你,6.6%,1606.66,16,9.6%,14.9%
39519,悲伤逆流成河,5.3%,1280.21,17,6.4%,16.6%
39520,阿凡提之奇缘历险,3.3%,815.95,15,4.6%,15.0%
39521,新灰姑娘,2.5%,616.58,15,3.8%,14.6%
39522,黄金兄弟,0.3%,75.09,11,0.6%,11.3%
39523,嘻哈英熊,0.2%,72.11,9,0.8%,9.6%
39524,藏北秘岭-重返无人区,0.1%,39.76,57,<0.1%,100%
39525,反贪风暴3,0.1%,30.96,10,0.2%,10.9%
39526,古剑奇谭之流月昭明,0.1%,28.29,4,0.6%,4.2%
39527,江湖儿女,0.1%,24.17,14,0.1%,17.5%
39528,精灵旅社3：疯狂假期,<0.1%,19.28,20,<0.1%,20.7%
39529,大闹西游,<0.1%,18.97,8,0.2%,9.3%
39530,营救汪星人,<0.1%,18.09,8,0.2%,9.6%
39531,镰仓物语,<0.1%,11.05,14,<0.1%,15.6%
39532,西虹市首富,<0.1%,8.67,13,<0.1%,15.3%
39533,巨齿鲨,<0.1%,7.78,12,<0.1%,13.4%
39534,诡梦凶铃,<0.1%,6.19,118,<0.1%,100%
39535,大寒,<0.1%,5.35,173,<0.1%,84.8%
39536,阿尔法：狼伴归途,<0.1%,5.24,13,<0.1%,18.0%
39537,禹神传之寻找神力,<0.1%,4.96,101,<0.1%,100%
39538,初恋浅规则,<0.1%,4.63,106,<0.1%,83.1%
39539,爱猫之城,<0.1%,4.01,11,<0.1%,12.6%
39540,警车联盟,<0.1%,3.92,9,<0.1%,9.6%
39541,过往的梦,<0.1%,3.01,205,<0.1%,--
39542,极品师徒,<0.1%,2.91,90,<0.1%,65.4%
39543,虎胆追凶,<0.1%,2.47,8,<0.1%,12.0%
39544,说走就走之不说再见,<0.1%,1.72,17,<0.1%,23.1%
39545,传奇的诞生,<0.1%,1.62,16,<0.1%,18.9%
39546,浴血广昌,<0.1%,1.61,51,<0.1%,76.4%
39547,哥斯拉：怪兽行星,<0.1%,1.57,12,<0.1%,15.5%
39548,天慕,<0.1%,1.52,25,<0.1%,70.4%
39549,我不是药神,<0.1%,1.52,18,<0.1%,24.7%
39550,你的名字。,<0.1%,1.49,110,<0.1%,100.0%
39551,曹操与杨修,<0.1%,1.25,57,<0.1%,62.2%
39552,张艺谋和他的“影”,<0.1%,1.16,3,<0.1%,2.1%
39553,心迷宫,<0.1%,1.00,100,<0.1%,--
39554,无双,39.7%,7584.83,23,26.0%,15.0%
39555,影,17.4%,3323.46,15,18.0%,11.4%
39556,李茶的姑妈,13.5%,2580.76,12,17.9%,9.6%
39557,找到你,7.8%,1506.31,15,9.4%,14.1%
39558,胖子行动队,7.7%,1475.76,13,9.7%,12.8%
39559,悲伤逆流成河,4.5%,863.06,12,6.4%,11.2%
39560,阿凡提之奇缘历险,4.0%,779.88,14,4.7%,14.2%
39561,新灰姑娘,3.1%,600.56,15,3.9%,14.3%
39562,嘻哈英熊,0.3%,72.53,11,0.7%,11.1%
39563,黄金兄弟,0.3%,65.00,9,0.6%,9.9%
39564,古剑奇谭之流月昭明,0.1%,31.84,4,0.6%,4.7%
39565,藏北秘岭-重返无人区,0.1%,30.92,45,<0.1%,100%
39566,反贪风暴3,0.1%,25.76,8,0.2%,9.0%
39567,营救汪星人,<0.1%,18.85,8,0.2%,9.7%
39568,大闹西游,<0.1%,18.79,8,0.2%,9.8%
39569,江湖儿女,<0.1%,17.61,10,0.1%,12.6%
39570,精灵旅社3：疯狂假期,<0.1%,15.16,16,<0.1%,16.5%
39571,镰仓物语,<0.1%,8.29,11,<0.1%,13.0%
39572,巨齿鲨,<0.1%,7.68,11,<0.1%,12.8%
39573,西虹市首富,<0.1%,6.63,10,<0.1%,11.4%
39574,诡梦凶铃,<0.1%,6.34,161,<0.1%,100%
39575,禹神传之寻找神力,<0.1%,5.54,128,<0.1%,100%
39576,警车联盟,<0.1%,4.38,10,<0.1%,10.9%
39577,大寒,<0.1%,3.61,103,<0.1%,71.2%
39578,爱猫之城,<0.1%,3.50,11,<0.1%,11.4%
39579,未择之路,<0.1%,3.01,53,<0.1%,100%
39580,红高粱,<0.1%,2.85,11,<0.1%,10.7%
39581,过往的梦,<0.1%,2.82,193,<0.1%,--
39582,初恋浅规则,<0.1%,2.77,137,<0.1%,96.8%
39583,虎胆追凶,<0.1%,2.75,9,<0.1%,11.2%
39584,摔跤吧！爸爸,<0.1%,2.61,193,<0.1%,100.0%
39585,曹操与杨修,<0.1%,1.55,154,<0.1%,50.9%
39586,我不是药神,<0.1%,1.40,16,<0.1%,24.8%
39587,消失的子弹,<0.1%,1.36,152,<0.1%,100.0%
39588,中学时代,<0.1%,1.28,102,<0.1%,100%
39589,浴血广昌,<0.1%,1.01,50,<0.1%,60.7%
39590,无双,42.8%,3339.75,12,27.6%,7.3%
39591,影,18.2%,1421.23,7,19.0%,5.3%
39592,李茶的姑妈,12.6%,982.09,6,18.2%,4.2%
39593,找到你,10.8%,848.43,9,10.6%,8.1%
39594,胖子行动队,8.2%,643.91,6,10.6%,5.8%
39595,悲伤逆流成河,4.6%,365.10,6,6.2%,5.6%
39596,黄金兄弟,0.4%,37.93,5,0.7%,5.3%
39597,阿凡提之奇缘历险,0.3%,25.58,2,2.3%,1.0%
39598,新灰姑娘,0.2%,19.63,2,1.7%,1.2%
39599,藏北秘岭-重返无人区,0.2%,16.37,22,<0.1%,100%
39600,古剑奇谭之流月昭明,0.2%,16.28,2,0.8%,2.2%
39601,反贪风暴3,0.1%,13.25,4,0.3%,4.0%
39602,江湖儿女,0.1%,8.76,5,0.1%,5.7%
39603,大寒,<0.1%,7.38,140,<0.1%,100%
39604,营救汪星人,<0.1%,3.11,2,0.2%,2.3%
39605,嘻哈英熊,<0.1%,2.79,1,0.3%,1.0%
39606,镰仓物语,<0.1%,2.51,4,<0.1%,4.5%
39607,信仰者,<0.1%,2.45,41,<0.1%,80.0%
39608,禹神传之寻找神力,<0.1%,2.42,116,<0.1%,100%
39609,李保国,<0.1%,2.23,35,<0.1%,51.9%
39610,嗝嗝老师,<0.1%,2.05,333,<0.1%,85.9%
39611,诡梦凶铃,<0.1%,1.92,81,<0.1%,100.0%
39612,我是路人甲,<0.1%,1.92,144,<0.1%,--
39613,西虹市首富,<0.1%,1.86,4,<0.1%,4.0%
39614,初恋浅规则,<0.1%,1.78,92,<0.1%,95.8%
39615,虎胆追凶,<0.1%,1.57,4,<0.1%,4.9%
39616,摔跤吧！爸爸,<0.1%,1.49,220,<0.1%,100.0%
39617,浴血广昌,<0.1%,1.46,45,<0.1%,62.8%
39618,巨齿鲨,<0.1%,1.22,3,<0.1%,3.6%
39619,无双,41.9%,2986.86,10,28.1%,6.5%
39620,影,18.1%,1295.16,7,19.0%,5.0%
39621,找到你,12.9%,922.80,9,11.4%,8.2%
39622,李茶的姑妈,11.6%,829.72,5,17.5%,3.8%
39623,胖子行动队,7.9%,566.23,6,10.6%,5.3%
39624,悲伤逆流成河,4.5%,324.32,6,6.2%,5.1%
39625,黄金兄弟,0.4%,34.04,5,0.8%,4.4%
39626,古剑奇谭之流月昭明,0.3%,22.46,3,0.8%,2.8%
39627,阿凡提之奇缘历险,0.2%,20.98,2,1.9%,1.1%
39628,反贪风暴3,0.2%,19.96,5,0.4%,4.8%
39629,藏北秘岭-重返无人区,0.1%,13.82,18,<0.1%,100%
39630,新灰姑娘,0.1%,13.73,2,1.4%,1.0%
39631,禹神传之寻找神力,0.1%,9.92,193,<0.1%,100%
39632,大寒,0.1%,8.83,126,<0.1%,100%
39633,江湖儿女,0.1%,8.55,5,0.1%,4.8%
39634,信仰者,0.1%,7.75,37,<0.1%,78.0%
39635,镰仓物语,<0.1%,3.14,6,<0.1%,7.0%
39636,营救汪星人,<0.1%,3.14,2,0.1%,2.7%
39637,浴血广昌,<0.1%,2.18,71,<0.1%,100%
39638,西虹市首富,<0.1%,2.01,4,<0.1%,3.9%
39639,我是路人甲,<0.1%,1.98,225,<0.1%,--
39640,初恋浅规则,<0.1%,1.86,98,<0.1%,89.5%
39641,嘻哈英熊,<0.1%,1.64,1,0.2%,0.9%
39642,摔跤吧！爸爸,<0.1%,1.52,224,<0.1%,100.0%
39643,嗝嗝老师,<0.1%,1.38,122,<0.1%,100.0%
39644,阿拉姜色,<0.1%,1.22,204,<0.1%,--
39645,天慕,<0.1%,1.17,10,<0.1%,18.8%
39646,诡梦凶铃,<0.1%,1.08,99,<0.1%,100%
39647,巨齿鲨,<0.1%,1.05,3,<0.1%,3.3%
39648,无双,40.8%,2691.11,9,28.3%,5.9%
39649,影,17.7%,1166.82,6,18.8%,4.6%
39650,找到你,15.5%,1026.07,9,12.3%,8.4%
39651,李茶的姑妈,11.1%,734.27,5,16.8%,3.5%
39652,胖子行动队,7.8%,515.02,5,10.5%,4.8%
39653,悲伤逆流成河,4.3%,286.99,5,6.3%,4.5%
39654,黄金兄弟,0.4%,32.06,4,0.9%,3.8%
39655,反贪风暴3,0.3%,22.41,5,0.4%,4.7%
39656,阿凡提之奇缘历险,0.2%,19.16,2,1.7%,1.1%
39657,藏北秘岭-重返无人区,0.1%,11.88,20,<0.1%,100%
39658,新灰姑娘,0.1%,11.46,1,1.2%,1.0%
39659,古剑奇谭之流月昭明,0.1%,9.05,2,0.8%,1.2%
39660,禹神传之寻找神力,0.1%,7.33,185,<0.1%,100%
39661,江湖儿女,0.1%,6.97,4,0.2%,3.7%
39662,信仰者,<0.1%,5.10,41,<0.1%,65.6%
39663,大寒,<0.1%,4.16,130,<0.1%,100%
39664,李学生,<0.1%,2.63,35,<0.1%,70.0%
39665,镰仓物语,<0.1%,2.50,4,<0.1%,4.1%
39666,浴血广昌,<0.1%,2.13,50,<0.1%,60.3%
39667,诡梦凶铃,<0.1%,2.03,95,<0.1%,100%
39668,西虹市首富,<0.1%,1.90,3,<0.1%,3.4%
39669,极品师徒,<0.1%,1.79,56,<0.1%,100%
39670,我是路人甲,<0.1%,1.78,200,<0.1%,--
39671,嘻哈英熊,<0.1%,1.37,1,0.2%,0.7%
39672,嗝嗝老师,<0.1%,1.34,32,<0.1%,40.2%
39673,营救汪星人,<0.1%,1.08,1,0.1%,1.2%
39674,无双,40.2%,2433.65,8,28.4%,5.3%
39675,影,17.2%,1042.87,6,18.6%,4.1%
39676,找到你,16.5%,998.88,9,13.1%,7.7%
39677,李茶的姑妈,10.6%,643.91,4,16.3%,3.2%
39678,胖子行动队,7.5%,455.42,5,10.3%,4.3%
39679,悲伤逆流成河,4.2%,257.99,5,6.2%,4.1%
39680,黄金兄弟,0.4%,29.59,4,0.9%,3.6%
39681,反贪风暴3,0.3%,21.22,4,0.5%,4.2%
39682,午夜幽灵,0.2%,16.47,6,0.3%,6.0%
39683,阿凡提之奇缘历险,0.2%,14.43,1,1.6%,0.9%
39684,超能泰坦,0.1%,10.80,12,0.1%,8.6%
39685,藏北秘岭-重返无人区,0.1%,10.53,16,<0.1%,100%
39686,新灰姑娘,0.1%,10.07,1,1.1%,1.0%
39687,古剑奇谭之流月昭明,0.1%,8.88,2,0.8%,1.2%
39688,信仰者,0.1%,7.52,51,<0.1%,58.1%
39689,禹神传之寻找神力,0.1%,7.33,185,<0.1%,100%
39690,江湖儿女,0.1%,6.84,3,0.1%,3.6%
39691,李学生,<0.1%,3.67,43,<0.1%,78.3%
39692,大寒,<0.1%,3.01,95,<0.1%,64.8%
39693,镰仓物语,<0.1%,2.60,4,<0.1%,4.3%
39694,浴血广昌,<0.1%,2.17,57,<0.1%,77.4%
39695,西虹市首富,<0.1%,1.73,3,<0.1%,3.1%
39696,勇敢往事,<0.1%,1.66,113,<0.1%,100%
39697,天慕,<0.1%,1.65,12,<0.1%,18.7%
39698,嘻哈英熊,<0.1%,1.22,1,0.2%,0.9%
39699,真假森林王,<0.1%,1.08,120,<0.1%,70.8%
39700,我是路人甲,<0.1%,1.07,98,<0.1%,--
39701,无双,39.5%,3516.80,13,23.5%,8.1%
39702,影,14.6%,1303.62,10,12.4%,7.2%
39703,找到你,14.4%,1285.86,14,9.2%,12.5%
39704,李茶的姑妈,7.1%,639.63,7,8.2%,6.4%
39705,超能泰坦,6.9%,622.72,5,15.9%,3.3%
39706,嗝嗝老师,5.6%,505.68,5,11.9%,4.0%
39707,胖子行动队,4.2%,381.15,7,4.9%,7.2%
39708,悲伤逆流成河,2.7%,241.55,9,2.7%,8.5%
39709,午夜幽灵,0.8%,79.35,6,1.5%,6.3%
39710,帝企鹅日记2：召唤,0.6%,57.29,2,3.3%,1.7%
39711,玛雅蜜蜂历险记,0.5%,49.56,3,2.2%,2.3%
39712,阿凡提之奇缘历险,0.3%,32.95,5,0.6%,4.9%
39713,反贪风暴3,0.2%,24.38,13,0.1%,15.0%
39714,张艺谋和他的“影”,0.1%,16.67,3,0.7%,2.3%
39715,红高粱,0.1%,16.31,3,0.5%,2.5%
39716,藏北秘岭-重返无人区,0.1%,14.29,22,<0.1%,100%
39717,黄金兄弟,0.1%,12.34,5,0.2%,5.3%
39718,新灰姑娘,0.1%,10.92,3,0.4%,2.5%
39719,大闹西游,<0.1%,8.40,22,<0.1%,27.9%
39720,信仰者,<0.1%,7.44,73,<0.1%,85.7%
39721,禹神传之寻找神力,<0.1%,6.10,216,<0.1%,100%
39722,江湖儿女,<0.1%,5.87,9,<0.1%,10.5%
39723,李学生,<0.1%,3.87,46,<0.1%,76.1%
39724,大寒,<0.1%,3.71,129,<0.1%,75.6%
39725,昨日青空,<0.1%,2.80,34,<0.1%,32.5%
39726,浴血广昌,<0.1%,2.71,47,<0.1%,79.6%
39727,我要去远方,<0.1%,2.58,345,<0.1%,100.0%
39728,古剑奇谭之流月昭明,<0.1%,2.47,2,0.1%,1.7%
39729,李保国,<0.1%,2.40,21,<0.1%,16.7%
39730,天慕,<0.1%,2.24,18,<0.1%,30.8%
39731,我是路人甲,<0.1%,2.13,240,<0.1%,--
39732,疯狂丑小鸭,<0.1%,1.92,173,<0.1%,38.1%
39733,初恋浅规则,<0.1%,1.77,108,<0.1%,67.0%
39734,冷恋时代,<0.1%,1.58,42,<0.1%,76.8%
39735,爱猫之城,<0.1%,1.39,11,<0.1%,16.8%
39736,勇敢往事,<0.1%,1.29,182,<0.1%,100%
39737,镰仓物语,<0.1%,1.23,5,<0.1%,6.7%
39738,西虹市首富,<0.1%,1.16,4,<0.1%,5.0%
39739,诡梦凶铃,<0.1%,1.11,96,<0.1%,100.0%
39740,非常父子档,<0.1%,1.11,124,<0.1%,57.1%
39741,新木偶奇遇记,<0.1%,1.08,90,<0.1%,78.0%
39742,宝贝儿,<0.1%,1.00,101,<0.1%,--
39743,无双,37.9%,5997.81,20,24.6%,12.4%
39744,找到你,14.8%,2345.98,18,12.1%,15.7%
39745,影,14.6%,2313.76,15,13.0%,11.7%
39746,嗝嗝老师,7.6%,1210.55,14,8.6%,13.2%
39747,李茶的姑妈,7.3%,1155.56,12,8.2%,11.2%
39748,胖子行动队,4.6%,731.18,13,5.0%,13.1%
39749,悲伤逆流成河,3.6%,582.10,15,3.7%,14.3%
39750,超能泰坦,2.4%,379.47,4,10.9%,2.9%
39751,阿凡提之奇缘历险,1.7%,279.15,11,2.3%,10.8%
39752,玛雅蜜蜂历险记,1.6%,253.74,7,3.6%,7.1%
39753,帝企鹅日记2：召唤,0.9%,142.59,6,2.3%,5.5%
39754,新灰姑娘,0.8%,133.97,9,1.5%,8.3%
39755,午夜幽灵,0.4%,65.21,6,1.3%,5.9%
39756,藏北秘岭-重返无人区,0.1%,26.57,42,<0.1%,100%
39757,黄金兄弟,0.1%,22.95,7,0.2%,8.3%
39758,红高粱,0.1%,16.23,4,0.4%,3.0%
39759,反贪风暴3,<0.1%,15.52,9,0.1%,10.3%
39760,昨日青空,<0.1%,10.14,39,<0.1%,37.2%
39761,张艺谋和他的“影”,<0.1%,9.66,2,0.4%,1.9%
39762,江湖儿女,<0.1%,9.05,10,<0.1%,12.7%
39763,嘻哈英熊,<0.1%,6.87,5,0.1%,6.3%
39764,禹神传之寻找神力,<0.1%,5.98,169,<0.1%,100%
39765,大寒,<0.1%,4.52,135,<0.1%,94.2%
39766,精灵旅社3：疯狂假期,<0.1%,3.95,10,<0.1%,12.5%
39767,我的间谍前男友,<0.1%,3.84,135,<0.1%,92.1%
39768,疯狂丑小鸭,<0.1%,3.70,188,<0.1%,38.1%
39769,古剑奇谭之流月昭明,<0.1%,3.65,3,0.1%,3.3%
39770,西虹市首富,<0.1%,3.56,8,<0.1%,10.7%
39771,镰仓物语,<0.1%,3.49,10,<0.1%,13.6%
39772,诡梦凶铃,<0.1%,3.40,154,<0.1%,100%
39773,大闹西游,<0.1%,3.27,4,<0.1%,5.6%
39774,信仰者,<0.1%,1.99,32,<0.1%,44.4%
39775,浴血广昌,<0.1%,1.96,90,<0.1%,71.7%
39776,我是路人甲,<0.1%,1.76,193,<0.1%,100%
39777,非常父子档,<0.1%,1.44,122,<0.1%,66.0%
39778,李保国,<0.1%,1.42,22,<0.1%,24.8%
39779,初恋浅规则,<0.1%,1.41,162,<0.1%,73.2%
39780,天慕,<0.1%,1.36,15,<0.1%,25.7%
39781,根据地,<0.1%,1.34,77,<0.1%,--
39782,消失的子弹,<0.1%,1.01,338,<0.1%,100.0%
39783,无双,37.0%,4830.55,16,25.1%,9.9%
39784,找到你,14.8%,1936.21,14,13.3%,11.8%
39785,影,13.8%,1805.58,12,13.3%,9.0%
39786,嗝嗝老师,9.2%,1205.32,14,8.9%,12.6%
39787,李茶的姑妈,6.8%,889.35,10,8.4%,8.4%
39788,胖子行动队,4.6%,611.35,11,5.3%,10.3%
39789,悲伤逆流成河,3.3%,437.61,10,4.3%,9.2%
39790,阿凡提之奇缘历险,2.1%,286.44,11,2.5%,10.2%
39791,玛雅蜜蜂历险记,2.1%,285.33,8,3.4%,8.4%
39792,超能泰坦,1.4%,194.21,3,7.9%,2.1%
39793,帝企鹅日记2：召唤,1.4%,183.06,9,2.1%,8.0%
39794,新灰姑娘,1.1%,150.77,9,1.7%,8.5%
39795,午夜幽灵,0.2%,35.18,4,1.2%,3.4%
39796,我的间谍前男友,0.2%,27.67,96,<0.1%,77.4%
39797,黄金兄弟,0.1%,22.74,6,0.3%,6.8%
39798,藏北秘岭-重返无人区,0.1%,22.58,34,<0.1%,100%
39799,红高粱,<0.1%,12.21,3,0.3%,2.8%
39800,反贪风暴3,<0.1%,11.94,7,0.1%,8.0%
39801,江湖儿女,<0.1%,8.12,8,<0.1%,10.1%
39802,嘻哈英熊,<0.1%,7.76,6,0.1%,6.8%
39803,张艺谋和他的“影”,<0.1%,7.24,3,0.2%,2.4%
39804,昨日青空,<0.1%,5.57,28,<0.1%,27.5%
39805,信仰者,<0.1%,5.11,69,<0.1%,72.1%
39806,大寒,<0.1%,4.77,161,<0.1%,66.3%
39807,精灵旅社3：疯狂假期,<0.1%,4.45,10,<0.1%,12.1%
39808,西虹市首富,<0.1%,3.50,7,<0.1%,8.6%
39809,古剑奇谭之流月昭明,<0.1%,3.39,3,0.1%,2.8%
39810,大闹西游,<0.1%,3.03,4,<0.1%,5.3%
39811,极品师徒,<0.1%,2.82,71,<0.1%,100%
39812,疯狂丑小鸭,<0.1%,2.64,212,<0.1%,52.5%
39813,浴血广昌,<0.1%,1.76,67,<0.1%,100%
39814,诡梦凶铃,<0.1%,1.47,74,<0.1%,95.0%
39815,禹神传之寻找神力,<0.1%,1.45,46,<0.1%,29.3%
39816,天慕,<0.1%,1.26,13,<0.1%,20.9%
39817,我是路人甲,<0.1%,1.24,310,<0.1%,--
39818,爱猫之城,<0.1%,1.20,7,<0.1%,7.6%
39819,根据地,<0.1%,1.17,78,<0.1%,--
39820,雪怪大冒险,<0.1%,1.05,176,<0.1%,100.0%
39821,非常父子档,<0.1%,1.01,114,<0.1%,57.1%
39822,消失的子弹,<0.1%,1.01,338,<0.1%,100.0%
39823,无双,37.9%,1932.65,8,26.2%,4.6%
39824,找到你,17.6%,899.96,7,14.9%,5.5%
39825,影,13.9%,712.51,5,14.3%,3.8%
39826,嗝嗝老师,10.7%,549.02,6,10.3%,5.5%
39827,李茶的姑妈,6.7%,342.54,4,9.0%,3.4%
39828,胖子行动队,5.2%,267.54,5,6.0%,4.4%
39829,悲伤逆流成河,3.4%,173.84,4,4.5%,3.9%
39830,超能泰坦,1.1%,60.91,2,6.6%,0.9%
39831,午夜幽灵,0.4%,24.18,3,1.2%,2.5%
39832,帝企鹅日记2：召唤,0.3%,15.65,2,1.5%,1.0%
39833,黄金兄弟,0.2%,14.20,4,0.4%,3.5%
39834,玛雅蜜蜂历险记,0.2%,10.50,1,1.4%,0.8%
39835,阿凡提之奇缘历险,0.1%,10.14,2,0.9%,1.1%
39836,信仰者,0.1%,10.13,82,<0.1%,73.2%
39837,藏北秘岭-重返无人区,0.1%,9.78,15,<0.1%,100%
39838,冷恋时代,0.1%,6.18,58,<0.1%,73.3%
39839,红高粱,0.1%,5.11,2,0.3%,1.4%
39840,新灰姑娘,<0.1%,5.07,1,0.6%,0.9%
39841,江湖儿女,<0.1%,3.00,3,0.1%,3.1%
39842,古剑奇谭之流月昭明,<0.1%,1.96,1,0.1%,1.2%
39843,神秘家族,<0.1%,1.78,127,<0.1%,82.9%
39844,勇敢往事,<0.1%,1.70,177,<0.1%,100%
39845,大寒,<0.1%,1.66,83,<0.1%,100%
39846,张艺谋和他的“影”,<0.1%,1.59,1,0.2%,0.7%
39847,西虹市首富,<0.1%,1.49,3,<0.1%,3.6%
39848,浴血广昌,<0.1%,1.29,41,<0.1%,51.9%
39849,昨日青空,<0.1%,1.22,27,<0.1%,27.3%
39850,李学生,<0.1%,1.19,22,<0.1%,37.2%
39851,无双,36.7%,1799.14,7,26.3%,4.4%
39852,找到你,17.9%,878.90,7,15.4%,5.2%
39853,影,14.0%,686.20,5,14.2%,3.7%
39854,嗝嗝老师,11.4%,559.98,6,10.7%,5.4%
39855,李茶的姑妈,6.6%,327.16,4,8.9%,3.3%
39856,胖子行动队,5.3%,261.63,5,6.1%,4.2%
39857,悲伤逆流成河,3.3%,161.44,4,4.5%,3.6%
39858,超能泰坦,0.9%,47.28,1,5.5%,0.9%
39859,午夜幽灵,0.4%,22.78,3,1.2%,2.5%
39860,帝企鹅日记2：召唤,0.3%,14.74,2,1.3%,1.1%
39861,黄金兄弟,0.2%,14.16,3,0.4%,3.2%
39862,我要去远方,0.2%,13.73,2,0.8%,1.8%
39863,信仰者,0.2%,12.69,66,<0.1%,73.1%
39864,藏北秘岭-重返无人区,0.2%,9.98,16,<0.1%,100%
39865,玛雅蜜蜂历险记,0.1%,9.03,1,1.2%,0.8%
39866,阿凡提之奇缘历险,0.1%,6.63,1,0.8%,0.8%
39867,江湖儿女,0.1%,5.43,5,0.1%,5.6%
39868,红高粱,<0.1%,4.55,2,0.3%,1.3%
39869,天慕,<0.1%,4.02,22,<0.1%,56.1%
39870,李学生,<0.1%,3.76,51,<0.1%,86.1%
39871,新灰姑娘,<0.1%,3.73,1,0.5%,0.8%
39872,浴血广昌,<0.1%,2.35,59,<0.1%,74.3%
39873,昨日青空,<0.1%,2.22,41,<0.1%,35.5%
39874,冷恋时代,<0.1%,2.19,18,<0.1%,19.0%
39875,大寒,<0.1%,1.93,117,<0.1%,47.3%
39876,我是路人甲,<0.1%,1.88,235,<0.1%,--
39877,古剑奇谭之流月昭明,<0.1%,1.66,1,0.1%,1.2%
39878,勇敢往事,<0.1%,1.62,270,<0.1%,100%
39879,西虹市首富,<0.1%,1.52,3,<0.1%,3.3%
39880,明月几时有,<0.1%,1.39,216,<0.1%,--
39881,张艺谋和他的“影”,<0.1%,1.38,1,0.1%,0.7%
39882,曹操与杨修,<0.1%,1.22,111,<0.1%,100%
39883,神秘家族,<0.1%,1.03,230,<0.1%,86.4%
39884,无双,36.5%,1712.48,7,26.5%,4.2%
39885,找到你,18.1%,849.24,6,15.9%,4.9%
39886,影,13.9%,653.78,5,14.3%,3.5%
39887,嗝嗝老师,11.5%,541.44,6,10.9%,5.1%
39888,李茶的姑妈,6.6%,311.57,4,9.0%,3.2%
39889,胖子行动队,5.3%,250.31,4,6.3%,4.0%
39890,悲伤逆流成河,3.1%,149.60,4,4.5%,3.3%
39891,超能泰坦,0.8%,38.68,1,4.9%,0.8%
39892,午夜幽灵,0.4%,22.39,3,1.1%,2.5%
39893,黄金兄弟,0.3%,15.10,3,0.5%,3.3%
39894,我要去远方,0.2%,13.75,7,0.2%,6.9%
39895,帝企鹅日记2：召唤,0.2%,12.11,2,1.2%,1.0%
39896,藏北秘岭-重返无人区,0.1%,9.31,15,<0.1%,100%
39897,皮鞋,0.1%,8.16,11,<0.1%,10.2%
39898,玛雅蜜蜂历险记,0.1%,7.87,1,1.1%,0.8%
39899,阿凡提之奇缘历险,0.1%,7.76,1,0.8%,0.9%
39900,红高粱,0.1%,4.99,2,0.3%,1.6%
39901,李学生,<0.1%,4.22,53,<0.1%,81.2%
39902,新灰姑娘,<0.1%,4.19,1,0.5%,0.9%
39903,信仰者,<0.1%,3.65,35,<0.1%,45.7%
39904,江湖儿女,<0.1%,3.28,3,0.1%,3.0%
39905,美丽战争,<0.1%,3.17,6,<0.1%,6.0%
39906,冷恋时代,<0.1%,2.67,42,<0.1%,96.1%
39907,古剑奇谭之流月昭明,<0.1%,2.57,2,0.2%,1.9%
39908,我是路人甲,<0.1%,1.88,235,<0.1%,--
39909,天慕,<0.1%,1.87,15,<0.1%,22.3%
39910,诡梦凶铃,<0.1%,1.81,91,<0.1%,92.5%
39911,昨日青空,<0.1%,1.80,37,<0.1%,38.1%
39912,浴血广昌,<0.1%,1.74,53,<0.1%,62.6%
39913,西虹市首富,<0.1%,1.73,3,<0.1%,3.5%
39914,沿海出发,<0.1%,1.38,8,<0.1%,9.9%
39915,李保国,<0.1%,1.37,28,<0.1%,36.6%
39916,我是检察官,<0.1%,1.22,49,<0.1%,94.4%
39917,真假森林王,<0.1%,1.15,77,<0.1%,61.3%
39918,大寒,<0.1%,1.10,80,<0.1%,71.4%
39919,神秘家族,<0.1%,1.03,230,<0.1%,86.4%
39920,张艺谋和他的“影”,<0.1%,1.00,1,0.1%,0.6%
39921,无双,36.8%,1621.84,7,26.6%,4.0%
39922,找到你,17.8%,784.61,6,16.1%,4.5%
39923,影,13.9%,612.21,5,14.3%,3.3%
39924,嗝嗝老师,11.6%,512.08,6,11.2%,4.7%
39925,李茶的姑妈,6.4%,281.84,4,8.9%,2.9%
39926,胖子行动队,5.5%,245.01,4,6.3%,3.9%
39927,悲伤逆流成河,3.2%,144.05,4,4.6%,3.2%
39928,超能泰坦,0.8%,35.33,1,4.6%,0.8%
39929,午夜幽灵,0.4%,18.72,3,1.1%,2.2%
39930,我要去远方,0.3%,16.77,10,0.1%,10.9%
39931,黄金兄弟,0.3%,14.20,3,0.5%,3.0%
39932,帝企鹅日记2：召唤,0.2%,11.83,2,1.2%,1.0%
39933,藏北秘岭-重返无人区,0.1%,8.10,12,<0.1%,100%
39934,玛雅蜜蜂历险记,0.1%,7.66,1,1.1%,0.9%
39935,阿凡提之奇缘历险,0.1%,7.22,1,0.8%,0.9%
39936,李学生,0.1%,6.12,72,<0.1%,100%
39937,黑暗深处之惊魂夜,0.1%,5.29,4,0.1%,4.1%
39938,信仰者,0.1%,5.08,35,<0.1%,56.9%
39939,江湖儿女,<0.1%,4.05,4,0.1%,4.0%
39940,新灰姑娘,<0.1%,3.74,1,0.5%,0.9%
39941,红高粱,<0.1%,3.54,2,0.2%,1.1%
39942,天慕,<0.1%,2.91,23,<0.1%,41.7%
39943,皮鞋,<0.1%,2.62,6,<0.1%,6.6%
39944,诡梦凶铃,<0.1%,2.41,102,<0.1%,96.0%
39945,西虹市首富,<0.1%,1.97,4,<0.1%,3.9%
39946,我是路人甲,<0.1%,1.88,235,<0.1%,--
39947,昨日青空,<0.1%,1.81,28,<0.1%,28.8%
39948,古剑奇谭之流月昭明,<0.1%,1.62,1,0.2%,1.0%
39949,大寒,<0.1%,1.33,77,<0.1%,96.2%
39950,张艺谋和他的“影”,<0.1%,1.33,1,0.1%,0.8%
39951,浴血广昌,<0.1%,1.31,55,<0.1%,69.7%
39952,李保国,<0.1%,1.22,30,<0.1%,46.9%
39953,神秘家族,<0.1%,1.03,230,<0.1%,86.4%
39954,无双,29.7%,2147.81,12,17.5%,7.4%
39955,我的间谍前男友,16.7%,1207.23,7,17.5%,5.7%
39956,宝贝儿,15.0%,1087.29,5,23.0%,3.1%
39957,找到你,11.6%,844.33,10,8.6%,8.7%
39958,嗝嗝老师,7.1%,513.60,13,4.3%,11.5%
39959,影,6.8%,495.24,8,5.7%,6.4%
39960,雪怪大冒险,3.1%,227.38,4,5.5%,3.6%
39961,李茶的姑妈,2.2%,163.73,6,2.6%,5.7%
39962,胖子行动队,1.5%,115.19,6,1.8%,6.4%
39963,悲伤逆流成河,1.2%,87.54,7,1.3%,6.8%
39964,跨越8年的新娘,0.9%,69.88,2,4.2%,1.7%
39965,黑暗深处之惊魂夜,0.6%,44.50,5,1.1%,4.7%
39966,无敌原始人,0.5%,36.75,2,2.2%,1.8%
39967,我要去远方,0.3%,25.18,49,<0.1%,52.6%
39968,阿凡提之奇缘历险,0.3%,25.13,6,0.3%,5.6%
39969,藏北秘岭-重返无人区,0.1%,12.23,23,<0.1%,100%
39970,美丽战争,0.1%,9.30,1,1.7%,0.6%
39971,大寒,<0.1%,6.89,142,<0.1%,93.5%
39972,李学生,<0.1%,5.18,62,<0.1%,75.0%
39973,黄金兄弟,<0.1%,5.13,4,0.1%,4.7%
39974,帝企鹅日记2：召唤,<0.1%,5.07,4,0.1%,3.7%
39975,午夜幽灵,<0.1%,4.98,3,0.2%,2.9%
39976,曹操与杨修,<0.1%,4.50,334,<0.1%,73.1%
39977,信仰者,<0.1%,4.37,39,<0.1%,58.3%
39978,超能泰坦,<0.1%,4.15,2,0.3%,1.3%
39979,勇敢往事,<0.1%,4.05,231,<0.1%,100%
39980,昨日青空,<0.1%,3.61,43,<0.1%,44.9%
39981,天慕,<0.1%,3.47,29,<0.1%,47.4%
39982,玛雅蜜蜂历险记,<0.1%,3.37,4,<0.1%,5.1%
39983,李保国,<0.1%,3.02,36,<0.1%,44.8%
39984,江湖儿女,<0.1%,2.76,9,<0.1%,13.3%
39985,新灰姑娘,<0.1%,2.64,5,<0.1%,5.5%
39986,非洲遇见你,<0.1%,2.45,3,0.1%,2.7%
39987,我是路人甲,<0.1%,2.35,178,<0.1%,--
39988,红高粱,<0.1%,2.11,2,0.1%,1.9%
39989,向阳的日子,<0.1%,2.06,1,0.2%,1.0%
39990,诡梦凶铃,<0.1%,1.57,188,<0.1%,100%
39991,浴血广昌,<0.1%,1.17,51,<0.1%,98.5%
39992,神秘家族,<0.1%,1.03,230,<0.1%,86.4%
39993,无双,32.1%,4046.30,18,20.1%,11.4%
39994,我的间谍前男友,12.4%,1572.23,10,15.6%,7.9%
39995,找到你,12.2%,1538.31,15,10.0%,12.7%
39996,嗝嗝老师,9.5%,1204.23,20,5.9%,18.1%
39997,雪怪大冒险,8.9%,1133.29,14,7.7%,12.7%
39998,影,7.4%,943.92,13,6.1%,10.9%
39999,宝贝儿,5.7%,728.21,4,17.2%,2.8%
40000,李茶的姑妈,2.7%,341.13,11,2.9%,10.6%
40001,胖子行动队,2.0%,258.89,12,2.0%,12.2%
40002,悲伤逆流成河,1.9%,240.44,12,1.9%,12.6%
40003,无敌原始人,1.1%,144.35,5,3.4%,4.7%
40004,跨越8年的新娘,0.6%,83.64,4,2.3%,3.6%
40005,阿凡提之奇缘历险,0.6%,76.34,9,0.8%,7.8%
40006,黑暗深处之惊魂夜,0.3%,45.93,6,0.8%,6.5%
40007,藏北秘岭-重返无人区,0.1%,25.06,40,<0.1%,100%
40008,新灰姑娘,0.1%,24.27,9,0.3%,8.9%
40009,帝企鹅日记2：召唤,0.1%,23.12,11,0.1%,10.8%
40010,昨日青空,0.1%,18.54,30,<0.1%,28.0%
40011,玛雅蜜蜂历险记,0.1%,18.23,7,0.2%,7.4%
40012,午夜幽灵,<0.1%,10.61,4,0.3%,4.1%
40013,黄金兄弟,<0.1%,9.82,6,0.1%,6.6%
40014,超能泰坦,<0.1%,8.07,3,0.3%,3.5%
40015,铁血战士,<0.1%,7.42,119,<0.1%,100%
40016,我要去远方,<0.1%,6.19,28,<0.1%,33.4%
40017,李学生,<0.1%,5.52,106,<0.1%,100%
40018,向阳的日子,<0.1%,5.49,6,0.1%,6.0%
40019,江湖儿女,<0.1%,3.77,7,<0.1%,10.8%
40020,美丽战争,<0.1%,3.34,2,0.2%,2.6%
40021,红高粱,<0.1%,3.04,3,<0.1%,3.0%
40022,我是路人甲,<0.1%,2.94,163,<0.1%,--
40023,西虹市首富,<0.1%,2.88,8,<0.1%,11.1%
40024,初恋浅规则,<0.1%,2.24,94,<0.1%,100.0%
40025,信仰者,<0.1%,2.11,28,<0.1%,50.4%
40026,李保国,<0.1%,1.86,37,<0.1%,59.2%
40027,大闹西游,<0.1%,1.75,5,<0.1%,5.5%
40028,非洲遇见你,<0.1%,1.62,4,<0.1%,4.5%
40029,根据地,<0.1%,1.44,97,<0.1%,90.8%
40030,浴血广昌,<0.1%,1.41,82,<0.1%,90.8%
40031,大寒,<0.1%,1.41,77,<0.1%,100%
40032,阿拉姜色,<0.1%,1.30,131,<0.1%,100.0%
40033,嘻哈英熊,<0.1%,1.19,4,<0.1%,5.2%
40034,天慕,<0.1%,1.19,19,<0.1%,52.3%
40035,营救汪星人,<0.1%,1.18,7,<0.1%,12.2%
40036,真假森林王,<0.1%,1.13,95,<0.1%,63.9%
40037,诡梦凶铃,<0.1%,1.11,127,<0.1%,88.3%
40038,无双,30.9%,3248.25,14,21.5%,8.5%
40039,雪怪大冒险,12.8%,1352.78,14,8.8%,13.2%
40040,找到你,12.1%,1282.04,11,11.2%,9.3%
40041,我的间谍前男友,11.6%,1229.40,9,14.7%,6.6%
40042,嗝嗝老师,10.5%,1110.08,15,7.5%,12.8%
40043,影,7.4%,784.91,10,6.8%,8.1%
40044,宝贝儿,3.2%,338.86,3,12.3%,2.0%
40045,李茶的姑妈,2.7%,288.95,8,3.2%,7.8%
40046,胖子行动队,2.1%,230.84,9,2.4%,9.0%
40047,悲伤逆流成河,1.7%,181.19,8,2.2%,8.0%
40048,无敌原始人,0.9%,99.62,4,2.7%,4.1%
40049,阿凡提之奇缘历险,0.6%,69.32,8,0.8%,7.2%
40050,跨越8年的新娘,0.5%,62.15,4,1.9%,3.3%
40051,黑暗深处之惊魂夜,0.2%,30.76,5,0.8%,4.4%
40052,新灰姑娘,0.2%,27.29,8,0.3%,8.2%
40053,帝企鹅日记2：召唤,0.2%,24.01,10,0.2%,9.7%
40054,藏北秘岭-重返无人区,0.2%,21.70,31,<0.1%,100%
40055,昨日青空,0.1%,18.48,31,<0.1%,30.6%
40056,玛雅蜜蜂历险记,0.1%,15.61,7,0.2%,6.6%
40057,黄金兄弟,<0.1%,8.69,6,0.1%,6.3%
40058,午夜幽灵,<0.1%,6.70,3,0.2%,2.9%
40059,超能泰坦,<0.1%,5.71,2,0.3%,2.3%
40060,向阳的日子,<0.1%,4.02,5,<0.1%,5.5%
40061,李学生,<0.1%,3.80,88,<0.1%,100%
40062,西虹市首富,<0.1%,3.16,7,<0.1%,9.8%
40063,江湖儿女,<0.1%,3.15,7,<0.1%,8.2%
40064,信仰者,<0.1%,3.08,35,<0.1%,35.4%
40065,冷恋时代,<0.1%,2.97,64,<0.1%,100%
40066,李保国,<0.1%,2.92,83,<0.1%,67.8%
40067,我是路人甲,<0.1%,2.54,143,<0.1%,100%
40068,大寒,<0.1%,2.44,103,<0.1%,100%
40069,红高粱,<0.1%,2.34,3,<0.1%,2.4%
40070,我要去远方,<0.1%,2.06,11,<0.1%,14.9%
40071,自行车与旧电钢,<0.1%,1.64,206,<0.1%,66.5%
40072,大闹西游,<0.1%,1.20,4,<0.1%,4.9%
40073,真假森林王,<0.1%,1.20,202,<0.1%,91.8%
40074,诡梦凶铃,<0.1%,1.20,72,<0.1%,76.7%
40075,天慕,<0.1%,1.15,20,<0.1%,55.1%
40076,古剑奇谭之流月昭明,<0.1%,1.02,2,<0.1%,3.1%
40077,新木偶奇遇记,<0.1%,1.00,84,<0.1%,77.0%
40078,无双,34.8%,1347.22,6,23.4%,3.8%
40079,找到你,15.3%,594.91,5,12.9%,4.3%
40080,我的间谍前男友,12.6%,491.37,4,15.1%,2.9%
40081,嗝嗝老师,11.5%,447.02,6,9.1%,4.8%
40082,影,8.8%,341.33,5,7.9%,3.5%
40083,李茶的姑妈,3.1%,120.36,4,3.8%,3.1%
40084,胖子行动队,3.0%,116.35,4,3.0%,4.0%
40085,雪怪大冒险,2.9%,114.99,3,5.5%,1.9%
40086,宝贝儿,2.6%,104.05,1,10.6%,0.8%
40087,悲伤逆流成河,1.8%,70.71,4,2.1%,3.6%
40088,跨越8年的新娘,0.6%,24.46,2,1.9%,1.4%
40089,黑暗深处之惊魂夜,0.5%,22.76,4,0.8%,3.5%
40090,藏北秘岭-重返无人区,0.1%,6.86,12,<0.1%,100%
40091,无敌原始人,0.1%,6.69,1,1.1%,0.6%
40092,午夜幽灵,0.1%,5.70,3,0.3%,2.4%
40093,李保国,0.1%,5.67,186,<0.1%,100%
40094,大寒,<0.1%,3.53,101,<0.1%,100%
40095,阿凡提之奇缘历险,<0.1%,3.25,2,0.2%,1.1%
40096,我要去远方,<0.1%,2.74,13,<0.1%,15.1%
40097,新灰姑娘,<0.1%,2.66,4,0.1%,4.6%
40098,信仰者,<0.1%,2.65,38,<0.1%,68.2%
40099,超能泰坦,<0.1%,2.03,1,0.3%,0.7%
40100,诡梦凶铃,<0.1%,1.98,127,<0.1%,100%
40101,西虹市首富,<0.1%,1.68,3,<0.1%,4.3%
40102,帝企鹅日记2：召唤,<0.1%,1.56,1,0.1%,0.9%
40103,非洲遇见你,<0.1%,1.49,1,0.1%,0.8%
40104,我是路人甲,<0.1%,1.48,93,<0.1%,--
40105,天慕,<0.1%,1.22,14,<0.1%,30.9%
40106,红高粱,<0.1%,1.21,2,0.1%,1.1%
40107,江湖儿女,<0.1%,1.18,4,<0.1%,4.9%
40108,邹碧华,<0.1%,1.06,36,<0.1%,88.7%
40109,神秘家族,<0.1%,1.03,230,<0.1%,86.4%
40110,无双,34.0%,1244.66,6,23.9%,3.5%
40111,找到你,15.7%,574.83,5,13.5%,4.0%
40112,嗝嗝老师,12.2%,449.59,6,9.7%,4.5%
40113,我的间谍前男友,11.7%,428.74,4,14.6%,2.7%
40114,影,9.1%,332.80,4,8.3%,3.3%
40115,李茶的姑妈,3.1%,114.64,3,4.0%,2.8%
40116,胖子行动队,3.0%,112.85,4,3.2%,3.7%
40117,雪怪大冒险,2.9%,108.29,3,5.1%,2.0%
40118,宝贝儿,2.0%,74.05,1,9.0%,0.7%
40119,悲伤逆流成河,1.8%,67.88,4,2.2%,3.3%
40120,黑暗深处之惊魂夜,0.5%,21.53,4,0.8%,3.3%
40121,跨越8年的新娘,0.5%,20.64,2,1.7%,1.4%
40122,皮鞋,0.2%,8.30,33,<0.1%,37.7%
40123,铁血战士,0.2%,7.61,144,<0.1%,100%
40124,藏北秘岭-重返无人区,0.2%,7.48,12,<0.1%,100%
40125,李保国,0.1%,5.75,172,<0.1%,100%
40126,午夜幽灵,0.1%,5.47,2,0.3%,2.2%
40127,大寒,0.1%,5.38,111,<0.1%,100%
40128,我要去远方,0.1%,5.21,20,<0.1%,23.3%
40129,信仰者,0.1%,4.74,50,<0.1%,100%
40130,昨日青空,0.1%,4.14,103,<0.1%,93.4%
40131,功夫联盟,0.1%,4.12,344,<0.1%,92.2%
40132,无敌原始人,0.1%,4.00,1,1.0%,0.5%
40133,阿凡提之奇缘历险,0.1%,3.76,3,0.2%,2.3%
40134,为你写诗,0.1%,3.73,119,<0.1%,--
40135,非洲遇见你,<0.1%,3.53,3,0.1%,1.9%
40136,超能泰坦,<0.1%,2.58,1,0.3%,0.9%
40137,帝企鹅日记2：召唤,<0.1%,2.34,2,0.1%,1.9%
40138,李学生,<0.1%,1.95,28,<0.1%,52.3%
40139,西虹市首富,<0.1%,1.74,3,<0.1%,3.6%
40140,新灰姑娘,<0.1%,1.47,3,<0.1%,2.9%
40141,天慕,<0.1%,1.32,13,<0.1%,29.3%
40142,红高粱,<0.1%,1.25,2,0.1%,1.1%
40143,向阳的日子,<0.1%,1.25,4,<0.1%,4.2%
40144,江湖儿女,<0.1%,1.18,3,<0.1%,3.6%
40145,非常父子档,<0.1%,1.11,94,<0.1%,73.8%
40146,消失爱人,<0.1%,1.03,230,<0.1%,86.4%
40147,无双,34.2%,1205.32,6,24.3%,3.3%
40148,找到你,16.0%,565.46,5,13.9%,3.8%
40149,嗝嗝老师,12.7%,447.94,6,10.0%,4.4%
40150,我的间谍前男友,10.8%,382.16,3,14.4%,2.5%
40151,影,9.3%,327.92,4,8.5%,3.2%
40152,胖子行动队,3.2%,113.88,4,3.4%,3.7%
40153,李茶的姑妈,3.1%,109.92,3,4.1%,2.6%
40154,雪怪大冒险,2.8%,101.80,3,4.8%,2.0%
40155,悲伤逆流成河,1.8%,64.17,3,2.3%,2.9%
40156,宝贝儿,1.6%,57.81,1,8.0%,0.6%
40157,黑暗深处之惊魂夜,0.5%,19.94,3,0.8%,3.0%
40158,跨越8年的新娘,0.4%,17.39,2,1.6%,1.2%
40159,铁血战士,0.4%,15.68,283,<0.1%,100%
40160,非洲遇见你,0.2%,9.96,7,0.1%,5.9%
40161,藏北秘岭-重返无人区,0.2%,7.85,13,<0.1%,100%
40162,昨日青空,0.1%,6.48,117,<0.1%,100.0%
40163,大寒,0.1%,5.93,94,<0.1%,100%
40164,阿凡提之奇缘历险,0.1%,4.69,3,0.2%,2.3%
40165,李保国,0.1%,4.69,77,<0.1%,100%
40166,午夜幽灵,0.1%,4.65,2,0.3%,1.9%
40167,无敌原始人,0.1%,4.60,1,0.9%,0.6%
40168,我要去远方,0.1%,4.06,18,<0.1%,22.4%
40169,李学生,<0.1%,2.55,33,<0.1%,53.2%
40170,信仰者,<0.1%,2.52,23,<0.1%,32.4%
40171,邹碧华,<0.1%,2.20,42,<0.1%,90.0%
40172,超能泰坦,<0.1%,1.84,1,0.3%,0.7%
40173,西虹市首富,<0.1%,1.76,3,<0.1%,3.4%
40174,帝企鹅日记2：召唤,<0.1%,1.75,2,0.1%,1.2%
40175,天慕,<0.1%,1.70,14,<0.1%,25.7%
40176,红高粱,<0.1%,1.43,2,0.1%,1.3%
40177,阿拉姜色,<0.1%,1.37,132,<0.1%,--
40178,沿海出发,<0.1%,1.21,32,<0.1%,32.7%
40179,江湖儿女,<0.1%,1.18,3,<0.1%,3.4%
40180,消失爱人,<0.1%,1.03,230,<0.1%,86.4%
40181,无双,33.2%,1085.83,5,24.4%,3.0%
40182,找到你,16.5%,540.01,5,14.1%,3.6%
40183,嗝嗝老师,13.3%,436.15,5,10.3%,4.2%
40184,我的间谍前男友,10.3%,337.23,3,14.1%,2.2%
40185,影,9.7%,320.22,4,8.7%,3.0%
40186,李茶的姑妈,3.2%,107.10,3,4.2%,2.5%
40187,胖子行动队,3.2%,106.17,4,3.5%,3.1%
40188,雪怪大冒险,2.8%,92.13,2,4.7%,1.8%
40189,悲伤逆流成河,1.8%,61.51,3,2.4%,2.8%
40190,宝贝儿,1.4%,47.69,1,7.5%,0.5%
40191,黑暗深处之惊魂夜,0.5%,17.39,3,0.8%,2.6%
40192,跨越8年的新娘,0.4%,15.78,2,1.5%,1.1%
40193,非洲遇见你,0.2%,9.75,7,0.1%,6.1%
40194,藏北秘岭-重返无人区,0.2%,7.43,12,<0.1%,78.9%
40195,大寒,0.1%,6.08,151,<0.1%,100%
40196,李保国,0.1%,5.05,61,<0.1%,93.9%
40197,午夜幽灵,0.1%,4.84,2,0.3%,1.9%
40198,功夫联盟,0.1%,4.84,10,<0.1%,8.4%
40199,阿凡提之奇缘历险,0.1%,4.33,3,0.2%,2.8%
40200,无敌原始人,0.1%,4.08,1,0.8%,0.5%
40201,邹碧华,0.1%,3.88,40,<0.1%,68.3%
40202,天慕,0.1%,3.62,21,<0.1%,35.5%
40203,信仰者,0.1%,3.27,29,<0.1%,49.7%
40204,李学生,<0.1%,2.33,26,<0.1%,42.5%
40205,我要去远方,<0.1%,2.25,10,<0.1%,11.8%
40206,西虹市首富,<0.1%,1.82,3,<0.1%,3.5%
40207,超能泰坦,<0.1%,1.79,1,0.3%,0.7%
40208,帝企鹅日记2：召唤,<0.1%,1.73,2,0.1%,1.1%
40209,我是路人甲,<0.1%,1.72,86,<0.1%,--
40210,湄公河行动,<0.1%,1.66,84,<0.1%,100.0%
40211,勇敢往事,<0.1%,1.52,136,<0.1%,100%
40212,皮鞋,<0.1%,1.47,21,<0.1%,21.4%
40213,红高粱,<0.1%,1.43,2,0.1%,1.3%
40214,向阳的日子,<0.1%,1.35,3,<0.1%,3.9%
40215,江湖儿女,<0.1%,1.11,3,<0.1%,3.2%
40216,消失爱人,<0.1%,1.03,230,<0.1%,86.4%
40217,铁血战士,51.7%,4864.99,12,35.7%,7.1%
40218,昨日青空,13.5%,1270.43,8,15.6%,6.9%
40219,无双,10.6%,1001.01,11,8.2%,9.1%
40220,功夫联盟,5.4%,515.59,4,11.8%,3.6%
40221,为你写诗,4.2%,398.45,4,8.9%,3.8%
40222,嗝嗝老师,3.5%,334.01,15,2.1%,13.9%
40223,找到你,3.5%,329.36,10,3.0%,9.7%
40224,雪怪大冒险,1.4%,132.49,8,1.6%,7.3%
40225,暮光巴黎,0.9%,88.04,3,3.6%,2.3%
40226,影,0.8%,79.18,7,0.9%,7.2%
40227,我的间谍前男友,0.7%,70.60,6,1.1%,5.2%
40228,灵魂契约,0.5%,50.08,7,0.7%,7.4%
40229,追鹰日记,0.4%,39.77,2,2.8%,1.3%
40230,阿拉姜色,0.4%,39.41,6,0.6%,5.6%
40231,悲伤逆流成河,0.2%,23.79,7,0.3%,7.4%
40232,胖子行动队,0.2%,23.38,6,0.4%,6.2%
40233,李茶的姑妈,0.2%,22.88,5,0.4%,5.6%
40234,藏北秘岭-重返无人区,0.2%,21.49,29,<0.1%,100%
40235,天慕,<0.1%,8.89,53,<0.1%,89.8%
40236,阿凡提之奇缘历险,<0.1%,8.58,10,<0.1%,10.7%
40237,邹碧华,<0.1%,6.51,49,<0.1%,65.7%
40238,信仰者,<0.1%,6.14,65,<0.1%,71.4%
40239,宝贝儿,<0.1%,6.01,2,0.2%,2.1%
40240,大寒,<0.1%,4.81,85,<0.1%,100%
40241,帝企鹅日记2：召唤,<0.1%,3.82,12,<0.1%,12.8%
40242,李保国,<0.1%,3.35,52,<0.1%,95.0%
40243,非洲遇见你,<0.1%,3.21,12,<0.1%,13.0%
40244,湄公河行动,<0.1%,3.21,81,<0.1%,100%
40245,无敌原始人,<0.1%,2.44,2,0.1%,2.7%
40246,黑暗深处之惊魂夜,<0.1%,2.29,2,0.1%,2.2%
40247,我要去远方,<0.1%,2.14,32,<0.1%,64.5%
40248,跨越8年的新娘,<0.1%,1.75,3,<0.1%,3.8%
40249,李学生,<0.1%,1.72,25,<0.1%,33.4%
40250,初恋浅规则,<0.1%,1.53,96,<0.1%,100.0%
40251,我是路人甲,<0.1%,1.24,310,<0.1%,--
40252,沿海出发,<0.1%,1.22,43,<0.1%,36.1%
40253,超能泰坦,<0.1%,1.20,4,<0.1%,7.5%
40254,玛雅蜜蜂历险记,<0.1%,1.20,6,<0.1%,7.3%
40255,新灰姑娘,<0.1%,1.17,4,<0.1%,5.1%
40256,消失爱人,<0.1%,1.03,230,<0.1%,95.4%
40257,铁血战士,37.8%,5169.26,13,34.2%,7.6%
40258,昨日青空,15.2%,2089.21,12,16.6%,10.1%
40259,无双,14.6%,2005.22,18,10.1%,14.5%
40260,雪怪大冒险,7.8%,1075.20,16,6.0%,15.0%
40261,嗝嗝老师,6.2%,859.68,22,3.6%,20.9%
40262,找到你,5.2%,712.40,15,4.2%,14.4%
40263,功夫联盟,3.2%,443.68,5,8.5%,4.6%
40264,为你写诗,2.6%,360.01,6,5.3%,6.1%
40265,影,1.3%,189.72,12,1.2%,12.5%
40266,我的间谍前男友,0.9%,133.38,10,1.2%,9.1%
40267,悲伤逆流成河,0.5%,73.76,12,0.6%,12.7%
40268,李茶的姑妈,0.4%,63.02,9,0.5%,10.3%
40269,暮光巴黎,0.4%,61.24,3,2.4%,2.6%
40270,胖子行动队,0.4%,56.54,10,0.5%,11.6%
40271,灵魂契约,0.4%,56.39,8,0.7%,8.2%
40272,藏北秘岭-重返无人区,0.3%,51.28,61,<0.1%,100%
40273,阿拉姜色,0.3%,41.52,7,0.5%,6.7%
40274,阿凡提之奇缘历险,0.2%,36.73,10,0.3%,10.9%
40275,追鹰日记,0.2%,34.46,3,1.1%,2.8%
40276,无敌原始人,0.1%,17.29,4,0.4%,4.1%
40277,新灰姑娘,0.1%,15.56,9,0.1%,10.2%
40278,流浪猫鲍勃,<0.1%,12.32,36,<0.1%,33.4%
40279,非洲遇见你,<0.1%,9.79,39,<0.1%,41.5%
40280,帝企鹅日记2：召唤,<0.1%,9.07,12,<0.1%,11.7%
40281,宝贝儿,<0.1%,7.41,3,0.2%,3.5%
40282,自行车与旧电钢,<0.1%,6.51,82,<0.1%,75.1%
40283,玛雅蜜蜂历险记,<0.1%,6.49,6,0.1%,6.4%
40284,天慕,<0.1%,6.38,70,<0.1%,100%
40285,大寒,<0.1%,5.35,93,<0.1%,86.5%
40286,湄公河行动,<0.1%,4.68,50,<0.1%,100%
40287,跨越8年的新娘,<0.1%,4.31,8,<0.1%,10.0%
40288,黑暗深处之惊魂夜,<0.1%,3.80,4,0.1%,4.7%
40289,初恋浅规则,<0.1%,2.58,96,<0.1%,99.4%
40290,西虹市首富,<0.1%,2.33,9,<0.1%,13.4%
40291,诡梦凶铃,<0.1%,1.96,126,<0.1%,100%
40292,李保国,<0.1%,1.77,44,<0.1%,85.8%
40293,午夜幽灵,<0.1%,1.67,4,<0.1%,4.1%
40294,超能泰坦,<0.1%,1.56,4,<0.1%,7.9%
40295,沿海出发,<0.1%,1.24,32,<0.1%,29.7%
40296,我是路人甲,<0.1%,1.08,135,<0.1%,--
40297,消失的子弹,<0.1%,1.01,338,<0.1%,100.0%
40298,中学时代,<0.1%,1.00,401,<0.1%,--
40299,铁血战士,33.2%,3546.38,9,32.5%,5.5%
40300,无双,15.5%,1656.79,13,11.2%,10.6%
40301,昨日青空,14.5%,1548.28,9,16.4%,7.5%
40302,雪怪大冒险,10.7%,1144.69,15,7.0%,13.5%
40303,嗝嗝老师,7.7%,827.06,17,4.7%,15.0%
40304,找到你,5.7%,615.01,11,5.0%,10.4%
40305,功夫联盟,2.7%,297.72,4,7.1%,3.7%
40306,为你写诗,2.1%,224.94,5,4.6%,4.5%
40307,影,1.6%,170.75,10,1.4%,9.7%
40308,我的间谍前男友,1.0%,106.97,8,1.2%,7.1%
40309,悲伤逆流成河,0.5%,59.10,8,0.7%,7.9%
40310,李茶的姑妈,0.5%,56.97,7,0.7%,7.8%
40311,胖子行动队,0.4%,52.57,9,0.6%,9.9%
40312,藏北秘岭-重返无人区,0.3%,41.36,45,<0.1%,100%
40313,阿拉姜色,0.3%,39.23,7,0.5%,6.9%
40314,追鹰日记,0.3%,38.12,4,0.9%,4.1%
40315,灵魂契约,0.3%,37.45,5,0.7%,5.5%
40316,阿凡提之奇缘历险,0.2%,30.02,8,0.3%,8.5%
40317,暮光巴黎,0.2%,26.48,2,1.9%,1.4%
40318,新灰姑娘,0.2%,24.92,13,0.2%,14.0%
40319,无敌原始人,0.1%,18.98,4,0.4%,4.5%
40320,帝企鹅日记2：召唤,<0.1%,10.65,10,<0.1%,10.4%
40321,非洲遇见你,<0.1%,9.71,40,<0.1%,38.9%
40322,玛雅蜜蜂历险记,<0.1%,7.81,7,0.1%,7.6%
40323,湄公河行动,<0.1%,5.32,62,<0.1%,100%
40324,宝贝儿,<0.1%,4.89,2,0.2%,2.5%
40325,天慕,<0.1%,4.79,59,<0.1%,100%
40326,大寒,<0.1%,4.62,97,<0.1%,100%
40327,自行车与旧电钢,<0.1%,3.37,67,<0.1%,92.7%
40328,李保国,<0.1%,3.26,65,<0.1%,100%
40329,跨越8年的新娘,<0.1%,3.02,5,<0.1%,7.1%
40330,你好，之华,<0.1%,2.82,135,<0.1%,--
40331,初恋浅规则,<0.1%,2.53,72,<0.1%,48.5%
40332,黑暗深处之惊魂夜,<0.1%,2.23,3,<0.1%,3.0%
40333,信仰者,<0.1%,2.13,45,<0.1%,40.4%
40334,消失的子弹,<0.1%,1.85,309,<0.1%,100.0%
40335,诡梦凶铃,<0.1%,1.10,75,<0.1%,78.1%
40336,午夜幽灵,<0.1%,1.04,2,<0.1%,2.3%
40337,铁血战士,34.7%,1358.76,4,32.2%,2.5%
40338,无双,18.4%,722.29,6,12.8%,4.6%
40339,昨日青空,11.8%,462.20,3,15.8%,2.6%
40340,嗝嗝老师,8.7%,341.27,7,5.8%,5.5%
40341,找到你,8.0%,315.24,6,6.3%,4.7%
40342,功夫联盟,3.5%,138.48,2,7.1%,1.9%
40343,影,1.9%,78.15,4,1.8%,4.0%
40344,为你写诗,1.9%,77.09,2,4.6%,1.7%
40345,雪怪大冒险,1.9%,77.04,3,3.2%,2.2%
40346,藏北秘岭-重返无人区,1.7%,68.13,52,<0.1%,100%
40347,我的间谍前男友,1.1%,44.73,3,1.7%,2.5%
40348,胖子行动队,0.7%,28.22,4,0.8%,3.7%
40349,灵魂契约,0.6%,26.83,4,0.8%,4.0%
40350,悲伤逆流成河,0.6%,24.82,3,0.8%,3.3%
40351,李茶的姑妈,0.5%,22.27,3,0.7%,3.1%
40352,阿拉姜色,0.5%,19.72,4,0.5%,3.6%
40353,追鹰日记,0.3%,14.29,2,1.0%,1.5%
40354,暮光巴黎,0.2%,9.64,1,1.7%,0.6%
40355,非洲遇见你,0.2%,9.30,33,<0.1%,31.7%
40356,天慕,0.1%,7.30,42,<0.1%,99.0%
40357,湄公河行动,0.1%,5.84,64,<0.1%,100%
40358,大寒,0.1%,5.39,93,<0.1%,98.2%
40359,李保国,0.1%,5.22,84,<0.1%,100%
40360,阿凡提之奇缘历险,0.1%,5.19,8,0.1%,8.1%
40361,新灰姑娘,0.1%,5.12,9,<0.1%,12.5%
40362,信仰者,<0.1%,2.02,22,<0.1%,18.6%
40363,你美丽了我的人生,<0.1%,1.82,163,<0.1%,100%
40364,黑暗深处之惊魂夜,<0.1%,1.80,2,0.1%,2.2%
40365,跨越8年的新娘,<0.1%,1.33,2,<0.1%,2.6%
40366,我是路人甲,<0.1%,1.24,310,<0.1%,--
40367,宝贝儿,<0.1%,1.22,1,0.2%,0.6%
40368,京城81号2,<0.1%,1.12,5,<0.1%,4.0%
40369,神秘家族,<0.1%,1.03,58,<0.1%,44.7%
40370,铁血战士,32.2%,1179.56,4,31.5%,2.2%
40371,无双,19.9%,727.97,6,13.2%,4.5%
40372,昨日青空,10.8%,397.11,3,15.3%,2.3%
40373,嗝嗝老师,9.5%,348.38,6,6.5%,5.1%
40374,找到你,8.5%,313.90,5,6.9%,4.4%
40375,功夫联盟,4.1%,152.83,3,6.9%,2.3%
40376,影,2.1%,77.65,4,1.8%,3.8%
40377,为你写诗,1.9%,70.92,2,4.2%,1.8%
40378,雪怪大冒险,1.8%,68.69,3,3.0%,2.1%
40379,藏北秘岭-重返无人区,1.3%,48.41,40,<0.1%,100%
40380,我的间谍前男友,1.1%,42.54,3,1.8%,2.3%
40381,胖子行动队,0.7%,26.95,4,0.8%,3.4%
40382,灵魂契约,0.6%,25.58,4,0.8%,3.7%
40383,悲伤逆流成河,0.6%,25.42,3,0.9%,3.1%
40384,李茶的姑妈,0.6%,23.54,3,0.8%,3.0%
40385,阿拉姜色,0.4%,15.40,3,0.5%,2.9%
40386,追鹰日记,0.4%,14.79,2,0.9%,1.8%
40387,天慕,0.2%,10.49,40,<0.1%,68.1%
40388,阿凡提之奇缘历险,0.2%,9.81,12,<0.1%,13.3%
40389,非洲遇见你,0.2%,9.42,35,<0.1%,33.8%
40390,暮光巴黎,0.1%,6.87,1,1.5%,0.5%
40391,大寒,0.1%,6.37,129,<0.1%,100%
40392,李保国,0.1%,5.74,62,<0.1%,79.8%
40393,信仰者,<0.1%,3.63,27,<0.1%,22.4%
40394,湄公河行动,<0.1%,3.18,80,<0.1%,100.0%
40395,新灰姑娘,<0.1%,2.80,7,<0.1%,8.3%
40396,无敌原始人,<0.1%,2.20,2,0.1%,2.0%
40397,帝企鹅日记2：召唤,<0.1%,2.10,6,<0.1%,6.0%
40398,黑暗深处之惊魂夜,<0.1%,2.05,2,0.1%,2.3%
40399,邹碧华,<0.1%,1.97,56,<0.1%,100%
40400,非常父子档,<0.1%,1.70,115,<0.1%,90.0%
40401,宝贝儿,<0.1%,1.67,1,0.3%,0.7%
40402,消失爱人,<0.1%,1.65,6,<0.1%,4.4%
40403,我要去远方,<0.1%,1.37,29,<0.1%,34.6%
40404,跨越8年的新娘,<0.1%,1.31,2,<0.1%,2.0%
40405,我是路人甲,<0.1%,1.24,310,<0.1%,--
40406,午夜幽灵,<0.1%,1.05,2,<0.1%,1.9%
40407,神秘家族,<0.1%,1.03,230,<0.1%,86.4%
40408,铁血战士,30.9%,1127.95,4,30.4%,2.2%
40409,无双,21.0%,767.63,6,13.5%,4.5%
40410,昨日青空,10.2%,375.35,3,14.2%,2.4%
40411,嗝嗝老师,9.5%,349.00,6,6.8%,4.9%
40412,找到你,8.1%,296.10,5,6.8%,4.3%
40413,黑暗迷宫,3.3%,123.52,4,3.9%,2.9%
40414,功夫联盟,3.3%,120.53,2,6.4%,2.0%
40415,影,1.7%,62.45,4,1.5%,3.8%
40416,雪怪大冒险,1.6%,61.74,3,2.9%,2.0%
40417,为你写诗,1.5%,57.01,2,3.7%,1.6%
40418,藏北秘岭-重返无人区,1.3%,47.73,39,<0.1%,100%
40419,我的间谍前男友,1.1%,40.53,3,1.8%,2.3%
40420,灵魂契约,0.7%,29.14,5,0.8%,4.9%
40421,李茶的姑妈,0.7%,27.32,3,0.9%,3.1%
40422,悲伤逆流成河,0.7%,26.69,3,0.9%,3.1%
40423,阿拉姜色,0.4%,15.57,4,0.5%,3.8%
40424,瞳灵公馆,0.3%,12.90,5,0.3%,5.1%
40425,追鹰日记,0.3%,12.85,2,0.8%,1.8%
40426,非洲遇见你,0.2%,9.33,33,<0.1%,32.0%
40427,大寒,0.2%,8.93,149,<0.1%,100%
40428,天慕,0.2%,8.16,42,<0.1%,60.4%
40429,李保国,0.2%,8.02,59,<0.1%,84.5%
40430,暮光巴黎,0.1%,6.22,1,1.3%,0.5%
40431,邹碧华,0.1%,5.05,63,<0.1%,100%
40432,信仰者,<0.1%,3.56,24,<0.1%,30.5%
40433,无敌原始人,<0.1%,3.14,4,0.1%,3.7%
40434,阿凡提之奇缘历险,<0.1%,2.86,4,<0.1%,4.1%
40435,你美丽了我的人生,<0.1%,2.60,650,<0.1%,94.2%
40436,黑暗深处之惊魂夜,<0.1%,2.55,3,0.1%,2.8%
40437,新灰姑娘,<0.1%,1.87,6,<0.1%,6.4%
40438,宝贝儿,<0.1%,1.84,1,0.3%,0.5%
40439,非常父子档,<0.1%,1.42,95,<0.1%,94.0%
40440,跨越8年的新娘,<0.1%,1.42,2,0.1%,2.0%
40441,午夜幽灵,<0.1%,1.29,2,<0.1%,2.0%
40442,消失爱人,<0.1%,1.19,5,<0.1%,4.7%
40443,神秘家族,<0.1%,1.18,5,<0.1%,4.6%
40444,我是路人甲,<0.1%,1.08,135,<0.1%,--
40445,消失的子弹,<0.1%,1.01,338,<0.1%,100.0%
40446,铁血战士,26.3%,924.67,4,26.5%,2.1%
40447,无双,18.4%,646.89,6,12.8%,4.0%
40448,滴答屋,15.6%,551.59,6,11.2%,3.9%
40449,昨日青空,7.8%,275.93,3,11.4%,2.2%
40450,嗝嗝老师,7.7%,273.95,5,6.2%,4.1%
40451,找到你,6.6%,234.11,4,6.0%,3.7%
40452,黑暗迷宫,4.8%,171.24,3,8.1%,2.0%
40453,功夫联盟,1.8%,65.33,2,4.6%,1.5%
40454,影,1.5%,54.93,4,1.3%,3.7%
40455,雪怪大冒险,1.0%,37.96,2,2.1%,1.7%
40456,为你写诗,0.9%,32.95,2,2.4%,1.5%
40457,李茶的姑妈,0.8%,28.59,4,0.7%,3.5%
40458,悲伤逆流成河,0.6%,22.80,3,0.8%,3.2%
40459,冰封侠:时空行者,0.6%,22.14,24,<0.1%,19.3%
40460,我的间谍前男友,0.5%,20.39,2,1.1%,1.8%
40461,灵魂契约,0.4%,14.19,3,0.5%,3.4%
40462,瞳灵公馆,0.3%,12.86,6,0.2%,5.4%
40463,阿拉姜色,0.3%,12.01,3,0.4%,3.1%
40464,胡桃夹子和四个王国,0.3%,11.59,12,0.1%,7.2%
40465,李学生,0.2%,10.54,160,<0.1%,100%
40466,天慕,0.2%,9.84,44,<0.1%,67.6%
40467,非洲遇见你,0.2%,9.36,36,<0.1%,32.7%
40468,李保国,0.2%,9.36,53,<0.1%,63.7%
40469,邹碧华,0.1%,6.99,61,<0.1%,73.2%
40470,大寒,0.1%,6.88,153,<0.1%,100%
40471,追鹰日记,0.1%,5.94,2,0.4%,1.4%
40472,毕业那年,0.1%,3.64,11,<0.1%,--
40473,我的冤家是条狗,<0.1%,3.26,108,<0.1%,100%
40474,暮光巴黎,<0.1%,2.71,1,0.8%,0.4%
40475,浴血广昌,<0.1%,2.20,51,<0.1%,53.7%
40476,我是路人甲,<0.1%,1.28,160,<0.1%,--
40477,宝贝儿,<0.1%,1.21,1,0.2%,0.6%
40478,消失爱人,<0.1%,1.13,43,<0.1%,25.5%
40479,阿凡提之奇缘历险,<0.1%,1.11,5,<0.1%,5.8%
40480,帝企鹅日记2：召唤,<0.1%,1.09,4,<0.1%,3.8%
40481,消失的子弹,<0.1%,1.01,338,<0.1%,100.0%
40482,胡桃夹子和四个王国,31.4%,2366.29,9,22.6%,5.7%
40483,冰封侠:时空行者,16.8%,1266.94,7,17.2%,5.5%
40484,飓风奇劫,12.1%,915.72,7,13.0%,6.0%
40485,铁血战士,8.0%,604.67,6,8.9%,3.8%
40486,无双,6.4%,481.29,10,4.4%,8.2%
40487,流浪猫鲍勃,6.3%,474.93,5,9.1%,4.3%
40488,滴答屋,4.8%,365.73,4,10.2%,2.4%
40489,昨日青空,3.3%,248.36,8,2.8%,8.0%
40490,嗝嗝老师,2.8%,216.54,12,1.7%,11.4%
40491,你美丽了我的人生,2.3%,175.73,8,2.6%,7.6%
40492,找到你,1.4%,110.83,8,1.3%,7.7%
40493,雪怪大冒险,0.6%,50.24,6,0.8%,5.4%
40494,瞳灵公馆,0.5%,43.79,6,0.7%,6.2%
40495,黑暗迷宫,0.3%,25.99,2,1.3%,1.6%
40496,影,0.2%,17.83,6,0.2%,6.1%
40497,悲伤逆流成河,0.2%,15.58,7,0.2%,7.4%
40498,天慕,0.1%,13.37,53,<0.1%,96.1%
40499,李保国,0.1%,10.60,50,<0.1%,71.0%
40500,为你写诗,0.1%,8.84,4,0.2%,4.6%
40501,功夫联盟,<0.1%,6.98,2,0.4%,1.9%
40502,毕业那年,<0.1%,6.97,21,<0.1%,--
40503,李茶的姑妈,<0.1%,6.93,4,0.1%,4.7%
40504,大寒,<0.1%,6.74,136,<0.1%,100%
40505,信仰者,<0.1%,6.53,52,<0.1%,58.8%
40506,邹碧华,<0.1%,6.49,53,<0.1%,59.9%
40507,我和神马查干,<0.1%,5.77,25,<0.1%,100%
40508,阿拉姜色,<0.1%,5.49,5,<0.1%,5.3%
40509,台仙魔咒,<0.1%,5.23,5,0.1%,5.6%
40510,我的间谍前男友,<0.1%,3.74,3,0.1%,3.1%
40511,灵魂契约,<0.1%,3.06,4,<0.1%,5.1%
40512,暮光巴黎,<0.1%,2.23,3,<0.1%,4.6%
40513,新灰姑娘,<0.1%,1.92,21,<0.1%,40.4%
40514,消失的子弹,<0.1%,1.85,309,<0.1%,100.0%
40515,初恋浅规则,<0.1%,1.76,74,<0.1%,67.0%
40516,浴血广昌,<0.1%,1.53,47,<0.1%,50.5%
40517,追鹰日记,<0.1%,1.52,5,<0.1%,8.0%
40518,无敌原始人,<0.1%,1.43,4,<0.1%,4.3%
40519,阿凡提之奇缘历险,<0.1%,1.15,4,<0.1%,3.8%
40520,你好，之华,<0.1%,1.11,139,<0.1%,89.9%
40521,沿海出发,<0.1%,1.08,29,<0.1%,29.6%
40522,胡桃夹子和四个王国,27.7%,3453.21,12,24.2%,7.4%
40523,飓风奇劫,15.9%,1981.01,16,11.4%,13.7%
40524,流浪猫鲍勃,9.4%,1172.28,14,7.1%,13.5%
40525,铁血战士,8.5%,1064.58,9,9.6%,6.2%
40526,无双,8.2%,1033.04,16,5.7%,13.0%
40527,冰封侠:时空行者,7.0%,881.78,6,13.6%,4.7%
40528,昨日青空,5.2%,654.95,13,4.6%,12.4%
40529,雪怪大冒险,4.0%,506.86,13,3.5%,11.7%
40530,嗝嗝老师,3.7%,465.50,17,2.5%,15.7%
40531,滴答屋,3.6%,454.73,5,7.7%,4.1%
40532,找到你,2.0%,256.77,13,1.8%,12.2%
40533,八仙,0.6%,86.92,4,2.1%,3.6%
40534,你美丽了我的人生,0.4%,56.15,6,0.9%,6.0%
40535,影,0.4%,51.82,11,0.3%,11.6%
40536,瞳灵公馆,0.4%,50.20,9,0.6%,9.2%
40537,悲伤逆流成河,0.3%,48.01,11,0.3%,12.8%
40538,黑暗迷宫,0.2%,30.40,3,0.9%,2.7%
40539,李茶的姑妈,0.1%,23.16,9,0.2%,10.2%
40540,功夫联盟,0.1%,12.51,3,0.4%,3.7%
40541,为你写诗,0.1%,12.51,5,0.2%,5.7%
40542,毕业那年,<0.1%,10.48,30,<0.1%,100%
40543,天慕,<0.1%,9.76,63,<0.1%,100%
40544,阿拉姜色,<0.1%,9.17,6,0.1%,7.2%
40545,阿凡提之奇缘历险,<0.1%,8.99,9,<0.1%,10.9%
40546,我和神马查干,<0.1%,8.98,41,<0.1%,100%
40547,李保国,<0.1%,8.80,50,<0.1%,76.4%
40548,信仰者,<0.1%,7.73,59,<0.1%,58.8%
40549,我的间谍前男友,<0.1%,6.92,5,0.1%,5.1%
40550,非洲遇见你,<0.1%,6.52,46,<0.1%,41.6%
40551,大寒,<0.1%,6.47,160,<0.1%,100%
40552,新灰姑娘,<0.1%,6.34,18,<0.1%,23.8%
40553,帝企鹅日记2：召唤,<0.1%,5.19,12,<0.1%,13.9%
40554,灵魂契约,<0.1%,5.18,6,0.1%,6.9%
40555,无敌原始人,<0.1%,4.81,4,0.1%,5.3%
40556,玛雅蜜蜂历险记,<0.1%,4.07,7,<0.1%,7.9%
40557,台仙魔咒,<0.1%,3.78,6,<0.1%,7.0%
40558,追鹰日记,<0.1%,2.26,5,<0.1%,7.6%
40559,暮光巴黎,<0.1%,2.13,4,<0.1%,5.4%
40560,名侦探柯南：零的执行人,<0.1%,1.98,76,<0.1%,100%
40561,消失的子弹,<0.1%,1.85,309,<0.1%,100.0%
40562,超能泰坦,<0.1%,1.67,6,<0.1%,8.1%
40563,初恋浅规则,<0.1%,1.51,76,<0.1%,70.8%
40564,京城81号2,<0.1%,1.33,9,<0.1%,7.8%
40565,你好，之华,<0.1%,1.28,161,<0.1%,100.0%
40566,神秘家族,<0.1%,1.12,63,<0.1%,41.7%
40567,胡桃夹子和四个王国,23.5%,2424.17,9,23.7%,5.3%
40568,飓风奇劫,19.3%,1993.59,14,13.5%,11.1%
40569,流浪猫鲍勃,12.0%,1240.34,13,8.4%,12.0%
40570,无双,8.5%,877.57,12,6.3%,10.0%
40571,铁血战士,7.6%,792.19,7,9.3%,4.8%
40572,雪怪大冒险,5.6%,578.16,12,4.3%,11.2%
40573,冰封侠:时空行者,5.3%,547.64,5,11.4%,3.7%
40574,昨日青空,4.0%,413.63,7,5.4%,6.5%
40575,嗝嗝老师,3.7%,385.02,13,2.8%,11.4%
40576,滴答屋,2.7%,282.66,4,6.3%,3.2%
40577,找到你,2.0%,213.60,10,1.9%,9.8%
40578,毒液：致命守护者,1.7%,183.22,293,<0.1%,100%
40579,影,0.4%,44.12,9,0.3%,9.4%
40580,你美丽了我的人生,0.3%,37.46,10,0.4%,10.4%
40581,悲伤逆流成河,0.3%,36.78,7,0.4%,7.8%
40582,八仙,0.2%,26.99,3,0.9%,2.6%
40583,瞳灵公馆,0.2%,26.92,5,0.6%,5.0%
40584,黑暗迷宫,0.2%,21.61,3,0.8%,2.2%
40585,李茶的姑妈,0.1%,18.23,6,0.2%,7.5%
40586,阿拉姜色,0.1%,10.44,10,0.1%,13.6%
40587,天慕,<0.1%,9.69,66,<0.1%,100%
40588,为你写诗,<0.1%,9.60,4,0.2%,4.4%
40589,功夫联盟,<0.1%,8.88,3,0.3%,2.7%
40590,我和神马查干,<0.1%,8.65,39,<0.1%,100%
40591,阿凡提之奇缘历险,<0.1%,8.33,8,0.1%,8.6%
40592,李保国,<0.1%,7.85,46,<0.1%,100%
40593,大寒,<0.1%,7.81,171,<0.1%,100%
40594,毕业那年,<0.1%,7.59,22,<0.1%,100%
40595,非洲遇见你,<0.1%,6.45,47,<0.1%,45.7%
40596,我的间谍前男友,<0.1%,6.40,5,0.1%,4.8%
40597,名侦探柯南：零的执行人,<0.1%,6.31,176,<0.1%,--
40598,新灰姑娘,<0.1%,6.16,13,<0.1%,17.0%
40599,破梦游戏,<0.1%,4.79,212,<0.1%,100.0%
40600,无敌原始人,<0.1%,4.35,4,0.1%,4.3%
40601,帝企鹅日记2：召唤,<0.1%,3.97,9,<0.1%,9.7%
40602,玛雅蜜蜂历险记,<0.1%,3.74,6,<0.1%,6.9%
40603,灵魂契约,<0.1%,3.53,4,0.1%,4.8%
40604,信仰者,<0.1%,3.43,32,<0.1%,34.3%
40605,台仙魔咒,<0.1%,3.26,6,<0.1%,7.3%
40606,追鹰日记,<0.1%,2.48,6,<0.1%,8.3%
40607,你好，之华,<0.1%,1.70,132,<0.1%,--
40608,自行车与旧电钢,<0.1%,1.40,31,<0.1%,41.6%
40609,宝贝儿,<0.1%,1.05,4,<0.1%,5.9%
40610,消失的子弹,<0.1%,1.01,338,<0.1%,100.0%
40611,飓风奇劫,26.7%,1028.11,7,16.4%,5.1%
40612,胡桃夹子和四个王国,18.7%,721.07,3,23.0%,1.8%
40613,流浪猫鲍勃,13.8%,532.73,6,9.7%,4.8%
40614,无双,10.2%,392.71,6,7.1%,4.5%
40615,铁血战士,7.6%,292.73,3,9.9%,1.9%
40616,冰封侠:时空行者,5.7%,219.23,3,10.5%,1.8%
40617,嗝嗝老师,3.8%,149.34,5,3.2%,4.4%
40618,找到你,2.7%,104.85,5,2.1%,4.8%
40619,昨日青空,2.3%,92.01,2,4.7%,1.8%
40620,滴答屋,2.1%,84.30,2,5.7%,1.2%
40621,雪怪大冒险,1.1%,44.78,3,1.7%,2.3%
40622,影,0.5%,20.69,4,0.4%,4.0%
40623,瞳灵公馆,0.4%,17.96,4,0.6%,3.5%
40624,李保国,0.4%,16.64,48,<0.1%,70.8%
40625,悲伤逆流成河,0.4%,15.82,4,0.4%,3.6%
40626,你美丽了我的人生,0.3%,13.08,4,0.3%,4.4%
40627,大寒,0.2%,10.97,191,<0.1%,100%
40628,黑暗迷宫,0.2%,10.27,2,0.8%,1.3%
40629,天慕,0.2%,9.78,52,<0.1%,99.7%
40630,李茶的姑妈,0.2%,8.45,3,0.3%,3.1%
40631,功夫联盟,0.1%,4.47,1,0.4%,1.2%
40632,阿拉姜色,0.1%,4.28,3,0.1%,3.3%
40633,毕业那年,<0.1%,3.73,12,<0.1%,100%
40634,为你写诗,<0.1%,3.53,2,0.2%,1.5%
40635,八仙,<0.1%,3.19,2,0.3%,1.0%
40636,信仰者,<0.1%,2.94,18,<0.1%,18.5%
40637,我和神马查干,<0.1%,2.91,14,<0.1%,100%
40638,我的间谍前男友,<0.1%,2.83,2,0.1%,1.7%
40639,灵魂契约,<0.1%,2.59,3,0.1%,3.3%
40640,新灰姑娘,<0.1%,1.59,7,<0.1%,12.4%
40641,台仙魔咒,<0.1%,1.45,3,<0.1%,3.3%
40642,皮鞋,<0.1%,1.42,24,<0.1%,26.0%
40643,追鹰日记,<0.1%,1.24,3,<0.1%,3.1%
40644,我的冤家是条狗,<0.1%,1.24,56,<0.1%,58.1%
40645,阿凡提之奇缘历险,<0.1%,1.19,3,<0.1%,2.9%
40646,消失爱人,<0.1%,1.12,125,<0.1%,63.7%
40647,消失的子弹,<0.1%,1.01,338,<0.1%,100.0%
40648,飓风奇劫,28.8%,1012.73,6,18.1%,4.4%
40649,胡桃夹子和四个王国,16.6%,583.82,3,21.5%,1.7%
40650,流浪猫鲍勃,14.3%,502.94,5,10.6%,4.2%
40651,无双,10.9%,382.89,5,7.7%,4.2%
40652,铁血战士,7.2%,254.86,3,9.8%,1.7%
40653,冰封侠:时空行者,5.1%,181.92,2,9.8%,1.7%
40654,嗝嗝老师,3.9%,140.33,5,3.4%,4.0%
40655,找到你,2.7%,96.49,5,2.0%,4.7%
40656,昨日青空,1.9%,69.36,2,4.4%,1.5%
40657,滴答屋,1.7%,62.04,2,5.1%,1.0%
40658,雪怪大冒险,1.1%,39.69,3,1.6%,2.2%
40659,影,0.5%,20.20,4,0.5%,3.6%
40660,李保国,0.4%,16.86,49,<0.1%,71.3%
40661,瞳灵公馆,0.4%,15.45,3,0.6%,3.0%
40662,悲伤逆流成河,0.4%,15.03,3,0.5%,3.1%
40663,你美丽了我的人生,0.3%,12.26,4,0.3%,4.3%
40664,天慕,0.2%,9.49,49,<0.1%,93.2%
40665,李茶的姑妈,0.2%,9.23,3,0.3%,3.1%
40666,大寒,0.2%,9.07,170,<0.1%,100%
40667,黑暗迷宫,0.2%,8.33,2,0.8%,1.1%
40668,信仰者,0.2%,7.09,30,<0.1%,27.8%
40669,功夫联盟,0.1%,4.04,1,0.4%,1.0%
40670,阿拉姜色,0.1%,3.73,3,0.1%,2.8%
40671,我和神马查干,<0.1%,3.45,15,<0.1%,100%
40672,为你写诗,<0.1%,3.15,2,0.2%,1.6%
40673,浴血广昌,<0.1%,3.08,56,<0.1%,72.9%
40674,毕业那年,<0.1%,3.01,11,<0.1%,100%
40675,我的冤家是条狗,<0.1%,2.75,42,<0.1%,46.2%
40676,我的间谍前男友,<0.1%,2.60,2,0.1%,1.5%
40677,灵魂契约,<0.1%,2.59,3,0.1%,3.3%
40678,邹碧华,<0.1%,2.48,41,<0.1%,74.0%
40679,八仙,<0.1%,2.43,1,0.2%,1.0%
40680,宝贝儿,<0.1%,1.97,4,<0.1%,5.9%
40681,新灰姑娘,<0.1%,1.45,13,<0.1%,16.5%
40682,阿凡提之奇缘历险,<0.1%,1.35,4,<0.1%,3.3%
40683,消失爱人,<0.1%,1.12,250,<0.1%,93.9%
40684,消失的子弹,<0.1%,1.01,338,<0.1%,100.0%
40685,飓风奇劫,31.6%,968.56,6,19.4%,3.9%
40686,胡桃夹子和四个王国,14.0%,431.46,2,20.2%,1.3%
40687,流浪猫鲍勃,13.8%,423.90,4,11.0%,3.4%
40688,无双,11.3%,347.62,5,8.0%,3.6%
40689,铁血战士,7.2%,222.87,3,9.8%,1.5%
40690,冰封侠:时空行者,4.9%,152.82,2,9.4%,1.5%
40691,嗝嗝老师,4.2%,129.45,4,3.4%,3.7%
40692,找到你,2.4%,75.09,4,2.2%,3.4%
40693,昨日青空,1.9%,59.52,2,4.3%,1.4%
40694,滴答屋,1.4%,44.36,1,4.7%,0.8%
40695,影,0.7%,22.74,5,0.5%,4.9%
40696,雪怪大冒险,0.6%,19.85,2,1.4%,1.3%
40697,李保国,0.5%,16.90,48,<0.1%,57.4%
40698,你美丽了我的人生,0.5%,15.84,5,0.3%,5.7%
40699,悲伤逆流成河,0.4%,13.89,3,0.5%,2.8%
40700,瞳灵公馆,0.4%,13.52,3,0.6%,2.7%
40701,天慕,0.3%,10.44,50,<0.1%,88.4%
40702,李茶的姑妈,0.2%,9.01,3,0.3%,2.9%
40703,黑暗迷宫,0.2%,7.98,2,0.7%,1.2%
40704,大寒,0.2%,7.84,172,<0.1%,100%
40705,信仰者,0.2%,6.78,24,<0.1%,22.8%
40706,功夫联盟,0.1%,4.80,2,0.5%,1.3%
40707,邹碧华,0.1%,3.87,50,<0.1%,80.2%
40708,毕业那年,0.1%,3.22,10,<0.1%,100%
40709,浴血广昌,0.1%,3.21,62,<0.1%,73.8%
40710,我和神马查干,<0.1%,2.90,14,<0.1%,100%
40711,为你写诗,<0.1%,2.80,2,0.2%,1.4%
40712,灵魂契约,<0.1%,2.78,3,0.1%,3.1%
40713,阿拉姜色,<0.1%,2.63,2,0.1%,2.0%
40714,我的间谍前男友,<0.1%,2.14,2,0.2%,1.2%
40715,八仙,<0.1%,1.94,1,0.2%,0.9%
40716,我的冤家是条狗,<0.1%,1.75,39,<0.1%,43.2%
40717,非洲遇见你,<0.1%,1.18,22,<0.1%,39.1%
40718,神秘家族,<0.1%,1.12,250,<0.1%,93.9%
40719,毒液：致命守护者,36.2%,1588.79,55,2.4%,29.8%
40720,飓风奇劫,19.5%,856.83,5,19.7%,3.3%
40721,胡桃夹子和四个王国,8.6%,379.03,2,18.9%,1.3%
40722,流浪猫鲍勃,8.5%,374.59,4,10.9%,3.0%
40723,无双,7.6%,333.95,5,8.1%,3.4%
40724,铁血战士,4.2%,187.47,2,9.5%,1.3%
40725,嗝嗝老师,2.9%,128.80,4,3.4%,3.6%
40726,冰封侠:时空行者,2.9%,127.63,2,8.9%,1.3%
40727,找到你,1.5%,70.09,4,2.3%,3.0%
40728,昨日青空,1.2%,55.52,2,4.0%,1.3%
40729,滴答屋,0.8%,39.03,1,4.3%,0.8%
40730,名侦探柯南：零的执行人,0.7%,34.90,14,0.2%,11.5%
40731,影,0.4%,19.02,3,0.5%,3.2%
40732,雪怪大冒险,0.4%,18.59,2,1.4%,1.2%
40733,李保国,0.3%,17.14,37,<0.1%,46.1%
40734,悲伤逆流成河,0.3%,14.33,3,0.5%,2.8%
40735,你美丽了我的人生,0.2%,11.86,5,0.2%,4.8%
40736,天慕,0.2%,11.27,42,<0.1%,81.6%
40737,瞳灵公馆,0.2%,10.46,2,0.6%,2.2%
40738,邹碧华,0.2%,10.37,64,<0.1%,75.6%
40739,大寒,0.2%,9.56,173,<0.1%,100%
40740,李茶的姑妈,0.1%,8.15,3,0.3%,2.5%
40741,浴血广昌,0.1%,7.73,64,<0.1%,71.9%
40742,黑暗迷宫,0.1%,6.74,1,0.7%,1.1%
40743,信仰者,0.1%,5.14,19,<0.1%,18.7%
40744,我和神马查干,0.1%,4.99,22,<0.1%,100%
40745,功夫联盟,<0.1%,3.58,1,0.4%,0.9%
40746,阿拉姜色,<0.1%,3.12,2,0.1%,2.4%
40747,毕业那年,<0.1%,2.68,9,<0.1%,100%
40748,为你写诗,<0.1%,2.37,2,0.2%,1.3%
40749,我的间谍前男友,<0.1%,2.26,2,0.1%,1.4%
40750,灵魂契约,<0.1%,2.22,2,0.1%,2.5%
40751,你好，之华,<0.1%,2.08,58,<0.1%,84.3%
40752,新灰姑娘,<0.1%,1.25,12,<0.1%,15.0%
40753,八仙,<0.1%,1.19,1,0.1%,0.7%
40754,非洲遇见你,<0.1%,1.15,19,<0.1%,35.1%
40755,消失的子弹,<0.1%,1.01,338,<0.1%,--
40756,毒液：致命守护者,83.0%,22338.42,37,49.5%,24.7%
40757,名侦探柯南：零的执行人,9.6%,2589.78,14,19.1%,12.9%
40758,你好，之华,4.9%,1322.14,8,14.6%,7.6%
40759,胡桃夹子和四个王国,0.3%,98.13,5,1.7%,4.8%
40760,飓风奇劫,0.2%,71.89,3,2.8%,2.5%
40761,流浪猫鲍勃,0.2%,53.82,5,1.0%,5.0%
40762,我的冤家是条狗,0.1%,47.60,2,3.2%,1.4%
40763,三国杀·幻,0.1%,36.86,2,2.7%,1.4%
40764,开学悸,0.1%,32.89,6,0.6%,6.1%
40765,嗝嗝老师,0.1%,31.58,12,0.2%,13.5%
40766,无双,0.1%,27.78,4,0.6%,4.5%
40767,邹碧华,<0.1%,20.65,76,<0.1%,100%
40768,我和神马查干,<0.1%,20.30,76,<0.1%,100%
40769,信仰者,<0.1%,19.78,61,<0.1%,53.1%
40770,破梦游戏,<0.1%,18.08,3,0.5%,3.4%
40771,雪怪大冒险,<0.1%,15.71,5,0.3%,5.8%
40772,毕业那年,<0.1%,15.05,40,<0.1%,--
40773,李保国,<0.1%,13.77,60,<0.1%,55.8%
40774,天慕,<0.1%,11.29,61,<0.1%,100%
40775,找到你,<0.1%,8.15,5,0.1%,5.5%
40776,大寒,<0.1%,8.01,115,<0.1%,100%
40777,昨日青空,<0.1%,7.82,3,0.3%,2.6%
40778,浴血广昌,<0.1%,6.00,59,<0.1%,61.3%
40779,冰封侠:时空行者,<0.1%,5.94,2,0.4%,1.6%
40780,铁血战士,<0.1%,5.72,2,0.4%,1.3%
40781,你美丽了我的人生,<0.1%,4.58,5,<0.1%,6.7%
40782,地层深处,<0.1%,3.83,8,<0.1%,11.3%
40783,初恋浅规则,<0.1%,3.51,84,<0.1%,95.5%
40784,悲伤逆流成河,<0.1%,3.49,4,<0.1%,4.8%
40785,遥远的他,<0.1%,3.20,400,<0.1%,82.6%
40786,八仙,<0.1%,2.81,11,<0.1%,15.8%
40787,诡梦凶铃,<0.1%,2.71,79,<0.1%,100%
40788,瞳灵公馆,<0.1%,1.91,3,<0.1%,3.5%
40789,消失的子弹,<0.1%,1.85,309,<0.1%,100.0%
40790,我的间谍前男友,<0.1%,1.80,9,<0.1%,10.5%
40791,影,<0.1%,1.73,4,<0.1%,4.7%
40792,滴答屋,<0.1%,1.59,2,0.1%,1.5%
40793,三伏天,<0.1%,1.59,89,<0.1%,72.6%
40794,功夫联盟,<0.1%,1.19,2,<0.1%,3.7%
40795,新灰姑娘,<0.1%,1.16,17,<0.1%,32.0%
40796,李茶的姑妈,<0.1%,1.13,3,<0.1%,3.1%
40797,消失爱人,<0.1%,1.12,125,<0.1%,55.0%
40798,沿海出发,<0.1%,1.10,56,<0.1%,67.0%
40799,非洲遇见你,<0.1%,1.09,26,<0.1%,39.8%
40800,毒液：致命守护者,82.7%,30337.20,44,53.9%,29.8%
40801,名侦探柯南：零的执行人,8.8%,3234.55,18,17.2%,16.9%
40802,你好，之华,3.9%,1450.28,11,10.7%,11.3%
40803,恐龙王,1.3%,480.73,12,3.7%,12.6%
40804,胡桃夹子和四个王国,0.6%,254.17,11,1.8%,11.5%
40805,雪怪大冒险,0.3%,132.88,13,0.9%,13.6%
40806,流浪猫鲍勃,0.3%,119.16,10,1.0%,10.4%
40807,两个俏公主,0.3%,118.30,6,2.0%,6.3%
40808,飓风奇劫,0.2%,106.40,5,2.1%,4.8%
40809,嗝嗝老师,0.1%,52.79,15,0.3%,18.0%
40810,无双,0.1%,49.94,8,0.5%,9.5%
40811,我的冤家是条狗,0.1%,40.60,4,1.1%,3.3%
40812,我和神马查干,<0.1%,31.58,127,<0.1%,100%
40813,昨日青空,<0.1%,27.66,6,0.4%,6.9%
40814,毕业那年,<0.1%,25.64,68,<0.1%,--
40815,三国杀·幻,<0.1%,20.46,2,1.3%,1.8%
40816,开学悸,<0.1%,18.54,6,0.3%,6.0%
40817,天慕,<0.1%,12.70,82,<0.1%,100%
40818,李保国,<0.1%,12.55,56,<0.1%,70.8%
40819,找到你,<0.1%,10.40,7,0.1%,8.4%
40820,铁血战士,<0.1%,9.33,3,0.3%,2.8%
40821,信仰者,<0.1%,9.01,41,<0.1%,40.2%
40822,大寒,<0.1%,8.49,132,<0.1%,98.4%
40823,冰封侠:时空行者,<0.1%,8.06,3,0.2%,3.5%
40824,悲伤逆流成河,<0.1%,7.92,8,<0.1%,9.6%
40825,你美丽了我的人生,<0.1%,6.54,10,<0.1%,14.7%
40826,浴血广昌,<0.1%,5.18,57,<0.1%,58.8%
40827,产科男生,<0.1%,5.12,74,<0.1%,100%
40828,地层深处,<0.1%,5.03,20,<0.1%,30.1%
40829,滴答屋,<0.1%,4.31,4,<0.1%,5.5%
40830,八仙,<0.1%,4.27,11,<0.1%,14.2%
40831,瞳灵公馆,<0.1%,3.32,5,<0.1%,5.4%
40832,破梦游戏,<0.1%,3.31,3,0.1%,2.8%
40833,诡梦凶铃,<0.1%,3.17,123,<0.1%,100%
40834,影,<0.1%,2.60,7,<0.1%,8.7%
40835,李茶的姑妈,<0.1%,2.36,5,<0.1%,7.0%
40836,初恋浅规则,<0.1%,2.36,106,<0.1%,70.8%
40837,阿拉姜色,<0.1%,2.08,6,<0.1%,9.4%
40838,三伏天,<0.1%,2.04,76,<0.1%,63.7%
40839,新灰姑娘,<0.1%,1.99,13,<0.1%,23.6%
40840,消失的子弹,<0.1%,1.85,309,<0.1%,100.0%
40841,灵魂契约,<0.1%,1.32,6,<0.1%,8.6%
40842,我的间谍前男友,<0.1%,1.14,8,<0.1%,11.4%
40843,阿凡提之奇缘历险,<0.1%,1.12,5,<0.1%,6.5%
40844,消失爱人,<0.1%,1.12,250,<0.1%,93.9%
40845,非洲遇见你,<0.1%,1.00,25,<0.1%,29.3%
40846,帝企鹅日记2：召唤,<0.1%,1.00,9,<0.1%,11.2%
40847,毒液：致命守护者,81.7%,22413.48,32,55.9%,21.7%
40848,名侦探柯南：零的执行人,8.1%,2229.11,13,16.7%,12.2%
40849,你好，之华,4.5%,1260.42,10,10.2%,10.5%
40850,恐龙王,1.8%,504.95,13,3.6%,13.6%
40851,胡桃夹子和四个王国,0.7%,204.98,9,2.0%,8.9%
40852,雪怪大冒险,0.5%,145.96,13,1.0%,13.6%
40853,流浪猫鲍勃,0.3%,106.69,9,1.0%,9.6%
40854,飓风奇劫,0.3%,102.62,5,2.0%,5.0%
40855,无双,0.1%,54.75,10,0.5%,10.7%
40856,两个俏公主,0.1%,53.74,5,1.1%,5.2%
40857,嗝嗝老师,0.1%,42.08,11,0.3%,13.2%
40858,我的冤家是条狗,0.1%,41.17,4,1.0%,4.0%
40859,我和神马查干,<0.1%,25.40,100,<0.1%,100%
40860,昨日青空,<0.1%,19.19,5,0.4%,4.7%
40861,毕业那年,<0.1%,17.08,49,<0.1%,--
40862,三国杀·幻,<0.1%,16.05,2,1.0%,1.7%
40863,开学悸,<0.1%,15.21,5,0.3%,5.8%
40864,天慕,<0.1%,12.30,80,<0.1%,100%
40865,铁血战士,<0.1%,10.04,3,0.3%,2.8%
40866,找到你,<0.1%,8.81,6,0.1%,6.9%
40867,李保国,<0.1%,7.86,41,<0.1%,54.2%
40868,信仰者,<0.1%,7.70,35,<0.1%,32.9%
40869,大寒,<0.1%,7.03,127,<0.1%,80.1%
40870,冰封侠:时空行者,<0.1%,6.77,3,0.2%,2.9%
40871,地层深处,<0.1%,6.09,23,<0.1%,38.8%
40872,悲伤逆流成河,<0.1%,5.98,5,0.1%,6.3%
40873,新灰姑娘,<0.1%,5.44,26,<0.1%,33.7%
40874,影,<0.1%,5.13,24,<0.1%,35.5%
40875,产科男生,<0.1%,4.88,63,<0.1%,100%
40876,滴答屋,<0.1%,4.77,4,0.1%,4.8%
40877,超能泰坦,<0.1%,4.65,30,<0.1%,25.9%
40878,你美丽了我的人生,<0.1%,4.46,7,<0.1%,10.2%
40879,为你写诗,<0.1%,4.28,21,<0.1%,22.8%
40880,浴血广昌,<0.1%,4.12,55,<0.1%,68.7%
40881,破梦游戏,<0.1%,4.09,3,0.1%,3.7%
40882,功夫联盟,<0.1%,3.99,8,<0.1%,12.7%
40883,瞳灵公馆,<0.1%,2.76,4,<0.1%,4.5%
40884,诡梦凶铃,<0.1%,2.31,116,<0.1%,100%
40885,三伏天,<0.1%,2.04,76,<0.1%,63.7%
40886,八仙,<0.1%,1.97,10,<0.1%,13.5%
40887,勇敢往事,<0.1%,1.91,240,<0.1%,--
40888,消失的子弹,<0.1%,1.85,309,<0.1%,100.0%
40889,李茶的姑妈,<0.1%,1.70,4,<0.1%,4.8%
40890,阿凡提之奇缘历险,<0.1%,1.43,6,<0.1%,7.4%
40891,初恋浅规则,<0.1%,1.34,77,<0.1%,74.4%
40892,非常父子档,<0.1%,1.22,138,<0.1%,65.6%
40893,消失爱人,<0.1%,1.12,125,<0.1%,93.9%
40894,阿拉姜色,<0.1%,1.12,3,<0.1%,4.1%
40895,毒液：致命守护者,84.0%,9009.29,15,54.9%,10.1%
40896,你好，之华,6.0%,649.00,5,12.0%,5.1%
40897,名侦探柯南：零的执行人,5.8%,621.79,4,16.3%,3.8%
40898,飓风奇劫,0.8%,86.05,3,3.4%,2.8%
40899,流浪猫鲍勃,0.4%,45.69,3,1.5%,3.1%
40900,胡桃夹子和四个王国,0.4%,44.06,2,2.3%,1.8%
40901,恐龙王,0.3%,32.57,3,1.5%,2.3%
40902,无双,0.2%,30.31,4,0.8%,3.9%
40903,我的冤家是条狗,0.1%,20.24,2,1.2%,1.7%
40904,李保国,0.1%,17.81,40,<0.1%,46.9%
40905,嗝嗝老师,0.1%,12.86,5,0.3%,5.3%
40906,开学悸,<0.1%,10.07,4,0.4%,3.6%
40907,我和神马查干,<0.1%,9.52,40,<0.1%,100%
40908,大寒,<0.1%,9.31,168,<0.1%,100%
40909,天慕,<0.1%,9.12,50,<0.1%,100%
40910,三国杀·幻,<0.1%,8.27,1,1.2%,0.8%
40911,地层深处,<0.1%,7.47,22,<0.1%,30.0%
40912,毕业那年,<0.1%,7.18,21,<0.1%,--
40913,铁血战士,<0.1%,6.66,2,0.5%,1.2%
40914,找到你,<0.1%,5.56,3,0.2%,2.5%
40915,浴血广昌,<0.1%,4.74,53,<0.1%,62.6%
40916,邹碧华,<0.1%,4.64,61,<0.1%,100%
40917,雪怪大冒险,<0.1%,4.32,2,0.2%,1.6%
40918,信仰者,<0.1%,3.98,19,<0.1%,21.6%
40919,冰封侠:时空行者,<0.1%,3.40,1,0.4%,1.0%
40920,昨日青空,<0.1%,2.95,1,0.3%,0.8%
40921,悲伤逆流成河,<0.1%,2.72,3,0.1%,2.5%
40922,曹操与杨修,<0.1%,2.55,137,<0.1%,69.6%
40923,新灰姑娘,<0.1%,2.46,34,<0.1%,62.7%
40924,八仙,<0.1%,2.35,16,<0.1%,17.1%
40925,瞳灵公馆,<0.1%,2.30,3,0.1%,3.1%
40926,两个俏公主,<0.1%,2.04,1,0.3%,0.8%
40927,三伏天,<0.1%,1.92,72,<0.1%,60.0%
40928,影,<0.1%,1.74,3,<0.1%,2.7%
40929,你美丽了我的人生,<0.1%,1.70,2,<0.1%,3.5%
40930,梦境之源,<0.1%,1.37,138,<0.1%,67.5%
40931,阿凡提之奇缘历险,<0.1%,1.24,26,<0.1%,32.6%
40932,初恋浅规则,<0.1%,1.17,75,<0.1%,68.4%
40933,消失的子弹,<0.1%,1.14,201,<0.1%,100.0%
40934,皇帝的新装之圣诞大明星,<0.1%,1.12,188,<0.1%,68.1%
40935,毒液：致命守护者,82.7%,7983.11,14,54.9%,9.0%
40936,你好，之华,6.6%,637.18,5,12.2%,4.9%
40937,名侦探柯南：零的执行人,5.7%,554.93,4,15.5%,3.6%
40938,飓风奇劫,1.0%,96.69,3,3.7%,2.9%
40939,流浪猫鲍勃,0.5%,51.79,4,1.6%,3.4%
40940,胡桃夹子和四个王国,0.4%,42.96,2,2.3%,1.8%
40941,无双,0.3%,35.03,4,1.0%,4.0%
40942,恐龙王,0.3%,31.36,3,1.4%,2.5%
40943,李保国,0.2%,21.12,41,<0.1%,48.5%
40944,我的冤家是条狗,0.2%,19.67,2,1.2%,1.8%
40945,嗝嗝老师,0.1%,13.79,5,0.3%,4.6%
40946,邹碧华,0.1%,10.07,55,<0.1%,86.7%
40947,天慕,0.1%,9.88,58,<0.1%,100%
40948,我和神马查干,<0.1%,8.25,34,<0.1%,100%
40949,找到你,<0.1%,7.65,3,0.3%,3.0%
40950,大寒,<0.1%,7.50,109,<0.1%,100%
40951,铁血战士,<0.1%,7.06,2,0.6%,1.2%
40952,三国杀·幻,<0.1%,6.90,1,1.1%,0.7%
40953,无名之辈,<0.1%,6.87,29,<0.1%,27.3%
40954,开学悸,<0.1%,6.74,2,0.4%,2.3%
40955,毕业那年,<0.1%,6.50,20,<0.1%,100%
40956,地层深处,<0.1%,5.96,23,<0.1%,30.1%
40957,浴血广昌,<0.1%,5.37,57,<0.1%,64.5%
40958,雪怪大冒险,<0.1%,4.80,2,0.2%,2.0%
40959,信仰者,<0.1%,4.74,19,<0.1%,20.6%
40960,昨日青空,<0.1%,3.68,1,0.4%,1.0%
40961,冰封侠:时空行者,<0.1%,3.46,1,0.4%,1.0%
40962,神奇动物：格林德沃之罪,<0.1%,3.17,58,<0.1%,32.5%
40963,瞳灵公馆,<0.1%,2.50,3,0.1%,3.0%
40964,悲伤逆流成河,<0.1%,2.28,2,0.1%,2.1%
40965,新灰姑娘,<0.1%,2.25,25,<0.1%,91.5%
40966,三伏天,<0.1%,1.92,72,<0.1%,60.0%
40967,影,<0.1%,1.91,3,<0.1%,3.0%
40968,勇敢往事,<0.1%,1.86,234,<0.1%,--
40969,两个俏公主,<0.1%,1.79,1,0.2%,0.7%
40970,滴答屋,<0.1%,1.42,2,0.1%,1.4%
40971,真假森林王,<0.1%,1.32,222,<0.1%,80.5%
40972,八仙,<0.1%,1.30,13,<0.1%,13.3%
40973,你美丽了我的人生,<0.1%,1.18,2,<0.1%,2.9%
40974,湄公河行动,<0.1%,1.10,70,<0.1%,--
40975,李茶的姑妈,<0.1%,1.04,2,<0.1%,2.1%
40976,消失的子弹,<0.1%,1.01,338,<0.1%,100.0%
40977,毒液：致命守护者,81.0%,6915.72,12,55.0%,7.8%
40978,你好，之华,7.0%,604.46,5,12.5%,4.6%
40979,名侦探柯南：零的执行人,5.7%,491.35,4,14.9%,3.4%
40980,飓风奇劫,1.3%,111.79,4,3.9%,3.3%
40981,流浪猫鲍勃,0.6%,53.23,4,1.7%,3.3%
40982,胡桃夹子和四个王国,0.5%,44.02,2,2.2%,1.9%
40983,无双,0.4%,39.07,5,1.0%,4.7%
40984,恐龙王,0.3%,27.72,3,1.4%,2.3%
40985,李保国,0.2%,24.74,47,<0.1%,51.9%
40986,无名之辈,0.2%,24.09,59,<0.1%,52.5%
40987,嗝嗝老师,0.2%,19.95,6,0.4%,6.4%
40988,我的冤家是条狗,0.2%,18.40,2,1.2%,1.7%
40989,邹碧华,0.1%,14.32,65,<0.1%,100%
40990,天慕,0.1%,10.03,53,<0.1%,100%
40991,我和神马查干,<0.1%,7.80,33,<0.1%,100%
40992,找到你,<0.1%,7.68,3,0.3%,2.8%
40993,信仰者,<0.1%,7.61,27,<0.1%,27.0%
40994,铁血战士,<0.1%,7.40,2,0.6%,1.2%
40995,大寒,<0.1%,6.97,136,<0.1%,100%
40996,开学悸,<0.1%,6.66,2,0.4%,2.3%
40997,雪怪大冒险,<0.1%,6.18,3,0.2%,2.7%
40998,三国杀·幻,<0.1%,5.98,1,1.0%,0.7%
40999,毕业那年,<0.1%,5.56,19,<0.1%,--
41000,地层深处,<0.1%,5.26,20,<0.1%,29.1%
41001,浴血广昌,<0.1%,4.67,46,<0.1%,58.9%
41002,冰封侠:时空行者,<0.1%,4.16,1,0.4%,1.1%
41003,悲伤逆流成河,<0.1%,2.88,3,0.1%,2.5%
41004,昨日青空,<0.1%,2.84,1,0.3%,0.8%
41005,瞳灵公馆,<0.1%,2.77,3,0.1%,3.1%
41006,影,<0.1%,2.03,3,<0.1%,2.6%
41007,两个俏公主,<0.1%,1.94,1,0.2%,0.8%
41008,三伏天,<0.1%,1.92,92,<0.1%,70.5%
41009,李学生,<0.1%,1.60,43,<0.1%,100%
41010,勇敢往事,<0.1%,1.36,194,<0.1%,--
41011,大师兄,<0.1%,1.22,136,<0.1%,100%
41012,湄公河行动,<0.1%,1.13,73,<0.1%,--
41013,消失爱人,<0.1%,1.12,250,<0.1%,93.9%
41014,阿拉姜色,<0.1%,1.05,2,<0.1%,2.7%
41015,你美丽了我的人生,<0.1%,1.00,2,<0.1%,2.5%
41016,毒液：致命守护者,74.8%,6242.52,11,54.1%,7.2%
41017,神奇动物：格林德沃之罪,7.0%,583.52,26,1.6%,12.8%
41018,你好，之华,6.8%,569.90,5,12.5%,4.2%
41019,名侦探柯南：零的执行人,5.1%,426.93,4,14.3%,3.0%
41020,飓风奇劫,1.3%,111.45,3,3.9%,3.2%
41021,流浪猫鲍勃,0.6%,54.70,4,1.7%,3.5%
41022,胡桃夹子和四个王国,0.5%,42.77,2,2.2%,1.8%
41023,无双,0.4%,36.48,4,1.0%,3.8%
41024,李保国,0.3%,27.29,48,<0.1%,54.2%
41025,恐龙王,0.3%,26.24,3,1.3%,2.2%
41026,我的冤家是条狗,0.2%,17.18,2,1.1%,1.6%
41027,嗝嗝老师,0.1%,16.64,5,0.4%,4.8%
41028,无名之辈,0.1%,15.39,17,<0.1%,14.5%
41029,邹碧华,0.1%,15.16,63,<0.1%,59.3%
41030,天慕,0.1%,11.05,60,<0.1%,100%
41031,找到你,0.1%,8.86,3,0.3%,3.0%
41032,大寒,<0.1%,8.01,159,<0.1%,100%
41033,铁血战士,<0.1%,7.16,2,0.6%,1.1%
41034,我和神马查干,<0.1%,7.12,31,<0.1%,100%
41035,信仰者,<0.1%,7.02,23,<0.1%,24.7%
41036,开学悸,<0.1%,6.24,2,0.3%,2.3%
41037,毕业那年,<0.1%,6.10,19,<0.1%,--
41038,浴血广昌,<0.1%,5.81,58,<0.1%,66.5%
41039,三国杀·幻,<0.1%,5.18,1,0.9%,0.7%
41040,雪怪大冒险,<0.1%,5.09,3,0.2%,2.2%
41041,两个俏公主,<0.1%,4.77,2,0.2%,1.7%
41042,地层深处,<0.1%,4.56,22,<0.1%,31.5%
41043,悲伤逆流成河,<0.1%,3.81,3,0.1%,3.4%
41044,冰封侠:时空行者,<0.1%,3.48,1,0.4%,1.0%
41045,影,<0.1%,2.96,3,<0.1%,3.6%
41046,瞳灵公馆,<0.1%,2.60,3,0.1%,2.9%
41047,阿凡提之奇缘历险,<0.1%,2.51,52,<0.1%,53.1%
41048,昨日青空,<0.1%,2.48,1,0.3%,0.8%
41049,勇敢往事,<0.1%,2.14,218,<0.1%,100%
41050,湄公河行动,<0.1%,1.88,71,<0.1%,--
41051,追鹰日记,<0.1%,1.64,23,<0.1%,25.8%
41052,滴答屋,<0.1%,1.45,1,0.1%,1.1%
41053,李茶的姑妈,<0.1%,1.24,2,<0.1%,2.2%
41054,你美丽了我的人生,<0.1%,1.08,2,<0.1%,3.4%
41055,非洲遇见你,<0.1%,1.02,28,<0.1%,45.2%
41056,消失的子弹,<0.1%,1.01,338,<0.1%,100.0%
41057,毒液：致命守护者,46.5%,8535.87,24,33.4%,17.9%
41058,神奇动物：格林德沃之罪,43.8%,8040.51,18,39.3%,12.4%
41059,无名之辈,5.0%,919.58,7,13.0%,6.9%
41060,名侦探柯南：零的执行人,1.6%,297.15,8,3.8%,9.0%
41061,你好，之华,1.2%,233.94,8,2.8%,8.4%
41062,恐龙王,0.2%,44.29,7,0.7%,7.4%
41063,邹碧华,<0.1%,17.48,60,<0.1%,84.5%
41064,李保国,<0.1%,14.78,45,<0.1%,47.9%
41065,我和神马查干,<0.1%,13.49,54,<0.1%,100%
41066,嗝嗝老师,<0.1%,12.80,19,<0.1%,21.7%
41067,毕业那年,<0.1%,12.30,34,<0.1%,--
41068,梦境之源,<0.1%,12.09,1,2.4%,0.6%
41069,天慕,<0.1%,11.86,70,<0.1%,100%
41070,流浪猫鲍勃,<0.1%,11.71,8,0.1%,10.3%
41071,有五个姐姐的我就注定要单身了啊,<0.1%,11.45,2,1.0%,1.3%
41072,最后一公里,<0.1%,9.92,7,0.1%,5.3%
41073,胡桃夹子和四个王国,<0.1%,9.41,4,0.2%,4.2%
41074,大寒,<0.1%,9.28,195,<0.1%,100%
41075,飓风奇劫,<0.1%,9.14,3,0.3%,3.7%
41076,雪怪大冒险,<0.1%,8.55,7,0.1%,7.6%
41077,无双,<0.1%,6.85,5,0.1%,6.0%
41078,浴血广昌,<0.1%,6.03,63,<0.1%,46.9%
41079,信仰者,<0.1%,4.00,24,<0.1%,31.5%
41080,诡梦凶铃,<0.1%,3.76,107,<0.1%,100%
41081,阿凡提之奇缘历险,<0.1%,2.98,44,<0.1%,49.9%
41082,湄公河行动,<0.1%,2.97,101,<0.1%,--
41083,我的冤家是条狗,<0.1%,2.93,3,0.1%,2.2%
41084,两个俏公主,<0.1%,2.75,3,0.1%,2.8%
41085,锁,<0.1%,2.72,1,0.3%,1.0%
41086,悲伤逆流成河,<0.1%,2.27,7,<0.1%,8.2%
41087,无敌破坏王2：大闹互联网,<0.1%,1.98,236,<0.1%,--
41088,地层深处,<0.1%,1.87,54,<0.1%,69.8%
41089,消失的子弹,<0.1%,1.85,309,<0.1%,100.0%
41090,找到你,<0.1%,1.79,4,<0.1%,5.4%
41091,开学悸,<0.1%,1.65,3,<0.1%,3.9%
41092,昨日青空,<0.1%,1.63,2,<0.1%,2.1%
41093,记忆折叠,<0.1%,1.53,2,0.1%,1.2%
41094,初恋浅规则,<0.1%,1.22,82,<0.1%,85.0%
41095,你美丽了我的人生,<0.1%,1.15,4,<0.1%,8.7%
41096,铁血战士,<0.1%,1.13,2,<0.1%,1.7%
41097,勇敢往事,<0.1%,1.02,121,<0.1%,100%
41098,毒液：致命守护者,51.0%,16167.38,38,38.0%,27.9%
41099,神奇动物：格林德沃之罪,33.9%,10740.88,26,34.4%,18.1%
41100,无名之辈,8.0%,2537.58,23,10.1%,24.3%
41101,名侦探柯南：零的执行人,2.7%,885.03,18,5.1%,19.2%
41102,恐龙王,1.5%,492.11,15,3.3%,15.8%
41103,你好，之华,1.2%,403.89,12,3.0%,13.0%
41104,雪怪大冒险,0.2%,91.89,15,0.6%,16.2%
41105,胡桃夹子和四个王国,0.1%,54.02,11,0.4%,12.3%
41106,我和神马查干,<0.1%,27.68,118,<0.1%,100%
41107,超时空大冒险,<0.1%,22.53,5,0.5%,5.1%
41108,流浪猫鲍勃,<0.1%,20.14,12,0.1%,15.6%
41109,两个俏公主,<0.1%,14.41,5,0.3%,5.6%
41110,毕业那年,<0.1%,13.85,36,<0.1%,--
41111,飓风奇劫,<0.1%,13.83,5,0.3%,5.5%
41112,天慕,<0.1%,13.42,78,<0.1%,100%
41113,李保国,<0.1%,13.20,54,<0.1%,62.6%
41114,无双,<0.1%,12.80,8,0.1%,9.1%
41115,嗝嗝老师,<0.1%,12.23,14,<0.1%,16.1%
41116,有五个姐姐的我就注定要单身了啊,<0.1%,11.47,2,0.6%,1.9%
41117,找到你,<0.1%,8.60,16,<0.1%,19.3%
41118,昨日青空,<0.1%,5.96,5,0.1%,5.6%
41119,大寒,<0.1%,5.81,86,<0.1%,100%
41120,浴血广昌,<0.1%,5.71,61,<0.1%,54.4%
41121,我的冤家是条狗,<0.1%,5.29,5,0.1%,4.0%
41122,梦境之源,<0.1%,5.08,2,0.5%,1.3%
41123,悲伤逆流成河,<0.1%,4.89,9,<0.1%,10.7%
41124,开学悸,<0.1%,3.30,5,<0.1%,6.2%
41125,铁血战士,<0.1%,3.28,4,<0.1%,4.0%
41126,奶奶的家,<0.1%,3.02,79,<0.1%,100%
41127,地层深处,<0.1%,2.95,45,<0.1%,51.6%
41128,最后一公里,<0.1%,2.93,3,0.1%,1.6%
41129,我的间谍前男友,<0.1%,2.91,21,<0.1%,25.2%
41130,初恋浅规则,<0.1%,2.85,120,<0.1%,78.9%
41131,诡梦凶铃,<0.1%,2.57,172,<0.1%,100%
41132,冰封侠:时空行者,<0.1%,2.51,4,<0.1%,5.9%
41133,消失的子弹,<0.1%,2.35,309,<0.1%,100.0%
41134,你美丽了我的人生,<0.1%,2.27,6,<0.1%,15.7%
41135,信仰者,<0.1%,2.25,11,<0.1%,13.3%
41136,锁,<0.1%,2.18,2,0.1%,1.8%
41137,阿凡提之奇缘历险,<0.1%,1.97,8,<0.1%,8.9%
41138,瞳灵公馆,<0.1%,1.87,7,<0.1%,8.5%
41139,破梦游戏,<0.1%,1.54,16,<0.1%,26.0%
41140,沿海出发,<0.1%,1.13,66,<0.1%,48.5%
41141,追宝狂想曲,<0.1%,1.08,19,<0.1%,16.8%
41142,记忆折叠,<0.1%,1.06,2,<0.1%,1.5%
41143,邹碧华,<0.1%,1.02,110,<0.1%,42.9%
41144,毒液：致命守护者,48.0%,10947.85,25,39.6%,17.5%
41145,神奇动物：格林德沃之罪,29.4%,6716.52,18,30.6%,12.9%
41146,无名之辈,14.1%,3234.05,22,13.0%,23.1%
41147,名侦探柯南：零的执行人,2.8%,650.76,13,5.1%,14.4%
41148,恐龙王,2.3%,539.89,16,3.5%,16.5%
41149,你好，之华,1.2%,286.68,9,2.7%,10.3%
41150,雪怪大冒险,0.4%,104.71,15,0.6%,16.8%
41151,胡桃夹子和四个王国,0.2%,47.51,10,0.4%,11.3%
41152,我和神马查干,<0.1%,22.18,94,<0.1%,100%
41153,无双,<0.1%,21.05,14,0.1%,18.6%
41154,超时空大冒险,<0.1%,18.48,5,0.4%,5.0%
41155,两个俏公主,<0.1%,17.06,7,0.2%,7.7%
41156,流浪猫鲍勃,<0.1%,14.93,10,0.1%,12.7%
41157,李保国,<0.1%,14.23,56,<0.1%,84.5%
41158,生活万岁,<0.1%,13.70,72,<0.1%,79.8%
41159,天慕,<0.1%,12.68,92,<0.1%,100%
41160,嗝嗝老师,<0.1%,9.27,11,<0.1%,12.8%
41161,飓风奇劫,<0.1%,9.15,4,0.3%,4.0%
41162,毕业那年,<0.1%,8.43,46,<0.1%,--
41163,有五个姐姐的我就注定要单身了啊,<0.1%,7.24,2,0.5%,1.6%
41164,浴血广昌,<0.1%,5.11,52,<0.1%,39.0%
41165,悲伤逆流成河,<0.1%,4.63,7,<0.1%,9.1%
41166,我的冤家是条狗,<0.1%,3.91,4,0.1%,3.2%
41167,昨日青空,<0.1%,3.78,3,0.1%,3.6%
41168,地层深处,<0.1%,3.26,47,<0.1%,56.6%
41169,最后一公里,<0.1%,3.24,3,0.1%,1.9%
41170,阿凡提之奇缘历险,<0.1%,2.97,10,<0.1%,11.5%
41171,大寒,<0.1%,2.96,123,<0.1%,68.2%
41172,梦境之源,<0.1%,2.69,1,0.4%,0.9%
41173,开学悸,<0.1%,2.56,4,<0.1%,4.5%
41174,三国杀·幻,<0.1%,2.46,5,<0.1%,5.7%
41175,消失的子弹,<0.1%,2.35,309,<0.1%,100.0%
41176,找到你,<0.1%,2.10,5,<0.1%,6.0%
41177,诡梦凶铃,<0.1%,1.60,129,<0.1%,90.0%
41178,信仰者,<0.1%,1.60,9,<0.1%,9.7%
41179,你美丽了我的人生,<0.1%,1.56,5,<0.1%,10.5%
41180,嘉年华,<0.1%,1.49,107,<0.1%,100%
41181,破梦游戏,<0.1%,1.47,17,<0.1%,25.7%
41182,锁,<0.1%,1.42,2,<0.1%,2.1%
41183,铁血战士,<0.1%,1.42,2,<0.1%,1.9%
41184,瞳灵公馆,<0.1%,1.28,4,<0.1%,4.5%
41185,冰封侠:时空行者,<0.1%,1.23,2,<0.1%,2.6%
41186,追宝狂想曲,<0.1%,1.15,20,<0.1%,18.5%
41187,出·路,<0.1%,1.14,94,<0.1%,72.2%
41188,影,<0.1%,1.07,9,<0.1%,11.5%
41189,灵魂契约,<0.1%,1.04,6,<0.1%,7.5%
41190,毒液：致命守护者,44.7%,3561.68,9,39.9%,6.1%
41191,无名之辈,26.5%,2115.58,12,18.0%,11.6%
41192,神奇动物：格林德沃之罪,23.6%,1883.16,6,28.7%,4.5%
41193,你好，之华,1.4%,113.95,4,3.4%,3.7%
41194,名侦探柯南：零的执行人,1.4%,113.81,3,4.5%,3.1%
41195,李保国,0.3%,27.66,53,<0.1%,52.9%
41196,恐龙王,0.2%,20.74,2,1.1%,2.2%
41197,天慕,<0.1%,7.63,58,<0.1%,100%
41198,飓风奇劫,<0.1%,7.50,2,0.4%,2.2%
41199,大寒,<0.1%,7.34,135,<0.1%,100%
41200,浴血广昌,<0.1%,6.62,62,<0.1%,56.5%
41201,我和神马查干,<0.1%,6.14,27,<0.1%,--
41202,胡桃夹子和四个王国,<0.1%,5.98,2,0.3%,1.7%
41203,邹碧华,<0.1%,5.84,66,<0.1%,77.4%
41204,嗝嗝老师,<0.1%,5.61,7,0.1%,8.7%
41205,流浪猫鲍勃,<0.1%,5.17,3,0.2%,3.0%
41206,无双,<0.1%,4.35,3,0.2%,3.2%
41207,最后一公里,<0.1%,3.68,8,<0.1%,8.7%
41208,毕业那年,<0.1%,3.50,22,<0.1%,--
41209,嘉年华,<0.1%,3.15,113,<0.1%,100%
41210,有五个姐姐的我就注定要单身了啊,<0.1%,2.99,1,0.5%,0.6%
41211,开学悸,<0.1%,2.93,4,0.1%,5.2%
41212,信仰者,<0.1%,2.93,14,<0.1%,14.0%
41213,李学生,<0.1%,2.71,72,<0.1%,100%
41214,悲伤逆流成河,<0.1%,2.66,5,<0.1%,5.6%
41215,地层深处,<0.1%,2.19,34,<0.1%,41.1%
41216,湄公河行动,<0.1%,2.17,98,<0.1%,--
41217,超时空大冒险,<0.1%,2.00,32,<0.1%,22.9%
41218,梦境之源,<0.1%,1.85,1,0.4%,0.7%
41219,勇敢往事,<0.1%,1.44,240,<0.1%,--
41220,找到你,<0.1%,1.25,3,<0.1%,2.7%
41221,冰封侠:时空行者,<0.1%,1.21,2,<0.1%,2.6%
41222,影,<0.1%,1.10,6,<0.1%,6.3%
41223,消失的子弹,<0.1%,1.01,338,<0.1%,100.0%
41224,毒液：致命守护者,40.9%,3056.70,8,38.7%,5.4%
41225,无名之辈,33.4%,2497.29,11,22.5%,10.3%
41226,神奇动物：格林德沃之罪,19.9%,1492.02,6,25.9%,4.0%
41227,你好，之华,1.4%,104.71,3,3.2%,3.5%
41228,名侦探柯南：零的执行人,1.2%,91.48,3,4.1%,2.7%
41229,李保国,0.4%,31.95,51,<0.1%,47.5%
41230,恐龙王,0.2%,18.92,3,1.0%,2.2%
41231,邹碧华,0.1%,13.14,72,<0.1%,70.4%
41232,信仰者,0.1%,11.52,32,<0.1%,34.5%
41233,浴血广昌,0.1%,8.55,65,<0.1%,71.5%
41234,天慕,<0.1%,7.28,60,<0.1%,100%
41235,飓风奇劫,<0.1%,7.12,2,0.4%,2.0%
41236,毕业那年,<0.1%,6.77,19,<0.1%,--
41237,我和神马查干,<0.1%,6.46,28,<0.1%,100%
41238,正正的世界,<0.1%,6.13,4,0.1%,4.1%
41239,流浪猫鲍勃,<0.1%,6.12,3,0.2%,2.9%
41240,大寒,<0.1%,6.12,140,<0.1%,100%
41241,胡桃夹子和四个王国,<0.1%,6.02,2,0.3%,2.0%
41242,无双,<0.1%,4.74,3,0.1%,3.3%
41243,生活万岁,<0.1%,4.36,78,<0.1%,53.2%
41244,嘉年华,<0.1%,3.97,111,<0.1%,100%
41245,嗝嗝老师,<0.1%,3.83,5,0.1%,6.0%
41246,李学生,<0.1%,3.56,67,<0.1%,100%
41247,最后一公里,<0.1%,3.35,7,<0.1%,8.3%
41248,开学悸,<0.1%,3.19,4,0.1%,5.4%
41249,湄公河行动,<0.1%,2.75,93,<0.1%,100%
41250,悲伤逆流成河,<0.1%,2.62,5,<0.1%,5.2%
41251,有五个姐姐的我就注定要单身了啊,<0.1%,2.52,1,0.4%,0.7%
41252,地层深处,<0.1%,2.29,35,<0.1%,47.3%
41253,中国蓝盔,<0.1%,1.66,63,<0.1%,100%
41254,梦境之源,<0.1%,1.34,1,0.3%,0.5%
41255,影,<0.1%,1.20,5,<0.1%,5.7%
41256,瞳灵公馆,<0.1%,1.08,3,<0.1%,3.4%
41257,消失的子弹,<0.1%,1.01,338,<0.1%,100.0%
41258,超时空大冒险,<0.1%,1.00,18,<0.1%,16.4%
41259,无名之辈,40.6%,2922.95,11,26.0%,10.0%
41260,毒液：致命守护者,37.0%,2661.35,7,37.7%,4.8%
41261,神奇动物：格林德沃之罪,16.9%,1216.78,5,23.9%,3.6%
41262,你好，之华,1.2%,90.15,3,3.2%,3.1%
41263,名侦探柯南：零的执行人,1.1%,80.63,3,3.9%,2.5%
41264,李保国,0.4%,30.80,51,<0.1%,47.4%
41265,恐龙王,0.2%,16.97,2,1.0%,2.0%
41266,浴血广昌,0.1%,10.11,70,<0.1%,79.5%
41267,天慕,0.1%,8.94,73,<0.1%,100%
41268,飓风奇劫,0.1%,7.32,2,0.4%,2.1%
41269,大寒,<0.1%,7.11,111,<0.1%,100%
41270,毕业那年,<0.1%,6.85,20,<0.1%,--
41271,信仰者,<0.1%,6.58,24,<0.1%,24.6%
41272,我和神马查干,<0.1%,5.88,26,<0.1%,100%
41273,胡桃夹子和四个王国,<0.1%,5.77,2,0.3%,2.0%
41274,邹碧华,<0.1%,5.22,47,<0.1%,67.7%
41275,无双,<0.1%,4.54,3,0.2%,3.2%
41276,最后一公里,<0.1%,4.54,9,<0.1%,11.6%
41277,嘉年华,<0.1%,4.47,125,<0.1%,100%
41278,流浪猫鲍勃,<0.1%,4.32,3,0.2%,2.5%
41279,嗝嗝老师,<0.1%,4.02,5,0.1%,5.8%
41280,我要去远方,<0.1%,3.75,625,<0.1%,60.5%
41281,烈日灼心,<0.1%,3.65,59,<0.1%,100%
41282,湄公河行动,<0.1%,3.16,74,<0.1%,100%
41283,地层深处,<0.1%,3.15,46,<0.1%,57.0%
41284,正正的世界,<0.1%,2.89,4,0.1%,3.9%
41285,李学生,<0.1%,2.68,56,<0.1%,100%
41286,中国蓝盔,<0.1%,2.55,213,<0.1%,100.0%
41287,冰封侠:时空行者,<0.1%,2.52,9,<0.1%,13.7%
41288,有五个姐姐的我就注定要单身了啊,<0.1%,2.14,1,0.4%,0.6%
41289,超时空大冒险,<0.1%,2.00,84,<0.1%,44.8%
41290,悲伤逆流成河,<0.1%,1.88,4,<0.1%,4.0%
41291,开学悸,<0.1%,1.69,2,0.1%,2.7%
41292,梦境之源,<0.1%,1.53,1,0.3%,0.7%
41293,影,<0.1%,1.22,5,<0.1%,5.3%
41294,找到你,<0.1%,1.10,2,<0.1%,2.5%
41295,瞳灵公馆,<0.1%,1.06,3,<0.1%,3.2%
41296,消失的子弹,<0.1%,1.01,338,<0.1%,100.0%
41297,无名之辈,43.6%,2997.79,11,28.3%,8.9%
41298,毒液：致命守护者,34.5%,2374.44,7,36.2%,4.4%
41299,神奇动物：格林德沃之罪,15.1%,1044.03,5,21.8%,3.4%
41300,你好，之华,1.2%,86.67,3,3.0%,3.1%
41301,名侦探柯南：零的执行人,1.0%,75.24,3,3.6%,2.5%
41302,无敌破坏王2：大闹互联网,0.6%,42.34,11,0.3%,5.2%
41303,李保国,0.4%,33.92,54,<0.1%,54.6%
41304,憨豆特工3,0.4%,33.57,14,0.2%,10.7%
41305,恐龙王,0.2%,18.83,3,0.9%,2.5%
41306,浴血广昌,0.1%,13.21,78,<0.1%,75.0%
41307,邹碧华,0.1%,7.72,47,<0.1%,52.5%
41308,爱在归来那一天,0.1%,7.66,1,1.4%,0.6%
41309,恐怖快递,<0.1%,6.84,6,0.1%,5.8%
41310,毕业那年,<0.1%,6.48,18,<0.1%,--
41311,飓风奇劫,<0.1%,6.25,2,0.4%,1.9%
41312,大寒,<0.1%,5.83,107,<0.1%,100%
41313,生活万岁,<0.1%,5.69,87,<0.1%,100%
41314,最后一公里,<0.1%,5.66,12,<0.1%,15.1%
41315,我和神马查干,<0.1%,5.56,26,<0.1%,100%
41316,胡桃夹子和四个王国,<0.1%,5.24,2,0.3%,1.7%
41317,嗝嗝老师,<0.1%,4.85,6,0.1%,6.7%
41318,流浪猫鲍勃,<0.1%,4.60,3,0.2%,2.9%
41319,信仰者,<0.1%,4.41,16,<0.1%,16.2%
41320,天慕,<0.1%,4.05,59,<0.1%,100%
41321,嘉年华,<0.1%,4.00,97,<0.1%,100%
41322,中国蓝盔,<0.1%,3.83,9,<0.1%,7.6%
41323,李学生,<0.1%,3.56,67,<0.1%,100%
41324,无双,<0.1%,3.45,2,0.2%,2.5%
41325,地层深处,<0.1%,2.81,46,<0.1%,54.0%
41326,超时空大冒险,<0.1%,2.50,69,<0.1%,57.1%
41327,烈日灼心,<0.1%,2.45,49,<0.1%,85.9%
41328,正正的世界,<0.1%,2.12,4,<0.1%,4.1%
41329,有五个姐姐的我就注定要单身了啊,<0.1%,1.54,1,0.3%,0.5%
41330,我要去远方,<0.1%,1.50,500,<0.1%,48.4%
41331,开学悸,<0.1%,1.48,2,0.1%,2.7%
41332,湄公河行动,<0.1%,1.47,34,<0.1%,100%
41333,影,<0.1%,1.09,5,<0.1%,5.1%
41334,消失的子弹,<0.1%,1.01,338,<0.1%,100.0%
41335,找到你,<0.1%,1.00,2,<0.1%,2.0%
41336,无名之辈,27.7%,3848.20,18,18.0%,15.0%
41337,毒液：致命守护者,22.5%,3116.70,14,19.4%,9.5%
41338,无敌破坏王2：大闹互联网,20.6%,2862.30,12,21.4%,7.7%
41339,憨豆特工3,15.4%,2134.49,12,17.4%,10.8%
41340,神奇动物：格林德沃之罪,7.3%,1014.65,11,7.1%,9.6%
41341,中国蓝盔,3.5%,488.73,6,9.0%,5.6%
41342,克隆人,0.7%,105.97,3,3.9%,2.9%
41343,恐怖快递,0.3%,42.41,5,0.9%,5.4%
41344,名侦探柯南：零的执行人,0.1%,24.29,7,0.3%,8.2%
41345,李保国,0.1%,21.13,57,<0.1%,61.3%
41346,你好，之华,0.1%,18.54,6,0.2%,7.5%
41347,浴血广昌,<0.1%,12.50,77,<0.1%,78.0%
41348,邹碧华,<0.1%,12.35,64,<0.1%,56.1%
41349,毕业那年,<0.1%,11.71,35,<0.1%,--
41350,我和神马查干,<0.1%,11.66,55,<0.1%,100%
41351,最后一公里,<0.1%,10.59,32,<0.1%,32.4%
41352,恐龙王,<0.1%,8.68,6,0.1%,6.5%
41353,大寒,<0.1%,6.33,162,<0.1%,100%
41354,嘉年华,<0.1%,6.14,147,<0.1%,100%
41355,忠犬大营救,<0.1%,5.15,1,0.5%,1.0%
41356,天慕,<0.1%,4.94,103,<0.1%,100%
41357,生活万岁,<0.1%,3.66,82,<0.1%,76.8%
41358,嗝嗝老师,<0.1%,3.39,15,<0.1%,20.2%
41359,李学生,<0.1%,3.28,67,<0.1%,99.5%
41360,超时空大冒险,<0.1%,3.20,67,<0.1%,57.9%
41361,奶奶的家,<0.1%,2.88,2,0.1%,1.9%
41362,正正的世界,<0.1%,2.74,19,<0.1%,41.8%
41363,信仰者,<0.1%,2.70,19,<0.1%,20.7%
41364,我要去远方,<0.1%,2.32,776,<0.1%,75.1%
41365,胡桃夹子和四个王国,<0.1%,2.10,5,<0.1%,6.0%
41366,消失的子弹,<0.1%,2.10,235,<0.1%,100.0%
41367,旗袍先生,<0.1%,1.98,2,0.1%,1.4%
41368,诡梦凶铃,<0.1%,1.87,165,<0.1%,66.8%
41369,地层深处,<0.1%,1.44,60,<0.1%,82.4%
41370,无双,<0.1%,1.29,3,<0.1%,5.8%
41371,狗十三,<0.1%,1.01,145,<0.1%,100.0%
41372,开学悸,<0.1%,1.01,5,<0.1%,10.6%
41373,无名之辈,28.1%,7202.69,28,21.5%,22.2%
41374,毒液：致命守护者,24.0%,6152.94,24,21.0%,17.0%
41375,无敌破坏王2：大闹互联网,23.4%,5984.65,22,22.1%,15.5%
41376,憨豆特工3,12.8%,3280.30,19,16.8%,16.9%
41377,神奇动物：格林德沃之罪,7.9%,2022.07,22,6.9%,19.4%
41378,中国蓝盔,1.2%,330.62,6,5.5%,6.3%
41379,恐龙王,0.4%,106.58,14,0.7%,15.0%
41380,克隆人,0.3%,96.80,6,1.8%,6.1%
41381,名侦探柯南：零的执行人,0.3%,92.18,15,0.6%,17.7%
41382,恐怖快递,0.1%,40.37,7,0.6%,7.0%
41383,你好，之华,0.1%,36.61,9,0.3%,12.6%
41384,我和神马查干,<0.1%,22.70,113,<0.1%,100%
41385,毕业那年,<0.1%,22.24,67,<0.1%,--
41386,李保国,<0.1%,13.19,59,<0.1%,90.2%
41387,浴血广昌,<0.1%,12.24,78,<0.1%,100%
41388,最后一公里,<0.1%,11.30,40,<0.1%,49.5%
41389,生活万岁,<0.1%,9.25,63,<0.1%,73.7%
41390,信仰者,<0.1%,7.40,38,<0.1%,36.1%
41391,胡桃夹子和四个王国,<0.1%,6.59,7,<0.1%,9.0%
41392,忠犬大营救,<0.1%,6.49,3,0.2%,2.9%
41393,天慕,<0.1%,5.22,102,<0.1%,100%
41394,大寒,<0.1%,4.67,83,<0.1%,73.6%
41395,超时空大冒险,<0.1%,4.37,10,<0.1%,27.2%
41396,嗝嗝老师,<0.1%,3.91,14,<0.1%,18.6%
41397,正正的世界,<0.1%,2.89,14,<0.1%,18.5%
41398,无双,<0.1%,2.60,7,<0.1%,10.9%
41399,流浪猫鲍勃,<0.1%,2.54,9,<0.1%,14.9%
41400,消失的子弹,<0.1%,2.35,309,<0.1%,100.0%
41401,超萌特攻,<0.1%,2.11,1,0.2%,0.9%
41402,进击的男孩,<0.1%,2.07,345,<0.1%,100.0%
41403,烈日灼心,<0.1%,1.77,101,<0.1%,100%
41404,嘉年华,<0.1%,1.76,147,<0.1%,--
41405,奶奶的家,<0.1%,1.69,3,<0.1%,2.5%
41406,诡梦凶铃,<0.1%,1.57,113,<0.1%,89.5%
41407,初恋浅规则,<0.1%,1.55,158,<0.1%,100%
41408,破梦游戏,<0.1%,1.54,43,<0.1%,51.7%
41409,狗十三,<0.1%,1.52,136,<0.1%,100%
41410,开学悸,<0.1%,1.52,6,<0.1%,12.3%
41411,找到你,<0.1%,1.36,8,<0.1%,14.3%
41412,一百年很长吗,<0.1%,1.33,191,<0.1%,100.0%
41413,影,<0.1%,1.29,10,<0.1%,13.8%
41414,旗袍先生,<0.1%,1.28,5,<0.1%,6.2%
41415,昨日青空,<0.1%,1.22,4,<0.1%,3.6%
41416,地层深处,<0.1%,1.21,55,<0.1%,60.2%
41417,铁血战士,<0.1%,1.08,3,<0.1%,3.5%
41418,飓风奇劫,<0.1%,1.05,3,<0.1%,3.9%
41419,沿海出发,<0.1%,1.04,53,<0.1%,47.0%
41420,二十岁,<0.1%,1.01,145,<0.1%,100.0%
41421,你美丽了我的人生,<0.1%,1.00,9,<0.1%,20.7%
41422,无名之辈,31.5%,6316.56,23,22.7%,18.4%
41423,无敌破坏王2：大闹互联网,23.3%,4677.60,18,21.5%,12.8%
41424,毒液：致命守护者,21.5%,4318.60,17,21.9%,11.4%
41425,憨豆特工3,12.5%,2505.12,15,16.5%,13.2%
41426,神奇动物：格林德沃之罪,7.1%,1438.66,16,6.9%,13.7%
41427,中国蓝盔,1.0%,215.89,5,4.6%,5.0%
41428,恐龙王,0.6%,134.77,14,0.9%,15.3%
41429,克隆人,0.4%,86.51,6,1.5%,6.4%
41430,名侦探柯南：零的执行人,0.4%,81.06,12,0.6%,14.7%
41431,老爸102岁,0.1%,35.76,31,0.1%,30.2%
41432,你好，之华,0.1%,28.68,8,0.3%,10.3%
41433,恐怖快递,0.1%,24.43,4,0.6%,4.5%
41434,我和神马查干,<0.1%,18.61,89,<0.1%,100%
41435,毕业那年,<0.1%,16.81,52,<0.1%,--
41436,李保国,<0.1%,13.54,59,<0.1%,81.5%
41437,浴血广昌,<0.1%,12.86,83,<0.1%,100%
41438,大寒,<0.1%,8.60,122,<0.1%,100%
41439,生活万岁,<0.1%,7.34,77,<0.1%,77.8%
41440,最后一公里,<0.1%,6.37,28,<0.1%,29.2%
41441,胡桃夹子和四个王国,<0.1%,5.17,6,<0.1%,6.8%
41442,天慕,<0.1%,4.94,94,<0.1%,100%
41443,狗十三,<0.1%,4.32,238,<0.1%,100.0%
41444,超时空大冒险,<0.1%,4.00,39,<0.1%,85.2%
41445,忠犬大营救,<0.1%,3.81,2,0.1%,2.3%
41446,冰封侠:时空行者,<0.1%,3.08,30,<0.1%,50.4%
41447,开学悸,<0.1%,2.97,11,<0.1%,25.8%
41448,嗝嗝老师,<0.1%,2.39,10,<0.1%,13.6%
41449,消失的子弹,<0.1%,2.35,309,<0.1%,100.0%
41450,流浪猫鲍勃,<0.1%,2.29,9,<0.1%,14.8%
41451,信仰者,<0.1%,2.28,20,<0.1%,15.8%
41452,烈日灼心,<0.1%,1.86,90,<0.1%,100%
41453,嘉年华,<0.1%,1.76,294,<0.1%,--
41454,无双,<0.1%,1.62,4,<0.1%,6.6%
41455,旗袍先生,<0.1%,1.60,7,<0.1%,9.5%
41456,超萌特攻,<0.1%,1.34,2,0.1%,1.5%
41457,正正的世界,<0.1%,1.25,8,<0.1%,13.1%
41458,破梦游戏,<0.1%,1.16,28,<0.1%,40.1%
41459,为你写诗,<0.1%,1.16,22,<0.1%,19.3%
41460,一百年很长吗,<0.1%,1.10,147,<0.1%,95.2%
41461,地层深处,<0.1%,1.06,41,<0.1%,48.4%
41462,无名之辈,41.8%,2897.44,11,25.0%,8.5%
41463,毒液：致命守护者,20.8%,1444.63,6,22.5%,4.2%
41464,无敌破坏王2：大闹互联网,13.7%,954.83,5,18.8%,3.3%
41465,憨豆特工3,13.2%,921.33,6,16.7%,5.4%
41466,神奇动物：格林德沃之罪,5.4%,376.77,5,7.2%,3.9%
41467,中国蓝盔,1.5%,104.13,3,4.6%,2.7%
41468,克隆人,0.7%,50.24,4,1.7%,3.7%
41469,李保国,0.4%,27.91,57,<0.1%,61.0%
41470,恐怖快递,0.2%,17.64,3,0.7%,3.5%
41471,你好，之华,0.1%,13.48,3,0.4%,3.8%
41472,浴血广昌,0.1%,13.45,83,<0.1%,88.2%
41473,名侦探柯南：零的执行人,0.1%,12.91,3,0.5%,3.0%
41474,最后一公里,0.1%,7.60,24,<0.1%,30.1%
41475,毕业那年,<0.1%,6.48,21,<0.1%,--
41476,老爸102岁,<0.1%,5.83,15,<0.1%,13.9%
41477,大寒,<0.1%,5.77,116,<0.1%,100%
41478,我和神马查干,<0.1%,5.65,27,<0.1%,100%
41479,嘉年华,<0.1%,4.80,267,<0.1%,--
41480,天慕,<0.1%,4.43,82,<0.1%,100%
41481,恐龙王,<0.1%,4.31,2,0.2%,1.9%
41482,生活万岁,<0.1%,2.98,137,<0.1%,100%
41483,湄公河行动,<0.1%,2.79,47,<0.1%,100%
41484,开学悸,<0.1%,2.53,10,<0.1%,22.9%
41485,信仰者,<0.1%,2.34,10,<0.1%,7.3%
41486,邹碧华,<0.1%,2.30,36,<0.1%,39.0%
41487,超时空大冒险,<0.1%,2.00,50,<0.1%,56.6%
41488,狗十三,<0.1%,1.95,325,<0.1%,100.0%
41489,嗝嗝老师,<0.1%,1.78,7,<0.1%,9.8%
41490,李学生,<0.1%,1.44,81,<0.1%,100%
41491,不期而遇,<0.1%,1.31,55,<0.1%,75.8%
41492,阿凡提之奇缘历险,<0.1%,1.27,76,<0.1%,38.9%
41493,勇敢往事,<0.1%,1.18,186,<0.1%,100%
41494,无双,<0.1%,1.02,2,<0.1%,2.9%
41495,消失的子弹,<0.1%,1.01,338,<0.1%,100.0%
41496,无名之辈,43.5%,2802.01,10,26.5%,7.8%
41497,毒液：致命守护者,20.1%,1296.75,6,22.5%,3.8%
41498,憨豆特工3,12.6%,816.36,6,16.5%,4.9%
41499,无敌破坏王2：大闹互联网,12.5%,805.47,5,17.1%,3.1%
41500,神奇动物：格林德沃之罪,5.2%,335.55,5,7.1%,3.6%
41501,中国蓝盔,1.5%,101.87,3,4.4%,2.8%
41502,克隆人,0.7%,47.80,3,1.7%,3.5%
41503,生活万岁,0.6%,44.66,7,0.6%,6.0%
41504,李保国,0.3%,23.85,56,<0.1%,62.5%
41505,恐怖快递,0.2%,15.58,3,0.7%,3.1%
41506,最后一公里,0.2%,15.25,37,<0.1%,41.7%
41507,浴血广昌,0.2%,13.83,85,<0.1%,83.5%
41508,你好，之华,0.2%,13.55,3,0.4%,3.4%
41509,名侦探柯南：零的执行人,0.2%,13.05,3,0.5%,2.9%
41510,老爸102岁,0.1%,7.87,23,<0.1%,20.1%
41511,大寒,<0.1%,6.32,101,<0.1%,100%
41512,嘉年华,<0.1%,6.07,253,<0.1%,--
41513,毕业那年,<0.1%,5.95,19,<0.1%,--
41514,邹碧华,<0.1%,5.64,49,<0.1%,37.8%
41515,我和神马查干,<0.1%,5.36,26,<0.1%,100%
41516,李学生,<0.1%,3.99,123,<0.1%,100%
41517,恐龙王,<0.1%,3.80,2,0.2%,2.1%
41518,天慕,<0.1%,3.39,72,<0.1%,100%
41519,阿凡提之奇缘历险,<0.1%,3.14,135,<0.1%,85.4%
41520,信仰者,<0.1%,2.91,9,<0.1%,7.7%
41521,地层深处,<0.1%,2.73,54,<0.1%,56.3%
41522,湄公河行动,<0.1%,2.73,66,<0.1%,100%
41523,嗝嗝老师,<0.1%,2.52,9,<0.1%,13.3%
41524,开学悸,<0.1%,2.28,9,<0.1%,21.7%
41525,超时空大冒险,<0.1%,2.00,125,<0.1%,--
41526,飓风奇劫,<0.1%,1.93,5,<0.1%,5.2%
41527,勇敢往事,<0.1%,1.58,122,<0.1%,97.1%
41528,无双,<0.1%,1.21,3,<0.1%,3.3%
41529,摘金奇缘,<0.1%,1.17,58,<0.1%,--
41530,消失的子弹,<0.1%,1.01,338,<0.1%,100.0%
41531,无名之辈,44.6%,2696.28,10,27.7%,7.1%
41532,毒液：致命守护者,19.8%,1196.06,5,22.5%,3.5%
41533,憨豆特工3,12.9%,782.71,6,16.4%,4.7%
41534,无敌破坏王2：大闹互联网,11.3%,686.08,4,16.1%,2.9%
41535,神奇动物：格林德沃之罪,5.0%,302.61,4,7.0%,3.3%
41536,中国蓝盔,1.5%,92.30,3,4.2%,2.7%
41537,克隆人,0.7%,47.47,3,1.8%,3.2%
41538,生活万岁,0.7%,44.98,7,0.6%,6.2%
41539,李保国,0.4%,26.01,63,<0.1%,74.7%
41540,最后一公里,0.2%,17.44,44,<0.1%,49.0%
41541,你好，之华,0.2%,12.64,3,0.4%,3.0%
41542,恐怖快递,0.1%,10.83,2,0.7%,2.1%
41543,名侦探柯南：零的执行人,0.1%,10.56,2,0.5%,2.3%
41544,老爸102岁,0.1%,9.60,26,<0.1%,23.6%
41545,浴血广昌,0.1%,9.47,72,<0.1%,74.2%
41546,远去的牧歌,0.1%,9.29,21,<0.1%,29.4%
41547,邹碧华,0.1%,7.87,55,<0.1%,44.9%
41548,恐龙王,0.1%,6.89,4,0.2%,3.9%
41549,大寒,0.1%,6.47,142,<0.1%,100%
41550,我和神马查干,<0.1%,5.66,25,<0.1%,100%
41551,湄公河行动,<0.1%,5.07,51,<0.1%,100%
41552,毕业那年,<0.1%,4.89,17,<0.1%,--
41553,信仰者,<0.1%,3.56,12,<0.1%,10.9%
41554,印度合伙人,<0.1%,3.23,162,<0.1%,100.0%
41555,天慕,<0.1%,3.05,63,<0.1%,100%
41556,嗝嗝老师,<0.1%,2.65,10,<0.1%,13.2%
41557,开学悸,<0.1%,2.63,9,<0.1%,21.7%
41558,超时空大冒险,<0.1%,2.00,250,<0.1%,62.5%
41559,地层深处,<0.1%,1.96,123,<0.1%,88.1%
41560,一百年很长吗,<0.1%,1.70,244,<0.1%,100.0%
41561,不期而遇,<0.1%,1.31,69,<0.1%,95.5%
41562,阿凡提之奇缘历险,<0.1%,1.21,90,<0.1%,87.0%
41563,忠犬大营救,<0.1%,1.20,1,0.1%,0.9%
41564,无双,<0.1%,1.11,2,<0.1%,2.8%
41565,无名之辈,45.2%,2564.30,9,28.3%,6.6%
41566,毒液：致命守护者,19.9%,1128.96,5,22.5%,3.3%
41567,憨豆特工3,12.7%,725.03,5,16.4%,4.4%
41568,无敌破坏王2：大闹互联网,10.6%,603.16,4,15.5%,2.7%
41569,神奇动物：格林德沃之罪,4.9%,279.87,4,6.9%,3.1%
41570,中国蓝盔,1.5%,88.34,3,4.1%,2.6%
41571,生活万岁,0.8%,48.90,8,0.6%,6.7%
41572,克隆人,0.7%,43.03,3,1.8%,2.9%
41573,李保国,0.3%,20.05,63,<0.1%,74.3%
41574,最后一公里,0.2%,16.09,40,<0.1%,43.9%
41575,你好，之华,0.2%,12.66,3,0.4%,2.9%
41576,老爸102岁,0.1%,10.71,14,<0.1%,11.6%
41577,远去的牧歌,0.1%,10.03,14,<0.1%,15.6%
41578,名侦探柯南：零的执行人,0.1%,10.01,2,0.5%,2.2%
41579,恐怖快递,0.1%,9.75,2,0.6%,2.0%
41580,浴血广昌,0.1%,8.49,78,<0.1%,77.3%
41581,大寒,0.1%,7.49,149,<0.1%,100%
41582,毕业那年,0.1%,5.96,19,<0.1%,--
41583,邹碧华,0.1%,5.68,36,<0.1%,61.2%
41584,我和神马查干,<0.1%,4.29,21,<0.1%,100%
41585,湄公河行动,<0.1%,4.06,52,<0.1%,100%
41586,亡命救赎,<0.1%,3.79,6,<0.1%,4.5%
41587,忠犬大营救,<0.1%,3.54,3,0.1%,3.2%
41588,天慕,<0.1%,3.39,64,<0.1%,100%
41589,恐龙王,<0.1%,3.08,2,0.2%,1.7%
41590,狗十三,<0.1%,2.97,124,<0.1%,100.0%
41591,信仰者,<0.1%,2.71,10,<0.1%,8.7%
41592,超时空大冒险,<0.1%,2.00,125,<0.1%,62.5%
41593,阿凡提之奇缘历险,<0.1%,1.98,133,<0.1%,100%
41594,地层深处,<0.1%,1.92,120,<0.1%,96.7%
41595,勇敢往事,<0.1%,1.61,82,<0.1%,100%
41596,胡桃夹子和四个王国,<0.1%,1.52,3,<0.1%,2.8%
41597,飓风奇劫,<0.1%,1.31,2,<0.1%,2.3%
41598,无双,<0.1%,1.22,3,<0.1%,3.0%
41599,建军大业,<0.1%,1.20,300,<0.1%,50.8%
41600,摘金奇缘,<0.1%,1.05,3,<0.1%,1.9%
41601,一百年很长吗,<0.1%,1.01,203,<0.1%,--
41602,无名之辈,39.6%,3964.06,16,21.9%,10.9%
41603,毒液：致命守护者,18.0%,1806.38,11,14.5%,7.2%
41604,无敌破坏王2：大闹互联网,11.0%,1104.95,12,7.9%,8.6%
41605,老爸102岁,7.8%,786.49,6,14.2%,5.2%
41606,憨豆特工3,6.3%,636.91,11,5.8%,9.8%
41607,亡命救赎,5.7%,575.90,5,13.0%,3.9%
41608,神奇动物：格林德沃之罪,3.1%,312.66,10,2.3%,8.1%
41609,摘金奇缘,2.8%,288.11,3,9.6%,2.3%
41610,二十岁,1.2%,125.62,4,4.0%,3.4%
41611,冒牌搭档,0.6%,66.51,3,2.3%,3.1%
41612,中国蓝盔,0.5%,50.55,9,0.5%,10.8%
41613,生活万岁,0.4%,41.87,11,0.3%,10.0%
41614,最后一公里,0.2%,23.50,58,<0.1%,59.4%
41615,远去的牧歌,0.1%,19.12,24,<0.1%,27.3%
41616,狗十三,0.1%,18.13,147,<0.1%,--
41617,李保国,0.1%,12.06,82,<0.1%,100%
41618,邹碧华,0.1%,10.43,57,<0.1%,61.1%
41619,恐龙王,<0.1%,9.18,6,0.1%,6.4%
41620,毕业那年,<0.1%,9.08,30,<0.1%,--
41621,名侦探柯南：零的执行人,<0.1%,8.10,5,0.1%,6.2%
41622,浴血广昌,<0.1%,7.89,71,<0.1%,65.9%
41623,我和神马查干,<0.1%,7.66,36,<0.1%,100%
41624,克隆人,<0.1%,6.87,4,0.1%,5.0%
41625,恐怖快递,<0.1%,6.74,4,0.2%,4.2%
41626,大寒,<0.1%,6.17,152,<0.1%,100%
41627,湄公河行动,<0.1%,5.89,50,<0.1%,100%
41628,你好，之华,<0.1%,5.44,4,0.1%,6.1%
41629,在天堂等我,<0.1%,5.23,3,0.2%,2.0%
41630,铁甲战神,<0.1%,4.38,1,0.4%,1.0%
41631,天慕,<0.1%,3.78,76,<0.1%,100%
41632,请你记住我,<0.1%,3.22,3,0.1%,3.1%
41633,地层深处,<0.1%,3.10,102,<0.1%,74.5%
41634,叶问外传：张天志,<0.1%,2.67,113,<0.1%,70.6%
41635,33号公路,<0.1%,2.43,1,0.5%,0.5%
41636,奇幻梦之旅,<0.1%,2.41,4,<0.1%,4.3%
41637,超时空大冒险,<0.1%,2.32,24,<0.1%,38.6%
41638,曹操与杨修,<0.1%,2.19,245,<0.1%,100%
41639,村戏,<0.1%,1.86,54,<0.1%,84.8%
41640,开学悸,<0.1%,1.69,7,<0.1%,15.9%
41641,忠犬大营救,<0.1%,1.55,12,<0.1%,21.7%
41642,嗝嗝老师,<0.1%,1.52,13,<0.1%,26.5%
41643,信仰者,<0.1%,1.50,11,<0.1%,13.1%
41644,旗袍先生,<0.1%,1.42,27,<0.1%,54.5%
41645,流浪猫鲍勃,<0.1%,1.35,22,<0.1%,32.0%
41646,正正的世界,<0.1%,1.28,25,<0.1%,100%
41647,胡桃夹子和四个王国,<0.1%,1.04,4,<0.1%,4.0%
41648,一百年很长吗,<0.1%,1.01,34,<0.1%,42.1%
41649,消失的子弹,<0.1%,1.01,338,<0.1%,50.0%
41650,无名之辈,38.1%,7311.03,24,25.0%,16.8%
41651,毒液：致命守护者,20.8%,4000.41,19,17.6%,12.9%
41652,无敌破坏王2：大闹互联网,17.6%,3378.56,22,12.5%,17.0%
41653,憨豆特工3,8.1%,1568.18,19,7.5%,17.7%
41654,老爸102岁,4.3%,836.65,8,10.9%,7.0%
41655,神奇动物：格林德沃之罪,3.9%,760.92,18,3.1%,15.1%
41656,亡命救赎,1.8%,353.14,5,7.9%,4.0%
41657,摘金奇缘,1.5%,303.76,5,5.4%,4.5%
41658,恐龙王,0.4%,90.68,13,0.7%,13.1%
41659,二十岁,0.4%,86.01,5,1.9%,4.9%
41660,生活万岁,0.2%,55.52,17,0.2%,15.8%
41661,一百年很长吗,0.2%,52.20,3,1.6%,3.1%
41662,超时空大冒险,0.2%,39.77,5,0.9%,4.4%
41663,名侦探柯南：零的执行人,0.1%,38.03,11,0.3%,13.7%
41664,中国蓝盔,0.1%,35.38,7,0.5%,8.0%
41665,冒牌搭档,0.1%,29.02,3,1.1%,2.7%
41666,远去的牧歌,0.1%,20.12,27,<0.1%,30.5%
41667,毕业那年,<0.1%,17.15,53,<0.1%,--
41668,在天堂等我,<0.1%,16.60,13,0.1%,17.8%
41669,三只小猪2,<0.1%,16.40,5,0.3%,4.4%
41670,我和神马查干,<0.1%,16.26,80,<0.1%,100%
41671,李保国,<0.1%,12.20,111,<0.1%,100%
41672,狗十三,<0.1%,11.24,111,<0.1%,100%
41673,最后一公里,<0.1%,10.66,48,<0.1%,46.0%
41674,恐怖快递,<0.1%,10.27,5,0.2%,5.5%
41675,克隆人,<0.1%,10.19,6,0.1%,7.7%
41676,你好，之华,<0.1%,9.89,7,0.1%,9.2%
41677,浴血广昌,<0.1%,4.82,68,<0.1%,79.7%
41678,铁甲战神,<0.1%,3.86,2,0.3%,1.5%
41679,大唐风云2,<0.1%,3.65,4,0.1%,3.4%
41680,湄公河行动,<0.1%,2.92,38,<0.1%,100%
41681,天慕,<0.1%,2.90,83,<0.1%,100%
41682,胡桃夹子和四个王国,<0.1%,2.87,6,<0.1%,7.0%
41683,叶问外传：张天志,<0.1%,2.47,53,<0.1%,41.9%
41684,地层深处,<0.1%,1.97,100,<0.1%,94.0%
41685,流浪猫鲍勃,<0.1%,1.80,12,<0.1%,11.6%
41686,曹操与杨修,<0.1%,1.68,176,<0.1%,100%
41687,开学悸,<0.1%,1.56,6,<0.1%,11.9%
41688,飓风奇劫,<0.1%,1.51,6,<0.1%,7.2%
41689,33号公路,<0.1%,1.33,3,<0.1%,3.5%
41690,嗝嗝老师,<0.1%,1.31,8,<0.1%,12.4%
41691,真假森林王,<0.1%,1.24,122,<0.1%,79.3%
41692,忠犬大营救,<0.1%,1.06,8,<0.1%,15.2%
41693,天渠,<0.1%,1.05,2,<0.1%,1.8%
41694,初恋浅规则,<0.1%,1.00,63,<0.1%,82.2%
41695,无名之辈,38.6%,5567.11,18,26.2%,12.4%
41696,毒液：致命守护者,19.1%,2760.97,13,18.9%,8.4%
41697,无敌破坏王2：大闹互联网,18.1%,2619.94,16,13.8%,12.2%
41698,憨豆特工3,9.3%,1350.53,14,9.3%,12.6%
41699,老爸102岁,4.0%,577.24,7,9.4%,5.8%
41700,神奇动物：格林德沃之罪,3.9%,566.96,12,3.6%,9.9%
41701,摘金奇缘,1.4%,205.21,5,4.0%,4.2%
41702,亡命救赎,1.4%,202.06,4,6.2%,3.1%
41703,恐龙王,0.7%,106.19,12,0.8%,13.2%
41704,二十岁,0.3%,50.39,4,1.6%,3.7%
41705,生活万岁,0.3%,50.31,18,0.2%,17.4%
41706,狗十三,0.2%,33.92,114,<0.1%,96.4%
41707,名侦探柯南：零的执行人,0.2%,32.85,9,0.3%,10.0%
41708,中国蓝盔,0.2%,31.02,6,0.6%,7.6%
41709,一百年很长吗,0.1%,25.83,4,0.6%,3.8%
41710,超时空大冒险,0.1%,25.35,4,0.7%,3.5%
41711,在天堂等我,0.1%,20.19,16,<0.1%,24.4%
41712,冒牌搭档,0.1%,19.89,3,0.9%,2.5%
41713,三只小猪2,0.1%,18.41,6,0.3%,5.3%
41714,远去的牧歌,0.1%,16.07,20,<0.1%,19.8%
41715,我和神马查干,<0.1%,13.95,65,<0.1%,100%
41716,最后一公里,<0.1%,12.96,51,<0.1%,52.2%
41717,李保国,<0.1%,12.67,107,<0.1%,100%
41718,克隆人,<0.1%,10.82,6,0.1%,7.7%
41719,毕业那年,<0.1%,9.96,36,<0.1%,--
41720,你好，之华,<0.1%,9.57,6,0.1%,7.4%
41721,恐怖快递,<0.1%,6.11,3,0.2%,3.1%
41722,浴血广昌,<0.1%,4.83,58,<0.1%,68.8%
41723,湄公河行动,<0.1%,4.81,46,<0.1%,100%
41724,铁甲战神,<0.1%,2.55,1,0.2%,1.2%
41725,天慕,<0.1%,2.32,77,<0.1%,100%
41726,开学悸,<0.1%,2.15,8,<0.1%,17.5%
41727,叶问外传：张天志,<0.1%,1.73,107,<0.1%,42.8%
41728,大唐风云2,<0.1%,1.71,6,<0.1%,6.4%
41729,忠犬大营救,<0.1%,1.64,18,<0.1%,38.0%
41730,嗝嗝老师,<0.1%,1.57,7,<0.1%,8.6%
41731,锁,<0.1%,1.41,26,<0.1%,36.1%
41732,奇幻梦之旅,<0.1%,1.37,6,<0.1%,7.6%
41733,诡梦凶铃,<0.1%,1.13,171,<0.1%,100%
41734,曹操与杨修,<0.1%,1.12,249,<0.1%,--
41735,消失的子弹,<0.1%,1.11,279,<0.1%,100.0%
41736,33号公路,<0.1%,1.10,4,<0.1%,5.6%
41737,真假森林王,<0.1%,1.08,165,<0.1%,86.1%
41738,无名之辈,45.9%,2188.30,8,28.0%,5.3%
41739,毒液：致命守护者,19.5%,929.94,5,20.0%,3.0%
41740,憨豆特工3,9.8%,469.76,5,10.6%,4.3%
41741,无敌破坏王2：大闹互联网,8.2%,392.60,4,11.0%,2.5%
41742,老爸102岁,4.4%,214.23,3,9.7%,2.3%
41743,神奇动物：格林德沃之罪,3.5%,168.48,4,4.0%,3.0%
41744,亡命救赎,1.8%,86.52,2,5.7%,1.6%
41745,摘金奇缘,1.7%,85.65,3,4.0%,2.0%
41746,生活万岁,0.8%,38.20,17,0.2%,16.2%
41747,李保国,0.5%,27.22,116,<0.1%,100%
41748,中国蓝盔,0.4%,21.04,3,0.7%,3.6%
41749,二十岁,0.3%,16.92,2,1.4%,1.4%
41750,最后一公里,0.2%,13.01,43,<0.1%,45.8%
41751,远去的牧歌,0.2%,12.07,13,<0.1%,12.9%
41752,忠犬大营救,0.2%,9.57,45,<0.1%,100%
41753,冒牌搭档,0.1%,7.58,1,0.8%,1.1%
41754,浴血广昌,0.1%,7.08,79,<0.1%,59.8%
41755,一百年很长吗,0.1%,6.10,1,0.5%,1.0%
41756,名侦探柯南：零的执行人,0.1%,5.75,2,0.3%,2.4%
41757,克隆人,0.1%,5.17,3,0.2%,2.8%
41758,恐怖快递,<0.1%,4.70,2,0.3%,2.3%
41759,你好，之华,<0.1%,4.03,2,0.1%,2.8%
41760,我和神马查干,<0.1%,3.98,19,<0.1%,100%
41761,毕业那年,<0.1%,3.64,15,<0.1%,--
41762,邹碧华,<0.1%,3.16,58,<0.1%,38.1%
41763,湄公河行动,<0.1%,3.09,31,<0.1%,100%
41764,恐龙王,<0.1%,2.76,2,0.2%,1.4%
41765,诡梦凶铃,<0.1%,2.72,177,<0.1%,100%
41766,天慕,<0.1%,2.61,60,<0.1%,100%
41767,有五个姐姐的我就注定要单身了啊,<0.1%,2.16,17,<0.1%,26.0%
41768,叶问外传：张天志,<0.1%,2.00,77,<0.1%,57.9%
41769,超时空大冒险,<0.1%,1.58,1,0.2%,0.7%
41770,天渠,<0.1%,1.28,3,<0.1%,3.3%
41771,铁甲战神,<0.1%,1.22,1,0.2%,0.6%
41772,阿凡提之奇缘历险,<0.1%,1.05,157,<0.1%,100%
41773,在天堂等我,<0.1%,1.01,2,<0.1%,1.7%
41774,无名之辈,45.2%,1985.55,7,28.2%,4.8%
41775,毒液：致命守护者,18.8%,825.52,4,20.0%,2.7%
41776,憨豆特工3,9.7%,426.35,5,10.9%,3.8%
41777,无敌破坏王2：大闹互联网,7.5%,329.08,3,10.2%,2.2%
41778,狗十三,3.9%,171.43,7,2.6%,5.8%
41779,老爸102岁,3.8%,168.39,3,8.8%,2.0%
41780,神奇动物：格林德沃之罪,3.2%,143.32,3,4.0%,2.6%
41781,摘金奇缘,1.6%,70.39,2,3.4%,1.9%
41782,亡命救赎,1.5%,69.77,2,5.1%,1.5%
41783,中国蓝盔,0.5%,23.41,4,0.7%,4.0%
41784,李保国,0.4%,18.43,91,<0.1%,100%
41785,最后一公里,0.4%,17.85,52,<0.1%,55.1%
41786,远去的牧歌,0.2%,11.34,12,0.1%,14.8%
41787,二十岁,0.2%,11.01,2,1.2%,1.1%
41788,生活万岁,0.2%,9.83,5,0.2%,3.9%
41789,忠犬大营救,0.2%,9.17,58,<0.1%,100%
41790,浴血广昌,0.1%,6.40,65,<0.1%,53.4%
41791,有五个姐姐的我就注定要单身了啊,0.1%,6.14,23,<0.1%,59.9%
41792,邹碧华,0.1%,5.57,69,<0.1%,52.5%
41793,克隆人,0.1%,5.52,3,0.2%,2.8%
41794,一百年很长吗,0.1%,5.03,2,0.4%,1.0%
41795,名侦探柯南：零的执行人,0.1%,4.84,2,0.2%,2.1%
41796,冒牌搭档,<0.1%,4.29,1,0.7%,0.7%
41797,天渠,<0.1%,4.10,9,<0.1%,10.1%
41798,恐怖快递,<0.1%,4.10,2,0.3%,2.0%
41799,我和神马查干,<0.1%,3.99,18,<0.1%,100%
41800,海王,<0.1%,3.91,60,<0.1%,87.5%
41801,你好，之华,<0.1%,3.53,2,0.1%,2.5%
41802,湄公河行动,<0.1%,3.47,37,<0.1%,100%
41803,毕业那年,<0.1%,3.15,14,<0.1%,100%
41804,天慕,<0.1%,2.68,72,<0.1%,100%
41805,同名男子,<0.1%,2.51,7,<0.1%,7.6%
41806,大烟炮！一千八！,<0.1%,2.40,2,0.2%,1.2%
41807,恐龙王,<0.1%,2.18,2,0.2%,1.3%
41808,锁,<0.1%,1.00,25,<0.1%,30.9%
41809,无名之辈,44.5%,1835.86,7,28.7%,4.4%
41810,毒液：致命守护者,18.9%,782.52,4,20.1%,2.5%
41811,憨豆特工3,9.9%,410.66,4,11.1%,3.6%
41812,无敌破坏王2：大闹互联网,7.3%,301.91,3,9.9%,2.1%
41813,狗十三,3.7%,156.30,6,3.0%,4.9%
41814,老爸102岁,3.6%,151.57,2,8.6%,1.9%
41815,神奇动物：格林德沃之罪,3.2%,135.42,3,4.0%,2.4%
41816,摘金奇缘,1.6%,69.90,2,3.3%,1.9%
41817,亡命救赎,1.4%,58.85,2,4.8%,1.3%
41818,中国蓝盔,0.6%,26.55,4,0.8%,4.3%
41819,远去的牧歌,0.5%,22.45,20,0.1%,28.1%
41820,最后一公里,0.5%,20.94,52,<0.1%,56.2%
41821,生活万岁,0.4%,17.84,8,0.2%,7.5%
41822,李保国,0.2%,11.36,79,<0.1%,100%
41823,二十岁,0.2%,9.78,1,1.2%,1.1%
41824,忠犬大营救,0.2%,8.33,48,<0.1%,100%
41825,天渠,0.1%,7.39,14,<0.1%,16.0%
41826,浴血广昌,0.1%,6.80,57,<0.1%,51.3%
41827,你好，之华,0.1%,5.94,6,0.1%,8.1%
41828,湄公河行动,0.1%,5.73,77,<0.1%,100%
41829,克隆人,0.1%,5.69,3,0.2%,2.6%
41830,毕业那年,0.1%,5.12,19,<0.1%,--
41831,天慕,0.1%,4.94,73,<0.1%,100%
41832,名侦探柯南：零的执行人,0.1%,4.89,2,0.2%,2.1%
41833,一百年很长吗,0.1%,4.87,2,0.4%,1.0%
41834,恐怖快递,0.1%,4.40,2,0.3%,2.0%
41835,有五个姐姐的我就注定要单身了啊,0.1%,4.19,12,<0.1%,38.7%
41836,我和神马查干,<0.1%,3.69,18,<0.1%,100%
41837,冒牌搭档,<0.1%,3.63,1,0.6%,0.7%
41838,邹碧华,<0.1%,3.24,43,<0.1%,32.2%
41839,恐龙王,<0.1%,2.55,2,0.2%,1.5%
41840,印度合伙人,<0.1%,1.71,111,<0.1%,100.0%
41841,同名男子,<0.1%,1.31,5,<0.1%,5.9%
41842,锁,<0.1%,1.14,25,<0.1%,28.9%
41843,嗝嗝老师,<0.1%,1.11,8,<0.1%,11.4%
41844,冥王星时刻,<0.1%,1.07,143,<0.1%,--
41845,进击的男孩,<0.1%,1.01,27,<0.1%,42.6%
41846,消失的子弹,<0.1%,1.01,338,<0.1%,100.0%
41847,无名之辈,35.1%,1635.07,6,28.4%,3.9%
41848,海王,19.2%,896.02,35,2.1%,17.9%
41849,毒液：致命守护者,15.7%,733.77,4,19.8%,2.4%
41850,憨豆特工3,7.9%,371.19,4,11.1%,3.2%
41851,无敌破坏王2：大闹互联网,5.6%,261.13,3,9.5%,1.9%
41852,老爸102岁,2.8%,134.08,2,8.2%,1.7%
41853,狗十三,2.8%,132.44,5,2.8%,4.3%
41854,神奇动物：格林德沃之罪,2.6%,123.28,3,3.9%,2.3%
41855,摘金奇缘,1.3%,64.76,2,3.1%,1.9%
41856,亡命救赎,1.1%,51.69,2,4.6%,1.2%
41857,最后一公里,0.6%,29.22,63,<0.1%,61.2%
41858,中国蓝盔,0.5%,26.33,4,0.8%,4.2%
41859,天慕,0.5%,25.27,87,<0.1%,100%
41860,远去的牧歌,0.5%,24.22,22,0.1%,30.3%
41861,李保国,0.2%,13.33,97,<0.1%,100%
41862,生活万岁,0.2%,10.46,4,0.2%,3.9%
41863,二十岁,0.2%,9.97,2,1.1%,1.2%
41864,忠犬大营救,0.1%,9.14,59,<0.1%,100%
41865,天渠,0.1%,7.73,14,<0.1%,15.7%
41866,有五个姐姐的我就注定要单身了啊,0.1%,6.14,19,<0.1%,45.3%
41867,浴血广昌,0.1%,5.16,66,<0.1%,77.7%
41868,一百年很长吗,0.1%,5.11,2,0.4%,1.1%
41869,惊涛飓浪,0.1%,4.92,7,<0.1%,5.9%
41870,湄公河行动,0.1%,4.80,78,<0.1%,100%
41871,名侦探柯南：零的执行人,0.1%,4.72,2,0.2%,2.1%
41872,克隆人,<0.1%,4.43,2,0.2%,2.1%
41873,恐怖快递,<0.1%,4.18,2,0.3%,2.0%
41874,我和神马查干,<0.1%,3.78,20,<0.1%,100%
41875,冒牌搭档,<0.1%,3.75,1,0.6%,0.7%
41876,邹碧华,<0.1%,3.62,30,<0.1%,29.8%
41877,你好，之华,<0.1%,3.50,2,0.1%,2.1%
41878,毕业那年,<0.1%,3.34,15,<0.1%,--
41879,恐龙王,<0.1%,2.19,2,0.1%,1.3%
41880,嗝嗝老师,<0.1%,1.82,9,<0.1%,13.0%
41881,阿凡提之奇缘历险,<0.1%,1.72,175,<0.1%,100%
41882,铁甲战神,<0.1%,1.32,1,0.2%,0.7%
41883,奶奶的家,<0.1%,1.27,11,<0.1%,60.0%
41884,开学悸,<0.1%,1.23,5,<0.1%,11.4%
41885,时空偷渡少女,<0.1%,1.20,85,<0.1%,74.7%
41886,锁,<0.1%,1.05,26,<0.1%,31.5%
41887,同名男子,<0.1%,1.03,4,<0.1%,5.3%
41888,信仰者,<0.1%,1.00,40,<0.1%,41.6%
41889,海王,85.9%,15681.68,27,53.1%,18.4%
41890,无名之辈,5.7%,1040.96,10,10.7%,9.3%
41891,狗十三,2.0%,382.07,5,8.7%,4.7%
41892,惊涛飓浪,2.0%,381.19,3,15.0%,2.8%
41893,毒液：致命守护者,1.1%,209.34,6,4.0%,5.5%
41894,无敌破坏王2：大闹互联网,0.7%,138.06,6,2.1%,6.4%
41895,憨豆特工3,0.4%,78.89,6,1.6%,5.6%
41896,远去的牧歌,0.3%,54.78,43,0.1%,56.4%
41897,最后一公里,0.1%,33.40,74,<0.1%,68.7%
41898,天慕,0.1%,29.02,97,<0.1%,100%
41899,中国蓝盔,0.1%,26.97,17,0.1%,26.2%
41900,神奇动物：格林德沃之罪,<0.1%,16.66,6,0.2%,6.6%
41901,进击的男孩,<0.1%,12.94,2,0.7%,2.0%
41902,老爸102岁,<0.1%,12.48,4,0.4%,3.7%
41903,李保国,<0.1%,11.98,130,<0.1%,100%
41904,我和神马查干,<0.1%,11.94,66,<0.1%,100%
41905,毕业那年,<0.1%,10.47,49,<0.1%,--
41906,爱不可及,<0.1%,10.01,4,0.3%,3.4%
41907,天渠,<0.1%,8.88,23,<0.1%,30.2%
41908,有五个姐姐的我就注定要单身了啊,<0.1%,7.26,29,<0.1%,60.7%
41909,摘金奇缘,<0.1%,6.65,5,0.1%,7.3%
41910,超时空大冒险,<0.1%,6.46,7,0.1%,9.7%
41911,邹碧华,<0.1%,6.16,38,<0.1%,42.9%
41912,敦煌不了情,<0.1%,5.71,1,0.7%,1.0%
41913,浴血广昌,<0.1%,5.37,73,<0.1%,83.4%
41914,冥王星时刻,<0.1%,5.36,376,<0.1%,100%
41915,湄公河行动,<0.1%,5.22,77,<0.1%,100%
41916,生活万岁,<0.1%,4.28,14,<0.1%,13.9%
41917,恐龙王,<0.1%,3.27,3,0.1%,3.5%
41918,奶奶的家,<0.1%,2.77,24,<0.1%,100%
41919,恐怖快递,<0.1%,2.39,3,0.1%,3.2%
41920,亡命救赎,<0.1%,2.27,2,0.1%,1.7%
41921,消失的子弹,<0.1%,2.02,338,<0.1%,100.0%
41922,诡梦凶铃,<0.1%,1.98,100,<0.1%,98.0%
41923,一百年很长吗,<0.1%,1.94,7,<0.1%,8.5%
41924,神秘家族,<0.1%,1.83,34,<0.1%,35.2%
41925,忠犬大营救,<0.1%,1.54,41,<0.1%,100%
41926,名侦探柯南：零的执行人,<0.1%,1.17,3,<0.1%,3.3%
41927,奇幻梦之旅,<0.1%,1.08,15,<0.1%,17.1%
41928,海王,84.7%,26569.82,42,56.3%,28.8%
41929,无名之辈,6.2%,1968.09,16,11.9%,15.8%
41930,无敌破坏王2：大闹互联网,2.4%,777.15,14,5.3%,14.0%
41931,狗十三,1.7%,562.10,9,6.3%,9.7%
41932,毒液：致命守护者,1.5%,472.03,11,4.3%,11.4%
41933,惊涛飓浪,0.8%,255.33,4,8.4%,3.4%
41934,憨豆特工3,0.6%,197.62,11,1.9%,11.7%
41935,三只小猪2,0.2%,76.76,6,1.6%,6.1%
41936,神奇动物：格林德沃之罪,0.1%,52.17,13,0.3%,15.3%
41937,恐龙王,0.1%,44.83,10,0.5%,10.3%
41938,天慕,0.1%,39.96,105,<0.1%,100%
41939,网络谜踪,0.1%,35.15,96,<0.1%,76.1%
41940,最后一公里,<0.1%,26.69,70,<0.1%,66.0%
41941,远去的牧歌,<0.1%,25.07,26,0.1%,41.5%
41942,冥王星时刻,<0.1%,23.18,69,<0.1%,86.2%
41943,我和神马查干,<0.1%,22.27,128,<0.1%,100%
41944,老爸102岁,<0.1%,19.24,5,0.4%,5.9%
41945,毕业那年,<0.1%,18.26,86,<0.1%,100%
41946,进击的男孩,<0.1%,12.16,8,0.1%,8.7%
41947,印度合伙人,<0.1%,10.78,110,<0.1%,90.4%
41948,李保国,<0.1%,9.59,129,<0.1%,100%
41949,超时空大冒险,<0.1%,9.47,6,0.2%,6.5%
41950,摘金奇缘,<0.1%,8.98,6,0.1%,10.3%
41951,一百年很长吗,<0.1%,7.64,28,<0.1%,35.0%
41952,有五个姐姐的我就注定要单身了啊,<0.1%,7.28,28,<0.1%,83.6%
41953,龙猫,<0.1%,7.12,101,<0.1%,100%
41954,生活万岁,<0.1%,6.61,22,<0.1%,25.6%
41955,中国蓝盔,<0.1%,6.54,6,0.1%,8.0%
41956,名侦探柯南：零的执行人,<0.1%,6.05,7,0.1%,8.9%
41957,浴血广昌,<0.1%,5.68,67,<0.1%,81.8%
41958,奶奶的家,<0.1%,4.68,47,<0.1%,100%
41959,天渠,<0.1%,4.67,16,<0.1%,18.8%
41960,恐怖快递,<0.1%,3.29,3,0.1%,3.6%
41961,爱不可及,<0.1%,3.22,3,0.1%,2.7%
41962,湄公河行动,<0.1%,3.17,60,<0.1%,100%
41963,亡命救赎,<0.1%,2.83,3,0.1%,3.5%
41964,消失的子弹,<0.1%,2.37,159,<0.1%,100.0%
41965,曹操与杨修,<0.1%,2.25,409,<0.1%,89.3%
41966,锁,<0.1%,1.92,29,<0.1%,35.1%
41967,勇敢往事,<0.1%,1.83,162,<0.1%,100.0%
41968,你好，之华,<0.1%,1.40,3,<0.1%,5.0%
41969,左手右手,<0.1%,1.38,9,<0.1%,10.8%
41970,云上日出,<0.1%,1.19,94,<0.1%,71.9%
41971,诡梦凶铃,<0.1%,1.12,90,<0.1%,100.0%
41972,二十岁,<0.1%,1.09,2,<0.1%,2.8%
41973,神秘家族,<0.1%,1.08,241,<0.1%,100.0%
41974,真假森林王,<0.1%,1.07,109,<0.1%,76.4%
41975,克隆人,<0.1%,1.02,4,<0.1%,5.5%
41976,冒牌搭档,<0.1%,1.00,3,<0.1%,4.2%
41977,海王,84.8%,22063.82,35,57.3%,23.8%
41978,无名之辈,5.9%,1543.59,12,12.3%,12.2%
41979,无敌破坏王2：大闹互联网,2.8%,743.14,13,5.6%,13.3%
41980,狗十三,2.0%,537.94,9,6.3%,9.4%
41981,毒液：致命守护者,1.3%,340.74,9,4.1%,8.9%
41982,憨豆特工3,0.6%,172.40,9,2.2%,9.1%
41983,惊涛飓浪,0.6%,161.58,3,6.7%,2.8%
41984,三只小猪2,0.3%,89.63,7,1.7%,7.1%
41985,恐龙王,0.1%,45.86,10,0.5%,10.8%
41986,神奇动物：格林德沃之罪,0.1%,42.16,10,0.3%,11.3%
41987,天慕,0.1%,39.16,103,<0.1%,100%
41988,敦煌不了情,0.1%,30.98,35,0.1%,83.3%
41989,远去的牧歌,<0.1%,20.92,22,0.1%,37.4%
41990,最后一公里,<0.1%,19.59,64,<0.1%,60.2%
41991,老爸102岁,<0.1%,14.11,4,0.4%,4.4%
41992,中国蓝盔,<0.1%,10.53,9,0.1%,12.0%
41993,摘金奇缘,<0.1%,10.48,7,0.1%,9.8%
41994,超时空大冒险,<0.1%,9.93,6,0.2%,7.5%
41995,李保国,<0.1%,9.62,147,<0.1%,100%
41996,进击的男孩,<0.1%,7.57,6,0.1%,7.1%
41997,有五个姐姐的我就注定要单身了啊,<0.1%,7.11,27,<0.1%,72.2%
41998,浴血广昌,<0.1%,7.09,68,<0.1%,76.8%
41999,冥王星时刻,<0.1%,6.63,56,<0.1%,75.3%
42000,生活万岁,<0.1%,6.05,22,<0.1%,26.2%
42001,你好，之华,<0.1%,4.08,36,<0.1%,75.7%
42002,湄公河行动,<0.1%,3.87,62,<0.1%,100%
42003,一百年很长吗,<0.1%,3.79,14,<0.1%,19.0%
42004,奶奶的家,<0.1%,3.65,34,<0.1%,100%
42005,天渠,<0.1%,3.52,15,<0.1%,16.8%
42006,恐怖快递,<0.1%,2.36,2,0.1%,2.4%
42007,爱不可及,<0.1%,2.15,2,0.1%,2.0%
42008,亡命救赎,<0.1%,2.03,2,0.1%,2.1%
42009,神秘家族,<0.1%,1.72,192,<0.1%,100.0%
42010,勇敢往事,<0.1%,1.40,200,<0.1%,100.0%
42011,二十岁,<0.1%,1.28,3,<0.1%,2.9%
42012,诡梦凶铃,<0.1%,1.27,73,<0.1%,86.1%
42013,大唐风云2,<0.1%,1.27,19,<0.1%,50.8%
42014,锁,<0.1%,1.02,27,<0.1%,32.0%
42015,海王,85.7%,8938.65,16,56.9%,10.8%
42016,无名之辈,6.3%,661.94,5,14.1%,5.0%
42017,狗十三,2.4%,257.10,4,7.3%,4.2%
42018,毒液：致命守护者,1.4%,147.72,4,4.9%,3.4%
42019,无敌破坏王2：大闹互联网,0.7%,78.22,3,3.1%,2.7%
42020,惊涛飓浪,0.7%,76.40,2,6.7%,1.5%
42021,憨豆特工3,0.6%,64.22,3,2.9%,2.8%
42022,天慕,0.2%,23.04,93,<0.1%,100%
42023,远去的牧歌,0.2%,21.64,21,0.1%,28.2%
42024,神奇动物：格林德沃之罪,0.1%,15.24,3,0.4%,3.3%
42025,最后一公里,0.1%,12.83,46,<0.1%,46.4%
42026,敦煌不了情,0.1%,12.46,16,0.1%,41.4%
42027,龙猫,<0.1%,9.83,379,<0.1%,100.0%
42028,李保国,<0.1%,7.59,84,<0.1%,100%
42029,浴血广昌,<0.1%,7.33,66,<0.1%,78.0%
42030,忠犬大营救,<0.1%,6.98,82,<0.1%,100%
42031,老爸102岁,<0.1%,6.00,2,0.6%,1.3%
42032,中国蓝盔,<0.1%,5.14,4,0.1%,4.2%
42033,有五个姐姐的我就注定要单身了啊,<0.1%,5.09,19,<0.1%,47.3%
42034,湄公河行动,<0.1%,5.05,88,<0.1%,100%
42035,印度合伙人,<0.1%,4.72,106,<0.1%,98.9%
42036,摘金奇缘,<0.1%,4.13,3,0.1%,3.3%
42037,三只小猪2,<0.1%,4.10,2,0.5%,1.1%
42038,天渠,<0.1%,3.44,10,<0.1%,11.2%
42039,春天的马拉松,<0.1%,2.84,313,<0.1%,--
42040,超时空大冒险,<0.1%,2.80,6,<0.1%,8.2%
42041,恐怖快递,<0.1%,2.39,2,0.2%,2.1%
42042,奶奶的家,<0.1%,2.08,17,<0.1%,100%
42043,生活万岁,<0.1%,1.78,6,<0.1%,7.4%
42044,勇敢往事,<0.1%,1.34,180,<0.1%,100%
42045,亡命救赎,<0.1%,1.11,1,0.2%,0.8%
42046,恐龙王,<0.1%,1.07,2,<0.1%,2.0%
42047,海王,83.5%,7376.90,13,56.9%,9.0%
42048,无名之辈,7.2%,638.55,5,14.2%,4.9%
42049,狗十三,3.2%,291.17,5,7.4%,4.8%
42050,毒液：致命守护者,1.5%,135.01,3,5.2%,2.9%
42051,惊涛飓浪,0.7%,68.90,2,6.1%,1.4%
42052,无敌破坏王2：大闹互联网,0.7%,65.10,3,2.9%,2.3%
42053,憨豆特工3,0.6%,60.42,3,2.9%,2.7%
42054,远去的牧歌,0.3%,29.52,29,0.1%,40.3%
42055,天慕,0.2%,21.14,88,<0.1%,100%
42056,最后一公里,0.2%,19.98,52,<0.1%,55.8%
42057,神奇动物：格林德沃之罪,0.1%,14.05,3,0.5%,2.9%
42058,敦煌不了情,0.1%,12.49,16,0.1%,48.7%
42059,忠犬大营救,<0.1%,7.85,87,<0.1%,100%
42060,中国蓝盔,<0.1%,7.35,5,0.2%,5.3%
42061,李保国,<0.1%,6.84,81,<0.1%,100%
42062,老爸102岁,<0.1%,6.50,2,0.6%,1.5%
42063,浴血广昌,<0.1%,6.23,59,<0.1%,67.8%
42064,湄公河行动,<0.1%,4.45,83,<0.1%,100%
42065,云上日出,<0.1%,4.29,3,0.2%,2.8%
42066,印度合伙人,<0.1%,4.26,85,<0.1%,85.8%
42067,摘金奇缘,<0.1%,3.98,3,0.1%,3.3%
42068,生活万岁,<0.1%,3.13,11,<0.1%,13.8%
42069,绿毛怪格林奇,<0.1%,2.84,53,<0.1%,68.1%
42070,三只小猪2,<0.1%,2.65,1,0.4%,0.8%
42071,天渠,<0.1%,2.30,8,<0.1%,7.7%
42072,超时空大冒险,<0.1%,2.14,4,<0.1%,5.6%
42073,恐怖快递,<0.1%,1.85,2,0.2%,1.6%
42074,勇敢往事,<0.1%,1.43,178,<0.1%,100%
42075,闽宁镇,<0.1%,1.33,2,0.1%,1.1%
42076,阿凡提之奇缘历险,<0.1%,1.12,119,<0.1%,100%
42077,诡梦凶铃,<0.1%,1.00,101,<0.1%,100.0%
42078,海王,81.5%,6210.72,12,56.3%,7.7%
42079,无名之辈,7.8%,596.02,5,14.1%,4.6%
42080,狗十三,4.2%,324.27,5,7.3%,5.4%
42081,毒液：致命守护者,1.5%,118.63,3,5.2%,2.6%
42082,惊涛飓浪,0.7%,59.82,2,5.6%,1.4%
42083,憨豆特工3,0.6%,52.68,3,2.8%,2.4%
42084,无敌破坏王2：大闹互联网,0.6%,51.10,2,2.6%,2.0%
42085,远去的牧歌,0.4%,34.28,31,0.1%,40.5%
42086,天慕,0.2%,20.46,89,<0.1%,100%
42087,最后一公里,0.2%,19.59,56,<0.1%,59.3%
42088,神奇动物：格林德沃之罪,0.1%,12.92,3,0.5%,2.6%
42089,照相师,0.1%,12.80,1,1.4%,0.9%
42090,敦煌不了情,0.1%,9.86,13,<0.1%,49.8%
42091,中国蓝盔,0.1%,8.70,5,0.2%,6.2%
42092,李保国,0.1%,8.59,104,<0.1%,100%
42093,浴血广昌,0.1%,7.85,64,<0.1%,72.6%
42094,老爸102岁,<0.1%,6.15,2,0.6%,1.5%
42095,忠犬大营救,<0.1%,6.03,56,<0.1%,100%
42096,印度合伙人,<0.1%,5.70,70,<0.1%,79.0%
42097,摘金奇缘,<0.1%,5.28,4,0.1%,4.4%
42098,湄公河行动,<0.1%,4.45,90,<0.1%,100%
42099,天渠,<0.1%,2.64,8,<0.1%,9.0%
42100,闽宁镇,<0.1%,2.47,1,0.3%,0.6%
42101,超时空大冒险,<0.1%,2.18,4,0.1%,6.3%
42102,恐怖快递,<0.1%,2.10,2,0.2%,1.8%
42103,三只小猪2,<0.1%,1.88,1,0.4%,0.6%
42104,旗袍先生,<0.1%,1.87,55,<0.1%,85.5%
42105,邹碧华,<0.1%,1.64,21,<0.1%,14.5%
42106,生活万岁,<0.1%,1.58,5,<0.1%,5.9%
42107,初恋浅规则,<0.1%,1.47,123,<0.1%,100%
42108,黄大年,<0.1%,1.34,3,<0.1%,2.0%
42109,二十岁,<0.1%,1.17,2,<0.1%,2.5%
42110,亡命救赎,<0.1%,1.00,1,0.2%,0.8%
42111,海王,78.6%,5493.64,10,55.8%,6.9%
42112,无名之辈,8.3%,581.51,5,14.1%,4.4%
42113,狗十三,5.2%,363.44,6,7.6%,5.8%
42114,毒液：致命守护者,1.6%,117.25,3,5.2%,2.5%
42115,惊涛飓浪,0.8%,56.60,2,5.4%,1.4%
42116,憨豆特工3,0.7%,52.63,3,2.8%,2.4%
42117,无敌破坏王2：大闹互联网,0.6%,43.30,2,2.5%,1.7%
42118,龙猫,0.5%,41.21,11,0.4%,8.3%
42119,远去的牧歌,0.4%,33.10,29,0.1%,39.4%
42120,天慕,0.3%,26.21,84,<0.1%,100%
42121,最后一公里,0.2%,20.54,53,<0.1%,54.9%
42122,神奇动物：格林德沃之罪,0.1%,13.35,3,0.5%,2.8%
42123,敦煌不了情,0.1%,12.04,16,0.1%,64.5%
42124,中国蓝盔,0.1%,9.93,6,0.2%,7.3%
42125,浴血广昌,0.1%,8.83,69,<0.1%,64.2%
42126,照相师,0.1%,8.64,1,1.1%,0.7%
42127,李保国,0.1%,8.10,95,<0.1%,100%
42128,印度合伙人,0.1%,7.28,13,<0.1%,12.3%
42129,午夜整容室,0.1%,6.99,6,0.1%,6.2%
42130,忠犬大营救,<0.1%,5.93,57,<0.1%,100%
42131,湄公河行动,<0.1%,5.86,95,<0.1%,100%
42132,超时空大冒险,<0.1%,5.74,13,0.1%,20.9%
42133,老爸102岁,<0.1%,5.53,2,0.5%,1.4%
42134,天渠,<0.1%,5.23,12,<0.1%,10.6%
42135,摘金奇缘,<0.1%,4.56,3,0.1%,3.6%
42136,闽宁镇,<0.1%,3.86,1,0.4%,0.8%
42137,邹碧华,<0.1%,3.74,29,<0.1%,33.6%
42138,云上日出,<0.1%,2.29,4,0.1%,3.5%
42139,诡梦凶铃,<0.1%,1.79,92,<0.1%,100.0%
42140,信仰者,<0.1%,1.69,46,<0.1%,54.7%
42141,三只小猪2,<0.1%,1.69,1,0.4%,0.6%
42142,初恋浅规则,<0.1%,1.67,170,<0.1%,77.1%
42143,神秘家族,<0.1%,1.64,183,<0.1%,79.9%
42144,恐怖快递,<0.1%,1.55,2,0.1%,1.7%
42145,网络谜踪,<0.1%,1.29,6,<0.1%,4.9%
42146,亡命救赎,<0.1%,1.05,1,0.2%,0.8%
42147,海王,65.7%,8654.38,20,39.6%,12.7%
42148,龙猫,14.2%,1878.47,11,19.1%,9.8%
42149,印度合伙人,7.7%,1019.74,8,14.7%,7.0%
42150,网络谜踪,3.9%,514.60,7,8.2%,6.3%
42151,无名之辈,2.1%,278.69,8,3.6%,7.9%
42152,绿毛怪格林奇,2.0%,274.23,4,6.3%,3.7%
42153,狗十三,1.0%,135.61,11,1.1%,12.8%
42154,午夜整容室,0.3%,49.31,6,1.0%,6.1%
42155,毒液：致命守护者,0.3%,48.63,5,1.1%,5.0%
42156,远去的牧歌,0.2%,37.12,34,0.1%,50.7%
42157,天慕,0.2%,28.39,98,<0.1%,100%
42158,春天的马拉松,0.2%,27.12,5,0.4%,4.5%
42159,最后一公里,0.1%,25.08,63,<0.1%,62.0%
42160,敦煌不了情,0.1%,22.52,43,<0.1%,100%
42161,中国蓝盔,<0.1%,12.92,18,<0.1%,28.5%
42162,憨豆特工3,<0.1%,12.13,5,0.3%,5.7%
42163,无敌破坏王2：大闹互联网,<0.1%,11.85,6,0.1%,7.0%
42164,照相师,<0.1%,9.44,2,0.7%,1.1%
42165,浴血广昌,<0.1%,7.94,78,<0.1%,62.6%
42166,超时空大冒险,<0.1%,7.92,32,<0.1%,62.2%
42167,闽宁镇,<0.1%,7.60,2,0.4%,1.7%
42168,惊涛飓浪,<0.1%,7.32,3,0.3%,3.1%
42169,李保国,<0.1%,7.08,126,<0.1%,100%
42170,邹碧华,<0.1%,6.56,41,<0.1%,45.7%
42171,神奇动物：格林德沃之罪,<0.1%,5.65,8,<0.1%,10.9%
42172,湄公河行动,<0.1%,4.48,73,<0.1%,100%
42173,破天荒,<0.1%,4.07,3,0.1%,3.3%
42174,天渠,<0.1%,3.68,9,<0.1%,8.8%
42175,来日方长,<0.1%,3.12,5,<0.1%,4.4%
42176,诡梦凶铃,<0.1%,2.54,119,<0.1%,92.5%
42177,神秘家族,<0.1%,2.27,254,<0.1%,100.0%
42178,忠犬大营救,<0.1%,2.13,94,<0.1%,100%
42179,阿凡提之奇缘历险,<0.1%,1.92,151,<0.1%,100%
42180,建军大业,<0.1%,1.87,315,<0.1%,--
42181,云上日出,<0.1%,1.78,13,<0.1%,18.6%
42182,摘金奇缘,<0.1%,1.78,7,<0.1%,14.8%
42183,老爸102岁,<0.1%,1.64,3,<0.1%,3.6%
42184,三只小猪2,<0.1%,1.57,5,<0.1%,5.8%
42185,初恋浅规则,<0.1%,1.57,134,<0.1%,91.9%
42186,生活万岁,<0.1%,1.42,19,<0.1%,23.8%
42187,黄大年,<0.1%,1.27,2,0.1%,2.1%
42188,海王,66.5%,16447.02,33,43.2%,21.7%
42189,龙猫,15.2%,3766.67,20,19.4%,18.6%
42190,印度合伙人,5.7%,1415.50,14,10.9%,13.2%
42191,绿毛怪格林奇,3.4%,856.35,11,7.2%,10.9%
42192,网络谜踪,2.8%,708.66,11,6.4%,10.8%
42193,无名之辈,2.1%,541.68,12,4.1%,13.0%
42194,狗十三,1.4%,351.12,19,1.8%,20.7%
42195,毒液：致命守护者,0.5%,138.43,10,1.4%,10.7%
42196,无敌破坏王2：大闹互联网,0.3%,80.46,13,0.5%,14.4%
42197,天渠,0.2%,53.97,52,<0.1%,59.7%
42198,午夜整容室,0.2%,51.04,8,0.7%,8.0%
42199,敦煌不了情,0.1%,41.05,75,<0.1%,100%
42200,天慕,0.1%,33.82,94,<0.1%,100%
42201,憨豆特工3,0.1%,33.78,10,0.3%,10.9%
42202,远去的牧歌,<0.1%,22.80,30,<0.1%,48.4%
42203,最后一公里,<0.1%,18.34,58,<0.1%,54.8%
42204,神奇动物：格林德沃之罪,<0.1%,13.01,13,<0.1%,15.8%
42205,春天的马拉松,<0.1%,12.41,3,0.3%,2.7%
42206,超时空大冒险,<0.1%,11.03,33,<0.1%,47.2%
42207,浴血广昌,<0.1%,9.80,69,<0.1%,67.4%
42208,惊涛飓浪,<0.1%,8.46,4,0.2%,4.6%
42209,照相师,<0.1%,7.17,2,0.6%,0.9%
42210,冥王星时刻,<0.1%,5.66,7,<0.1%,8.2%
42211,恐龙王,<0.1%,5.30,9,<0.1%,10.0%
42212,湄公河行动,<0.1%,4.82,74,<0.1%,100%
42213,中国蓝盔,<0.1%,4.73,10,<0.1%,18.1%
42214,李保国,<0.1%,4.72,114,<0.1%,100%
42215,闽宁镇,<0.1%,4.58,2,0.3%,1.0%
42216,三只小猪2,<0.1%,3.98,4,0.1%,3.4%
42217,堡藏,<0.1%,3.09,10,<0.1%,12.3%
42218,你好，之华,<0.1%,2.96,31,<0.1%,53.5%
42219,老爸102岁,<0.1%,2.80,6,<0.1%,6.9%
42220,摘金奇缘,<0.1%,2.68,10,<0.1%,19.5%
42221,初恋浅规则,<0.1%,2.67,154,<0.1%,100%
42222,破天荒,<0.1%,2.23,3,0.1%,2.7%
42223,忠犬大营救,<0.1%,2.10,32,<0.1%,100%
42224,诡梦凶铃,<0.1%,1.98,133,<0.1%,96.5%
42225,生活万岁,<0.1%,1.89,19,<0.1%,32.0%
42226,爱不可及,<0.1%,1.32,16,<0.1%,31.1%
42227,来日方长,<0.1%,1.24,5,<0.1%,5.5%
42228,神秘家族,<0.1%,1.19,266,<0.1%,100.0%
42229,海王,62.9%,12407.36,25,43.7%,16.3%
42230,龙猫,16.6%,3276.81,18,19.6%,16.1%
42231,印度合伙人,5.8%,1151.04,12,10.3%,11.8%
42232,绿毛怪格林奇,4.1%,817.02,11,7.0%,10.8%
42233,网络谜踪,3.0%,604.35,10,6.0%,10.1%
42234,无名之辈,2.2%,440.39,10,4.1%,10.8%
42235,狗十三,1.7%,350.67,15,2.2%,16.4%
42236,毒液：致命守护者,0.6%,121.03,8,1.6%,8.3%
42237,蜘蛛侠：平行宇宙,0.5%,112.09,195,<0.1%,86.4%
42238,无敌破坏王2：大闹互联网,0.3%,75.66,12,0.5%,12.9%
42239,天渠,0.2%,50.76,49,<0.1%,54.7%
42240,敦煌不了情,0.1%,35.04,67,<0.1%,100%
42241,午夜整容室,0.1%,34.07,5,0.7%,5.5%
42242,天慕,0.1%,31.29,98,<0.1%,100%
42243,憨豆特工3,0.1%,31.07,8,0.4%,8.8%
42244,远去的牧歌,0.1%,20.32,27,<0.1%,49.0%
42245,最后一公里,0.1%,19.82,64,<0.1%,59.5%
42246,超时空大冒险,<0.1%,17.38,33,<0.1%,54.5%
42247,春天的马拉松,<0.1%,10.66,3,0.3%,2.4%
42248,浴血广昌,<0.1%,9.53,70,<0.1%,67.5%
42249,惊涛飓浪,<0.1%,6.61,3,0.2%,3.7%
42250,湄公河行动,<0.1%,6.37,90,<0.1%,100%
42251,照相师,<0.1%,5.76,1,0.6%,0.8%
42252,恐龙王,<0.1%,5.66,9,<0.1%,9.0%
42253,三只小猪2,<0.1%,5.24,5,0.1%,4.6%
42254,冥王星时刻,<0.1%,4.90,6,<0.1%,6.9%
42255,闽宁镇,<0.1%,3.76,1,0.3%,0.8%
42256,中国蓝盔,<0.1%,3.60,7,<0.1%,11.7%
42257,老爸102岁,<0.1%,3.17,6,<0.1%,7.2%
42258,你好，之华,<0.1%,3.02,27,<0.1%,51.0%
42259,轻轻握住你的手,<0.1%,2.83,18,<0.1%,17.5%
42260,破天荒,<0.1%,2.40,13,<0.1%,20.2%
42261,诡梦凶铃,<0.1%,2.26,110,<0.1%,100%
42262,生活万岁,<0.1%,2.24,23,<0.1%,34.9%
42263,忠犬大营救,<0.1%,1.95,45,<0.1%,72.4%
42264,摘金奇缘,<0.1%,1.65,6,<0.1%,10.2%
42265,李保国,<0.1%,1.34,42,<0.1%,70.8%
42266,神秘家族,<0.1%,1.19,266,<0.1%,100.0%
42267,黄大年,<0.1%,1.18,2,0.1%,2.2%
42268,来日方长,<0.1%,1.17,5,<0.1%,5.5%
42269,进击的男孩,<0.1%,1.16,17,<0.1%,19.4%
42270,海王,64.4%,4138.72,10,44.0%,6.1%
42271,龙猫,12.3%,791.66,5,18.2%,4.6%
42272,印度合伙人,8.4%,539.99,6,11.2%,5.5%
42273,网络谜踪,3.7%,238.64,4,6.5%,4.1%
42274,无名之辈,2.8%,180.43,5,4.6%,4.7%
42275,狗十三,2.3%,150.93,6,3.0%,5.7%
42276,绿毛怪格林奇,1.0%,65.82,2,4.2%,1.5%
42277,天渠,0.8%,51.74,41,0.1%,43.8%
42278,毒液：致命守护者,0.7%,48.23,3,1.9%,3.0%
42279,午夜整容室,0.4%,26.16,4,0.8%,4.2%
42280,最后一公里,0.3%,24.44,63,<0.1%,67.4%
42281,天慕,0.3%,19.84,81,<0.1%,100%
42282,远去的牧歌,0.2%,12.96,16,<0.1%,31.5%
42283,敦煌不了情,0.1%,12.26,23,<0.1%,100%
42284,憨豆特工3,0.1%,10.07,3,0.5%,2.5%
42285,无敌破坏王2：大闹互联网,0.1%,9.80,4,0.2%,3.7%
42286,浴血广昌,0.1%,9.73,67,<0.1%,66.9%
42287,湄公河行动,0.1%,9.13,88,<0.1%,100%
42288,照相师,0.1%,7.01,1,0.8%,0.7%
42289,超时空大冒险,0.1%,6.85,42,<0.1%,100%
42290,忠犬大营救,<0.1%,5.79,77,<0.1%,100%
42291,中国蓝盔,<0.1%,5.74,8,<0.1%,13.6%
42292,春天的马拉松,<0.1%,5.71,2,0.3%,1.3%
42293,闽宁镇,<0.1%,5.64,2,0.4%,1.1%
42294,惊涛飓浪,<0.1%,4.39,2,0.3%,1.6%
42295,淡蓝琥珀,<0.1%,3.41,1,0.4%,0.7%
42296,叶问外传：张天志,<0.1%,2.78,64,<0.1%,47.0%
42297,勇敢往事,<0.1%,2.16,212,<0.1%,100%
42298,冥王星时刻,<0.1%,2.16,3,<0.1%,3.1%
42299,黄大年,<0.1%,1.68,2,0.1%,1.5%
42300,生活万岁,<0.1%,1.42,13,<0.1%,18.6%
42301,神秘家族,<0.1%,1.20,134,<0.1%,52.8%
42302,海王,61.3%,3659.16,9,41.9%,5.6%
42303,龙猫,11.3%,674.11,5,15.8%,4.5%
42304,印度合伙人,7.3%,435.77,6,9.1%,5.4%
42305,中国合伙人2,6.7%,405.18,4,11.5%,3.7%
42306,网络谜踪,3.0%,182.27,4,5.0%,4.0%
42307,无名之辈,2.4%,147.90,5,4.0%,4.6%
42308,狗十三,2.0%,122.81,5,2.6%,5.4%
42309,天渠,0.8%,51.76,39,0.1%,42.5%
42310,绿毛怪格林奇,0.7%,45.67,2,2.9%,1.5%
42311,毒液：致命守护者,0.6%,39.70,3,1.6%,2.9%
42312,最后一公里,0.4%,24.55,56,<0.1%,77.5%
42313,午夜整容室,0.3%,22.81,4,0.7%,4.1%
42314,天慕,0.3%,21.00,71,<0.1%,100%
42315,远去的牧歌,0.2%,13.43,21,<0.1%,46.4%
42316,春天的马拉松,0.1%,11.91,4,0.3%,3.4%
42317,敦煌不了情,0.1%,10.50,19,<0.1%,100%
42318,憨豆特工3,0.1%,7.51,3,0.4%,2.6%
42319,无敌破坏王2：大闹互联网,0.1%,7.40,4,0.2%,3.8%
42320,中国蓝盔,0.1%,6.97,10,<0.1%,15.1%
42321,照相师,0.1%,6.35,1,0.6%,0.9%
42322,湄公河行动,0.1%,6.14,87,<0.1%,100%
42323,浴血广昌,<0.1%,5.88,59,<0.1%,53.0%
42324,闽宁镇,<0.1%,5.69,2,0.3%,1.4%
42325,忠犬大营救,<0.1%,5.62,113,<0.1%,100%
42326,超时空大冒险,<0.1%,4.41,25,<0.1%,42.9%
42327,惊涛飓浪,<0.1%,3.44,2,0.2%,2.1%
42328,淡蓝琥珀,<0.1%,2.55,1,0.4%,0.5%
42329,黄大年,<0.1%,2.41,2,0.1%,1.5%
42330,阿凡提之奇缘历险,<0.1%,1.92,130,<0.1%,100%
42331,冥王星时刻,<0.1%,1.71,3,<0.1%,2.8%
42332,又是一年三月三,<0.1%,1.24,5,<0.1%,60.2%
42333,摘金奇缘,<0.1%,1.00,3,<0.1%,3.9%
42334,海王,61.2%,3308.31,8,42.2%,5.1%
42335,龙猫,11.3%,611.87,5,15.8%,4.1%
42336,印度合伙人,8.6%,469.38,6,9.4%,5.7%
42337,中国合伙人2,3.7%,202.98,3,10.5%,2.1%
42338,网络谜踪,3.3%,181.18,4,4.9%,4.0%
42339,无名之辈,2.9%,160.21,5,4.3%,4.6%
42340,狗十三,2.1%,118.37,5,2.8%,4.9%
42341,天渠,0.9%,52.73,40,0.1%,45.3%
42342,绿毛怪格林奇,0.8%,43.52,2,2.7%,1.5%
42343,毒液：致命守护者,0.7%,41.16,3,1.7%,2.9%
42344,最后一公里,0.4%,25.69,62,<0.1%,88.8%
42345,春天的马拉松,0.4%,23.56,8,0.3%,6.9%
42346,天慕,0.3%,20.15,82,<0.1%,100%
42347,午夜整容室,0.3%,19.06,4,0.7%,3.4%
42348,远去的牧歌,0.2%,12.19,19,<0.1%,37.0%
42349,闽宁镇,0.1%,10.47,3,0.3%,2.7%
42350,照相师,0.1%,10.33,2,0.6%,1.5%
42351,敦煌不了情,0.1%,9.73,19,<0.1%,100%
42352,中国蓝盔,0.1%,8.53,11,<0.1%,18.7%
42353,憨豆特工3,0.1%,8.04,3,0.4%,2.5%
42354,湄公河行动,0.1%,6.03,79,<0.1%,100%
42355,无敌破坏王2：大闹互联网,0.1%,5.74,3,0.2%,2.8%
42356,忠犬大营救,<0.1%,5.03,98,<0.1%,100%
42357,浴血广昌,<0.1%,3.58,49,<0.1%,49.6%
42358,黄大年,<0.1%,3.38,2,0.2%,2.0%
42359,淡蓝琥珀,<0.1%,3.16,1,0.4%,0.7%
42360,超时空大冒险,<0.1%,2.76,24,<0.1%,39.3%
42361,奇幻梦之旅,<0.1%,2.31,72,<0.1%,100%
42362,惊涛飓浪,<0.1%,2.14,2,0.2%,1.3%
42363,阿凡提之奇缘历险,<0.1%,1.51,153,<0.1%,100%
42364,生活万岁,<0.1%,1.42,13,<0.1%,21.7%
42365,片警宝音,<0.1%,1.36,1,0.1%,0.7%
42366,邹碧华,<0.1%,1.29,22,<0.1%,19.7%
42367,叶问外传：张天志,<0.1%,1.27,31,<0.1%,21.4%
42368,冥王星时刻,<0.1%,1.06,2,<0.1%,1.9%
42369,海王,57.9%,3032.34,8,42.1%,4.7%
42370,龙猫,10.5%,554.14,5,15.6%,3.7%
42371,印度合伙人,9.2%,484.10,6,9.7%,5.7%
42372,网络谜踪,3.2%,171.89,4,4.9%,3.7%
42373,又是一年三月三,3.2%,169.89,40,0.3%,72.6%
42374,无名之辈,3.0%,159.80,5,4.5%,4.4%
42375,中国合伙人2,2.7%,145.09,2,9.7%,1.6%
42376,狗十三,2.2%,119.46,5,2.8%,4.8%
42377,天渠,0.9%,52.24,39,0.1%,45.7%
42378,毒液：致命守护者,0.8%,44.49,3,1.8%,2.9%
42379,春天的马拉松,0.8%,42.72,14,0.3%,11.9%
42380,绿毛怪格林奇,0.7%,40.13,2,2.6%,1.5%
42381,最后一公里,0.5%,30.68,64,<0.1%,85.7%
42382,天慕,0.3%,19.88,76,<0.1%,100%
42383,午夜整容室,0.3%,18.25,4,0.7%,3.3%
42384,照相师,0.3%,16.04,3,0.6%,2.3%
42385,闽宁镇,0.2%,12.95,5,0.3%,3.5%
42386,远去的牧歌,0.1%,9.67,14,<0.1%,33.5%
42387,敦煌不了情,0.1%,9.48,18,<0.1%,100%
42388,憨豆特工3,0.1%,8.75,3,0.4%,2.6%
42389,中国蓝盔,0.1%,7.76,11,<0.1%,15.2%
42390,湄公河行动,0.1%,7.23,78,<0.1%,100%
42391,浴血广昌,0.1%,6.40,63,<0.1%,65.8%
42392,无敌破坏王2：大闹互联网,0.1%,6.02,3,0.2%,2.8%
42393,忠犬大营救,<0.1%,5.08,86,<0.1%,100%
42394,邹碧华,<0.1%,4.65,51,<0.1%,60.8%
42395,淡蓝琥珀,<0.1%,3.66,1,0.4%,0.7%
42396,生活万岁,<0.1%,3.12,6,<0.1%,6.9%
42397,黄大年,<0.1%,2.93,2,0.2%,1.5%
42398,超时空大冒险,<0.1%,2.82,24,<0.1%,46.0%
42399,惊涛飓浪,<0.1%,2.40,2,0.2%,1.5%
42400,叶问外传：张天志,<0.1%,2.31,31,<0.1%,31.5%
42401,阿凡提之奇缘历险,<0.1%,1.56,123,<0.1%,100%
42402,武林怪兽,<0.1%,1.40,17,<0.1%,36.5%
42403,超级快递,<0.1%,1.20,75,<0.1%,--
42404,辛巴达与美人鱼公主,<0.1%,1.06,109,<0.1%,56.7%
42405,勇敢往事,<0.1%,1.03,173,<0.1%,87.3%
42406,蜘蛛侠：平行宇宙,29.0%,4402.65,20,19.1%,15.2%
42407,天气预爆,25.3%,3837.77,11,29.6%,8.5%
42408,海王,22.1%,3358.46,20,13.7%,13.1%
42409,武林怪兽,10.9%,1661.64,9,18.6%,7.3%
42410,叶问外传：张天志,6.5%,1000.27,8,12.1%,7.1%
42411,龙猫,1.3%,208.31,11,1.8%,11.5%
42412,又是一年三月三,0.8%,124.34,49,0.1%,100%
42413,印度合伙人,0.5%,78.31,13,0.5%,14.3%
42414,春天的马拉松,0.3%,58.54,51,0.1%,41.4%
42415,天渠,0.2%,41.31,44,<0.1%,54.0%
42416,记忆折叠,0.2%,36.39,68,<0.1%,--
42417,中国合伙人2,0.2%,33.67,4,0.8%,4.4%
42418,最后一公里,0.1%,29.98,83,<0.1%,93.2%
42419,网络谜踪,0.1%,26.36,13,0.1%,17.1%
42420,敦煌不了情,0.1%,26.22,45,<0.1%,100%
42421,狗十三,0.1%,25.16,12,0.1%,16.5%
42422,天慕,0.1%,23.22,89,<0.1%,100%
42423,无名之辈,0.1%,23.03,8,0.3%,10.4%
42424,闽宁镇,0.1%,21.42,11,0.2%,9.0%
42425,照相师,0.1%,17.18,7,0.2%,6.4%
42426,远去的牧歌,0.1%,15.19,26,<0.1%,60.3%
42427,中国蓝盔,<0.1%,11.06,35,<0.1%,52.6%
42428,绿毛怪格林奇,<0.1%,10.76,5,0.2%,5.6%
42429,夜魔奇案,<0.1%,8.34,4,0.2%,4.3%
42430,超时空大冒险,<0.1%,8.08,51,<0.1%,100%
42431,浴血广昌,<0.1%,7.63,88,<0.1%,100%
42432,毒液：致命守护者,<0.1%,6.46,5,0.1%,6.1%
42433,黄大年,<0.1%,5.75,7,0.1%,9.6%
42434,午夜整容室,<0.1%,5.13,5,0.1%,5.4%
42435,生活万岁,<0.1%,4.01,9,<0.1%,11.0%
42436,邹碧华,<0.1%,3.49,38,<0.1%,30.1%
42437,无敌破坏王2：大闹互联网,<0.1%,3.24,13,<0.1%,17.9%
42438,憨豆特工3,<0.1%,2.73,8,<0.1%,10.7%
42439,湄公河行动,<0.1%,2.48,74,<0.1%,100%
42440,诡梦凶铃,<0.1%,2.47,80,<0.1%,100%
42441,侠路相逢,<0.1%,1.77,10,<0.1%,23.7%
42442,超级快递,<0.1%,1.40,59,<0.1%,--
42443,大师兄,<0.1%,1.12,375,<0.1%,--
42444,潜艇总动员之时光宝盒,<0.1%,1.08,61,<0.1%,100.0%
42445,淡蓝琥珀,<0.1%,1.04,1,0.1%,0.7%
42446,初恋浅规则,<0.1%,1.01,56,<0.1%,52.4%
42447,蜘蛛侠：平行宇宙,32.5%,7499.05,26,25.1%,18.6%
42448,海王,30.5%,7035.77,31,18.8%,20.8%
42449,天气预爆,11.8%,2743.83,12,20.2%,9.1%
42450,武林怪兽,9.1%,2100.04,13,15.0%,12.0%
42451,叶问外传：张天志,6.6%,1539.95,15,9.4%,14.5%
42452,龙猫,4.1%,956.76,20,4.5%,20.2%
42453,印度合伙人,0.9%,213.49,18,1.1%,19.0%
42454,又是一年三月三,0.5%,138.05,49,0.1%,96.7%
42455,绿毛怪格林奇,0.5%,126.10,12,0.9%,11.7%
42456,狗十三,0.3%,81.89,18,0.4%,22.5%
42457,网络谜踪,0.3%,80.36,21,0.2%,23.6%
42458,春天的马拉松,0.2%,62.39,61,<0.1%,50.4%
42459,无名之辈,0.2%,60.82,12,0.5%,13.5%
42460,天渠,0.2%,58.19,59,<0.1%,86.5%
42461,中国合伙人2,0.1%,44.68,6,0.7%,7.2%
42462,记忆折叠,0.1%,36.77,72,<0.1%,--
42463,天慕,0.1%,34.89,102,<0.1%,100%
42464,毒液：致命守护者,0.1%,30.06,10,0.2%,12.5%
42465,敦煌不了情,0.1%,26.78,47,<0.1%,100%
42466,最后一公里,<0.1%,20.42,74,<0.1%,87.8%
42467,无敌破坏王2：大闹互联网,<0.1%,14.29,11,0.1%,13.5%
42468,四个春天,<0.1%,12.60,105,<0.1%,97.6%
42469,李保国,<0.1%,10.00,95,<0.1%,100%
42470,午夜整容室,<0.1%,9.85,7,0.1%,7.2%
42471,超时空大冒险,<0.1%,8.93,37,<0.1%,71.3%
42472,浴血广昌,<0.1%,7.74,78,<0.1%,78.3%
42473,闽宁镇,<0.1%,7.62,5,0.1%,3.9%
42474,中国蓝盔,<0.1%,7.04,31,<0.1%,52.2%
42475,生活万岁,<0.1%,6.99,12,<0.1%,14.2%
42476,远去的牧歌,<0.1%,6.53,18,<0.1%,52.8%
42477,憨豆特工3,<0.1%,5.12,10,<0.1%,13.0%
42478,夜魔奇案,<0.1%,4.11,4,0.1%,4.1%
42479,照相师,<0.1%,3.98,2,0.1%,1.8%
42480,大路朝天,<0.1%,3.95,4,0.1%,3.7%
42481,信仰者,<0.1%,3.06,64,<0.1%,100%
42482,黄大年,<0.1%,3.05,3,0.1%,4.5%
42483,恐龙王,<0.1%,2.24,7,<0.1%,8.5%
42484,超级快递,<0.1%,2.00,72,<0.1%,--
42485,新大头儿子和小头爸爸2一日成才,<0.1%,1.94,217,<0.1%,100.0%
42486,侠路相逢,<0.1%,1.90,21,<0.1%,29.9%
42487,湄公河行动,<0.1%,1.86,99,<0.1%,--
42488,冥王星时刻,<0.1%,1.73,7,<0.1%,8.0%
42489,三只小猪2,<0.1%,1.58,4,<0.1%,3.6%
42490,新木偶奇遇记,<0.1%,1.27,107,<0.1%,95.5%
42491,初恋浅规则,<0.1%,1.27,101,<0.1%,60.2%
42492,神探狗笨吉,<0.1%,1.24,20,<0.1%,17.9%
42493,老爸102岁,<0.1%,1.17,7,<0.1%,9.2%
42494,嘉年华,<0.1%,1.15,154,<0.1%,100.0%
42495,你在哪,<0.1%,1.15,154,<0.1%,100.0%
42496,片警宝音,<0.1%,1.09,2,<0.1%,1.1%
42497,神秘家族,<0.1%,1.08,41,<0.1%,60.7%
42498,蜘蛛侠：平行宇宙,31.5%,6046.34,20,26.4%,14.1%
42499,海王,30.2%,5804.94,23,21.3%,15.3%
42500,天气预爆,10.2%,1962.50,10,16.3%,8.6%
42501,叶问外传：张天志,8.6%,1661.60,16,9.5%,15.4%
42502,武林怪兽,7.7%,1488.96,10,13.7%,9.5%
42503,龙猫,5.4%,1047.45,19,5.5%,18.1%
42504,印度合伙人,1.1%,222.06,16,1.3%,17.2%
42505,绿毛怪格林奇,0.7%,150.68,13,1.0%,13.0%
42506,又是一年三月三,0.6%,125.29,48,0.1%,92.7%
42507,狗十三,0.4%,77.52,15,0.5%,17.5%
42508,网络谜踪,0.3%,74.07,17,0.3%,17.9%
42509,无名之辈,0.3%,64.84,11,0.6%,12.1%
42510,春天的马拉松,0.3%,64.80,67,<0.1%,55.6%
42511,天渠,0.3%,62.54,62,<0.1%,87.6%
42512,记忆折叠,0.1%,36.51,71,<0.1%,--
42513,天慕,0.1%,34.22,103,<0.1%,100%
42514,毒液：致命守护者,0.1%,28.82,8,0.3%,9.8%
42515,中国合伙人2,0.1%,28.49,5,0.6%,4.9%
42516,敦煌不了情,0.1%,21.90,51,<0.1%,100%
42517,最后一公里,0.1%,21.63,76,<0.1%,93.4%
42518,浴血广昌,<0.1%,9.31,81,<0.1%,100%
42519,超时空大冒险,<0.1%,8.76,33,<0.1%,64.7%
42520,四个春天,<0.1%,7.95,97,<0.1%,100%
42521,午夜整容室,<0.1%,7.05,5,0.1%,4.6%
42522,信仰者,<0.1%,6.71,55,<0.1%,100%
42523,闽宁镇,<0.1%,6.32,4,0.1%,3.4%
42524,生活万岁,<0.1%,5.67,11,<0.1%,13.1%
42525,远去的牧歌,<0.1%,5.59,18,<0.1%,58.6%
42526,黄大年,<0.1%,4.70,4,0.1%,5.7%
42527,亡命救赎,<0.1%,4.25,32,<0.1%,34.5%
42528,你好，之华,<0.1%,3.92,71,<0.1%,100%
42529,奇幻梦之旅,<0.1%,3.13,72,<0.1%,100%
42530,恐龙王,<0.1%,3.07,7,<0.1%,9.6%
42531,照相师,<0.1%,2.59,2,0.1%,1.2%
42532,夜魔奇案,<0.1%,2.42,3,0.1%,2.7%
42533,三只小猪2,<0.1%,2.22,5,<0.1%,4.6%
42534,湄公河行动,<0.1%,2.21,93,<0.1%,--
42535,冒牌搭档,<0.1%,2.01,30,<0.1%,33.8%
42536,超级快递,<0.1%,2.00,72,<0.1%,--
42537,大路朝天,<0.1%,1.84,2,<0.1%,1.9%
42538,冥王星时刻,<0.1%,1.61,6,<0.1%,6.3%
42539,进击的男孩,<0.1%,1.36,22,<0.1%,29.5%
42540,新木偶奇遇记,<0.1%,1.24,104,<0.1%,93.1%
42541,嘉年华,<0.1%,1.15,154,<0.1%,100.0%
42542,你在哪,<0.1%,1.15,154,<0.1%,100.0%
42543,初恋浅规则,<0.1%,1.11,71,<0.1%,48.6%
42544,神秘家族,<0.1%,1.08,81,<0.1%,100.0%
42545,片警宝音,<0.1%,1.07,2,<0.1%,1.1%
42546,惊涛飓浪,<0.1%,1.03,5,<0.1%,8.1%
42547,大唐风云2,<0.1%,1.01,133,<0.1%,48.8%
42548,海王,32.6%,3620.32,14,23.2%,9.5%
42549,蜘蛛侠：平行宇宙,23.9%,2654.78,10,25.5%,6.7%
42550,叶问外传：张天志,14.1%,1572.90,14,11.2%,13.0%
42551,天气预爆,11.0%,1230.26,8,14.9%,6.7%
42552,武林怪兽,7.0%,781.67,6,12.8%,5.9%
42553,龙猫,2.9%,328.09,8,4.5%,7.3%
42554,印度合伙人,1.4%,165.59,10,1.6%,10.8%
42555,又是一年三月三,1.2%,135.39,43,0.2%,76.5%
42556,天渠,0.6%,70.29,59,0.1%,84.4%
42557,春天的马拉松,0.5%,59.29,39,0.1%,32.9%
42558,狗十三,0.4%,51.92,9,0.5%,10.4%
42559,无名之辈,0.4%,49.63,8,0.7%,8.4%
42560,“大”人物,0.3%,41.18,18,0.2%,14.0%
42561,网络谜踪,0.3%,40.90,9,0.4%,9.3%
42562,记忆折叠,0.3%,36.69,65,<0.1%,100%
42563,最后一公里,0.2%,25.11,69,<0.1%,99.6%
42564,绿毛怪格林奇,0.2%,24.67,5,0.5%,4.4%
42565,台仙魔咒,0.1%,19.52,81,<0.1%,100%
42566,毒液：致命守护者,0.1%,18.96,5,0.3%,5.7%
42567,印度暴徒,0.1%,18.20,29,<0.1%,8.8%
42568,闽宁镇,0.1%,13.69,7,0.2%,6.0%
42569,敦煌不了情,0.1%,12.50,30,<0.1%,100%
42570,午夜整容室,0.1%,11.65,6,0.2%,6.2%
42571,地球最后的夜晚,0.1%,11.25,162,<0.1%,--
42572,中国合伙人2,<0.1%,10.27,3,0.5%,2.4%
42573,天慕,<0.1%,8.88,114,<0.1%,100%
42574,浴血广昌,<0.1%,8.59,78,<0.1%,100%
42575,照相师,<0.1%,8.30,3,0.2%,2.8%
42576,湄公河行动,<0.1%,5.54,128,<0.1%,100%
42577,黄大年,<0.1%,4.27,3,0.1%,2.4%
42578,大路朝天,<0.1%,4.27,5,0.1%,4.2%
42579,你在哪,<0.1%,4.19,112,<0.1%,72.7%
42580,远去的牧歌,<0.1%,4.17,11,<0.1%,25.8%
42581,信仰者,<0.1%,3.58,59,<0.1%,59.3%
42582,生活万岁,<0.1%,3.09,6,<0.1%,7.6%
42583,超时空大冒险,<0.1%,2.99,28,<0.1%,52.3%
42584,新木偶奇遇记,<0.1%,2.20,131,<0.1%,77.5%
42585,中国蓝盔,<0.1%,1.95,150,<0.1%,95.1%
42586,夜魔奇案,<0.1%,1.52,2,0.1%,1.8%
42587,片警宝音,<0.1%,1.25,2,0.1%,1.2%
42588,阿凡提之奇缘历险,<0.1%,1.21,146,<0.1%,100%
42589,摘金奇缘,<0.1%,1.04,7,<0.1%,10.9%
42590,淡蓝琥珀,<0.1%,1.00,1,0.1%,0.6%
42591,海王,32.6%,3577.58,14,24.0%,9.1%
42592,蜘蛛侠：平行宇宙,22.6%,2476.31,10,24.3%,6.6%
42593,叶问外传：张天志,15.9%,1750.32,13,13.0%,12.0%
42594,天气预爆,10.4%,1145.03,8,14.0%,6.8%
42595,武林怪兽,7.1%,788.24,7,12.2%,6.3%
42596,龙猫,3.1%,346.16,8,4.6%,7.6%
42597,印度合伙人,1.5%,166.46,10,1.7%,10.2%
42598,又是一年三月三,0.9%,107.37,39,0.2%,72.8%
42599,天渠,0.6%,73.16,63,0.1%,94.5%
42600,狗十三,0.5%,59.08,10,0.6%,10.9%
42601,无名之辈,0.5%,56.83,8,0.8%,8.9%
42602,春天的马拉松,0.4%,46.49,32,0.1%,26.2%
42603,网络谜踪,0.4%,45.77,10,0.4%,10.3%
42604,记忆折叠,0.2%,31.76,72,<0.1%,--
42605,绿毛怪格林奇,0.2%,29.98,5,0.5%,5.2%
42606,中国合伙人2,0.2%,28.81,6,0.4%,5.7%
42607,最后一公里,0.2%,25.38,65,<0.1%,92.9%
42608,毒液：致命守护者,0.1%,20.93,5,0.4%,5.8%
42609,大路朝天,0.1%,20.46,23,<0.1%,24.9%
42610,台仙魔咒,0.1%,15.99,67,<0.1%,100%
42611,闽宁镇,0.1%,13.61,8,0.2%,6.5%
42612,敦煌不了情,0.1%,12.94,29,<0.1%,100%
42613,天慕,0.1%,12.02,103,<0.1%,100%
42614,照相师,0.1%,11.90,4,0.3%,3.9%
42615,午夜整容室,<0.1%,9.91,5,0.2%,5.2%
42616,黄大年,<0.1%,7.65,4,0.2%,3.8%
42617,浴血广昌,<0.1%,7.57,59,<0.1%,72.3%
42618,湄公河行动,<0.1%,5.87,89,<0.1%,--
42619,远去的牧歌,<0.1%,4.75,12,<0.1%,25.6%
42620,你在哪,<0.1%,4.12,110,<0.1%,71.5%
42621,超时空大冒险,<0.1%,3.27,27,<0.1%,60.4%
42622,勇敢往事,<0.1%,2.27,181,<0.1%,100%
42623,生活万岁,<0.1%,2.26,5,<0.1%,5.6%
42624,神探狗笨吉,<0.1%,2.07,173,<0.1%,100.0%
42625,新木偶奇遇记,<0.1%,1.93,147,<0.1%,79.9%
42626,夜魔奇案,<0.1%,1.78,2,0.1%,2.2%
42627,信仰者,<0.1%,1.41,39,<0.1%,46.0%
42628,初恋浅规则,<0.1%,1.39,96,<0.1%,67.3%
42629,旗袍先生,<0.1%,1.31,73,<0.1%,100.0%
42630,潜艇总动员之时光宝盒,<0.1%,1.20,16,<0.1%,--
42631,海王,30.5%,1954.58,8,24.4%,5.0%
42632,蜘蛛侠：平行宇宙,20.4%,1307.80,6,23.0%,3.8%
42633,叶问外传：张天志,19.1%,1224.22,9,14.7%,7.3%
42634,天气预爆,8.8%,567.73,5,13.3%,3.7%
42635,武林怪兽,6.7%,434.31,4,11.8%,3.7%
42636,龙猫,2.8%,181.28,5,4.5%,4.3%
42637,印度合伙人,1.5%,99.79,6,1.8%,6.0%
42638,天渠,1.1%,70.42,58,0.1%,77.4%
42639,春天的马拉松,1.0%,64.88,38,0.1%,30.5%
42640,中国合伙人2,0.9%,61.44,10,0.5%,10.9%
42641,狗十三,0.6%,41.82,7,0.6%,7.1%
42642,记忆折叠,0.6%,40.39,80,<0.1%,--
42643,来电狂响,0.5%,36.40,161,<0.1%,100.0%
42644,无名之辈,0.5%,36.16,5,0.9%,5.4%
42645,网络谜踪,0.4%,27.54,6,0.4%,6.1%
42646,最后一公里,0.4%,27.20,68,<0.1%,82.9%
42647,照相师,0.3%,20.74,6,0.3%,5.9%
42648,台仙魔咒,0.2%,17.16,72,<0.1%,100%
42649,大路朝天,0.2%,16.37,17,0.1%,18.3%
42650,湄公河行动,0.2%,14.48,111,<0.1%,100%
42651,毒液：致命守护者,0.2%,14.29,4,0.4%,3.7%
42652,天慕,0.2%,13.21,130,<0.1%,100%
42653,黄大年,0.2%,13.03,7,0.2%,6.4%
42654,闽宁镇,0.1%,10.62,6,0.2%,5.4%
42655,绿毛怪格林奇,0.1%,9.48,3,0.4%,2.3%
42656,敦煌不了情,0.1%,8.52,19,<0.1%,100%
42657,浴血广昌,0.1%,8.37,62,<0.1%,78.1%
42658,午夜整容室,<0.1%,6.33,3,0.2%,3.4%
42659,远去的牧歌,<0.1%,5.61,14,<0.1%,21.9%
42660,你在哪,<0.1%,4.12,110,<0.1%,71.5%
42661,又是一年三月三,<0.1%,3.77,6,<0.1%,6.4%
42662,神秘家族,<0.1%,3.36,52,<0.1%,95.8%
42663,生活万岁,<0.1%,2.91,6,<0.1%,6.5%
42664,奎迪：英雄再起,<0.1%,2.18,125,<0.1%,100%
42665,冒牌搭档,<0.1%,2.09,49,<0.1%,100%
42666,超时空大冒险,<0.1%,1.77,16,<0.1%,28.2%
42667,新木偶奇遇记,<0.1%,1.68,126,<0.1%,64.1%
42668,李保国,<0.1%,1.63,23,<0.1%,26.1%
42669,片警宝音,<0.1%,1.60,2,0.1%,1.6%
42670,麦兜当当伴我心,<0.1%,1.53,102,<0.1%,100.0%
42671,夜魔奇案,<0.1%,1.49,2,<0.1%,2.3%
42672,旗袍先生,<0.1%,1.31,73,<0.1%,100.0%
42673,潜艇总动员之时光宝盒,<0.1%,1.27,107,<0.1%,--
42674,消失爱人,<0.1%,1.15,116,<0.1%,100.0%
42675,阿凡提之奇缘历险,<0.1%,1.13,189,<0.1%,100%
42676,海王,30.9%,1753.17,7,24.6%,4.5%
42677,蜘蛛侠：平行宇宙,19.8%,1125.99,5,22.4%,3.4%
42678,叶问外传：张天志,18.7%,1062.06,7,15.8%,5.9%
42679,天气预爆,8.3%,473.27,4,13.0%,3.2%
42680,武林怪兽,6.4%,364.48,4,11.7%,3.2%
42681,龙猫,2.6%,150.86,4,4.4%,3.6%
42682,印度合伙人,1.6%,94.13,6,1.9%,5.5%
42683,中国合伙人2,1.5%,87.48,13,0.5%,14.9%
42684,春天的马拉松,1.2%,68.94,40,0.1%,31.9%
42685,天渠,1.1%,64.87,52,0.1%,68.0%
42686,狗十三,0.8%,46.56,7,0.6%,7.7%
42687,记忆折叠,0.7%,42.64,73,<0.1%,--
42688,最后一公里,0.6%,37.38,73,<0.1%,89.1%
42689,无名之辈,0.6%,35.91,5,0.9%,5.0%
42690,网络谜踪,0.4%,27.55,6,0.4%,5.9%
42691,照相师,0.4%,27.38,8,0.3%,7.4%
42692,湄公河行动,0.3%,20.44,110,<0.1%,100%
42693,台仙魔咒,0.2%,16.15,67,<0.1%,100%
42694,破天荒,0.2%,14.71,89,<0.1%,100%
42695,毒液：致命守护者,0.2%,14.17,4,0.4%,3.6%
42696,黄大年,0.2%,13.47,7,0.2%,6.5%
42697,大路朝天,0.2%,11.78,13,<0.1%,13.3%
42698,天慕,0.1%,11.06,99,<0.1%,100%
42699,闽宁镇,0.1%,10.96,7,0.1%,5.5%
42700,敦煌不了情,0.1%,10.94,18,<0.1%,100%
42701,绿毛怪格林奇,0.1%,6.06,2,0.3%,1.6%
42702,午夜整容室,<0.1%,5.53,3,0.2%,2.9%
42703,浴血广昌,<0.1%,5.48,59,<0.1%,81.8%
42704,李保国,<0.1%,4.29,52,<0.1%,54.2%
42705,远去的牧歌,<0.1%,4.21,12,<0.1%,19.5%
42706,你在哪,<0.1%,4.13,104,<0.1%,66.2%
42707,神秘家族,<0.1%,3.36,49,<0.1%,68.7%
42708,超级快递,<0.1%,2.50,194,<0.1%,--
42709,来电狂响,<0.1%,1.97,22,<0.1%,37.1%
42710,生活万岁,<0.1%,1.95,4,<0.1%,4.4%
42711,地球最后的夜晚,<0.1%,1.60,48,<0.1%,--
42712,麦兜当当伴我心,<0.1%,1.53,102,<0.1%,100.0%
42713,勇敢往事,<0.1%,1.52,380,<0.1%,--
42714,奎迪：英雄再起,<0.1%,1.38,31,<0.1%,34.5%
42715,旗袍先生,<0.1%,1.31,73,<0.1%,100.0%
42716,老爸102岁,<0.1%,1.31,7,<0.1%,8.3%
42717,消失爱人,<0.1%,1.15,116,<0.1%,100.0%
42718,夜魔奇案,<0.1%,1.00,2,<0.1%,1.6%
42719,来电狂响,23.6%,1792.07,15,11.6%,11.9%
42720,海王,22.0%,1675.18,8,20.7%,4.7%
42721,蜘蛛侠：平行宇宙,13.9%,1057.45,6,16.7%,4.2%
42722,印度暴徒,13.7%,1043.50,13,8.9%,11.1%
42723,叶问外传：张天志,9.7%,737.52,6,12.7%,4.8%
42724,天气预爆,3.2%,244.76,3,7.9%,2.7%
42725,武林怪兽,2.0%,158.80,3,6.8%,2.3%
42726,龙猫,1.6%,125.21,5,2.7%,4.7%
42727,中国合伙人2,1.3%,100.77,21,0.3%,22.6%
42728,神探狗笨吉,1.0%,82.33,2,6.2%,1.4%
42729,春天的马拉松,0.7%,60.25,43,0.1%,34.3%
42730,天渠,0.7%,57.67,50,0.1%,58.9%
42731,印度合伙人,0.6%,46.18,5,1.0%,4.7%
42732,狗十三,0.5%,39.99,8,0.4%,8.8%
42733,湄公河行动,0.5%,38.64,82,<0.1%,100%
42734,记忆折叠,0.4%,36.58,56,<0.1%,100%
42735,照相师,0.3%,28.60,11,0.2%,10.6%
42736,最后一公里,0.2%,22.25,64,<0.1%,82.2%
42737,无名之辈,0.2%,22.08,5,0.5%,4.9%
42738,网络谜踪,0.2%,20.87,8,0.2%,7.7%
42739,破天荒,0.2%,18.62,77,<0.1%,100%
42740,大路朝天,0.1%,14.86,20,<0.1%,19.8%
42741,敦煌不了情,0.1%,13.72,24,<0.1%,100%
42742,黄大年,0.1%,13.40,6,0.2%,6.1%
42743,云南虫谷,0.1%,12.22,33,<0.1%,100%
42744,闽宁镇,0.1%,10.14,7,0.1%,5.6%
42745,毒液：致命守护者,0.1%,9.06,3,0.3%,3.2%
42746,天慕,0.1%,8.75,104,<0.1%,100%
42747,台仙魔咒,0.1%,7.94,54,<0.1%,100%
42748,两只小猪之勇闯神秘岛,<0.1%,7.00,159,<0.1%,100%
42749,远去的牧歌,<0.1%,6.38,16,<0.1%,29.1%
42750,绿毛怪格林奇,<0.1%,5.91,3,0.2%,3.1%
42751,超级快递,<0.1%,4.01,255,<0.1%,--
42752,午夜整容室,<0.1%,3.08,3,0.1%,2.9%
42753,神秘家族,<0.1%,3.06,48,<0.1%,80.1%
42754,李保国,<0.1%,2.84,45,<0.1%,56.1%
42755,浴血广昌,<0.1%,2.75,86,<0.1%,100%
42756,阿里巴巴三根金发,<0.1%,2.64,165,<0.1%,100%
42757,大黄蜂,<0.1%,2.33,53,<0.1%,75.0%
42758,初恋浅规则,<0.1%,2.10,126,<0.1%,86.8%
42759,热土,<0.1%,2.07,5,<0.1%,4.7%
42760,龟兔大作战,<0.1%,1.94,134,<0.1%,94.2%
42761,生活万岁,<0.1%,1.59,4,<0.1%,5.0%
42762,邹碧华,<0.1%,1.56,21,<0.1%,32.5%
42763,麦兜当当伴我心,<0.1%,1.53,102,<0.1%,100.0%
42764,片警宝音,<0.1%,1.37,2,0.1%,1.6%
42765,旗袍先生,<0.1%,1.31,73,<0.1%,100%
42766,奎迪：英雄再起,<0.1%,1.17,138,<0.1%,--
42767,诡梦凶铃,<0.1%,1.15,102,<0.1%,100%
42768,西游记之大圣归来,<0.1%,1.09,147,<0.1%,100%
42769,云南虫谷,31.4%,6472.57,17,28.6%,11.1%
42770,来电狂响,31.2%,6425.28,23,22.9%,18.8%
42771,断片之险途夺宝,11.6%,2392.82,10,20.4%,8.6%
42772,海王,9.1%,1881.18,22,6.3%,16.4%
42773,蜘蛛侠：平行宇宙,6.8%,1403.15,20,5.2%,16.1%
42774,印度暴徒,5.2%,1081.63,10,10.0%,9.6%
42775,叶问外传：张天志,1.1%,236.27,11,1.8%,10.0%
42776,龙猫,0.5%,122.97,17,0.6%,18.2%
42777,中国合伙人2,0.3%,69.02,42,0.1%,52.9%
42778,春天的马拉松,0.2%,45.76,68,<0.1%,53.1%
42779,神探狗笨吉,0.1%,37.85,5,0.8%,5.3%
42780,敦煌不了情,0.1%,33.96,56,<0.1%,100%
42781,天渠,0.1%,31.76,42,<0.1%,45.6%
42782,天气预爆,0.1%,27.76,4,0.7%,3.8%
42783,绿毛怪格林奇,0.1%,27.40,17,0.1%,21.8%
42784,照相师,0.1%,23.75,19,0.1%,19.1%
42785,武林怪兽,0.1%,22.37,4,0.4%,5.4%
42786,印度合伙人,<0.1%,18.54,18,0.1%,23.7%
42787,湄公河行动,<0.1%,18.53,110,<0.1%,100%
42788,最后一公里,<0.1%,17.62,70,<0.1%,88.7%
42789,狗十三,<0.1%,15.31,20,<0.1%,30.9%
42790,大路朝天,<0.1%,11.87,27,<0.1%,27.7%
42791,远去的牧歌,<0.1%,10.07,33,<0.1%,100%
42792,龟兔大作战,<0.1%,7.45,70,<0.1%,71.6%
42793,两只小猪之勇闯神秘岛,<0.1%,7.12,84,<0.1%,66.2%
42794,闽宁镇,<0.1%,7.07,7,<0.1%,6.2%
42795,黄大年,<0.1%,6.94,6,0.1%,6.9%
42796,午夜废墟,<0.1%,6.74,3,0.2%,3.4%
42797,惊涛飓浪,<0.1%,6.62,45,<0.1%,48.5%
42798,无名之辈,<0.1%,6.03,9,<0.1%,15.5%
42799,天慕,<0.1%,5.92,124,<0.1%,100%
42800,网络谜踪,<0.1%,5.49,15,<0.1%,21.4%
42801,毒液：致命守护者,<0.1%,4.72,7,<0.1%,8.9%
42802,三只小猪2,<0.1%,4.57,25,<0.1%,42.7%
42803,浴血广昌,<0.1%,3.87,88,<0.1%,100%
42804,奎迪：英雄再起,<0.1%,3.47,119,<0.1%,100%
42805,辛巴达与美人鱼公主,<0.1%,3.15,132,<0.1%,86.1%
42806,消失爱人,<0.1%,3.02,224,<0.1%,100.0%
42807,超级快递,<0.1%,2.76,77,<0.1%,--
42808,勇敢往事,<0.1%,2.46,224,<0.1%,100%
42809,神秘家族,<0.1%,2.28,51,<0.1%,76.9%
42810,旗袍先生,<0.1%,2.24,69,<0.1%,89.2%
42811,诡梦凶铃,<0.1%,2.07,136,<0.1%,100.0%
42812,台仙魔咒,<0.1%,2.01,28,<0.1%,100%
42813,“大”人物,<0.1%,1.63,86,<0.1%,94.3%
42814,初恋浅规则,<0.1%,1.58,155,<0.1%,62.8%
42815,大唐风云2,<0.1%,1.46,109,<0.1%,71.7%
42816,警车联盟,<0.1%,1.32,175,<0.1%,--
42817,超时空大冒险,<0.1%,1.21,21,<0.1%,48.9%
42818,片警宝音,<0.1%,1.13,2,<0.1%,1.9%
42819,热土,<0.1%,1.00,7,<0.1%,7.2%
42820,记忆折叠,<0.1%,1.00,100,<0.1%,100%
42821,来电狂响,35.2%,8726.39,27,25.2%,20.6%
42822,海王,17.5%,4331.95,32,10.2%,22.5%
42823,云南虫谷,13.8%,3414.81,12,20.9%,8.3%
42824,蜘蛛侠：平行宇宙,13.7%,3398.17,29,8.8%,22.7%
42825,断片之险途夺宝,5.1%,1271.53,8,12.1%,7.6%
42826,印度暴徒,4.6%,1138.14,16,6.3%,15.9%
42827,叶问外传：张天志,1.7%,433.06,15,2.3%,14.0%
42828,龙猫,1.4%,360.14,23,1.3%,24.0%
42829,地球最后的夜晚,1.1%,288.59,39,0.5%,26.6%
42830,阿里巴巴三根金发,0.9%,231.50,6,3.4%,6.1%
42831,龟兔大作战,0.8%,207.71,9,1.8%,8.6%
42832,两只小猪之勇闯神秘岛,0.6%,164.71,8,1.8%,8.3%
42833,警车联盟,0.4%,117.08,10,1.1%,9.4%
42834,神探狗笨吉,0.2%,70.05,10,0.7%,10.3%
42835,武林怪兽,0.2%,55.96,7,0.6%,7.9%
42836,中国合伙人2,0.1%,49.29,34,<0.1%,44.0%
42837,敦煌不了情,0.1%,43.30,61,<0.1%,100%
42838,天气预爆,0.1%,36.59,6,0.5%,6.6%
42839,狗十三,0.1%,28.69,23,0.1%,32.6%
42840,“大”人物,0.1%,28.29,17,0.1%,13.8%
42841,绿毛怪格林奇,0.1%,24.82,12,0.1%,15.0%
42842,春天的马拉松,<0.1%,22.48,51,<0.1%,43.3%
42843,印度合伙人,<0.1%,21.58,17,0.1%,21.5%
42844,湄公河行动,<0.1%,20.29,121,<0.1%,100%
42845,四个春天,<0.1%,17.40,52,<0.1%,55.6%
42846,天渠,<0.1%,17.11,56,<0.1%,72.9%
42847,网络谜踪,<0.1%,16.91,21,<0.1%,25.7%
42848,最后一公里,<0.1%,16.71,86,<0.1%,85.9%
42849,黄大年,<0.1%,16.26,14,<0.1%,18.3%
42850,热土,<0.1%,16.08,56,<0.1%,64.9%
42851,毒液：致命守护者,<0.1%,15.45,13,<0.1%,16.8%
42852,无名之辈,<0.1%,14.97,13,0.1%,17.9%
42853,大路朝天,<0.1%,10.65,21,<0.1%,23.9%
42854,远去的牧歌,<0.1%,9.54,42,<0.1%,100%
42855,照相师,<0.1%,8.36,9,<0.1%,9.8%
42856,超级快递,<0.1%,6.00,72,<0.1%,--
42857,记忆折叠,<0.1%,4.50,180,<0.1%,100%
42858,天慕,<0.1%,4.13,92,<0.1%,100%
42859,午夜废墟,<0.1%,3.90,4,0.1%,4.5%
42860,奎迪：英雄再起,<0.1%,3.56,133,<0.1%,100%
42861,浴血广昌,<0.1%,3.30,92,<0.1%,100%
42862,辛巴达与美人鱼公主,<0.1%,2.95,90,<0.1%,100%
42863,冒牌搭档,<0.1%,2.60,56,<0.1%,100%
42864,旗袍先生,<0.1%,2.43,63,<0.1%,90.1%
42865,午夜整容室,<0.1%,2.36,5,<0.1%,5.1%
42866,神秘家族,<0.1%,2.28,64,<0.1%,100.0%
42867,真假森林王,<0.1%,2.24,250,<0.1%,96.2%
42868,阿凡提之奇缘历险,<0.1%,1.91,186,<0.1%,84.1%
42869,闽宁镇,<0.1%,1.90,3,<0.1%,2.4%
42870,新木偶奇遇记,<0.1%,1.76,196,<0.1%,94.5%
42871,皇帝的新装之圣诞大明星,<0.1%,1.53,162,<0.1%,100%
42872,在天堂等我,<0.1%,1.41,158,<0.1%,100%
42873,生活万岁,<0.1%,1.33,5,<0.1%,6.6%
42874,惊涛飓浪,<0.1%,1.23,15,<0.1%,28.6%
42875,潜艇总动员之时光宝盒,<0.1%,1.20,105,<0.1%,100%
42876,诡梦凶铃,<0.1%,1.10,167,<0.1%,92.0%
42877,初恋浅规则,<0.1%,1.05,66,<0.1%,58.4%
42878,地球最后的夜晚,50.8%,26277.65,58,34.0%,44.1%
42879,来电狂响,20.0%,10362.38,42,19.8%,34.9%
42880,海王,10.3%,5342.57,46,8.8%,32.0%
42881,蜘蛛侠：平行宇宙,7.6%,3942.10,37,8.2%,29.7%
42882,云南虫谷,4.3%,2256.59,18,9.7%,14.9%
42883,印度暴徒,1.5%,782.06,24,3.1%,24.6%
42884,断片之险途夺宝,1.4%,765.40,12,5.4%,11.8%
42885,龙猫,0.9%,515.23,30,1.5%,29.4%
42886,叶问外传：张天志,0.6%,333.98,21,1.3%,20.8%
42887,阿里巴巴三根金发,0.3%,163.58,8,2.0%,7.7%
42888,两只小猪之勇闯神秘岛,0.2%,121.10,9,1.2%,9.3%
42889,龟兔大作战,0.2%,110.47,9,1.0%,9.1%
42890,敦煌不了情,0.1%,98.81,147,<0.1%,100%
42891,警车联盟,0.1%,87.85,14,0.6%,13.3%
42892,神探狗笨吉,0.1%,65.41,12,0.5%,13.0%
42893,武林怪兽,0.1%,52.91,8,0.5%,8.2%
42894,中国合伙人2,<0.1%,42.55,37,<0.1%,46.4%
42895,湄公河行动,<0.1%,30.63,85,<0.1%,100%
42896,“大”人物,<0.1%,25.34,23,<0.1%,19.5%
42897,绿毛怪格林奇,<0.1%,25.29,14,0.1%,17.2%
42898,天气预爆,<0.1%,24.65,8,0.2%,10.8%
42899,狗十三,<0.1%,19.44,25,<0.1%,36.5%
42900,热土,<0.1%,17.32,59,<0.1%,57.9%
42901,印度合伙人,<0.1%,16.39,24,<0.1%,32.7%
42902,毒液：致命守护者,<0.1%,15.99,18,<0.1%,23.2%
42903,四个春天,<0.1%,14.40,50,<0.1%,55.6%
42904,奎迪：英雄再起,<0.1%,13.73,88,<0.1%,68.8%
42905,无名之辈,<0.1%,12.76,17,<0.1%,24.9%
42906,最后一公里,<0.1%,11.88,78,<0.1%,87.2%
42907,网络谜踪,<0.1%,11.57,24,<0.1%,37.5%
42908,天渠,<0.1%,10.32,50,<0.1%,50.0%
42909,远去的牧歌,<0.1%,6.68,37,<0.1%,100%
42910,大路朝天,<0.1%,6.45,15,<0.1%,20.6%
42911,午夜废墟,<0.1%,5.36,13,<0.1%,17.1%
42912,超级快递,<0.1%,4.80,80,<0.1%,--
42913,潜艇总动员之时光宝盒,<0.1%,3.26,109,<0.1%,83.3%
42914,天慕,<0.1%,3.16,128,<0.1%,97.0%
42915,照相师,<0.1%,3.06,6,<0.1%,5.6%
42916,初恋浅规则,<0.1%,3.03,132,<0.1%,85.0%
42917,午夜整容室,<0.1%,2.99,14,<0.1%,15.9%
42918,春天的马拉松,<0.1%,2.69,12,<0.1%,11.6%
42919,真假森林王,<0.1%,2.45,205,<0.1%,100%
42920,神秘家族,<0.1%,2.16,80,<0.1%,100.0%
42921,新大头儿子和小头爸爸2一日成才,<0.1%,2.04,114,<0.1%,74.7%
42922,浴血广昌,<0.1%,1.74,92,<0.1%,100%
42923,辛巴达与美人鱼公主,<0.1%,1.48,93,<0.1%,100%
42924,恐龙王,<0.1%,1.43,11,<0.1%,14.4%
42925,旗袍先生,<0.1%,1.38,37,<0.1%,66.1%
42926,生活万岁,<0.1%,1.23,5,<0.1%,6.2%
42927,刀剑神域：序列之争,<0.1%,1.19,133,<0.1%,--
42928,闽宁镇,<0.1%,1.00,3,<0.1%,1.9%
42929,来电狂响,39.6%,9464.33,28,27.7%,21.2%
42930,海王,21.3%,5096.93,26,15.8%,17.2%
42931,蜘蛛侠：平行宇宙,14.0%,3356.14,23,12.2%,17.7%
42932,云南虫谷,5.9%,1422.54,12,9.5%,11.2%
42933,地球最后的夜晚,4.7%,1123.09,7,13.7%,5.4%
42934,印度暴徒,3.5%,846.94,18,4.4%,18.5%
42935,龙猫,2.4%,593.52,23,2.3%,23.2%
42936,叶问外传：张天志,2.0%,497.74,18,2.2%,17.9%
42937,断片之险途夺宝,1.4%,353.88,7,4.4%,7.2%
42938,大黄蜂,1.0%,240.11,288,<0.1%,90.4%
42939,阿里巴巴三根金发,0.6%,165.04,8,1.8%,7.5%
42940,警车联盟,0.5%,139.82,16,0.7%,15.7%
42941,两只小猪之勇闯神秘岛,0.3%,90.57,9,1.1%,9.0%
42942,神探狗笨吉,0.2%,67.53,14,0.4%,15.9%
42943,龟兔大作战,0.2%,57.48,7,0.8%,6.7%
42944,敦煌不了情,0.2%,51.78,79,<0.1%,100%
42945,绿毛怪格林奇,0.1%,31.06,14,0.1%,16.3%
42946,“大”人物,0.1%,30.09,27,<0.1%,23.3%
42947,天气预爆,0.1%,27.24,7,0.3%,9.2%
42948,中国合伙人2,0.1%,26.15,25,<0.1%,37.2%
42949,毒液：致命守护者,<0.1%,22.02,14,0.1%,16.9%
42950,武林怪兽,<0.1%,21.09,6,0.3%,6.9%
42951,大路朝天,<0.1%,20.62,29,<0.1%,36.2%
42952,印度合伙人,<0.1%,16.64,15,0.1%,16.6%
42953,无名之辈,<0.1%,13.32,12,0.1%,15.4%
42954,四个春天,<0.1%,12.34,14,<0.1%,15.7%
42955,热土,<0.1%,10.13,53,<0.1%,40.5%
42956,网络谜踪,<0.1%,9.51,15,<0.1%,19.0%
42957,狗十三,<0.1%,9.30,13,<0.1%,17.1%
42958,照相师,<0.1%,4.09,7,<0.1%,7.0%
42959,最后一公里,<0.1%,3.43,66,<0.1%,96.2%
42960,流浪地球,<0.1%,3.15,450,<0.1%,--
42961,午夜整容室,<0.1%,3.03,7,<0.1%,6.7%
42962,午夜废墟,<0.1%,2.98,5,<0.1%,5.9%
42963,盛世秧歌,<0.1%,2.43,88,<0.1%,--
42964,天渠,<0.1%,2.39,33,<0.1%,34.0%
42965,恐龙王,<0.1%,2.10,14,<0.1%,16.6%
42966,生活万岁,<0.1%,1.58,25,<0.1%,40.3%
42967,初恋浅规则,<0.1%,1.17,70,<0.1%,58.7%
42968,飞驰人生,<0.1%,1.08,120,<0.1%,--
42969,疯狂的外星人,<0.1%,1.08,120,<0.1%,--
42970,来电狂响,49.9%,3363.03,10,31.3%,7.3%
42971,海王,17.4%,1176.16,6,17.4%,4.0%
42972,蜘蛛侠：平行宇宙,7.5%,510.77,4,11.6%,3.0%
42973,云南虫谷,6.8%,458.73,4,10.4%,3.7%
42974,印度暴徒,5.2%,356.31,6,6.3%,6.0%
42975,叶问外传：张天志,3.8%,256.47,7,3.5%,6.7%
42976,地球最后的夜晚,2.7%,186.56,3,7.7%,1.8%
42977,断片之险途夺宝,1.2%,82.77,2,4.6%,1.9%
42978,龙猫,0.9%,61.40,4,1.7%,3.5%
42979,大路朝天,0.6%,40.46,47,<0.1%,49.8%
42980,中国合伙人2,0.5%,37.29,21,0.1%,22.1%
42981,天渠,0.3%,21.41,78,<0.1%,69.7%
42982,四个春天,0.2%,16.47,88,<0.1%,100%
42983,心灵的阳光,0.2%,15.82,57,<0.1%,100%
42984,盛世秧歌,0.1%,12.25,165,<0.1%,--
42985,天气预爆,0.1%,10.74,2,0.4%,2.5%
42986,热土,0.1%,10.23,25,<0.1%,20.5%
42987,武林怪兽,0.1%,8.15,2,0.4%,2.1%
42988,照相师,0.1%,7.82,5,0.1%,4.3%
42989,印度合伙人,0.1%,7.71,4,0.2%,4.4%
42990,神探狗笨吉,0.1%,7.35,2,0.4%,1.8%
42991,毕业那年：分手季,0.1%,6.92,20,<0.1%,100%
42992,为爱重生,<0.1%,5.98,230,<0.1%,--
42993,毒液：致命守护者,<0.1%,5.81,4,0.1%,4.4%
42994,无名之辈,<0.1%,5.72,4,0.1%,4.8%
42995,狗十三,<0.1%,4.88,6,<0.1%,8.1%
42996,最后一公里,<0.1%,4.36,47,<0.1%,69.5%
42997,网络谜踪,<0.1%,3.81,5,<0.1%,6.0%
42998,远去的牧歌,<0.1%,3.64,45,<0.1%,88.7%
42999,警车联盟,<0.1%,3.39,2,0.2%,1.3%
43000,两只小猪之勇闯神秘岛,<0.1%,3.21,1,0.3%,0.8%
43001,流浪地球,<0.1%,3.15,450,<0.1%,--
43002,奎迪：英雄再起,<0.1%,2.93,82,<0.1%,49.0%
43003,阿里巴巴三根金发,<0.1%,2.51,1,0.6%,0.4%
43004,红旗漫卷西风,<0.1%,2.43,163,<0.1%,--
43005,午夜整容室,<0.1%,2.03,4,<0.1%,3.8%
43006,勇敢往事,<0.1%,2.00,167,<0.1%,--
43007,爱不可及,<0.1%,1.90,76,<0.1%,100%
43008,午夜废墟,<0.1%,1.87,3,<0.1%,3.1%
43009,龟兔大作战,<0.1%,1.54,1,0.3%,0.5%
43010,闽宁镇,<0.1%,1.46,2,<0.1%,1.4%
43011,绿毛怪格林奇,<0.1%,1.24,2,<0.1%,2.0%
43012,黄大年,<0.1%,1.18,1,0.1%,0.8%
43013,动物出击,<0.1%,1.08,180,<0.1%,--
43014,飞驰人生,<0.1%,1.08,120,<0.1%,--
43015,疯狂的外星人,<0.1%,1.08,120,<0.1%,--
43016,春天的马拉松,<0.1%,1.00,2,<0.1%,0.9%
43017,来电狂响,43.8%,2776.17,8,31.6%,5.8%
43018,海王,15.3%,970.58,5,17.3%,3.4%
43019,大黄蜂,9.2%,586.57,27,1.8%,13.3%
43020,蜘蛛侠：平行宇宙,6.6%,422.91,4,11.0%,2.6%
43021,云南虫谷,5.5%,348.89,3,10.4%,2.8%
43022,印度暴徒,5.0%,319.92,5,6.7%,4.9%
43023,叶问外传：张天志,3.8%,240.75,6,4.0%,5.4%
43024,大路朝天,2.1%,135.99,58,0.1%,77.4%
43025,地球最后的夜晚,2.0%,130.44,2,5.6%,1.8%
43026,断片之险途夺宝,1.0%,69.35,2,4.3%,1.7%
43027,龙猫,0.8%,54.82,4,1.7%,3.2%
43028,中国合伙人2,0.6%,42.54,21,0.1%,23.8%
43029,天渠,0.5%,34.95,76,<0.1%,67.2%
43030,照相师,0.3%,22.82,12,0.1%,10.4%
43031,盛世秧歌,0.3%,21.15,235,<0.1%,--
43032,热土,0.1%,11.78,25,<0.1%,22.2%
43033,天气预爆,0.1%,10.07,2,0.5%,2.0%
43034,心灵的阳光,0.1%,9.69,38,<0.1%,100%
43035,武林怪兽,0.1%,8.96,2,0.4%,2.3%
43036,印度合伙人,0.1%,8.94,5,0.2%,5.0%
43037,白蛇：缘起,0.1%,7.34,61,<0.1%,--
43038,毕业那年：分手季,<0.1%,5.97,18,<0.1%,--
43039,狗十三,<0.1%,5.90,7,0.1%,9.0%
43040,神探狗笨吉,<0.1%,5.80,2,0.4%,1.5%
43041,无名之辈,<0.1%,5.52,4,0.1%,4.2%
43042,远去的牧歌,<0.1%,5.40,48,<0.1%,100%
43043,毒液：致命守护者,<0.1%,4.75,3,0.1%,3.5%
43044,红旗漫卷西风,<0.1%,4.75,122,<0.1%,--
43045,春天的马拉松,<0.1%,4.29,4,<0.1%,3.3%
43046,网络谜踪,<0.1%,4.03,5,<0.1%,5.0%
43047,最后一公里,<0.1%,3.62,40,<0.1%,59.7%
43048,“大”人物,<0.1%,3.52,86,<0.1%,100%
43049,流浪地球,<0.1%,3.15,450,<0.1%,--
43050,奎迪：英雄再起,<0.1%,3.09,5,<0.1%,3.6%
43051,两只小猪之勇闯神秘岛,<0.1%,2.99,1,0.3%,1.0%
43052,黄大年,<0.1%,2.98,2,0.1%,1.6%
43053,四个春天,<0.1%,2.94,34,<0.1%,46.6%
43054,闽宁镇,<0.1%,2.69,3,0.1%,2.2%
43055,警车联盟,<0.1%,2.18,2,0.2%,1.0%
43056,午夜整容室,<0.1%,1.86,4,<0.1%,3.3%
43057,疯狂的外星人,<0.1%,1.44,160,<0.1%,--
43058,阿里巴巴三根金发,<0.1%,1.39,1,0.4%,0.3%
43059,午夜废墟,<0.1%,1.33,3,<0.1%,2.7%
43060,飞驰人生,<0.1%,1.08,120,<0.1%,--
43061,大路朝天,<0.1%,1.05,29,<0.1%,--
43062,勇敢往事,<0.1%,1.00,167,<0.1%,--
43063,大黄蜂,72.9%,11102.01,19,50.2%,12.3%
43064,来电狂响,14.8%,2252.24,12,17.7%,10.3%
43065,海王,3.5%,534.28,9,5.4%,8.5%
43066,奎迪：英雄再起,2.5%,395.37,4,12.6%,3.2%
43067,蜘蛛侠：平行宇宙,1.2%,194.02,5,3.3%,4.8%
43068,大路朝天,0.9%,142.29,60,0.1%,91.7%
43069,云南虫谷,0.5%,78.22,4,2.1%,3.8%
43070,四个春天,0.4%,71.26,3,2.1%,3.1%
43071,印度暴徒,0.4%,68.52,6,1.3%,5.8%
43072,叶问外传：张天志,0.3%,58.35,6,0.9%,5.8%
43073,照相师,0.3%,57.32,31,0.1%,31.3%
43074,中国合伙人2,0.2%,33.58,34,<0.1%,41.0%
43075,龙猫,0.2%,30.94,5,0.6%,5.2%
43076,天渠,0.1%,29.29,65,<0.1%,61.2%
43077,地球最后的夜晚,0.1%,25.96,5,0.4%,6.0%
43078,断片之险途夺宝,0.1%,15.72,3,0.6%,2.6%
43079,毕业那年：分手季,<0.1%,14.14,40,<0.1%,--
43080,热土,<0.1%,11.64,68,<0.1%,46.6%
43081,黄大年,<0.1%,7.51,9,<0.1%,8.0%
43082,春天的马拉松,<0.1%,5.62,11,<0.1%,10.7%
43083,红旗漫卷西风,<0.1%,4.65,120,<0.1%,--
43084,最后一公里,<0.1%,3.86,49,<0.1%,74.6%
43085,初恋浅规则,<0.1%,3.83,174,<0.1%,100%
43086,天气预爆,<0.1%,3.39,2,0.1%,3.4%
43087,神探狗笨吉,<0.1%,3.15,3,0.1%,3.3%
43088,流浪地球,<0.1%,3.15,450,<0.1%,--
43089,狗十三,<0.1%,2.69,14,<0.1%,25.6%
43090,闽宁镇,<0.1%,2.51,5,<0.1%,3.5%
43091,心灵的阳光,<0.1%,2.36,76,<0.1%,100%
43092,毒液：致命守护者,<0.1%,2.19,4,<0.1%,5.2%
43093,网络谜踪,<0.1%,1.99,5,<0.1%,8.0%
43094,大路朝天,<0.1%,1.93,43,<0.1%,--
43095,两只小猪之勇闯神秘岛,<0.1%,1.79,2,0.1%,1.5%
43096,午夜整容室,<0.1%,1.56,5,<0.1%,4.7%
43097,绿毛怪格林奇,<0.1%,1.55,4,<0.1%,6.3%
43098,假戏真作,<0.1%,1.50,2,0.1%,1.4%
43099,无名之辈,<0.1%,1.40,4,<0.1%,4.9%
43100,远去的牧歌,<0.1%,1.34,35,<0.1%,74.8%
43101,警车联盟,<0.1%,1.28,2,<0.1%,1.7%
43102,印度合伙人,<0.1%,1.15,4,<0.1%,5.8%
43103,阿里巴巴三根金发,<0.1%,1.13,1,0.2%,0.6%
43104,飞驰人生,<0.1%,1.08,120,<0.1%,--
43105,疯狂的外星人,<0.1%,1.08,120,<0.1%,--
43106,武林怪兽,<0.1%,1.00,2,<0.1%,2.0%
43107,大黄蜂,69.4%,16170.56,26,49.2%,17.1%
43108,来电狂响,14.5%,3389.98,16,18.5%,14.2%
43109,海王,5.2%,1213.12,16,6.6%,15.0%
43110,蜘蛛侠：平行宇宙,2.6%,617.12,10,5.3%,9.5%
43111,奎迪：英雄再起,2.0%,465.68,7,6.9%,6.4%
43112,“大”人物,1.0%,240.17,14,1.3%,13.0%
43113,龙猫,0.7%,181.44,11,1.5%,11.3%
43114,大路朝天,0.6%,145.18,63,0.1%,100%
43115,印度暴徒,0.5%,118.26,9,1.3%,9.7%
43116,云南虫谷,0.4%,114.23,5,2.0%,5.8%
43117,四个春天,0.4%,106.49,8,1.1%,7.9%
43118,叶问外传：张天志,0.4%,97.61,8,1.1%,8.2%
43119,地球最后的夜晚,0.1%,41.52,9,0.3%,10.7%
43120,白蛇：缘起,0.1%,39.11,37,<0.1%,34.1%
43121,中国合伙人2,0.1%,37.00,38,<0.1%,54.5%
43122,警车联盟,0.1%,24.93,7,0.3%,6.8%
43123,断片之险途夺宝,<0.1%,22.70,4,0.5%,5.2%
43124,天渠,<0.1%,20.77,62,<0.1%,64.5%
43125,毕业那年：分手季,<0.1%,18.98,56,<0.1%,--
43126,阿里巴巴三根金发,<0.1%,17.29,2,0.9%,1.9%
43127,两只小猪之勇闯神秘岛,<0.1%,17.12,3,0.5%,3.4%
43128,命运之夜——天之杯：恶兆之花,<0.1%,15.87,1058,<0.1%,100.0%
43129,神探狗笨吉,<0.1%,11.82,6,0.2%,6.4%
43130,养家之人,<0.1%,8.83,85,<0.1%,79.2%
43131,热土,<0.1%,6.81,54,<0.1%,43.4%
43132,龟兔大作战,<0.1%,6.49,3,0.2%,2.9%
43133,绿毛怪格林奇,<0.1%,6.35,5,0.1%,6.4%
43134,照相师,<0.1%,5.53,7,<0.1%,7.4%
43135,心灵的阳光,<0.1%,5.47,106,<0.1%,100%
43136,最后一公里,<0.1%,5.40,55,<0.1%,93.8%
43137,印度合伙人,<0.1%,5.22,14,<0.1%,17.1%
43138,春天的马拉松,<0.1%,5.20,14,<0.1%,13.3%
43139,毒液：致命守护者,<0.1%,4.96,6,<0.1%,8.4%
43140,网络谜踪,<0.1%,4.59,15,<0.1%,18.3%
43141,大人物,<0.1%,4.53,9,<0.1%,--
43142,中国推销员,<0.1%,3.67,238,<0.1%,100.0%
43143,天气预爆,<0.1%,3.29,3,0.1%,3.4%
43144,闽宁镇,<0.1%,3.21,7,<0.1%,4.9%
43145,流浪地球,<0.1%,3.15,450,<0.1%,--
43146,无名之辈,<0.1%,3.13,6,<0.1%,9.6%
43147,午夜整容室,<0.1%,2.90,7,<0.1%,7.0%
43148,狗十三,<0.1%,2.83,9,<0.1%,12.2%
43149,武林怪兽,<0.1%,1.97,3,<0.1%,3.7%
43150,盛世秧歌,<0.1%,1.94,70,<0.1%,--
43151,午夜废墟,<0.1%,1.49,5,<0.1%,5.3%
43152,诡梦凶铃,<0.1%,1.13,150,<0.1%,79.4%
43153,飞驰人生,<0.1%,1.08,120,<0.1%,--
43154,疯狂的外星人,<0.1%,1.08,120,<0.1%,--
43155,远去的牧歌,<0.1%,1.04,32,<0.1%,78.6%
43156,大路朝天,<0.1%,1.00,50,<0.1%,--
43157,大黄蜂,66.7%,12700.80,21,48.9%,13.6%
43158,来电狂响,15.2%,2910.39,13,18.9%,12.0%
43159,海王,5.6%,1082.07,13,7.2%,12.2%
43160,蜘蛛侠：平行宇宙,2.9%,554.69,9,5.4%,8.6%
43161,“大”人物,1.7%,338.51,16,1.4%,15.0%
43162,奎迪：英雄再起,1.5%,293.85,5,5.7%,5.0%
43163,龙猫,1.0%,195.97,11,1.6%,11.1%
43164,大路朝天,0.8%,154.48,63,0.1%,100%
43165,四个春天,0.6%,132.96,9,1.2%,9.7%
43166,印度暴徒,0.5%,113.98,8,1.3%,9.0%
43167,云南虫谷,0.5%,106.92,5,2.1%,5.2%
43168,叶问外传：张天志,0.5%,101.84,8,1.1%,8.1%
43169,中国合伙人2,0.2%,38.49,41,<0.1%,50.1%
43170,警车联盟,0.1%,31.99,8,0.4%,8.4%
43171,地球最后的夜晚,0.1%,30.40,7,0.3%,8.5%
43172,天渠,0.1%,21.25,68,<0.1%,68.3%
43173,阿里巴巴三根金发,<0.1%,18.15,3,0.8%,2.2%
43174,两只小猪之勇闯神秘岛,<0.1%,17.06,4,0.5%,3.8%
43175,毕业那年：分手季,<0.1%,15.39,46,<0.1%,--
43176,断片之险途夺宝,<0.1%,14.93,3,0.5%,3.3%
43177,神探狗笨吉,<0.1%,13.38,6,0.2%,6.8%
43178,白蛇：缘起,<0.1%,10.86,58,<0.1%,60.1%
43179,绿毛怪格林奇,<0.1%,8.53,7,0.1%,8.9%
43180,大人物,<0.1%,7.14,11,<0.1%,--
43181,热土,<0.1%,6.09,51,<0.1%,46.5%
43182,流浪地球,<0.1%,4.72,675,<0.1%,--
43183,照相师,<0.1%,4.64,5,<0.1%,4.6%
43184,毒液：致命守护者,<0.1%,4.51,6,<0.1%,6.9%
43185,龟兔大作战,<0.1%,4.42,2,0.2%,2.0%
43186,天气预爆,<0.1%,4.31,3,0.1%,4.2%
43187,很高兴遇见·你,<0.1%,3.80,93,<0.1%,78.6%
43188,最后一公里,<0.1%,3.65,53,<0.1%,100%
43189,心灵的阳光,<0.1%,3.60,74,<0.1%,100%
43190,无名之辈,<0.1%,3.58,7,<0.1%,9.8%
43191,网络谜踪,<0.1%,3.54,10,<0.1%,13.8%
43192,印度合伙人,<0.1%,3.44,8,<0.1%,10.2%
43193,狗十三,<0.1%,3.20,9,<0.1%,14.2%
43194,爱不可及,<0.1%,2.54,64,<0.1%,100%
43195,午夜整容室,<0.1%,2.10,5,<0.1%,4.6%
43196,养家之人,<0.1%,1.83,115,<0.1%,100%
43197,春天的马拉松,<0.1%,1.82,4,<0.1%,3.9%
43198,武林怪兽,<0.1%,1.68,2,<0.1%,2.7%
43199,飞驰人生,<0.1%,1.08,120,<0.1%,--
43200,疯狂的外星人,<0.1%,1.08,40,<0.1%,--
43201,午夜废墟,<0.1%,1.05,3,<0.1%,3.5%
43202,大路朝天,<0.1%,1.00,50,<0.1%,--
43203,大黄蜂,60.1%,4419.22,9,47.8%,5.5%
43204,来电狂响,20.0%,1474.69,7,20.8%,6.1%
43205,海王,6.2%,457.21,6,7.7%,5.3%
43206,大路朝天,2.6%,194.23,64,0.2%,94.5%
43207,奎迪：英雄再起,2.0%,153.48,3,5.6%,3.0%
43208,蜘蛛侠：平行宇宙,1.9%,142.21,3,4.7%,2.7%
43209,四个春天,1.1%,81.46,5,1.6%,4.8%
43210,叶问外传：张天志,0.9%,71.86,4,1.7%,4.3%
43211,云南虫谷,0.9%,68.41,3,2.8%,2.7%
43212,印度暴徒,0.9%,67.30,4,1.9%,4.1%
43213,中国合伙人2,0.4%,36.35,25,0.1%,26.2%
43214,龙猫,0.3%,27.86,3,1.1%,2.6%
43215,照相师,0.3%,25.58,12,0.2%,10.2%
43216,天渠,0.3%,22.27,70,<0.1%,63.1%
43217,地球最后的夜晚,0.2%,18.36,4,0.4%,4.3%
43218,断片之险途夺宝,0.1%,10.14,2,0.7%,1.7%
43219,热土,0.1%,9.12,34,<0.1%,29.3%
43220,毕业那年：分手季,0.1%,7.37,21,<0.1%,100%
43221,“大”人物,<0.1%,5.32,28,<0.1%,46.6%
43222,两只小猪之勇闯神秘岛,<0.1%,4.86,2,0.1%,1.7%
43223,流浪地球,<0.1%,3.15,113,<0.1%,--
43224,最后一公里,<0.1%,2.89,51,<0.1%,60.3%
43225,天气预爆,<0.1%,2.83,2,0.2%,1.7%
43226,神探狗笨吉,<0.1%,2.69,2,0.1%,1.9%
43227,黄大年,<0.1%,2.39,2,0.1%,1.6%
43228,毒液：致命守护者,<0.1%,2.33,3,<0.1%,3.2%
43229,灵魂的救赎,<0.1%,2.13,213,<0.1%,100.0%
43230,春天的马拉松,<0.1%,1.81,2,0.1%,1.1%
43231,午夜整容室,<0.1%,1.80,4,<0.1%,4.1%
43232,红旗漫卷西风,<0.1%,1.74,83,<0.1%,--
43233,印度合伙人,<0.1%,1.58,3,<0.1%,3.3%
43234,无名之辈,<0.1%,1.48,3,<0.1%,3.7%
43235,武林怪兽,<0.1%,1.44,2,0.1%,1.7%
43236,警车联盟,<0.1%,1.36,2,0.1%,1.2%
43237,天慕,<0.1%,1.35,153,<0.1%,100%
43238,网络谜踪,<0.1%,1.14,3,<0.1%,3.3%
43239,飞驰人生,<0.1%,1.08,40,<0.1%,--
43240,疯狂的外星人,<0.1%,1.08,40,<0.1%,--
43241,心灵的阳光,<0.1%,1.04,34,<0.1%,63.6%
43242,大路朝天,<0.1%,1.01,30,<0.1%,--
43243,左手右手,<0.1%,1.00,100,<0.1%,100%
43244,大黄蜂,56.4%,3940.95,8,45.1%,5.1%
43245,来电狂响,20.6%,1439.28,7,20.1%,6.1%
43246,海王,6.6%,463.38,6,7.6%,5.3%
43247,大路朝天,2.9%,203.87,62,0.2%,92.5%
43248,蜘蛛侠：平行宇宙,1.9%,138.84,3,4.2%,2.9%
43249,白蛇：缘起,1.8%,130.64,6,2.2%,4.8%
43250,奎迪：英雄再起,1.7%,125.27,3,4.6%,2.9%
43251,四个春天,1.1%,81.61,5,1.7%,4.4%
43252,叶问外传：张天志,0.9%,65.68,4,1.6%,4.1%
43253,印度暴徒,0.8%,61.90,4,1.8%,4.0%
43254,云南虫谷,0.8%,59.99,3,2.5%,2.5%
43255,照相师,0.6%,46.23,18,0.2%,16.2%
43256,中国合伙人2,0.6%,43.90,28,0.1%,29.7%
43257,天渠,0.3%,24.80,71,<0.1%,62.8%
43258,龙猫,0.3%,24.31,3,0.9%,2.5%
43259,沉默的雪,0.3%,21.01,1,3.0%,0.6%
43260,地球最后的夜晚,0.1%,13.67,3,0.3%,3.6%
43261,断片之险途夺宝,0.1%,9.01,2,0.6%,1.8%
43262,春天的马拉松,0.1%,7.38,5,0.1%,3.8%
43263,热土,0.1%,7.32,24,<0.1%,21.8%
43264,“大”人物,<0.1%,6.50,65,<0.1%,41.9%
43265,毕业那年：分手季,<0.1%,5.96,18,<0.1%,--
43266,流浪地球,<0.1%,4.72,675,<0.1%,--
43267,黄大年,<0.1%,3.84,3,0.1%,2.7%
43268,最后一公里,<0.1%,3.46,54,<0.1%,72.7%
43269,天气预爆,<0.1%,2.66,2,0.1%,1.8%
43270,印度合伙人,<0.1%,2.18,4,<0.1%,4.2%
43271,毒液：致命守护者,<0.1%,2.14,3,<0.1%,3.2%
43272,两只小猪之勇闯神秘岛,<0.1%,2.05,2,0.1%,2.1%
43273,神探狗笨吉,<0.1%,2.05,2,0.1%,1.7%
43274,中国推销员,<0.1%,1.95,109,<0.1%,55.0%
43275,为爱重生,<0.1%,1.93,193,<0.1%,--
43276,午夜整容室,<0.1%,1.84,4,<0.1%,4.1%
43277,无名之辈,<0.1%,1.59,4,<0.1%,4.4%
43278,警车联盟,<0.1%,1.51,2,0.1%,1.5%
43279,疯狂的契约,<0.1%,1.44,1,0.3%,0.5%
43280,武林怪兽,<0.1%,1.33,2,0.1%,1.7%
43281,蜻蜓少年,<0.1%,1.22,37,<0.1%,42.2%
43282,网络谜踪,<0.1%,1.19,3,<0.1%,3.0%
43283,养家之人,<0.1%,1.10,32,<0.1%,57.2%
43284,飞驰人生,<0.1%,1.08,120,<0.1%,--
43285,大黄蜂,53.6%,3575.52,8,44.7%,4.7%
43286,来电狂响,20.9%,1394.32,7,20.4%,5.8%
43287,海王,7.0%,469.97,6,7.9%,5.2%
43288,大路朝天,3.0%,204.06,61,0.2%,92.6%
43289,白蛇：缘起,2.5%,171.87,6,2.7%,5.8%
43290,蜘蛛侠：平行宇宙,2.1%,143.54,4,4.1%,3.0%
43291,奎迪：英雄再起,1.6%,108.68,3,4.2%,2.7%
43292,四个春天,1.0%,73.20,4,1.7%,3.8%
43293,叶问外传：张天志,1.0%,69.86,4,1.6%,4.1%
43294,照相师,0.9%,62.49,22,0.2%,19.6%
43295,云南虫谷,0.8%,56.61,3,2.4%,2.5%
43296,印度暴徒,0.8%,55.33,4,1.7%,3.8%
43297,大微商,0.7%,53.07,4,1.9%,3.4%
43298,中国合伙人2,0.7%,47.08,31,0.1%,30.5%
43299,龙猫,0.3%,22.34,3,0.9%,2.5%
43300,天渠,0.3%,20.67,63,<0.1%,55.3%
43301,中国推销员,0.2%,17.68,2,1.1%,1.5%
43302,地球最后的夜晚,0.1%,11.70,3,0.3%,3.1%
43303,断片之险途夺宝,0.1%,7.94,2,0.6%,1.6%
43304,“大”人物,0.1%,6.80,67,<0.1%,68.9%
43305,毕业那年：分手季,<0.1%,6.46,19,<0.1%,--
43306,热土,<0.1%,6.44,22,<0.1%,17.5%
43307,最后一公里,<0.1%,5.87,66,<0.1%,100%
43308,春天的马拉松,<0.1%,5.41,4,0.1%,2.8%
43309,远去的牧歌,<0.1%,5.28,72,<0.1%,100%
43310,温暖之城之红日亭,<0.1%,5.10,15,<0.1%,17.9%
43311,黄大年,<0.1%,4.92,4,0.1%,3.5%
43312,超时空大冒险,<0.1%,3.35,40,<0.1%,100%
43313,流浪地球,<0.1%,3.15,450,<0.1%,--
43314,为爱重生,<0.1%,3.00,300,<0.1%,--
43315,天气预爆,<0.1%,2.50,2,0.1%,1.6%
43316,沉默的雪,<0.1%,2.46,1,0.2%,0.6%
43317,很高兴遇见·你,<0.1%,2.42,162,<0.1%,100.0%
43318,午夜整容室,<0.1%,2.02,4,<0.1%,4.4%
43319,浴血广昌,<0.1%,2.01,101,<0.1%,100%
43320,燃点,<0.1%,1.94,324,<0.1%,100.0%
43321,神探狗笨吉,<0.1%,1.93,2,0.1%,1.8%
43322,毒液：致命守护者,<0.1%,1.90,3,<0.1%,3.3%
43323,印度合伙人,<0.1%,1.84,3,<0.1%,3.5%
43324,两只小猪之勇闯神秘岛,<0.1%,1.75,2,0.1%,1.8%
43325,在天堂等我,<0.1%,1.67,89,<0.1%,100%
43326,武林怪兽,<0.1%,1.46,2,0.1%,1.8%
43327,无名之辈,<0.1%,1.31,3,<0.1%,3.4%
43328,大路朝天,<0.1%,1.15,51,<0.1%,--
43329,警车联盟,<0.1%,1.11,2,<0.1%,1.6%
43330,网络谜踪,<0.1%,1.10,3,<0.1%,3.8%
43331,飞驰人生,<0.1%,1.08,120,<0.1%,--
43332,疯狂的外星人,<0.1%,1.08,120,<0.1%,--
43333,大黄蜂,43.7%,3247.40,7,42.2%,4.5%
43334,“大”人物,19.9%,1480.14,17,8.4%,14.3%
43335,来电狂响,16.2%,1203.07,6,19.4%,5.3%
43336,海王,5.7%,423.47,6,7.5%,5.0%
43337,大路朝天,2.8%,208.80,62,0.2%,93.9%
43338,白蛇：缘起,2.0%,150.65,7,2.3%,6.1%
43339,蜘蛛侠：平行宇宙,1.8%,137.72,4,3.8%,3.2%
43340,照相师,1.0%,77.42,25,0.3%,23.6%
43341,奎迪：英雄再起,0.8%,60.59,2,3.3%,1.9%
43342,四个春天,0.7%,59.04,4,1.6%,3.4%
43343,中国合伙人2,0.6%,46.60,32,0.1%,34.9%
43344,叶问外传：张天志,0.5%,44.12,3,1.5%,2.8%
43345,云南虫谷,0.5%,40.17,2,2.1%,2.0%
43346,印度暴徒,0.4%,35.32,3,1.5%,2.8%
43347,大人物,0.4%,32.86,12,0.2%,--
43348,天渠,0.3%,24.46,77,<0.1%,66.1%
43349,龙猫,0.3%,22.74,3,0.9%,2.6%
43350,大微商,0.1%,12.56,4,0.4%,3.5%
43351,命运之夜——天之杯：恶兆之花,0.1%,11.10,23,<0.1%,19.2%
43352,地球最后的夜晚,0.1%,9.95,3,0.3%,3.2%
43353,中国推销员,<0.1%,7.38,2,0.4%,1.9%
43354,毕业那年：分手季,<0.1%,7.35,21,<0.1%,--
43355,春天的马拉松,<0.1%,6.71,5,0.1%,3.8%
43356,最后一公里,<0.1%,5.99,78,<0.1%,100%
43357,断片之险途夺宝,<0.1%,5.72,2,0.5%,1.3%
43358,黄大年,<0.1%,4.71,4,0.1%,3.0%
43359,热土,<0.1%,4.58,19,<0.1%,12.2%
43360,超时空大冒险,<0.1%,3.52,50,<0.1%,100%
43361,印度合伙人,<0.1%,3.36,5,<0.1%,6.2%
43362,战斗民族养成记,<0.1%,2.90,27,<0.1%,32.9%
43363,浴血广昌,<0.1%,2.84,102,<0.1%,100%
43364,天气预爆,<0.1%,2.46,2,0.1%,1.9%
43365,神探狗笨吉,<0.1%,2.21,2,0.1%,2.2%
43366,警车联盟,<0.1%,1.91,3,<0.1%,2.6%
43367,很高兴遇见·你,<0.1%,1.74,140,<0.1%,78.2%
43368,午夜整容室,<0.1%,1.68,4,<0.1%,3.9%
43369,勇敢往事,<0.1%,1.50,188,<0.1%,--
43370,温暖之城之红日亭,<0.1%,1.48,5,<0.1%,6.0%
43371,无名之辈,<0.1%,1.36,3,<0.1%,3.6%
43372,两只小猪之勇闯神秘岛,<0.1%,1.32,2,0.1%,1.4%
43373,家和万事惊,<0.1%,1.22,91,<0.1%,100.0%
43374,大路朝天,<0.1%,1.10,47,<0.1%,--
43375,武林怪兽,<0.1%,1.06,1,0.1%,1.4%
43376,网络谜踪,<0.1%,1.05,3,<0.1%,4.1%
43377,心灵的阳光,<0.1%,1.02,32,<0.1%,58.5%
43378,邹碧华,<0.1%,1.01,113,<0.1%,--
43379,大黄蜂,37.6%,4422.90,13,28.2%,7.5%
43380,“大”人物,24.9%,2935.27,12,19.6%,9.5%
43381,命运之夜——天之杯：恶兆之花,9.7%,1142.87,10,10.9%,8.6%
43382,白蛇：缘起,8.7%,1028.40,7,12.4%,6.5%
43383,来电狂响,6.6%,782.28,9,7.5%,8.2%
43384,德鲁大叔,2.1%,246.87,5,4.7%,5.0%
43385,海王,1.9%,227.60,10,1.9%,9.9%
43386,大路朝天,1.2%,151.45,67,0.1%,100%
43387,养家之人,1.1%,138.35,3,4.2%,3.0%
43388,22年后的自白,1.0%,121.14,4,3.4%,3.5%
43389,照相师,0.7%,91.82,42,0.1%,40.2%
43390,蜘蛛侠：平行宇宙,0.5%,63.21,9,0.5%,9.2%
43391,大人物,0.4%,57.50,9,0.5%,--
43392,燃点,0.4%,53.39,11,0.3%,11.2%
43393,中国合伙人2,0.3%,41.95,48,<0.1%,58.5%
43394,四个春天,0.2%,26.20,9,0.2%,9.4%
43395,灵魂的救赎,0.1%,22.71,3,0.9%,2.6%
43396,天渠,0.1%,17.53,69,<0.1%,73.7%
43397,汝海风云,<0.1%,11.54,2,1.1%,1.2%
43398,很高兴遇见·你,<0.1%,10.41,4,0.3%,3.1%
43399,毕业那年：分手季,<0.1%,10.12,29,<0.1%,--
43400,龙猫,<0.1%,9.98,6,0.1%,6.1%
43401,黄大年,<0.1%,9.72,15,<0.1%,13.7%
43402,奎迪：英雄再起,<0.1%,9.31,4,0.2%,4.7%
43403,云南虫谷,<0.1%,9.24,2,0.3%,3.1%
43404,叶问外传：张天志,<0.1%,9.21,4,0.2%,4.4%
43405,印度暴徒,<0.1%,7.58,5,0.1%,6.2%
43406,春天的马拉松,<0.1%,6.97,13,<0.1%,12.3%
43407,最后一公里,<0.1%,5.10,69,<0.1%,100%
43408,地球最后的夜晚,<0.1%,5.04,7,<0.1%,10.1%
43409,中国推销员,<0.1%,4.44,5,<0.1%,6.9%
43410,两只小猪之勇闯神秘岛,<0.1%,3.33,7,<0.1%,7.8%
43411,流浪地球,<0.1%,3.15,450,<0.1%,--
43412,大微商,<0.1%,3.03,5,<0.1%,5.0%
43413,热土,<0.1%,2.84,25,<0.1%,20.7%
43414,浴血广昌,<0.1%,2.47,103,<0.1%,--
43415,蜻蜓少年,<0.1%,2.28,2,0.1%,1.5%
43416,心灵的阳光,<0.1%,2.04,63,<0.1%,100%
43417,我想吃掉你的胰脏,<0.1%,1.91,98,<0.1%,96.8%
43418,苏庆亮,<0.1%,1.79,90,<0.1%,100%
43419,邹碧华,<0.1%,1.58,126,<0.1%,--
43420,密林诡影,<0.1%,1.46,2,<0.1%,1.7%
43421,阿里巴巴三根金发,<0.1%,1.37,4,<0.1%,5.3%
43422,断片之险途夺宝,<0.1%,1.20,2,<0.1%,2.1%
43423,家和万事惊,<0.1%,1.18,148,<0.1%,100.0%
43424,午夜整容室,<0.1%,1.17,6,<0.1%,5.6%
43425,印度合伙人,<0.1%,1.16,9,<0.1%,14.2%
43426,疯狂的外星人,<0.1%,1.08,120,<0.1%,--
43427,诡梦凶铃,<0.1%,1.01,136,<0.1%,75.6%
43428,大黄蜂,43.3%,7593.23,19,31.3%,11.7%
43429,“大”人物,24.3%,4260.52,17,19.8%,13.4%
43430,白蛇：缘起,8.3%,1454.37,11,10.8%,10.7%
43431,来电狂响,7.1%,1259.05,12,9.0%,10.8%
43432,命运之夜——天之杯：恶兆之花,4.7%,839.65,7,10.6%,6.4%
43433,海王,3.0%,530.54,15,2.8%,15.0%
43434,德鲁大叔,1.4%,255.75,9,2.8%,9.0%
43435,蜘蛛侠：平行宇宙,1.1%,206.80,13,1.2%,12.7%
43436,养家之人,0.7%,135.55,6,2.2%,5.4%
43437,大路朝天,0.6%,119.34,67,0.1%,100%
43438,22年后的自白,0.6%,117.67,7,1.6%,6.9%
43439,钢铁飞龙之奥特曼崛起,0.6%,113.48,5,2.1%,5.0%
43440,四个春天,0.4%,71.15,15,0.3%,15.5%
43441,大人物,0.3%,68.88,13,0.4%,--
43442,燃点,0.3%,68.06,22,0.2%,23.8%
43443,龙猫,0.2%,45.71,10,0.4%,10.3%
43444,中国合伙人2,0.2%,42.11,49,<0.1%,77.4%
43445,密室逃生,0.2%,37.33,45,<0.1%,42.8%
43446,中国推销员,0.1%,22.88,17,<0.1%,20.7%
43447,森林奇缘,0.1%,20.10,92,<0.1%,76.0%
43448,叶问外传：张天志,0.1%,18.48,6,0.2%,6.3%
43449,云南虫谷,0.1%,18.12,4,0.4%,5.1%
43450,奎迪：英雄再起,<0.1%,15.38,6,0.2%,6.6%
43451,毕业那年：分手季,<0.1%,15.30,41,<0.1%,--
43452,天渠,<0.1%,14.93,70,<0.1%,76.7%
43453,印度暴徒,<0.1%,14.12,7,0.2%,8.5%
43454,最后一公里,<0.1%,8.69,85,<0.1%,90.6%
43455,照相师,<0.1%,8.04,13,<0.1%,13.4%
43456,地球最后的夜晚,<0.1%,7.99,8,<0.1%,10.9%
43457,灵魂的救赎,<0.1%,5.42,2,0.2%,2.2%
43458,警车联盟,<0.1%,4.90,6,<0.1%,5.9%
43459,浴血广昌,<0.1%,4.90,103,<0.1%,100%
43460,两只小猪之勇闯神秘岛,<0.1%,4.01,4,0.1%,3.5%
43461,很高兴遇见·你,<0.1%,3.59,4,<0.1%,3.1%
43462,印度合伙人,<0.1%,3.45,13,<0.1%,19.9%
43463,流浪地球,<0.1%,3.15,450,<0.1%,--
43464,一条狗的回家路,<0.1%,2.92,75,<0.1%,90.0%
43465,汝海风云,<0.1%,2.88,2,0.1%,2.5%
43466,大微商,<0.1%,2.87,4,<0.1%,4.6%
43467,阿里巴巴三根金发,<0.1%,2.77,2,0.1%,1.5%
43468,蜻蜓少年,<0.1%,2.62,2,0.1%,1.4%
43469,神探狗笨吉,<0.1%,2.54,6,<0.1%,6.8%
43470,绿毛怪格林奇,<0.1%,2.11,5,<0.1%,5.6%
43471,断片之险途夺宝,<0.1%,2.01,2,<0.1%,2.5%
43472,密林诡影,<0.1%,1.86,2,0.1%,2.0%
43473,闯堂兔3囧囧时光机,<0.1%,1.80,107,<0.1%,100%
43474,温暖之城之红日亭,<0.1%,1.77,11,<0.1%,15.0%
43475,家和万事惊,<0.1%,1.59,79,<0.1%,100.0%
43476,杨门女将之女将初征,<0.1%,1.51,80,<0.1%,100%
43477,午夜整容室,<0.1%,1.46,6,<0.1%,6.1%
43478,天气预爆,<0.1%,1.45,3,<0.1%,5.3%
43479,龟兔大作战,<0.1%,1.43,4,<0.1%,3.9%
43480,诡梦凶铃,<0.1%,1.32,177,<0.1%,91.2%
43481,心灵的阳光,<0.1%,1.18,37,<0.1%,68.5%
43482,无名之辈,<0.1%,1.16,5,<0.1%,7.3%
43483,初恋浅规则,<0.1%,1.10,64,<0.1%,68.6%
43484,疯狂的外星人,<0.1%,1.08,120,<0.1%,--
43485,天慕,<0.1%,1.03,145,<0.1%,100%
43486,大黄蜂,39.6%,5831.76,15,31.7%,9.0%
43487,“大”人物,26.2%,3857.01,15,20.5%,11.8%
43488,白蛇：缘起,10.8%,1598.32,12,11.2%,11.4%
43489,来电狂响,7.3%,1075.31,10,9.5%,9.0%
43490,海王,3.3%,491.06,12,3.3%,11.7%
43491,命运之夜——天之杯：恶兆之花,3.1%,469.54,5,8.8%,4.4%
43492,德鲁大叔,1.3%,201.41,7,2.8%,7.3%
43493,蜘蛛侠：平行宇宙,1.2%,182.40,10,1.4%,10.0%
43494,钢铁飞龙之奥特曼崛起,0.8%,126.92,6,2.0%,5.9%
43495,养家之人,0.8%,118.43,6,1.9%,5.6%
43496,22年后的自白,0.6%,96.37,6,1.5%,6.2%
43497,大路朝天,0.5%,87.67,66,<0.1%,100%
43498,燃点,0.4%,70.75,19,0.2%,20.7%
43499,四个春天,0.4%,64.84,13,0.4%,13.3%
43500,大人物,0.4%,60.29,12,0.4%,--
43501,龙猫,0.2%,41.25,9,0.4%,9.3%
43502,密室逃生,0.2%,39.39,49,<0.1%,46.7%
43503,中国合伙人2,0.2%,37.32,45,<0.1%,69.3%
43504,中国推销员,0.1%,24.06,19,<0.1%,22.7%
43505,叶问外传：张天志,0.1%,18.36,5,0.3%,5.7%
43506,天渠,0.1%,17.29,84,<0.1%,91.2%
43507,云南虫谷,0.1%,16.20,3,0.4%,4.0%
43508,奎迪：英雄再起,0.1%,15.19,7,0.2%,7.5%
43509,印度暴徒,<0.1%,12.61,6,0.2%,6.9%
43510,毕业那年：分手季,<0.1%,11.36,33,<0.1%,--
43511,森林奇缘,<0.1%,10.70,92,<0.1%,77.6%
43512,地球最后的夜晚,<0.1%,8.04,7,<0.1%,10.3%
43513,很高兴遇见·你,<0.1%,7.10,7,<0.1%,7.0%
43514,家和万事惊,<0.1%,6.96,117,<0.1%,82.8%
43515,流浪地球,<0.1%,6.35,453,<0.1%,--
43516,两只小猪之勇闯神秘岛,<0.1%,5.96,5,0.1%,5.1%
43517,最后一公里,<0.1%,5.32,71,<0.1%,100%
43518,照相师,<0.1%,5.14,11,<0.1%,10.6%
43519,警车联盟,<0.1%,5.14,6,<0.1%,5.9%
43520,灵魂的救赎,<0.1%,4.45,3,0.1%,2.9%
43521,浴血广昌,<0.1%,3.27,103,<0.1%,100%
43522,心灵的阳光,<0.1%,2.97,92,<0.1%,100%
43523,阿里巴巴三根金发,<0.1%,2.47,2,0.1%,1.3%
43524,在天堂等我,<0.1%,2.40,73,<0.1%,100%
43525,蜻蜓少年,<0.1%,2.18,9,<0.1%,9.3%
43526,神探狗笨吉,<0.1%,2.04,5,<0.1%,5.1%
43527,绿毛怪格林奇,<0.1%,1.87,4,<0.1%,4.9%
43528,温暖之城之红日亭,<0.1%,1.67,13,<0.1%,18.9%
43529,大微商,<0.1%,1.58,3,<0.1%,3.4%
43530,汝海风云,<0.1%,1.49,2,0.1%,1.8%
43531,密林诡影,<0.1%,1.48,2,0.1%,1.5%
43532,断片之险途夺宝,<0.1%,1.45,2,<0.1%,2.0%
43533,午夜整容室,<0.1%,1.19,5,<0.1%,5.1%
43534,诡梦凶铃,<0.1%,1.00,205,<0.1%,80.7%
43535,大黄蜂,32.5%,2252.71,7,32.1%,3.9%
43536,“大”人物,29.6%,2056.24,9,22.1%,6.4%
43537,白蛇：缘起,14.0%,972.68,8,11.5%,7.5%
43538,来电狂响,8.7%,606.12,6,10.4%,5.2%
43539,海王,3.4%,241.64,6,3.9%,5.4%
43540,命运之夜——天之杯：恶兆之花,2.1%,148.44,3,7.0%,2.0%
43541,德鲁大叔,1.4%,98.53,4,2.9%,3.8%
43542,大路朝天,1.3%,93.90,63,0.1%,83.4%
43543,燃点,0.9%,65.37,15,0.3%,16.4%
43544,蜘蛛侠：平行宇宙,0.8%,56.22,4,1.2%,4.0%
43545,22年后的自白,0.6%,45.05,3,1.5%,3.1%
43546,养家之人,0.5%,35.48,3,1.6%,2.1%
43547,大人物,0.4%,33.12,7,0.4%,--
43548,中国合伙人2,0.4%,32.47,35,<0.1%,36.0%
43549,天渠,0.4%,29.35,95,<0.1%,87.6%
43550,四个春天,0.3%,24.29,4,0.5%,3.7%
43551,密室逃生,0.3%,24.08,42,<0.1%,39.8%
43552,照相师,0.3%,21.44,17,0.1%,14.9%
43553,叶问外传：张天志,0.1%,10.01,3,0.3%,2.8%
43554,云南虫谷,0.1%,9.92,2,0.5%,2.1%
43555,毕业那年：分手季,<0.1%,6.62,19,<0.1%,--
43556,印度暴徒,<0.1%,5.97,3,0.2%,2.8%
43557,奎迪：英雄再起,<0.1%,5.26,2,0.2%,2.1%
43558,家和万事惊,<0.1%,4.62,135,<0.1%,100%
43559,地球最后的夜晚,<0.1%,3.87,4,<0.1%,4.5%
43560,龙猫,<0.1%,3.36,3,0.1%,3.0%
43561,流浪地球,<0.1%,3.15,300,<0.1%,100%
43562,最后一公里,<0.1%,3.14,67,<0.1%,78.3%
43563,黄大年,<0.1%,2.18,3,<0.1%,2.5%
43564,灵魂的救赎,<0.1%,1.68,2,0.1%,1.3%
43565,浴血广昌,<0.1%,1.50,125,<0.1%,100%
43566,心灵的阳光,<0.1%,1.41,44,<0.1%,82.3%
43567,密林诡影,<0.1%,1.21,2,0.1%,1.2%
43568,很高兴遇见·你,<0.1%,1.16,2,<0.1%,2.2%
43569,中国推销员,<0.1%,1.12,2,<0.1%,2.4%
43570,春天的马拉松,<0.1%,1.10,2,<0.1%,0.8%
43571,断片之险途夺宝,<0.1%,1.09,1,0.1%,1.5%
43572,两只小猪之勇闯神秘岛,<0.1%,1.04,2,<0.1%,1.4%
43573,大黄蜂,31.8%,2214.80,7,31.7%,3.9%
43574,“大”人物,28.6%,1991.43,8,22.6%,6.1%
43575,白蛇：缘起,16.3%,1141.43,9,12.4%,8.1%
43576,来电狂响,8.4%,590.24,6,10.6%,5.0%
43577,海王,3.5%,247.96,6,4.0%,5.3%
43578,命运之夜——天之杯：恶兆之花,1.5%,107.93,2,6.0%,1.7%
43579,大路朝天,1.4%,101.83,62,0.1%,82.2%
43580,德鲁大叔,1.2%,87.52,4,2.8%,3.5%
43581,中国合伙人2,0.9%,64.97,45,<0.1%,54.7%
43582,燃点,0.9%,62.99,12,0.4%,12.2%
43583,蜘蛛侠：平行宇宙,0.8%,56.08,4,1.2%,3.9%
43584,22年后的自白,0.5%,38.99,3,1.5%,2.9%
43585,照相师,0.5%,37.68,22,0.1%,19.2%
43586,养家之人,0.4%,29.76,2,1.5%,1.9%
43587,大人物,0.4%,29.74,7,0.4%,--
43588,天渠,0.3%,25.35,86,<0.1%,76.2%
43589,四个春天,0.3%,22.99,4,0.5%,3.6%
43590,叶问外传：张天志,0.1%,10.21,3,0.3%,3.0%
43591,云南虫谷,0.1%,10.05,2,0.5%,2.1%
43592,印度暴徒,0.1%,8.21,4,0.2%,4.0%
43593,毕业那年：分手季,0.1%,8.15,24,<0.1%,--
43594,黄大年,0.1%,7.23,9,0.1%,7.0%
43595,奎迪：英雄再起,<0.1%,6.49,3,0.2%,2.6%
43596,龙猫,<0.1%,4.14,4,0.1%,3.7%
43597,地球最后的夜晚,<0.1%,3.36,4,<0.1%,3.9%
43598,流浪地球,<0.1%,3.15,450,<0.1%,--
43599,家和万事惊,<0.1%,3.10,87,<0.1%,52.5%
43600,最后一公里,<0.1%,2.71,50,<0.1%,58.8%
43601,春天的马拉松,<0.1%,2.49,11,<0.1%,7.8%
43602,温暖之城之红日亭,<0.1%,2.48,17,<0.1%,20.6%
43603,灵魂的救赎,<0.1%,2.00,2,0.1%,2.1%
43604,中国推销员,<0.1%,1.93,3,<0.1%,4.1%
43605,我想吃掉你的胰脏,<0.1%,1.88,83,<0.1%,95.8%
43606,很高兴遇见·你,<0.1%,1.73,4,<0.1%,4.1%
43607,李保国,<0.1%,1.70,48,<0.1%,100%
43608,一条狗的回家路,<0.1%,1.69,97,<0.1%,79.5%
43609,断片之险途夺宝,<0.1%,1.68,2,0.1%,1.8%
43610,浴血广昌,<0.1%,1.50,125,<0.1%,100%
43611,两只小猪之勇闯神秘岛,<0.1%,1.43,3,<0.1%,3.1%
43612,汝海风云,<0.1%,1.27,2,<0.1%,2.5%
43613,密林诡影,<0.1%,1.25,2,0.1%,1.3%
43614,心灵的阳光,<0.1%,1.01,27,<0.1%,--
43615,大黄蜂,32.4%,2381.95,7,31.2%,4.3%
43616,“大”人物,26.7%,1962.58,8,22.9%,5.9%
43617,白蛇：缘起,18.4%,1355.56,10,13.3%,8.8%
43618,来电狂响,8.1%,597.29,6,10.6%,5.1%
43619,海王,3.6%,264.55,6,4.1%,5.6%
43620,大路朝天,1.4%,105.06,66,0.1%,86.5%
43621,命运之夜——天之杯：恶兆之花,1.3%,101.92,2,5.1%,1.9%
43622,德鲁大叔,1.1%,87.20,4,2.7%,3.6%
43623,蜘蛛侠：平行宇宙,0.9%,66.61,5,1.3%,4.5%
43624,燃点,0.8%,60.84,10,0.5%,10.5%
43625,中国合伙人2,0.8%,60.74,43,<0.1%,55.2%
43626,照相师,0.5%,38.06,22,0.1%,19.7%
43627,22年后的自白,0.4%,34.81,3,1.4%,2.7%
43628,大人物,0.3%,29.14,6,0.4%,--
43629,天渠,0.3%,27.63,97,<0.1%,80.3%
43630,养家之人,0.3%,27.37,2,1.4%,1.9%
43631,四个春天,0.2%,21.57,4,0.5%,3.6%
43632,叶问外传：张天志,0.1%,10.92,3,0.3%,3.0%
43633,云南虫谷,0.1%,10.29,2,0.5%,2.3%
43634,黄大年,0.1%,8.21,10,0.1%,8.0%
43635,毕业那年：分手季,0.1%,7.83,23,<0.1%,100%
43636,中国推销员,<0.1%,6.54,8,<0.1%,11.7%
43637,印度暴徒,<0.1%,6.29,3,0.2%,3.2%
43638,龙猫,<0.1%,5.47,4,0.1%,4.1%
43639,奎迪：英雄再起,<0.1%,5.01,2,0.2%,2.1%
43640,海上浮城,<0.1%,3.88,196,<0.1%,--
43641,天气预爆,<0.1%,3.48,3,<0.1%,4.5%
43642,流浪地球,<0.1%,3.15,450,<0.1%,--
43643,一条狗的回家路,<0.1%,3.08,74,<0.1%,78.9%
43644,地球最后的夜晚,<0.1%,2.97,3,<0.1%,3.6%
43645,极限速递,<0.1%,2.71,1,0.4%,0.6%
43646,家和万事惊,<0.1%,2.60,91,<0.1%,66.5%
43647,灵魂的救赎,<0.1%,1.88,2,0.1%,2.2%
43648,断片之险途夺宝,<0.1%,1.86,2,0.1%,1.6%
43649,浴血广昌,<0.1%,1.70,107,<0.1%,100%
43650,温暖之城之红日亭,<0.1%,1.46,9,<0.1%,13.3%
43651,密林诡影,<0.1%,1.26,2,0.1%,1.3%
43652,心灵的阳光,<0.1%,1.14,36,<0.1%,66.1%
43653,大黄蜂,32.8%,2460.77,8,30.9%,4.5%
43654,“大”人物,25.5%,1907.88,8,23.0%,5.7%
43655,白蛇：缘起,20.3%,1521.42,10,14.4%,9.1%
43656,来电狂响,7.4%,556.29,5,10.5%,4.8%
43657,海王,3.4%,258.25,6,4.2%,5.4%
43658,命运之夜——天之杯：恶兆之花,1.4%,109.42,3,4.7%,2.2%
43659,大路朝天,1.2%,92.53,60,0.1%,79.2%
43660,德鲁大叔,1.1%,85.85,4,2.6%,3.6%
43661,蜘蛛侠：平行宇宙,1.0%,75.26,5,1.3%,4.9%
43662,中国合伙人2,0.7%,57.52,45,<0.1%,56.4%
43663,燃点,0.7%,56.42,10,0.5%,9.8%
43664,照相师,0.6%,46.23,27,0.1%,25.0%
43665,22年后的自白,0.3%,29.44,3,1.3%,2.4%
43666,养家之人,0.3%,27.64,3,1.3%,2.1%
43667,天渠,0.3%,26.28,87,<0.1%,77.2%
43668,大人物,0.3%,26.16,6,0.4%,--
43669,四个春天,0.2%,21.22,4,0.5%,3.6%
43670,掠食城市,0.1%,12.47,13,<0.1%,6.4%
43671,云南虫谷,0.1%,10.13,2,0.5%,2.2%
43672,黄大年,0.1%,8.71,10,<0.1%,9.3%
43673,叶问外传：张天志,0.1%,8.44,3,0.3%,2.3%
43674,毕业那年：分手季,0.1%,7.71,23,<0.1%,--
43675,龙猫,<0.1%,6.79,4,0.1%,4.5%
43676,密室逃生,<0.1%,6.70,14,<0.1%,12.4%
43677,印度暴徒,<0.1%,6.10,3,0.2%,3.2%
43678,奎迪：英雄再起,<0.1%,4.71,2,0.2%,2.2%
43679,流浪地球,<0.1%,3.15,450,<0.1%,--
43680,地球最后的夜晚,<0.1%,3.07,3,<0.1%,3.9%
43681,灵魂的救赎,<0.1%,2.82,4,0.1%,3.6%
43682,曹操与杨修,<0.1%,2.66,271,<0.1%,100.0%
43683,春天的马拉松,<0.1%,2.43,9,<0.1%,6.1%
43684,断片之险途夺宝,<0.1%,2.25,2,0.1%,2.5%
43685,我想吃掉你的胰脏,<0.1%,1.89,9,<0.1%,6.6%
43686,片警宝音,<0.1%,1.84,33,<0.1%,34.4%
43687,两只小猪之勇闯神秘岛,<0.1%,1.24,2,<0.1%,1.6%
43688,浴血广昌,<0.1%,1.24,104,<0.1%,--
43689,心灵的阳光,<0.1%,1.08,31,<0.1%,57.9%
43690,大黄蜂,25.4%,2872.18,13,18.1%,7.5%
43691,“大”人物,13.9%,1566.33,12,10.8%,8.3%
43692,白蛇：缘起,12.4%,1403.86,17,6.8%,14.5%
43693,密室逃生,11.3%,1281.26,14,8.5%,12.0%
43694,掠食城市,8.3%,941.34,8,9.0%,5.8%
43695,一条狗的回家路,6.3%,715.63,6,11.1%,5.2%
43696,家和万事惊,5.7%,651.58,6,10.3%,5.1%
43697,我想吃掉你的胰脏,5.0%,574.02,6,9.1%,5.5%
43698,钢铁飞龙之奥特曼崛起,2.8%,324.70,7,4.2%,7.0%
43699,来电狂响,1.4%,167.92,7,2.0%,7.0%
43700,闯堂兔3囧囧时光机,1.3%,150.95,4,3.9%,3.4%
43701,森林奇缘,1.0%,115.58,5,2.5%,4.2%
43702,海王,0.9%,106.98,10,0.9%,9.0%
43703,大路朝天,0.6%,69.40,67,<0.1%,100%
43704,燃点,0.4%,49.26,22,0.1%,23.9%
43705,照相师,0.4%,47.01,42,<0.1%,40.6%
43706,蜘蛛侠：平行宇宙,0.2%,30.40,10,0.2%,9.9%
43707,命运之夜——天之杯：恶兆之花,0.2%,25.09,7,0.3%,8.7%
43708,大人物,0.1%,19.75,9,0.1%,--
43709,德鲁大叔,0.1%,14.22,8,0.1%,10.4%
43710,天渠,0.1%,14.07,72,<0.1%,74.0%
43711,黄大年,0.1%,13.56,31,<0.1%,29.0%
43712,四个春天,0.1%,11.68,15,<0.1%,17.4%
43713,毕业那年：分手季,<0.1%,10.30,31,<0.1%,--
43714,春天的马拉松,<0.1%,7.52,47,<0.1%,57.6%
43715,养家之人,<0.1%,5.12,6,<0.1%,6.3%
43716,中国合伙人2,<0.1%,4.78,16,<0.1%,27.9%
43717,印度暴徒,<0.1%,4.42,13,<0.1%,19.0%
43718,22年后的自白,<0.1%,4.10,4,<0.1%,4.5%
43719,奎迪：英雄再起,<0.1%,3.58,12,<0.1%,17.3%
43720,叶问外传：张天志,<0.1%,3.45,7,<0.1%,8.7%
43721,热土,<0.1%,3.29,16,<0.1%,16.4%
43722,流浪地球,<0.1%,3.15,300,<0.1%,--
43723,苏庆亮,<0.1%,2.66,66,<0.1%,100%
43724,两只小猪之勇闯神秘岛,<0.1%,2.54,23,<0.1%,30.5%
43725,龙猫,<0.1%,1.81,5,<0.1%,5.4%
43726,心灵的阳光,<0.1%,1.81,55,<0.1%,100%
43727,断片之险途夺宝,<0.1%,1.57,5,<0.1%,7.7%
43728,占芭花开,<0.1%,1.56,2,<0.1%,1.6%
43729,云南虫谷,<0.1%,1.56,2,0.1%,2.2%
43730,浴血广昌,<0.1%,1.50,125,<0.1%,100%
43731,诡梦凶铃,<0.1%,1.10,158,<0.1%,100%
43732,天慕,<0.1%,1.04,174,<0.1%,100%
43733,蜻蜓少年,<0.1%,1.00,15,<0.1%,21.0%
43734,大黄蜂,26.7%,4428.08,16,21.1%,9.6%
43735,白蛇：缘起,17.1%,2833.78,19,11.7%,16.0%
43736,“大”人物,14.1%,2339.15,15,12.2%,11.0%
43737,密室逃生,13.0%,2153.83,19,9.5%,17.4%
43738,掠食城市,6.2%,1041.70,10,7.8%,7.6%
43739,一条狗的回家路,4.2%,708.42,9,6.9%,8.3%
43740,熊出没·原始时代,4.2%,705.59,14,4.1%,12.5%
43741,我想吃掉你的胰脏,2.6%,442.68,7,6.4%,6.0%
43742,钢铁飞龙之奥特曼崛起,2.6%,436.25,10,3.9%,9.7%
43743,家和万事惊,2.0%,331.84,5,5.2%,4.6%
43744,来电狂响,1.3%,227.22,9,2.2%,8.8%
43745,海王,1.2%,209.38,12,1.3%,11.5%
43746,森林奇缘,0.7%,121.18,7,1.7%,6.5%
43747,闯堂兔3囧囧时光机,0.5%,83.61,4,2.0%,3.5%
43748,蜘蛛侠：平行宇宙,0.4%,70.11,12,0.4%,12.3%
43749,战斗民族养成记,0.4%,68.00,9,0.5%,8.7%
43750,命运之夜——天之杯：恶兆之花,0.3%,53.33,9,0.5%,9.4%
43751,大路朝天,0.2%,38.16,62,<0.1%,95.6%
43752,燃点,0.2%,35.47,16,0.1%,18.4%
43753,大人物,0.1%,30.77,12,0.2%,--
43754,德鲁大叔,0.1%,27.10,13,0.2%,15.1%
43755,养家之人,0.1%,21.33,9,0.2%,10.0%
43756,四个春天,0.1%,16.77,15,<0.1%,18.3%
43757,毕业那年：分手季,<0.1%,12.89,42,<0.1%,--
43758,天渠,<0.1%,11.18,73,<0.1%,71.7%
43759,龙猫,<0.1%,9.73,12,<0.1%,13.5%
43760,22年后的自白,<0.1%,8.67,7,<0.1%,9.5%
43761,照相师,<0.1%,5.74,15,<0.1%,13.3%
43762,杨门女将之女将初征,<0.1%,4.96,83,<0.1%,91.1%
43763,印度暴徒,<0.1%,3.71,7,<0.1%,10.1%
43764,心灵的阳光,<0.1%,3.45,105,<0.1%,100%
43765,流浪地球,<0.1%,3.15,300,<0.1%,--
43766,云南虫谷,<0.1%,2.83,2,0.1%,3.3%
43767,黄大年,<0.1%,2.60,13,<0.1%,11.5%
43768,很高兴遇见·你,<0.1%,2.35,21,<0.1%,26.9%
43769,两只小猪之勇闯神秘岛,<0.1%,2.05,12,<0.1%,10.1%
43770,差等生乔曦,<0.1%,1.99,40,<0.1%,59.7%
43771,断片之险途夺宝,<0.1%,1.99,7,<0.1%,11.2%
43772,地球最后的夜晚,<0.1%,1.99,6,<0.1%,9.9%
43773,叶问外传：张天志,<0.1%,1.92,3,<0.1%,3.7%
43774,中国推销员,<0.1%,1.85,15,<0.1%,24.9%
43775,南海十三郎,<0.1%,1.77,187,<0.1%,95.4%
43776,浴血广昌,<0.1%,1.50,125,<0.1%,--
43777,奎迪：英雄再起,<0.1%,1.41,5,<0.1%,6.8%
43778,诡梦凶铃,<0.1%,1.40,140,<0.1%,100%
43779,温暖之城之红日亭,<0.1%,1.35,38,<0.1%,35.7%
43780,神探狗笨吉,<0.1%,1.21,12,<0.1%,18.7%
43781,初恋浅规则,<0.1%,1.13,88,<0.1%,46.9%
43782,天慕,<0.1%,1.12,139,<0.1%,100%
